796
0	0	3038	
1	1	3136	
2	4	3174	
3	5	3178	
4	6	2670	
5	9	2766	
6	10	2753	
7	11	2644	
8	12	2760	
9	15	2850	
10	17	2631	
11	21	3074	
12	24	3100	
13	25	2729	
14	27	2801	
15	28	2903	
16	29	3055	
17	33	2825	
18	34	2757	
19	36	2999	
20	38	2618	
21	39	3056	
22	42	2642	
23	44	2738	
24	45	2827	
25	46	2940	
26	47	3000	
27	49	2839	
28	50	2960	
29	51	2928	
30	52	2918	
31	53	2760	
32	54	2771	
33	56	2777	
34	58	3077	
35	59	2868	
36	65	2847	
37	66	3131	
38	67	3003	
39	68	3031	
40	70	3067	
41	71	2764	
42	72	2886	
43	73	2948	
44	74	2929	
45	77	2693	
46	78	3080	
47	79	2993	
48	84	3183	
49	85	3157	
50	86	2687	
51	88	3134	
52	90	2905	
53	92	2771	
54	94	2884	
55	95	3086	
56	96	2621	
57	98	3020	
58	100	3165	
59	104	3028	
60	109	2685	
61	110	2911	
62	112	2809	
63	113	2805	
64	114	3190	
65	115	2874	
66	116	2792	
67	117	3077	
68	118	2957	
69	119	2892	
70	120	3074	
71	123	2721	
72	128	3128	
73	130	2760	
74	131	2750	
75	134	2626	
76	136	3169	
77	138	2853	
78	139	2605	
79	141	3177	
80	142	3132	
81	143	2633	
82	147	3132	
83	148	2849	
84	149	2702	
85	150	3077	
86	151	2893	
87	152	2752	
88	153	2839	
89	155	2735	
90	156	2812	
91	157	2867	
92	159	2843	
93	161	3093	
94	164	3062	
95	165	3161	
96	167	2736	
97	169	2820	
98	173	3008	
99	175	2699	
100	176	3200	
101	177	2947	
102	179	2989	
103	182	3164	
104	183	3194	
105	187	3095	
106	188	2613	
107	191	3087	
108	193	3143	
109	194	3100	
110	195	3018	
111	198	2837	
112	202	3011	
113	203	2891	
114	205	2671	
115	209	3109	
116	211	2951	
117	212	2968	
118	214	2837	
119	218	2914	
120	219	3161	
121	221	2700	
122	224	2745	
123	225	3045	
124	226	2906	
125	229	3192	
126	230	3072	
127	233	2958	
128	234	2769	
129	235	2653	
130	239	3018	
131	240	2609	
132	241	2726	
133	242	2824	
134	245	3037	
135	246	3132	
136	253	2634	
137	255	2672	
138	256	2947	
139	257	2759	
140	259	3054	
141	260	2749	
142	261	2932	
143	262	2742	
144	264	3063	
145	265	3026	
146	266	3177	
147	267	2927	
148	269	2970	
149	272	2602	
150	274	2952	
151	275	2903	
152	276	2683	
153	277	2698	
154	278	2821	
155	279	2727	
156	280	3084	
157	281	3027	
158	284	3028	
159	285	2679	
160	287	3118	
161	288	2652	
162	293	2998	
163	295	3147	
164	298	3119	
165	299	3125	
166	300	2817	
167	301	3077	
168	303	2779	
169	304	2908	
170	308	2795	
171	310	3116	
172	314	2792	
173	318	2825	
174	322	2602	
175	323	3128	
176	326	2962	
177	328	3146	
178	332	2679	
179	333	3110	
180	335	3018	
181	337	2771	
182	339	2708	
183	341	2916	
184	342	2706	
185	346	2789	
186	349	3179	
187	350	2752	
188	351	2624	
189	352	2832	
190	353	2694	
191	354	2921	
192	356	2972	
193	357	2748	
194	359	3128	
195	360	2814	
196	362	3189	
197	363	3031	
198	368	2878	
199	369	3139	
200	373	2897	
201	375	2864	
202	377	2991	
203	378	2659	
204	379	2990	
205	382	3001	
206	383	3065	
207	385	3163	
208	386	3075	
209	387	2763	
210	388	3159	
211	389	3107	
212	393	3190	
213	397	2828	
214	399	3140	
215	400	3088	
216	401	2645	
217	402	2611	
218	405	2961	
219	407	2923	
220	410	2737	
221	413	2716	
222	414	3174	
223	415	2937	
224	416	2984	
225	418	3155	
226	419	3070	
227	420	2686	
228	421	2862	
229	423	2934	
230	424	2967	
231	427	3181	
232	429	2934	
233	430	2859	
234	431	2650	
235	432	2832	
236	433	2734	
237	435	2857	
238	436	2809	
239	437	2939	
240	439	2720	
241	443	2832	
242	444	2715	
243	445	2682	
244	450	3083	
245	456	3019	
246	457	2844	
247	458	2889	
248	459	2977	
249	460	3172	
250	461	2773	
251	464	2935	
252	465	2903	
253	466	3040	
254	467	2792	
255	468	2997	
256	469	2811	
257	470	2623	
258	471	2619	
259	474	2708	
260	475	3041	
261	476	2638	
262	479	3133	
263	480	3144	
264	482	2934	
265	483	2665	
266	484	3009	
267	485	2964	
268	486	2963	
269	487	2951	
270	488	2807	
271	489	3149	
272	491	2862	
273	493	2933	
274	495	3123	
275	499	2602	
276	501	3048	
277	504	3196	
278	505	2845	
279	507	2907	
280	508	2924	
281	510	2608	
282	511	2697	
283	514	2669	
284	516	2847	
285	517	2744	
286	520	2770	
287	523	2787	
288	524	2712	
289	526	2780	
290	527	2932	
291	529	2783	
292	530	2692	
293	531	2937	
294	532	2896	
295	533	2825	
296	534	2763	
297	536	2654	
298	538	3162	
299	541	2956	
300	543	2727	
301	544	2910	
302	545	2675	
303	552	2639	
304	553	3006	
305	554	2727	
306	555	2705	
307	558	2902	
308	559	2882	
309	561	2723	
310	563	2746	
311	565	2864	
312	570	3171	
313	572	3052	
314	573	2709	
315	576	3104	
316	578	2811	
317	584	2868	
318	587	2945	
319	593	2635	
320	594	3189	
321	597	2880	
322	598	3044	
323	601	2685	
324	602	2866	
325	604	2833	
326	605	2682	
327	606	2752	
328	607	2907	
329	608	3129	
330	609	3156	
331	610	3059	
332	611	2677	
333	613	3052	
334	618	2926	
335	621	2730	
336	622	2710	
337	623	2722	
338	624	2768	
339	626	2939	
340	628	2938	
341	630	2603	
342	632	2862	
343	634	3074	
344	639	2914	
345	641	2836	
346	642	2902	
347	644	3168	
348	646	3071	
349	647	3199	
350	651	2835	
351	653	2624	
352	655	3005	
353	657	3106	
354	661	2612	
355	664	2682	
356	665	2954	
357	666	3119	
358	667	2808	
359	668	3039	
360	669	2678	
361	670	2677	
362	672	2687	
363	673	2876	
364	674	3117	
365	680	2942	
366	685	2767	
367	687	3127	
368	689	3193	
369	692	2941	
370	699	2681	
371	700	2994	
372	701	2793	
373	702	2687	
374	705	2844	
375	706	3123	
376	710	2866	
377	711	2732	
378	712	2978	
379	713	2673	
380	714	3148	
381	719	3063	
382	721	2840	
383	722	2847	
384	723	2664	
385	726	2934	
386	728	2643	
387	730	3050	
388	734	3066	
389	736	2616	
390	738	3126	
391	739	3185	
392	740	2708	
393	742	3030	
394	746	3025	
395	747	3201	
396	748	2740	
397	751	2702	
398	754	3190	
399	758	2907	
400	761	2724	
401	762	2781	
402	763	2797	
403	765	2691	
404	766	2846	
405	770	2796	
406	773	2888	
407	774	3034	
408	775	3152	
409	779	2622	
410	780	3078	
411	781	3007	
412	783	3187	
413	784	2627	
414	786	2640	
415	790	2969	
416	791	2880	
417	792	2912	
418	793	2856	
419	794	2676	
420	795	2852	
421	796	2717	
422	799	2867	
423	800	3201	
424	802	2714	
425	804	2732	
426	805	3021	
427	806	2800	
428	808	2765	
429	809	2688	
430	813	2668	
431	815	3010	
432	816	2823	
433	817	2699	
434	818	3179	
435	819	2651	
436	820	2860	
437	822	2894	
438	823	2674	
439	824	2669	
440	825	3201	
441	827	2837	
442	828	2870	
443	829	3029	
444	833	2986	
445	834	2667	
446	835	3101	
447	838	3168	
448	839	2901	
449	840	3037	
450	841	2706	
451	845	2953	
452	846	2980	
453	847	2733	
454	849	2864	
455	857	3073	
456	858	2898	
457	859	2838	
458	860	2708	
459	863	2664	
460	864	2932	
461	866	2727	
462	868	2606	
463	869	2831	
464	870	2951	
465	871	2812	
466	873	2747	
467	874	3107	
468	875	3081	
469	876	2666	
470	878	3188	
471	882	3107	
472	885	3165	
473	887	2854	
474	890	3199	
475	891	2946	
476	893	3132	
477	894	2758	
478	895	3180	
479	896	2816	
480	898	3197	
481	899	3166	
482	900	2648	
483	902	3177	
484	905	2822	
485	907	2725	
486	908	3170	
487	909	2784	
488	910	2803	
489	913	2943	
490	915	2992	
491	916	2802	
492	921	2932	
493	925	3085	
494	930	3130	
495	932	2663	
496	934	2794	
497	935	3047	
498	936	2950	
499	938	2617	
500	940	2647	
501	942	2702	
502	944	2806	
503	945	2707	
504	947	3184	
505	948	3113	
506	949	2739	
507	950	2811	
508	952	2915	
509	954	3103	
510	957	2744	
511	958	2661	
512	963	3090	
513	964	2877	
514	967	3031	
515	969	2819	
516	972	3114	
517	973	2689	
518	978	3180	
519	979	3064	
520	980	2756	
521	981	3175	
522	982	3051	
523	983	2861	
524	984	2971	
525	985	3017	
526	987	3014	
527	988	2979	
528	989	3052	
529	990	3111	
530	991	2614	
531	992	2865	
532	993	3182	
533	995	3085	
534	998	3092	
535	999	2682	
536	1002	3079	
537	1005	2899	
538	1007	2699	
539	1009	2981	
540	1011	2818	
541	1013	2871	
542	1015	3097	
543	1017	2855	
544	1020	2915	
545	1022	2858	
546	1024	3186	
547	1026	2973	
548	1027	3153	
549	1030	2774	
550	1034	3015	
551	1035	3037	
552	1038	2798	
553	1039	2641	
554	1040	3190	
555	1041	3102	
556	1042	3100	
557	1043	3145	
558	1046	2632	
559	1049	2824	
560	1050	3187	
561	1051	2949	
562	1052	2937	
563	1053	2848	
564	1054	3119	
565	1056	2983	
566	1058	2900	
567	1059	2875	
568	1060	2704	
569	1062	2869	
570	1063	2719	
571	1064	3034	
572	1065	2662	
573	1066	2930	
574	1068	3168	
575	1070	2859	
576	1072	2883	
577	1075	3113	
578	1077	2863	
579	1078	2842	
580	1080	3032	
581	1085	2841	
582	1086	2607	
583	1087	3128	
584	1090	2881	
585	1092	3096	
586	1093	2847	
587	1094	2711	
588	1095	2646	
589	1097	2889	
590	1098	3105	
591	1099	2679	
592	1100	2995	
593	1101	3135	
594	1103	3022	
595	1104	2844	
596	1107	2804	
597	1112	2655	
598	1113	2696	
599	1114	2701	
600	1115	2630	
601	1120	2903	
602	1123	2680	
603	1124	3053	
604	1126	2922	
605	1128	2615	
606	1130	2939	
607	1132	2985	
608	1133	3063	
609	1136	2834	
610	1139	2890	
611	1140	2853	
612	1141	2610	
613	1143	3195	
614	1144	2974	
615	1145	3013	
616	1149	2743	
617	1150	2826	
618	1151	3150	
619	1154	3098	
620	1155	2679	
621	1159	2748	
622	1162	3034	
623	1164	2723	
624	1166	3120	
625	1170	2628	
626	1172	2853	
627	1175	2931	
628	1177	2829	
629	1178	2867	
630	1179	3087	
631	1180	2968	
632	1182	2907	
633	1184	2754	
634	1186	2975	
635	1190	3023	
636	1191	2658	
637	1192	2996	
638	1193	3042	
639	1195	2629	
640	1196	3115	
641	1203	2741	
642	1207	3018	
643	1209	2776	
644	1210	2965	
645	1213	3100	
646	1214	3141	
647	1216	3142	
648	1217	3071	
649	1219	2713	
650	1221	3069	
651	1224	2657	
652	1225	3082	
653	1229	3046	
654	1231	2772	
655	1232	2914	
656	1234	3108	
657	1235	2904	
658	1236	3034	
659	1237	3112	
660	1238	2773	
661	1239	2815	
662	1240	2625	
663	1241	3035	
664	1243	2944	
665	1244	2731	
666	1245	2788	
667	1246	2624	
668	1248	2872	
669	1253	2790	
670	1255	3036	
671	1256	2988	
672	1257	2936	
673	1259	3049	
674	1260	2728	
675	1262	2848	
676	1263	3124	
677	1264	2775	
678	1268	2914	
679	1270	3031	
680	1271	2850	
681	1273	2748	
682	1275	2762	
683	1276	2656	
684	1277	2695	
685	1281	2917	
686	1283	3123	
687	1284	3089	
688	1286	2868	
689	1287	3037	
690	1289	2718	
691	1293	2987	
692	1294	3160	
693	1296	3154	
694	1297	3119	
695	1298	2955	
696	1299	2867	
697	1302	2813	
698	1303	2703	
699	1304	3138	
700	1309	2830	
701	1310	2667	
702	1314	2925	
703	1315	2887	
704	1319	2751	
705	1320	2664	
706	1322	2926	
707	1326	2837	
708	1329	3158	
709	1331	3099	
710	1332	3061	
711	1334	3159	
712	1336	3028	
713	1337	2637	
714	1338	3085	
715	1340	2885	
716	1342	2620	
717	1343	2604	
718	1344	2785	
719	1347	3167	
720	1348	3004	
721	1352	2947	
722	1358	2909	
723	1359	2706	
724	1360	3041	
725	1367	3068	
726	1369	2947	
727	1370	3173	
728	1377	3058	
729	1378	2693	
730	1379	2976	
731	1380	3016	
732	1381	3151	
733	1383	2913	
734	1384	3087	
735	1386	2765	
736	1389	2879	
737	1394	3060	
738	1395	3094	
739	1396	3057	
740	1400	3199	
741	1401	3177	
742	1403	2765	
743	1404	3121	
744	1405	3198	
745	1407	2915	
746	1408	3091	
747	1410	3012	
748	1411	2915	
749	1412	2909	
750	1414	2786	
751	1416	3107	
752	1417	2774	
753	1418	2755	
754	1420	2636	
755	1421	2693	
756	1422	2643	
757	1424	3180	
758	1425	2895	
759	1431	2684	
760	1432	3140	
761	1433	2791	
762	1434	2752	
763	1435	2866	
764	1437	2959	
765	1441	2782	
766	1443	3033	
767	1444	2732	
768	1445	3019	
769	1447	2799	
770	1448	2920	
771	1449	2810	
772	1451	2982	
773	1453	3176	
774	1456	2873	
775	1459	2765	
776	1461	2649	
777	1464	3191	
778	1466	2919	
779	1469	2966	
780	1470	2939	
781	1472	3043	
782	1474	3002	
783	1475	2677	
784	1476	3126	
785	1477	2778	
786	1479	2761	
787	1480	2851	
788	1481	3137	
789	1482	2660	
790	1488	3149	
791	1491	3076	
792	1492	3165	
793	1495	3024	
794	1496	2690	
795	1499	3122	
