795
0	2	0	3	1739	1740	1741	
1	6	0	15	700	701	702	703	704	705	706	707	708	709	710	711	712	713	714	
2	8	0	1	2390	
3	9	0	15	700	701	702	703	704	705	706	707	708	709	710	711	712	713	714	
4	10	0	24	2450	2451	2452	2453	2454	2455	2456	2457	2458	2459	2460	2461	2462	2463	2464	2465	2466	2467	2468	2469	2470	2471	2472	2473	
5	12	0	21	160	161	162	163	164	165	166	167	168	169	170	171	172	173	174	175	176	177	178	179	180	
6	13	0	3	1716	1717	1718	
7	14	0	24	1142	1143	1144	1145	1146	1147	1148	1149	1150	1151	1152	1153	1154	1155	1156	1157	1158	1159	1160	1161	1162	1163	1164	1165	
8	16	0	24	20	21	22	23	24	25	26	27	28	29	30	31	32	33	34	35	36	37	38	39	40	41	42	43	
9	17	0	1	1180	
10	19	0	15	1206	1207	1208	1209	1210	1211	1212	1213	1214	1215	1216	1217	1218	1219	1220	
11	21	0	1	539	
12	25	0	1	1361	
13	26	0	15	1206	1207	1208	1209	1210	1211	1212	1213	1214	1215	1216	1217	1218	1219	1220	
14	27	0	15	2232	2233	2234	2235	2236	2237	2238	2239	2240	2241	2242	2243	2244	2245	2246	
15	30	0	18	1184	1185	1186	1187	1188	1189	1190	1191	1192	1193	1194	1195	1196	1197	1198	1199	1200	1201	
16	31	0	18	133	134	135	136	137	138	139	140	141	142	143	144	145	146	147	148	149	150	
17	33	0	1	1088	
18	36	0	1	282	
19	37	0	24	1801	1802	1803	1804	1805	1806	1807	1808	1809	1810	1811	1812	1813	1814	1815	1816	1817	1818	1819	1820	1821	1822	1823	1824	
20	38	0	1	91	
21	42	0	21	1535	1536	1537	1538	1539	1540	1541	1542	1543	1544	1545	1546	1547	1548	1549	1550	1551	1552	1553	1554	1555	
22	43	0	1	823	
23	45	0	24	1060	1061	1062	1063	1064	1065	1066	1067	1068	1069	1070	1071	1072	1073	1074	1075	1076	1077	1078	1079	1080	1081	1082	1083	
24	46	0	21	331	332	333	334	335	336	337	338	339	340	341	342	343	344	345	346	347	348	349	350	351	
25	47	0	1	1333	
26	48	0	24	216	217	218	219	220	221	222	223	224	225	226	227	228	229	230	231	232	233	234	235	236	237	238	239	
27	49	0	24	1414	1415	1416	1417	1418	1419	1420	1421	1422	1423	1424	1425	1426	1427	1428	1429	1430	1431	1432	1433	1434	1435	1436	1437	
28	51	0	9	1438	1439	1440	1441	1442	1443	1444	1445	1446	
29	52	0	3	941	942	943	
30	53	0	15	1346	1347	1348	1349	1350	1351	1352	1353	1354	1355	1356	1357	1358	1359	1360	
31	55	0	1	508	
32	59	0	7	548	549	550	551	552	553	554	
33	60	0	1	2322	
34	61	0	1	456	
35	62	0	1	1926	
36	64	0	15	2232	2233	2234	2235	2236	2237	2238	2239	2240	2241	2242	2243	2244	2245	2246	
37	65	0	1	698	
38	66	0	1	1602	
39	68	0	1	1682	
40	71	0	1	625	
41	72	0	24	1362	1363	1364	1365	1366	1367	1368	1369	1370	1371	1372	1373	1374	1375	1376	1377	1378	1379	1380	1381	1382	1383	1384	1385	
42	76	0	1	107	
43	77	0	1	1087	
44	79	0	1	11	
45	82	0	3	1885	1886	1887	
46	83	0	7	2020	2021	2022	2023	2024	2025	2026	
47	84	0	21	1279	1280	1281	1282	1283	1284	1285	1286	1287	1288	1289	1290	1291	1292	1293	1294	1295	1296	1297	1298	1299	
48	85	0	3	735	736	737	
49	86	0	1	2400	
50	89	0	7	2198	2199	2200	2201	2202	2203	2204	
51	91	0	7	499	500	501	502	503	504	505	
52	93	0	1	437	
53	95	0	24	1142	1143	1144	1145	1146	1147	1148	1149	1150	1151	1152	1153	1154	1155	1156	1157	1158	1159	1160	1161	1162	1163	1164	1165	
54	96	0	1	1924	
55	100	0	18	832	833	834	835	836	837	838	839	840	841	842	843	844	845	846	847	848	849	
56	101	0	15	1346	1347	1348	1349	1350	1351	1352	1353	1354	1355	1356	1357	1358	1359	1360	
57	102	0	18	1239	1240	1241	1242	1243	1244	1245	1246	1247	1248	1249	1250	1251	1252	1253	1254	1255	1256	
58	103	0	18	2493	2494	2495	2496	2497	2498	2499	2500	2501	2502	2503	2504	2505	2506	2507	2508	2509	2510	
59	105	0	1	2511	
60	106	0	21	760	761	762	763	764	765	766	767	768	769	770	771	772	773	774	775	776	777	778	779	780	
61	109	0	12	1518	1519	1520	1521	1522	1523	1524	1525	1526	1527	1528	1529	
62	112	0	1	1037	
63	113	0	1	2082	
64	114	0	18	1574	1575	1576	1577	1578	1579	1580	1581	1582	1583	1584	1585	1586	1587	1588	1589	1590	1591	
65	116	0	3	1890	1891	1892	
66	117	0	3	557	558	559	
67	118	0	1	1742	
68	119	0	24	1801	1802	1803	1804	1805	1806	1807	1808	1809	1810	1811	1812	1813	1814	1815	1816	1817	1818	1819	1820	1821	1822	1823	1824	
69	120	0	1	1987	
70	121	0	1	2247	
71	125	0	1	2534	
72	126	0	3	1330	1331	1332	
73	127	0	1	2551	
74	129	0	1	418	
75	130	0	1	1261	
76	133	0	1	2445	
77	134	0	1	910	
78	135	0	1	210	
79	136	0	1	381	
80	138	0	12	76	77	78	79	80	81	82	83	84	85	86	87	
81	139	0	12	1518	1519	1520	1521	1522	1523	1524	1525	1526	1527	1528	1529	
82	141	0	1	2146	
83	144	0	21	1624	1625	1626	1627	1628	1629	1630	1631	1632	1633	1634	1635	1636	1637	1638	1639	1640	1641	1642	1643	1644	
84	146	0	15	700	701	702	703	704	705	706	707	708	709	710	711	712	713	714	
85	147	0	1	1131	
86	149	0	24	876	877	878	879	880	881	882	883	884	885	886	887	888	889	890	891	892	893	894	895	896	897	898	899	
87	150	0	1	2384	
88	151	0	1	1167	
89	152	0	1	1683	
90	153	0	7	2362	2363	2364	2365	2366	2367	2368	
91	154	0	18	2493	2494	2495	2496	2497	2498	2499	2500	2501	2502	2503	2504	2505	2506	2507	2508	2509	2510	
92	155	0	1	540	
93	158	0	1	1491	
94	159	0	21	160	161	162	163	164	165	166	167	168	169	170	171	172	173	174	175	176	177	178	179	180	
95	162	0	18	1184	1185	1186	1187	1188	1189	1190	1191	1192	1193	1194	1195	1196	1197	1198	1199	1200	1201	
96	163	0	1	1702	
97	164	0	21	1965	1966	1967	1968	1969	1970	1971	1972	1973	1974	1975	1976	1977	1978	1979	1980	1981	1982	1983	1984	1985	
98	165	0	24	2058	2059	2060	2061	2062	2063	2064	2065	2066	2067	2068	2069	2070	2071	2072	2073	2074	2075	2076	2077	2078	2079	2080	2081	
99	166	0	21	2123	2124	2125	2126	2127	2128	2129	2130	2131	2132	2133	2134	2135	2136	2137	2138	2139	2140	2141	2142	2143	
100	168	0	1	940	
101	169	0	1	2397	
102	173	0	1	2321	
103	175	0	21	2123	2124	2125	2126	2127	2128	2129	2130	2131	2132	2133	2134	2135	2136	2137	2138	2139	2140	2141	2142	2143	
104	178	0	21	1624	1625	1626	1627	1628	1629	1630	1631	1632	1633	1634	1635	1636	1637	1638	1639	1640	1641	1642	1643	1644	
105	179	0	1	2319	
106	180	0	1	2398	
107	181	0	18	2214	2215	2216	2217	2218	2219	2220	2221	2222	2223	2224	2225	2226	2227	2228	2229	2230	2231	
108	184	0	1	733	
109	187	0	1	354	
110	189	0	1	1038	
111	190	0	24	945	946	947	948	949	950	951	952	953	954	955	956	957	958	959	960	961	962	963	964	965	966	967	968	
112	191	0	21	916	917	918	919	920	921	922	923	924	925	926	927	928	929	930	931	932	933	934	935	936	
113	192	0	3	1513	1514	1515	
114	194	0	24	2450	2451	2452	2453	2454	2455	2456	2457	2458	2459	2460	2461	2462	2463	2464	2465	2466	2467	2468	2469	2470	2471	2472	2473	
115	195	0	1	1260	
116	197	0	1	100	
117	198	0	9	970	971	972	973	974	975	976	977	978	
118	200	0	1	1235	
119	201	0	1	2446	
120	205	0	18	2214	2215	2216	2217	2218	2219	2220	2221	2222	2223	2224	2225	2226	2227	2228	2229	2230	2231	
121	208	0	1	2360	
122	210	0	1	2298	
123	211	0	1	355	
124	212	0	1	944	
125	214	0	1	2258	
126	215	0	1	1202	
127	218	0	24	356	357	358	359	360	361	362	363	364	365	366	367	368	369	370	371	372	373	374	375	376	377	378	379	
128	219	0	1	1778	
129	220	0	1	1684	
130	221	0	15	2519	2520	2521	2522	2523	2524	2525	2526	2527	2528	2529	2530	2531	2532	2533	
131	224	0	7	1339	1340	1341	1342	1343	1344	1345	
132	226	0	3	1881	1882	1883	
133	232	0	1	595	
134	233	0	24	659	660	661	662	663	664	665	666	667	668	669	670	671	672	673	674	675	676	677	678	679	680	681	682	
135	235	0	21	2030	2031	2032	2033	2034	2035	2036	2037	2038	2039	2040	2041	2042	2043	2044	2045	2046	2047	2048	2049	2050	
136	238	0	1	1826	
137	239	0	1	159	
138	241	0	21	1535	1536	1537	1538	1539	1540	1541	1542	1543	1544	1545	1546	1547	1548	1549	1550	1551	1552	1553	1554	1555	
139	242	0	3	1894	1895	1896	
140	243	0	1	73	
141	244	0	15	1399	1400	1401	1402	1403	1404	1405	1406	1407	1408	1409	1410	1411	1412	1413	
142	245	0	1	739	
143	248	0	24	2450	2451	2452	2453	2454	2455	2456	2457	2458	2459	2460	2461	2462	2463	2464	2465	2466	2467	2468	2469	2470	2471	2472	2473	
144	249	0	7	92	93	94	95	96	97	98	
145	251	0	15	2477	2478	2479	2480	2481	2482	2483	2484	2485	2486	2487	2488	2489	2490	2491	
146	254	0	24	945	946	947	948	949	950	951	952	953	954	955	956	957	958	959	960	961	962	963	964	965	966	967	968	
147	255	0	18	1473	1474	1475	1476	1477	1478	1479	1480	1481	1482	1483	1484	1485	1486	1487	1488	1489	1490	
148	256	0	18	2092	2093	2094	2095	2096	2097	2098	2099	2100	2101	2102	2103	2104	2105	2106	2107	2108	2109	
149	259	0	24	1857	1858	1859	1860	1861	1862	1863	1864	1865	1866	1867	1868	1869	1870	1871	1872	1873	1874	1875	1876	1877	1878	1879	1880	
150	260	0	1	436	
151	261	0	18	2300	2301	2302	2303	2304	2305	2306	2307	2308	2309	2310	2311	2312	2313	2314	2315	2316	2317	
152	263	0	12	1669	1670	1671	1672	1673	1674	1675	1676	1677	1678	1679	1680	
153	268	0	7	1013	1014	1015	1016	1017	1018	1019	
154	269	0	3	2386	2387	2388	
155	270	0	18	805	806	807	808	809	810	811	812	813	814	815	816	817	818	819	820	821	822	
156	278	0	21	1279	1280	1281	1282	1283	1284	1285	1286	1287	1288	1289	1290	1291	1292	1293	1294	1295	1296	1297	1298	1299	
157	279	0	21	781	782	783	784	785	786	787	788	789	790	791	792	793	794	795	796	797	798	799	800	801	
158	283	0	24	1060	1061	1062	1063	1064	1065	1066	1067	1068	1069	1070	1071	1072	1073	1074	1075	1076	1077	1078	1079	1080	1081	1082	1083	
159	284	0	1	1915	
160	285	0	9	2165	2166	2167	2168	2169	2170	2171	2172	2173	
161	287	0	1	738	
162	288	0	24	635	636	637	638	639	640	641	642	643	644	645	646	647	648	649	650	651	652	653	654	655	656	657	658	
163	289	0	3	1336	1337	1338	
164	290	0	1	1775	
165	297	0	18	1721	1722	1723	1724	1725	1726	1727	1728	1729	1730	1731	1732	1733	1734	1735	1736	1737	1738	
166	298	0	18	1757	1758	1759	1760	1761	1762	1763	1764	1765	1766	1767	1768	1769	1770	1771	1772	1773	1774	
167	299	0	24	216	217	218	219	220	221	222	223	224	225	226	227	228	229	230	231	232	233	234	235	236	237	238	239	
168	302	0	1	1328	
169	303	0	7	2248	2249	2250	2251	2252	2253	2254	
170	304	0	1	1603	
171	305	0	1	10	
172	307	0	1	1113	
173	309	0	24	945	946	947	948	949	950	951	952	953	954	955	956	957	958	959	960	961	962	963	964	965	966	967	968	
174	310	0	7	1685	1686	1687	1688	1689	1690	1691	
175	312	0	15	1399	1400	1401	1402	1403	1404	1405	1406	1407	1408	1409	1410	1411	1412	1413	
176	313	0	1	1329	
177	315	0	21	916	917	918	919	920	921	922	923	924	925	926	927	928	929	930	931	932	933	934	935	936	
178	316	0	1	1743	
179	317	0	1	279	
180	318	0	21	2276	2277	2278	2279	2280	2281	2282	2283	2284	2285	2286	2287	2288	2289	2290	2291	2292	2293	2294	2295	2296	
181	319	0	21	1279	1280	1281	1282	1283	1284	1285	1286	1287	1288	1289	1290	1291	1292	1293	1294	1295	1296	1297	1298	1299	
182	323	0	1	824	
183	324	0	3	560	561	562	
184	328	0	18	1574	1575	1576	1577	1578	1579	1580	1581	1582	1583	1584	1585	1586	1587	1588	1589	1590	1591	
185	329	0	7	564	565	566	567	568	569	570	
186	331	0	7	627	628	629	630	631	632	633	
187	334	0	1	1026	
188	335	0	1	281	
189	336	0	3	181	182	183	
190	341	0	1	969	
191	342	0	1	734	
192	343	0	24	1089	1090	1091	1092	1093	1094	1095	1096	1097	1098	1099	1100	1101	1102	1103	1104	1105	1106	1107	1108	1109	1110	1111	1112	
193	345	0	21	465	466	467	468	469	470	471	472	473	474	475	476	477	478	479	480	481	482	483	484	485	
194	348	0	1	693	
195	349	0	1	212	
196	351	0	7	2377	2378	2379	2380	2381	2382	2383	
197	352	0	1	2091	
198	354	0	3	752	753	754	
199	355	0	7	741	742	743	744	745	746	747	
200	356	0	1	209	
201	357	0	1	751	
202	358	0	18	133	134	135	136	137	138	139	140	141	142	143	144	145	146	147	148	149	150	
203	360	0	7	825	826	827	828	829	830	831	
204	361	0	12	1222	1223	1224	1225	1226	1227	1228	1229	1230	1231	1232	1233	
205	362	0	1	2518	
206	363	0	1	1955	
207	365	0	24	1089	1090	1091	1092	1093	1094	1095	1096	1097	1098	1099	1100	1101	1102	1103	1104	1105	1106	1107	1108	1109	1110	1111	1112	
208	376	0	1	2175	
209	379	0	24	356	357	358	359	360	361	362	363	364	365	366	367	368	369	370	371	372	373	374	375	376	377	378	379	
210	382	0	15	1929	1930	1931	1932	1933	1934	1935	1936	1937	1938	1939	1940	1941	1942	1943	
211	383	0	1	2475	
212	384	0	24	216	217	218	219	220	221	222	223	224	225	226	227	228	229	230	231	232	233	234	235	236	237	238	239	
213	386	0	24	1142	1143	1144	1145	1146	1147	1148	1149	1150	1151	1152	1153	1154	1155	1156	1157	1158	1159	1160	1161	1162	1163	1164	1165	
214	387	0	21	604	605	606	607	608	609	610	611	612	613	614	615	616	617	618	619	620	621	622	623	624	
215	388	0	1	154	
216	391	0	9	2165	2166	2167	2168	2169	2170	2171	2172	2173	
217	392	0	9	1133	1134	1135	1136	1137	1138	1139	1140	1141	
218	395	0	1	1925	
219	397	0	1	2145	
220	398	0	1	572	
221	400	0	1	1534	
222	401	0	1	1127	
223	403	0	24	659	660	661	662	663	664	665	666	667	668	669	670	671	672	673	674	675	676	677	678	679	680	681	682	
224	405	0	24	1300	1301	1302	1303	1304	1305	1306	1307	1308	1309	1310	1311	1312	1313	1314	1315	1316	1317	1318	1319	1320	1321	1322	1323	
225	406	0	24	306	307	308	309	310	311	312	313	314	315	316	317	318	319	320	321	322	323	324	325	326	327	328	329	
226	407	0	1	1472	
227	408	0	1	725	
228	409	0	18	1721	1722	1723	1724	1725	1726	1727	1728	1729	1730	1731	1732	1733	1734	1735	1736	1737	1738	
229	410	0	9	2542	2543	2544	2545	2546	2547	2548	2549	2550	
230	411	0	1	1697	
231	412	0	1	699	
232	413	0	1	1259	
233	414	0	1	152	
234	415	0	1	2186	
235	418	0	9	446	447	448	449	450	451	452	453	454	
236	420	0	1	1183	
237	421	0	1	1749	
238	422	0	1	1086	
239	423	0	3	2255	2256	2257	
240	424	0	3	802	803	804	
241	426	0	1	2402	
242	427	0	18	1779	1780	1781	1782	1783	1784	1785	1786	1787	1788	1789	1790	1791	1792	1793	1794	1795	1796	
243	430	0	21	2030	2031	2032	2033	2034	2035	2036	2037	2038	2039	2040	2041	2042	2043	2044	2045	2046	2047	2048	2049	2050	
244	432	0	3	1276	1277	1278	
245	434	0	12	1168	1169	1170	1171	1172	1173	1174	1175	1176	1177	1178	1179	
246	435	0	24	1362	1363	1364	1365	1366	1367	1368	1369	1370	1371	1372	1373	1374	1375	1376	1377	1378	1379	1380	1381	1382	1383	1384	1385	
247	436	0	1	2150	
248	438	0	1	1023	
249	443	0	21	160	161	162	163	164	165	166	167	168	169	170	171	172	173	174	175	176	177	178	179	180	
250	444	0	3	1850	1851	1852	
251	445	0	1	915	
252	447	0	1	1714	
253	448	0	24	1414	1415	1416	1417	1418	1419	1420	1421	1422	1423	1424	1425	1426	1427	1428	1429	1430	1431	1432	1433	1434	1435	1436	1437	
254	449	0	7	2189	2190	2191	2192	2193	2194	2195	
255	450	0	21	1492	1493	1494	1495	1496	1497	1498	1499	1500	1501	1502	1503	1504	1505	1506	1507	1508	1509	1510	1511	1512	
256	454	0	21	1624	1625	1626	1627	1628	1629	1630	1631	1632	1633	1634	1635	1636	1637	1638	1639	1640	1641	1642	1643	1644	
257	455	0	18	1721	1722	1723	1724	1725	1726	1727	1728	1729	1730	1731	1732	1733	1734	1735	1736	1737	1738	
258	458	0	1	213	
259	459	0	21	1447	1448	1449	1450	1451	1452	1453	1454	1455	1456	1457	1458	1459	1460	1461	1462	1463	1464	1465	1466	1467	
260	460	0	24	2058	2059	2060	2061	2062	2063	2064	2065	2066	2067	2068	2069	2070	2071	2072	2073	2074	2075	2076	2077	2078	2079	2080	2081	
261	461	0	21	604	605	606	607	608	609	610	611	612	613	614	615	616	617	618	619	620	621	622	623	624	
262	462	0	18	2555	2556	2557	2558	2559	2560	2561	2562	2563	2564	2565	2566	2567	2568	2569	2570	2571	2572	
263	463	0	1	939	
264	464	0	1	1720	
265	470	0	24	1801	1802	1803	1804	1805	1806	1807	1808	1809	1810	1811	1812	1813	1814	1815	1816	1817	1818	1819	1820	1821	1822	1823	1824	
266	471	0	9	2155	2156	2157	2158	2159	2160	2161	2162	2163	
267	472	0	18	2300	2301	2302	2303	2304	2305	2306	2307	2308	2309	2310	2311	2312	2313	2314	2315	2316	2317	
268	473	0	1	1123	
269	474	0	21	916	917	918	919	920	921	922	923	924	925	926	927	928	929	930	931	932	933	934	935	936	
270	481	0	21	1535	1536	1537	1538	1539	1540	1541	1542	1543	1544	1545	1546	1547	1548	1549	1550	1551	1552	1553	1554	1555	
271	483	0	1	1907	
272	484	0	24	356	357	358	359	360	361	362	363	364	365	366	367	368	369	370	371	372	373	374	375	376	377	378	379	
273	485	0	1	594	
274	488	0	1	1622	
275	489	0	1	1327	
276	490	0	24	945	946	947	948	949	950	951	952	953	954	955	956	957	958	959	960	961	962	963	964	965	966	967	968	
277	491	0	1	1701	
278	492	0	1	518	
279	494	0	1	1257	
280	496	0	1	2164	
281	497	0	1	506	
282	501	0	1	555	
283	502	0	1	2110	
284	503	0	3	382	383	384	
285	504	0	1	2517	
286	505	0	1	740	
287	507	0	1	1234	
288	508	0	1	44	
289	509	0	1	1667	
290	510	0	1	2185	
291	512	0	1	1668	
292	513	0	24	20	21	22	23	24	25	26	27	28	29	30	31	32	33	34	35	36	37	38	39	40	41	42	43	
293	518	0	12	860	861	862	863	864	865	866	867	868	869	870	871	
294	520	0	1	155	
295	522	0	3	431	432	433	
296	524	0	1	1258	
297	525	0	1	305	
298	526	0	1	2401	
299	529	0	24	356	357	358	359	360	361	362	363	364	365	366	367	368	369	370	371	372	373	374	375	376	377	378	379	
300	532	0	1	1918	
301	534	0	1	2089	
302	539	0	1	2396	
303	542	0	3	1044	1045	1046	
304	543	0	3	748	749	750	
305	546	0	1	1776	
306	548	0	3	756	757	758	
307	549	0	1	596	
308	552	0	1	507	
309	554	0	1	260	
310	555	0	3	2369	2370	2371	
311	556	0	1	215	
312	558	0	7	573	574	575	576	577	578	579	
313	561	0	21	760	761	762	763	764	765	766	767	768	769	770	771	772	773	774	775	776	777	778	779	780	
314	564	0	1	2188	
315	567	0	3	2373	2374	2375	
316	571	0	1	1205	
317	573	0	18	1239	1240	1241	1242	1243	1244	1245	1246	1247	1248	1249	1250	1251	1252	1253	1254	1255	1256	
318	578	0	12	1168	1169	1170	1171	1172	1173	1174	1175	1176	1177	1178	1179	
319	579	0	7	297	298	299	300	301	302	303	
320	581	0	1	1085	
321	582	0	21	389	390	391	392	393	394	395	396	397	398	399	400	401	402	403	404	405	406	407	408	409	
322	583	0	21	52	53	54	55	56	57	58	59	60	61	62	63	64	65	66	67	68	69	70	71	72	
323	585	0	7	1750	1751	1752	1753	1754	1755	1756	
324	586	0	1	2538	
325	587	0	1	156	
326	588	0	1	304	
327	590	0	21	389	390	391	392	393	394	395	396	397	398	399	400	401	402	403	404	405	406	407	408	409	
328	593	0	1	580	
329	595	0	1	2147	
330	596	0	1	1923	
331	597	0	18	2300	2301	2302	2303	2304	2305	2306	2307	2308	2309	2310	2311	2312	2313	2314	2315	2316	2317	
332	599	0	1	352	
333	601	0	1	2334	
334	603	0	3	101	102	103	
335	607	0	3	2535	2536	2537	
336	608	0	1	1469	
337	609	0	21	2123	2124	2125	2126	2127	2128	2129	2130	2131	2132	2133	2134	2135	2136	2137	2138	2139	2140	2141	2142	2143	
338	610	0	1	259	
339	611	0	3	385	386	387	
340	612	0	1	571	
341	614	0	1	755	
342	615	0	1	1396	
343	618	0	7	269	270	271	272	273	274	275	
344	619	0	24	1142	1143	1144	1145	1146	1147	1148	1149	1150	1151	1152	1153	1154	1155	1156	1157	1158	1159	1160	1161	1162	1163	1164	1165	
345	620	0	1	1326	
346	623	0	1	1945	
347	624	0	18	832	833	834	835	836	837	838	839	840	841	842	843	844	845	846	847	848	849	
348	625	0	21	1989	1990	1991	1992	1993	1994	1995	1996	1997	1998	1999	2000	2001	2002	2003	2004	2005	2006	2007	2008	2009	
349	626	0	7	1658	1659	1660	1661	1662	1663	1664	
350	627	0	12	527	528	529	530	531	532	533	534	535	536	537	538	
351	630	0	1	2148	
352	631	0	21	1989	1990	1991	1992	1993	1994	1995	1996	1997	1998	1999	2000	2001	2002	2003	2004	2005	2006	2007	2008	2009	
353	635	0	18	1604	1605	1606	1607	1608	1609	1610	1611	1612	1613	1614	1615	1616	1617	1618	1619	1620	1621	
354	639	0	9	684	685	686	687	688	689	690	691	692	
355	640	0	1	2174	
356	642	0	12	1048	1049	1050	1051	1052	1053	1054	1055	1056	1057	1058	1059	
357	644	0	1	19	
358	645	0	7	1706	1707	1708	1709	1710	1711	1712	
359	648	0	1	2018	
360	649	0	21	389	390	391	392	393	394	395	396	397	398	399	400	401	402	403	404	405	406	407	408	409	
361	650	0	1	1922	
362	652	0	9	2155	2156	2157	2158	2159	2160	2161	2162	2163	
363	653	0	1	1920	
364	660	0	24	1060	1061	1062	1063	1064	1065	1066	1067	1068	1069	1070	1071	1072	1073	1074	1075	1076	1077	1078	1079	1080	1081	1082	1083	
365	662	0	9	1956	1957	1958	1959	1960	1961	1962	1963	1964	
366	664	0	24	1089	1090	1091	1092	1093	1094	1095	1096	1097	1098	1099	1100	1101	1102	1103	1104	1105	1106	1107	1108	1109	1110	1111	1112	
367	665	0	1	979	
368	667	0	21	465	466	467	468	469	470	471	472	473	474	475	476	477	478	479	480	481	482	483	484	485	
369	672	0	24	876	877	878	879	880	881	882	883	884	885	886	887	888	889	890	891	892	893	894	895	896	897	898	899	
370	673	0	24	216	217	218	219	220	221	222	223	224	225	226	227	228	229	230	231	232	233	234	235	236	237	238	239	
371	679	0	24	306	307	308	309	310	311	312	313	314	315	316	317	318	319	320	321	322	323	324	325	326	327	328	329	
372	681	0	1	2087	
373	683	0	18	1574	1575	1576	1577	1578	1579	1580	1581	1582	1583	1584	1585	1586	1587	1588	1589	1590	1591	
374	684	0	1	2323	
375	687	0	24	306	307	308	309	310	311	312	313	314	315	316	317	318	319	320	321	322	323	324	325	326	327	328	329	
376	688	0	7	1827	1828	1829	1830	1831	1832	1833	
377	689	0	7	184	185	186	187	188	189	190	
378	690	0	21	1492	1493	1494	1495	1496	1497	1498	1499	1500	1501	1502	1503	1504	1505	1506	1507	1508	1509	1510	1511	1512	
379	691	0	1	410	
380	693	0	1	261	
381	695	0	12	1645	1646	1647	1648	1649	1650	1651	1652	1653	1654	1655	1656	
382	698	0	1	2187	
383	699	0	1	458	
384	700	0	1	2361	
385	703	0	24	876	877	878	879	880	881	882	883	884	885	886	887	888	889	890	891	892	893	894	895	896	897	898	899	
386	704	0	1	1398	
387	705	0	1	1906	
388	709	0	1	1393	
389	710	0	1	494	
390	712	0	21	2413	2414	2415	2416	2417	2418	2419	2420	2421	2422	2423	2424	2425	2426	2427	2428	2429	2430	2431	2432	2433	
391	717	0	1	1799	
392	718	0	15	1346	1347	1348	1349	1350	1351	1352	1353	1354	1355	1356	1357	1358	1359	1360	
393	719	0	1	1748	
394	720	0	1	200	
395	724	0	1	495	
396	729	0	1	583	
397	731	0	1	2260	
398	732	0	1	2476	
399	734	0	1	434	
400	737	0	7	2051	2052	2053	2054	2055	2056	2057	
401	738	0	1	1121	
402	740	0	1	2389	
403	742	0	24	1300	1301	1302	1303	1304	1305	1306	1307	1308	1309	1310	1311	1312	1313	1314	1315	1316	1317	1318	1319	1320	1321	1322	1323	
404	746	0	12	284	285	286	287	288	289	290	291	292	293	294	295	
405	749	0	1	850	
406	752	0	1	2516	
407	754	0	1	1841	
408	757	0	21	1989	1990	1991	1992	1993	1994	1995	1996	1997	1998	1999	2000	2001	2002	2003	2004	2005	2006	2007	2008	2009	
409	759	0	1	994	
410	761	0	7	201	202	203	204	205	206	207	
411	762	0	3	2513	2514	2515	
412	765	0	1	1849	
413	766	0	21	2030	2031	2032	2033	2034	2035	2036	2037	2038	2039	2040	2041	2042	2043	2044	2045	2046	2047	2048	2049	2050	
414	771	0	7	45	46	47	48	49	50	51	
415	773	0	1	88	
416	776	0	3	2347	2348	2349	
417	779	0	18	1604	1605	1606	1607	1608	1609	1610	1611	1612	1613	1614	1615	1616	1617	1618	1619	1620	1621	
418	780	0	12	419	420	421	422	423	424	425	426	427	428	429	430	
419	782	0	1	1703	
420	785	0	9	1956	1957	1958	1959	1960	1961	1962	1963	1964	
421	786	0	3	1693	1694	1695	
422	789	0	1	592	
423	790	0	1	2403	
424	792	0	18	2092	2093	2094	2095	2096	2097	2098	2099	2100	2101	2102	2103	2104	2105	2106	2107	2108	2109	
425	793	0	1	1893	
426	794	0	1	1047	
427	795	0	1	987	
428	796	0	18	241	242	243	244	245	246	247	248	249	250	251	252	253	254	255	256	257	258	
429	798	0	1	90	
430	800	0	3	1124	1125	1126	
431	802	0	1	859	
432	803	0	24	635	636	637	638	639	640	641	642	643	644	645	646	647	648	649	650	651	652	653	654	655	656	657	658	
433	806	0	7	262	263	264	265	266	267	268	
434	807	0	1	1657	
435	808	0	1	988	
436	810	0	21	2276	2277	2278	2279	2280	2281	2282	2283	2284	2285	2286	2287	2288	2289	2290	2291	2292	2293	2294	2295	2296	
437	812	0	1	1944	
438	813	0	1	459	
439	815	0	24	20	21	22	23	24	25	26	27	28	29	30	31	32	33	34	35	36	37	38	39	40	41	42	43	
440	816	0	1	435	
441	819	0	7	2335	2336	2337	2338	2339	2340	2341	
442	821	0	15	2232	2233	2234	2235	2236	2237	2238	2239	2240	2241	2242	2243	2244	2245	2246	
443	822	0	1	2320	
444	823	0	1	1020	
445	825	0	7	1269	1270	1271	1272	1273	1274	1275	
446	826	0	18	995	996	997	998	999	1000	1001	1002	1003	1004	1005	1006	1007	1008	1009	1010	1011	1012	
447	827	0	1	2010	
448	828	0	1	1884	
449	830	0	21	2413	2414	2415	2416	2417	2418	2419	2420	2421	2422	2423	2424	2425	2426	2427	2428	2429	2430	2431	2432	2433	
450	831	0	24	1801	1802	1803	1804	1805	1806	1807	1808	1809	1810	1811	1812	1813	1814	1815	1816	1817	1818	1819	1820	1821	1822	1823	1824	
451	832	0	1	280	
452	833	0	1	1797	
453	834	0	18	1473	1474	1475	1476	1477	1478	1479	1480	1481	1482	1483	1484	1485	1486	1487	1488	1489	1490	
454	835	0	7	2406	2407	2408	2409	2410	2411	2412	
455	836	0	21	465	466	467	468	469	470	471	472	473	474	475	476	477	478	479	480	481	482	483	484	485	
456	837	0	21	1965	1966	1967	1968	1969	1970	1971	1972	1973	1974	1975	1976	1977	1978	1979	1980	1981	1982	1983	1984	1985	
457	838	0	1	1921	
458	839	0	18	241	242	243	244	245	246	247	248	249	250	251	252	253	254	255	256	257	258	
459	841	0	1	1334	
460	842	0	12	1645	1646	1647	1648	1649	1650	1651	1652	1653	1654	1655	1656	
461	843	0	1	1917	
462	845	0	1	2342	
463	846	0	3	991	992	993	
464	847	0	1	1692	
465	851	0	1	2554	
466	852	0	21	2413	2414	2415	2416	2417	2418	2419	2420	2421	2422	2423	2424	2425	2426	2427	2428	2429	2430	2431	2432	2433	
467	854	0	24	1089	1090	1091	1092	1093	1094	1095	1096	1097	1098	1099	1100	1101	1102	1103	1104	1105	1106	1107	1108	1109	1110	1111	1112	
468	856	0	1	2372	
469	857	0	12	1669	1670	1671	1672	1673	1674	1675	1676	1677	1678	1679	1680	
470	858	0	18	133	134	135	136	137	138	139	140	141	142	143	144	145	146	147	148	149	150	
471	859	0	18	2214	2215	2216	2217	2218	2219	2220	2221	2222	2223	2224	2225	2226	2227	2228	2229	2230	2231	
472	861	0	21	389	390	391	392	393	394	395	396	397	398	399	400	401	402	403	404	405	406	407	408	409	
473	865	0	1	1623	
474	868	0	21	1447	1448	1449	1450	1451	1452	1453	1454	1455	1456	1457	1458	1459	1460	1461	1462	1463	1464	1465	1466	1467	
475	871	0	15	2519	2520	2521	2522	2523	2524	2525	2526	2527	2528	2529	2530	2531	2532	2533	
476	872	0	1	153	
477	875	0	1	2112	
478	876	0	1	388	
479	877	0	24	1362	1363	1364	1365	1366	1367	1368	1369	1370	1371	1372	1373	1374	1375	1376	1377	1378	1379	1380	1381	1382	1383	1384	1385	
480	880	0	7	1114	1115	1116	1117	1118	1119	1120	
481	883	0	3	461	462	463	
482	885	0	1	1593	
483	886	0	1	74	
484	887	0	1	900	
485	889	0	24	1857	1858	1859	1860	1861	1862	1863	1864	1865	1866	1867	1868	1869	1870	1871	1872	1873	1874	1875	1876	1877	1878	1879	1880	
486	890	0	24	635	636	637	638	639	640	641	642	643	644	645	646	647	648	649	650	651	652	653	654	655	656	657	658	
487	898	0	1	556	
488	900	0	3	2084	2085	2086	
489	901	0	15	2261	2262	2263	2264	2265	2266	2267	2268	2269	2270	2271	2272	2273	2274	2275	
490	902	0	1	158	
491	904	0	1	1036	
492	906	0	9	970	971	972	973	974	975	976	977	978	
493	908	0	21	916	917	918	919	920	921	922	923	924	925	926	927	928	929	930	931	932	933	934	935	936	
494	909	0	21	331	332	333	334	335	336	337	338	339	340	341	342	343	344	345	346	347	348	349	350	351	
495	911	0	1	1713	
496	912	0	1	1704	
497	913	0	9	2435	2436	2437	2438	2439	2440	2441	2442	2443	
498	915	0	1	1022	
499	917	0	1	1705	
500	920	0	1	1039	
501	921	0	1	296	
502	924	0	7	2207	2208	2209	2210	2211	2212	2213	
503	925	0	18	995	996	997	998	999	1000	1001	1002	1003	1004	1005	1006	1007	1008	1009	1010	1011	1012	
504	927	0	1	990	
505	929	0	9	1556	1557	1558	1559	1560	1561	1562	1563	1564	
506	932	0	18	2555	2556	2557	2558	2559	2560	2561	2562	2563	2564	2565	2566	2567	2568	2569	2570	2571	2572	
507	933	0	1	2444	
508	938	0	24	635	636	637	638	639	640	641	642	643	644	645	646	647	648	649	650	651	652	653	654	655	656	657	658	
509	940	0	1	2297	
510	941	0	1	1745	
511	944	0	1	2088	
512	946	0	24	659	660	661	662	663	664	665	666	667	668	669	670	671	672	673	674	675	676	677	678	679	680	681	682	
513	948	0	1	1889	
514	952	0	1	909	
515	955	0	15	2477	2478	2479	2480	2481	2482	2483	2484	2485	2486	2487	2488	2489	2490	2491	
516	956	0	1	1132	
517	958	0	1	1665	
518	961	0	1	1024	
519	967	0	9	2324	2325	2326	2327	2328	2329	2330	2331	2332	
520	971	0	24	876	877	878	879	880	881	882	883	884	885	886	887	888	889	890	891	892	893	894	895	896	897	898	899	
521	972	0	7	439	440	441	442	443	444	445	
522	974	0	12	527	528	529	530	531	532	533	534	535	536	537	538	
523	975	0	9	2176	2177	2178	2179	2180	2181	2182	2183	2184	
524	977	0	1	211	
525	978	0	1	2385	
526	979	0	24	1060	1061	1062	1063	1064	1065	1066	1067	1068	1069	1070	1071	1072	1073	1074	1075	1076	1077	1078	1079	1080	1081	1082	1083	
527	981	0	3	104	105	106	
528	984	0	1	151	
529	989	0	1	1954	
530	990	0	1	2399	
531	991	0	18	805	806	807	808	809	810	811	812	813	814	815	816	817	818	819	820	821	822	
532	994	0	1	1696	
533	996	0	7	585	586	587	588	589	590	591	
534	997	0	1	626	
535	998	0	18	805	806	807	808	809	810	811	812	813	814	815	816	817	818	819	820	821	822	
536	999	0	7	1842	1843	1844	1845	1846	1847	1848	
537	1002	0	9	1438	1439	1440	1441	1442	1443	1444	1445	1446	
538	1003	0	1	1777	
539	1004	0	21	2276	2277	2278	2279	2280	2281	2282	2283	2284	2285	2286	2287	2288	2289	2290	2291	2292	2293	2294	2295	2296	
540	1005	0	7	726	727	728	729	730	731	732	
541	1006	0	1	563	
542	1007	0	21	331	332	333	334	335	336	337	338	339	340	341	342	343	344	345	346	347	348	349	350	351	
543	1008	0	1	1698	
544	1009	0	1	2259	
545	1010	0	1	873	
546	1012	0	1	1122	
547	1014	0	21	52	53	54	55	56	57	58	59	60	61	62	63	64	65	66	67	68	69	70	71	72	
548	1018	0	1	1746	
549	1020	0	1	99	
550	1022	0	3	911	912	913	
551	1023	0	1	1516	
552	1024	0	1	2391	
553	1025	0	1	1517	
554	1026	0	21	2413	2414	2415	2416	2417	2418	2419	2420	2421	2422	2423	2424	2425	2426	2427	2428	2429	2430	2431	2432	2433	
555	1033	0	9	2351	2352	2353	2354	2355	2356	2357	2358	2359	
556	1034	0	24	1300	1301	1302	1303	1304	1305	1306	1307	1308	1309	1310	1311	1312	1313	1314	1315	1316	1317	1318	1319	1320	1321	1322	1323	
557	1035	0	1	157	
558	1036	0	1	460	
559	1038	0	7	411	412	413	414	415	416	417	
560	1039	0	18	1184	1185	1186	1187	1188	1189	1190	1191	1192	1193	1194	1195	1196	1197	1198	1199	1200	1201	
561	1045	0	1	1572	
562	1047	0	1	1946	
563	1049	0	15	2261	2262	2263	2264	2265	2266	2267	2268	2269	2270	2271	2272	2273	2274	2275	
564	1050	0	1	1397	
565	1051	0	1	464	
566	1054	0	1	1335	
567	1056	0	1	1715	
568	1057	0	1	1084	
569	1059	0	1	2434	
570	1060	0	9	1133	1134	1135	1136	1137	1138	1139	1140	1141	
571	1061	0	1	584	
572	1062	0	1	2405	
573	1063	0	24	1362	1363	1364	1365	1366	1367	1368	1369	1370	1371	1372	1373	1374	1375	1376	1377	1378	1379	1380	1381	1382	1383	1384	1385	
574	1065	0	3	2151	2152	2153	
575	1071	0	1	1699	
576	1072	0	1	2197	
577	1073	0	1	1237	
578	1075	0	1	115	
579	1076	0	1	1471	
580	1077	0	1	1927	
581	1078	0	21	2276	2277	2278	2279	2280	2281	2282	2283	2284	2285	2286	2287	2288	2289	2290	2291	2292	2293	2294	2295	2296	
582	1080	0	1	1744	
583	1081	0	21	1447	1448	1449	1450	1451	1452	1453	1454	1455	1456	1457	1458	1459	1460	1461	1462	1463	1464	1465	1466	1467	
584	1083	0	3	2539	2540	2541	
585	1085	0	3	1854	1855	1856	
586	1086	0	1	353	
587	1088	0	1	722	
588	1090	0	1	2392	
589	1093	0	21	1624	1625	1626	1627	1628	1629	1630	1631	1632	1633	1634	1635	1636	1637	1638	1639	1640	1641	1642	1643	1644	
590	1095	0	7	1262	1263	1264	1265	1266	1267	1268	
591	1096	0	15	1929	1930	1931	1932	1933	1934	1935	1936	1937	1938	1939	1940	1941	1942	1943	
592	1097	0	18	995	996	997	998	999	1000	1001	1002	1003	1004	1005	1006	1007	1008	1009	1010	1011	1012	
593	1098	0	1	192	
594	1099	0	24	1857	1858	1859	1860	1861	1862	1863	1864	1865	1866	1867	1868	1869	1870	1871	1872	1873	1874	1875	1876	1877	1878	1879	1880	
595	1100	0	21	1965	1966	1967	1968	1969	1970	1971	1972	1973	1974	1975	1976	1977	1978	1979	1980	1981	1982	1983	1984	1985	
596	1101	0	1	497	
597	1102	0	21	331	332	333	334	335	336	337	338	339	340	341	342	343	344	345	346	347	348	349	350	351	
598	1104	0	1	2350	
599	1106	0	3	2027	2028	2029	
600	1107	0	1	1238	
601	1108	0	7	1565	1566	1567	1568	1569	1570	1571	
602	1110	0	3	1128	1129	1130	
603	1114	0	1	1034	
604	1115	0	1	1236	
605	1121	0	1	697	
606	1123	0	9	2542	2543	2544	2545	2546	2547	2548	2549	2550	
607	1124	0	1	214	
608	1127	0	7	902	903	904	905	906	907	908	
609	1129	0	21	52	53	54	55	56	57	58	59	60	61	62	63	64	65	66	67	68	69	70	71	72	
610	1132	0	18	241	242	243	244	245	246	247	248	249	250	251	252	253	254	255	256	257	258	
611	1133	0	7	12	13	14	15	16	17	18	
612	1134	0	21	2030	2031	2032	2033	2034	2035	2036	2037	2038	2039	2040	2041	2042	2043	2044	2045	2046	2047	2048	2049	2050	
613	1135	0	1	724	
614	1138	0	18	1604	1605	1606	1607	1608	1609	1610	1611	1612	1613	1614	1615	1616	1617	1618	1619	1620	1621	
615	1140	0	1	1666	
616	1141	0	1	989	
617	1142	0	1	2343	
618	1145	0	1	75	
619	1147	0	21	2123	2124	2125	2126	2127	2128	2129	2130	2131	2132	2133	2134	2135	2136	2137	2138	2139	2140	2141	2142	2143	
620	1150	0	7	520	521	522	523	524	525	526	
621	1151	0	15	1929	1930	1931	1932	1933	1934	1935	1936	1937	1938	1939	1940	1941	1942	1943	
622	1152	0	21	160	161	162	163	164	165	166	167	168	169	170	171	172	173	174	175	176	177	178	179	180	
623	1156	0	1	493	
624	1157	0	7	126	127	128	129	130	131	132	
625	1158	0	21	1279	1280	1281	1282	1283	1284	1285	1286	1287	1288	1289	1290	1291	1292	1293	1294	1295	1296	1297	1298	1299	
626	1161	0	21	465	466	467	468	469	470	471	472	473	474	475	476	477	478	479	480	481	482	483	484	485	
627	1162	0	7	2011	2012	2013	2014	2015	2016	2017	
628	1163	0	12	1048	1049	1050	1051	1052	1053	1054	1055	1056	1057	1058	1059	
629	1165	0	21	781	782	783	784	785	786	787	788	789	790	791	792	793	794	795	796	797	798	799	800	801	
630	1169	0	9	2176	2177	2178	2179	2180	2181	2182	2183	2184	
631	1171	0	3	2447	2448	2449	
632	1172	0	1	89	
633	1173	0	9	446	447	448	449	450	451	452	453	454	
634	1174	0	7	511	512	513	514	515	516	517	
635	1175	0	1	455	
636	1176	0	9	116	117	118	119	120	121	122	123	124	
637	1178	0	1	1681	
638	1182	0	1	2090	
639	1183	0	21	1989	1990	1991	1992	1993	1994	1995	1996	1997	1998	1999	2000	2001	2002	2003	2004	2005	2006	2007	2008	2009	
640	1184	0	1	1221	
641	1185	0	3	694	695	696	
642	1188	0	1	1986	
643	1191	0	1	438	
644	1192	0	15	1206	1207	1208	1209	1210	1211	1212	1213	1214	1215	1216	1217	1218	1219	1220	
645	1195	0	1	2376	
646	1196	0	1	2333	
647	1197	0	1	457	
648	1198	0	7	715	716	717	718	719	720	721	
649	1200	0	12	419	420	421	422	423	424	425	426	427	428	429	430	
650	1202	0	7	1594	1595	1596	1597	1598	1599	1600	
651	1211	0	1	1601	
652	1212	0	1	914	
653	1214	0	1	937	
654	1216	0	24	20	21	22	23	24	25	26	27	28	29	30	31	32	33	34	35	36	37	38	39	40	41	42	43	
655	1217	0	1	2205	
656	1224	0	7	541	542	543	544	545	546	547	
657	1226	0	7	1908	1909	1910	1911	1912	1913	1914	
658	1227	0	1	901	
659	1232	0	1	2474	
660	1237	0	24	2450	2451	2452	2453	2454	2455	2456	2457	2458	2459	2460	2461	2462	2463	2464	2465	2466	2467	2468	2469	2470	2471	2472	2473	
661	1238	0	1	851	
662	1241	0	1	2318	
663	1245	0	24	659	660	661	662	663	664	665	666	667	668	669	670	671	672	673	674	675	676	677	678	679	680	681	682	
664	1248	0	18	1757	1758	1759	1760	1761	1762	1763	1764	1765	1766	1767	1768	1769	1770	1771	1772	1773	1774	
665	1250	0	1	593	
666	1251	0	1	510	
667	1252	0	7	852	853	854	855	856	857	858	
668	1253	0	1	330	
669	1256	0	9	116	117	118	119	120	121	122	123	124	
670	1258	0	1	872	
671	1259	0	24	1414	1415	1416	1417	1418	1419	1420	1421	1422	1423	1424	1425	1426	1427	1428	1429	1430	1431	1432	1433	1434	1435	1436	1437	
672	1260	0	1	938	
673	1262	0	1	1021	
674	1263	0	1	1394	
675	1264	0	9	2351	2352	2353	2354	2355	2356	2357	2358	2359	
676	1268	0	7	2116	2117	2118	2119	2120	2121	2122	
677	1269	0	1	1035	
678	1271	0	21	604	605	606	607	608	609	610	611	612	613	614	615	616	617	618	619	620	621	622	623	624	
679	1273	0	9	2435	2436	2437	2438	2439	2440	2441	2442	2443	
680	1276	0	9	1556	1557	1558	1559	1560	1561	1562	1563	1564	
681	1279	0	1	1719	
682	1280	0	21	1447	1448	1449	1450	1451	1452	1453	1454	1455	1456	1457	1458	1459	1460	1461	1462	1463	1464	1465	1466	1467	
683	1284	0	1	1800	
684	1285	0	1	1825	
685	1290	0	1	1395	
686	1295	0	7	1947	1948	1949	1950	1951	1952	1953	
687	1296	0	18	1757	1758	1759	1760	1761	1762	1763	1764	1765	1766	1767	1768	1769	1770	1771	1772	1773	1774	
688	1300	0	3	7	8	9	
689	1302	0	9	1897	1898	1899	1900	1901	1902	1903	1904	1905	
690	1303	0	1	2299	
691	1307	0	1	240	
692	1308	0	1	1324	
693	1309	0	9	684	685	686	687	688	689	690	691	692	
694	1310	0	1	2111	
695	1311	0	1	1181	
696	1312	0	21	781	782	783	784	785	786	787	788	789	790	791	792	793	794	795	796	797	798	799	800	801	
697	1313	0	24	2058	2059	2060	2061	2062	2063	2064	2065	2066	2067	2068	2069	2070	2071	2072	2073	2074	2075	2076	2077	2078	2079	2080	2081	
698	1315	0	1	498	
699	1318	0	21	760	761	762	763	764	765	766	767	768	769	770	771	772	773	774	775	776	777	778	779	780	
700	1319	0	1	1040	
701	1320	0	24	306	307	308	309	310	311	312	313	314	315	316	317	318	319	320	321	322	323	324	325	326	327	328	329	
702	1325	0	18	2555	2556	2557	2558	2559	2560	2561	2562	2563	2564	2565	2566	2567	2568	2569	2570	2571	2572	
703	1327	0	21	1535	1536	1537	1538	1539	1540	1541	1542	1543	1544	1545	1546	1547	1548	1549	1550	1551	1552	1553	1554	1555	
704	1329	0	1	125	
705	1330	0	1	1470	
706	1331	0	1	582	
707	1333	0	24	1857	1858	1859	1860	1861	1862	1863	1864	1865	1866	1867	1868	1869	1870	1871	1872	1873	1874	1875	1876	1877	1878	1879	1880	
708	1334	0	1	208	
709	1335	0	7	1386	1387	1388	1389	1390	1391	1392	
710	1336	0	1	2404	
711	1339	0	1	2144	
712	1340	0	15	2477	2478	2479	2480	2481	2482	2483	2484	2485	2486	2487	2488	2489	2490	2491	
713	1341	0	1	1592	
714	1342	0	1	723	
715	1344	0	18	2493	2494	2495	2496	2497	2498	2499	2500	2501	2502	2503	2504	2505	2506	2507	2508	2509	2510	
716	1345	0	12	1222	1223	1224	1225	1226	1227	1228	1229	1230	1231	1232	1233	
717	1347	0	7	0	1	2	3	4	5	6	
718	1349	0	1	1468	
719	1352	0	1	875	
720	1353	0	1	519	
721	1356	0	1	1919	
722	1360	0	3	1041	1042	1043	
723	1363	0	7	1834	1835	1836	1837	1838	1839	1840	
724	1364	0	1	283	
725	1365	0	21	604	605	606	607	608	609	610	611	612	613	614	615	616	617	618	619	620	621	622	623	624	
726	1366	0	1	1325	
727	1369	0	18	1473	1474	1475	1476	1477	1478	1479	1480	1481	1482	1483	1484	1485	1486	1487	1488	1489	1490	
728	1370	0	1	1166	
729	1371	0	15	1399	1400	1401	1402	1403	1404	1405	1406	1407	1408	1409	1410	1411	1412	1413	
730	1372	0	24	2058	2059	2060	2061	2062	2063	2064	2065	2066	2067	2068	2069	2070	2071	2072	2073	2074	2075	2076	2077	2078	2079	2080	2081	
731	1373	0	1	509	
732	1374	0	3	2393	2394	2395	
733	1375	0	9	1897	1898	1899	1900	1901	1902	1903	1904	1905	
734	1377	0	7	597	598	599	600	601	602	603	
735	1378	0	1	2552	
736	1383	0	18	1239	1240	1241	1242	1243	1244	1245	1246	1247	1248	1249	1250	1251	1252	1253	1254	1255	1256	
737	1384	0	7	108	109	110	111	112	113	114	
738	1385	0	18	2092	2093	2094	2095	2096	2097	2098	2099	2100	2101	2102	2103	2104	2105	2106	2107	2108	2109	
739	1388	0	7	1027	1028	1029	1030	1031	1032	1033	
740	1389	0	12	284	285	286	287	288	289	290	291	292	293	294	295	
741	1391	0	1	2492	
742	1392	0	1	2206	
743	1393	0	21	760	761	762	763	764	765	766	767	768	769	770	771	772	773	774	775	776	777	778	779	780	
744	1394	0	21	1965	1966	1967	1968	1969	1970	1971	1972	1973	1974	1975	1976	1977	1978	1979	1980	1981	1982	1983	1984	1985	
745	1395	0	9	2324	2325	2326	2327	2328	2329	2330	2331	2332	
746	1396	0	1	1025	
747	1399	0	1	2154	
748	1400	0	7	193	194	195	196	197	198	199	
749	1405	0	15	2261	2262	2263	2264	2265	2266	2267	2268	2269	2270	2271	2272	2273	2274	2275	
750	1406	0	24	1414	1415	1416	1417	1418	1419	1420	1421	1422	1423	1424	1425	1426	1427	1428	1429	1430	1431	1432	1433	1434	1435	1436	1437	
751	1408	0	1	1853	
752	1409	0	1	191	
753	1411	0	1	1747	
754	1413	0	21	1492	1493	1494	1495	1496	1497	1498	1499	1500	1501	1502	1503	1504	1505	1506	1507	1508	1509	1510	1511	1512	
755	1418	0	7	980	981	982	983	984	985	986	
756	1420	0	18	1779	1780	1781	1782	1783	1784	1785	1786	1787	1788	1789	1790	1791	1792	1793	1794	1795	1796	
757	1425	0	12	76	77	78	79	80	81	82	83	84	85	86	87	
758	1426	0	1	2149	
759	1430	0	18	1779	1780	1781	1782	1783	1784	1785	1786	1787	1788	1789	1790	1791	1792	1793	1794	1795	1796	
760	1432	0	1	634	
761	1433	0	1	1888	
762	1434	0	1	2512	
763	1436	0	3	276	277	278	
764	1446	0	1	581	
765	1448	0	1	1533	
766	1450	0	3	2113	2114	2115	
767	1452	0	1	1988	
768	1454	0	21	781	782	783	784	785	786	787	788	789	790	791	792	793	794	795	796	797	798	799	800	801	
769	1455	0	1	683	
770	1458	0	1	1182	
771	1459	0	7	486	487	488	489	490	491	492	
772	1461	0	1	2196	
773	1462	0	21	1492	1493	1494	1495	1496	1497	1498	1499	1500	1501	1502	1503	1504	1505	1506	1507	1508	1509	1510	1511	1512	
774	1464	0	12	860	861	862	863	864	865	866	867	868	869	870	871	
775	1468	0	1	759	
776	1470	0	1	2553	
777	1471	0	1	496	
778	1473	0	18	832	833	834	835	836	837	838	839	840	841	842	843	844	845	846	847	848	849	
779	1476	0	1	1700	
780	1477	0	3	2344	2345	2346	
781	1479	0	15	2519	2520	2521	2522	2523	2524	2525	2526	2527	2528	2529	2530	2531	2532	2533	
782	1482	0	1	1798	
783	1483	0	3	1530	1531	1532	
784	1485	0	1	2083	
785	1486	0	24	1300	1301	1302	1303	1304	1305	1306	1307	1308	1309	1310	1311	1312	1313	1314	1315	1316	1317	1318	1319	1320	1321	1322	1323	
786	1487	0	1	874	
787	1489	0	1	1204	
788	1491	0	1	1916	
789	1492	0	1	1928	
790	1493	0	1	380	
791	1495	0	21	52	53	54	55	56	57	58	59	60	61	62	63	64	65	66	67	68	69	70	71	72	
792	1496	0	1	1203	
793	1498	0	1	1573	
794	1499	0	1	2019	
