3186	2586	600
0	0	1	5	1	0	
1	1	2	11	1	1	
2	1	2	22	2	1	2	
3	1	2	33	3	1	2	3	
4	1	2	22	2	1	3	
5	1	2	11	1	2	
6	1	2	22	2	2	3	
7	1	2	11	1	3	
8	2	1	5	1	4	
9	3	2	5	1	5	
10	4	2	5	1	6	
11	5	2	11	1	7	
12	6	1	6	1	8	
13	6	1	12	2	8	9	
14	6	1	6	1	9	
15	7	1	6	1	10	
16	7	1	24	2	10	11	
17	7	1	30	3	10	11	12	
18	7	1	12	2	10	12	
19	7	1	18	1	11	
20	7	1	24	2	11	12	
21	7	1	6	1	12	
22	8	1	10	1	13	
23	9	1	22	1	14	
24	10	1	12	1	15	
25	10	1	18	2	15	16	
26	10	1	24	3	15	16	17	
27	10	1	18	2	15	17	
28	10	1	6	1	16	
29	10	1	12	2	16	17	
30	10	1	6	1	17	
31	11	1	5	1	18	
32	11	1	10	2	18	19	
33	11	1	15	3	18	19	20	
34	11	1	5	1	19	
35	11	1	10	2	19	20	
36	11	1	15	3	19	20	21	
37	11	1	5	1	20	
38	11	1	10	2	20	21	
39	11	1	15	3	20	21	22	
40	11	1	5	1	21	
41	11	1	10	2	21	22	
42	11	1	15	3	21	22	23	
43	11	1	5	1	22	
44	11	1	10	2	22	23	
45	11	1	15	3	22	23	24	
46	11	1	5	1	23	
47	11	1	10	2	23	24	
48	11	1	15	3	23	24	25	
49	11	1	5	1	24	
50	11	1	10	2	24	25	
51	11	1	5	1	25	
52	12	2	5	1	26	
53	13	2	11	1	27	
54	14	1	6	1	28	
55	14	1	12	2	28	29	
56	14	1	18	3	28	29	30	
57	14	1	12	2	28	30	
58	14	1	6	1	29	
59	14	1	12	2	29	30	
60	14	1	6	1	30	
61	15	1	6	1	31	
62	15	1	12	2	31	32	
63	15	1	18	3	31	32	33	
64	15	1	6	1	32	
65	15	1	12	2	32	33	
66	15	1	18	3	32	33	34	
67	15	1	6	1	33	
68	15	1	12	2	33	34	
69	15	1	18	3	33	34	35	
70	15	1	6	1	34	
71	15	1	12	2	34	35	
72	15	1	6	1	35	
73	16	2	6	1	36	
74	17	1	22	1	37	
75	17	1	33	2	37	38	
76	17	1	55	3	37	38	39	
77	17	1	44	2	37	39	
78	17	1	11	1	38	
79	17	1	33	2	38	39	
80	17	1	22	1	39	
81	18	1	11	1	40	
82	19	1	10	1	41	
83	19	1	15	2	41	42	
84	19	1	20	3	41	42	43	
85	19	1	15	2	41	43	
86	19	1	5	1	42	
87	19	1	10	2	42	43	
88	19	1	5	1	43	
89	20	2	11	1	44	
90	20	2	22	2	44	45	
91	20	2	33	3	44	45	46	
92	20	2	22	2	44	46	
93	20	2	11	1	45	
94	20	2	22	2	45	46	
95	20	2	11	1	46	
96	21	1	6	1	47	
97	22	2	11	1	48	
98	23	1	11	1	49	
99	23	1	22	2	49	50	
100	23	1	33	3	49	50	51	
101	23	1	11	1	50	
102	23	1	22	2	50	51	
103	23	1	33	3	50	51	52	
104	23	1	11	1	51	
105	23	1	22	2	51	52	
106	23	1	33	3	51	52	53	
107	23	1	11	1	52	
108	23	1	22	2	52	53	
109	23	1	33	3	52	53	54	
110	23	1	11	1	53	
111	23	1	22	2	53	54	
112	23	1	33	3	53	54	55	
113	23	1	11	1	54	
114	23	1	22	2	54	55	
115	23	1	11	1	55	
116	24	1	22	1	56	
117	25	2	12	1	57	
118	26	2	22	1	58	
119	26	2	44	2	58	59	
120	26	2	22	1	59	
121	27	2	6	1	60	
122	28	2	11	1	61	
123	29	1	5	1	62	
124	29	1	10	2	62	63	
125	29	1	15	3	62	63	64	
126	29	1	5	1	63	
127	29	1	10	2	63	64	
128	29	1	15	3	63	64	65	
129	29	1	5	1	64	
130	29	1	10	2	64	65	
131	29	1	15	3	64	65	66	
132	29	1	5	1	65	
133	29	1	10	2	65	66	
134	29	1	15	3	65	66	67	
135	29	1	5	1	66	
136	29	1	10	2	66	67	
137	29	1	5	1	67	
138	30	2	10	1	68	
139	31	2	11	1	69	
140	32	1	6	1	70	
141	33	1	11	1	71	
142	33	1	22	2	71	72	
143	33	1	33	3	71	72	73	
144	33	1	11	1	72	
145	33	1	22	2	72	73	
146	33	1	33	3	72	73	74	
147	33	1	11	1	73	
148	33	1	22	2	73	74	
149	33	1	33	3	73	74	75	
150	33	1	11	1	74	
151	33	1	22	2	74	75	
152	33	1	11	1	75	
153	34	2	6	1	76	
154	34	2	12	2	76	77	
155	34	2	18	3	76	77	78	
156	34	2	6	1	77	
157	34	2	12	2	77	78	
158	34	2	18	3	77	78	79	
159	34	2	6	1	78	
160	34	2	12	2	78	79	
161	34	2	18	3	78	79	80	
162	34	2	6	1	79	
163	34	2	12	2	79	80	
164	34	2	18	3	79	80	81	
165	34	2	6	1	80	
166	34	2	12	2	80	81	
167	34	2	18	3	80	81	82	
168	34	2	6	1	81	
169	34	2	12	2	81	82	
170	34	2	18	3	81	82	83	
171	34	2	6	1	82	
172	34	2	12	2	82	83	
173	34	2	6	1	83	
174	35	2	11	1	84	
175	35	2	22	2	84	85	
176	35	2	33	3	84	85	86	
177	35	2	11	1	85	
178	35	2	22	2	85	86	
179	35	2	33	3	85	86	87	
180	35	2	11	1	86	
181	35	2	22	2	86	87	
182	35	2	33	3	86	87	88	
183	35	2	11	1	87	
184	35	2	22	2	87	88	
185	35	2	33	3	87	88	89	
186	35	2	11	1	88	
187	35	2	22	2	88	89	
188	35	2	33	3	88	89	90	
189	35	2	11	1	89	
190	35	2	22	2	89	90	
191	35	2	33	3	89	90	91	
192	35	2	11	1	90	
193	35	2	22	2	90	91	
194	35	2	11	1	91	
195	36	2	5	1	92	
196	37	1	12	1	93	
197	38	1	10	1	94	
198	38	1	15	2	94	95	
199	38	1	20	3	94	95	96	
200	38	1	15	2	94	96	
201	38	1	5	1	95	
202	38	1	10	2	95	96	
203	38	1	5	1	96	
204	39	2	6	1	97	
205	40	2	18	1	98	
206	41	1	12	1	99	
207	42	2	22	1	100	
208	42	2	44	2	100	101	
209	42	2	22	1	101	
210	43	2	6	1	102	
211	43	2	12	2	102	103	
212	43	2	6	1	103	
213	44	2	10	1	104	
214	45	2	22	1	105	
215	46	2	11	1	106	
216	47	2	6	1	107	
217	48	1	10	1	108	
218	48	1	15	2	108	109	
219	48	1	5	1	109	
220	49	1	11	1	110	
221	50	1	5	1	111	
222	50	1	10	2	111	112	
223	50	1	15	3	111	112	113	
224	50	1	5	1	112	
225	50	1	10	2	112	113	
226	50	1	15	3	112	113	114	
227	50	1	5	1	113	
228	50	1	10	2	113	114	
229	50	1	15	3	113	114	115	
230	50	1	5	1	114	
231	50	1	10	2	114	115	
232	50	1	5	1	115	
233	51	2	6	1	116	
234	52	1	6	1	117	
235	52	1	12	2	117	118	
236	52	1	6	1	118	
237	53	2	22	1	119	
238	54	2	11	1	120	
239	55	2	6	1	121	
240	55	2	12	2	121	122	
241	55	2	18	3	121	122	123	
242	55	2	6	1	122	
243	55	2	12	2	122	123	
244	55	2	18	3	122	123	124	
245	55	2	6	1	123	
246	55	2	12	2	123	124	
247	55	2	6	1	124	
248	56	1	12	1	125	
249	56	1	24	2	125	126	
250	56	1	30	3	125	126	127	
251	56	1	18	2	125	127	
252	56	1	12	1	126	
253	56	1	18	2	126	127	
254	56	1	6	1	127	
255	57	1	11	1	128	
256	57	1	22	2	128	129	
257	57	1	33	3	128	129	130	
258	57	1	11	1	129	
259	57	1	22	2	129	130	
260	57	1	33	3	129	130	131	
261	57	1	11	1	130	
262	57	1	22	2	130	131	
263	57	1	33	3	130	131	132	
264	57	1	11	1	131	
265	57	1	22	2	131	132	
266	57	1	11	1	132	
267	58	2	11	1	133	
268	58	2	22	2	133	134	
269	58	2	33	3	133	134	135	
270	58	2	11	1	134	
271	58	2	22	2	134	135	
272	58	2	33	3	134	135	136	
273	58	2	11	1	135	
274	58	2	22	2	135	136	
275	58	2	33	3	135	136	137	
276	58	2	11	1	136	
277	58	2	22	2	136	137	
278	58	2	33	3	136	137	138	
279	58	2	11	1	137	
280	58	2	22	2	137	138	
281	58	2	33	3	137	138	139	
282	58	2	11	1	138	
283	58	2	22	2	138	139	
284	58	2	33	3	138	139	140	
285	58	2	11	1	139	
286	58	2	22	2	139	140	
287	58	2	11	1	140	
288	59	1	11	1	141	
289	59	1	22	2	141	142	
290	59	1	11	1	142	
291	60	1	6	1	143	
292	60	1	12	2	143	144	
293	60	1	18	3	143	144	145	
294	60	1	6	1	144	
295	60	1	12	2	144	145	
296	60	1	18	3	144	145	146	
297	60	1	6	1	145	
298	60	1	12	2	145	146	
299	60	1	18	3	145	146	147	
300	60	1	6	1	146	
301	60	1	12	2	146	147	
302	60	1	6	1	147	
303	61	2	22	1	148	
304	61	2	33	2	148	149	
305	61	2	44	3	148	149	150	
306	61	2	33	2	148	150	
307	61	2	11	1	149	
308	61	2	22	2	149	150	
309	61	2	11	1	150	
310	62	2	5	1	151	
311	62	2	10	2	151	152	
312	62	2	15	3	151	152	153	
313	62	2	5	1	152	
314	62	2	10	2	152	153	
315	62	2	15	3	152	153	154	
316	62	2	5	1	153	
317	62	2	10	2	153	154	
318	62	2	15	3	153	154	155	
319	62	2	5	1	154	
320	62	2	10	2	154	155	
321	62	2	15	3	154	155	156	
322	62	2	5	1	155	
323	62	2	10	2	155	156	
324	62	2	5	1	156	
325	63	2	6	1	157	
326	63	2	12	2	157	158	
327	63	2	6	1	158	
328	64	2	10	1	159	
329	65	1	11	1	160	
330	65	1	22	2	160	161	
331	65	1	33	3	160	161	162	
332	65	1	11	1	161	
333	65	1	22	2	161	162	
334	65	1	33	3	161	162	163	
335	65	1	11	1	162	
336	65	1	22	2	162	163	
337	65	1	33	3	162	163	164	
338	65	1	11	1	163	
339	65	1	22	2	163	164	
340	65	1	33	3	163	164	165	
341	65	1	11	1	164	
342	65	1	22	2	164	165	
343	65	1	33	3	164	165	166	
344	65	1	11	1	165	
345	65	1	22	2	165	166	
346	65	1	33	3	165	166	167	
347	65	1	11	1	166	
348	65	1	22	2	166	167	
349	65	1	11	1	167	
350	66	1	5	1	168	
351	67	1	6	1	169	
352	68	2	5	1	170	
353	68	2	10	2	170	171	
354	68	2	15	3	170	171	172	
355	68	2	5	1	171	
356	68	2	10	2	171	172	
357	68	2	15	3	171	172	173	
358	68	2	5	1	172	
359	68	2	10	2	172	173	
360	68	2	15	3	172	173	174	
361	68	2	5	1	173	
362	68	2	10	2	173	174	
363	68	2	5	1	174	
364	69	1	5	1	175	
365	69	1	10	2	175	176	
366	69	1	5	1	176	
367	70	2	11	1	177	
368	70	2	22	2	177	178	
369	70	2	33	3	177	178	179	
370	70	2	11	1	178	
371	70	2	22	2	178	179	
372	70	2	33	3	178	179	180	
373	70	2	11	1	179	
374	70	2	22	2	179	180	
375	70	2	33	3	179	180	181	
376	70	2	11	1	180	
377	70	2	22	2	180	181	
378	70	2	33	3	180	181	182	
379	70	2	11	1	181	
380	70	2	22	2	181	182	
381	70	2	33	3	181	182	183	
382	70	2	11	1	182	
383	70	2	22	2	182	183	
384	70	2	11	1	183	
385	71	2	5	1	184	
386	71	2	10	2	184	185	
387	71	2	15	3	184	185	186	
388	71	2	5	1	185	
389	71	2	10	2	185	186	
390	71	2	15	3	185	186	187	
391	71	2	5	1	186	
392	71	2	10	2	186	187	
393	71	2	15	3	186	187	188	
394	71	2	5	1	187	
395	71	2	10	2	187	188	
396	71	2	15	3	187	188	189	
397	71	2	5	1	188	
398	71	2	10	2	188	189	
399	71	2	5	1	189	
400	72	2	11	1	190	
401	73	2	11	1	191	
402	74	1	6	1	192	
403	75	1	6	1	193	
404	76	1	6	1	194	
405	76	1	12	2	194	195	
406	76	1	18	3	194	195	196	
407	76	1	6	1	195	
408	76	1	12	2	195	196	
409	76	1	18	3	195	196	197	
410	76	1	6	1	196	
411	76	1	12	2	196	197	
412	76	1	18	3	196	197	198	
413	76	1	6	1	197	
414	76	1	12	2	197	198	
415	76	1	18	3	197	198	199	
416	76	1	6	1	198	
417	76	1	12	2	198	199	
418	76	1	18	3	198	199	200	
419	76	1	6	1	199	
420	76	1	12	2	199	200	
421	76	1	18	3	199	200	201	
422	76	1	6	1	200	
423	76	1	12	2	200	201	
424	76	1	18	3	200	201	202	
425	76	1	6	1	201	
426	76	1	12	2	201	202	
427	76	1	6	1	202	
428	77	2	10	1	203	
429	78	1	12	1	204	
430	79	2	6	1	205	
431	80	1	6	1	206	
432	80	1	18	2	206	207	
433	80	1	12	1	207	
434	81	1	6	1	208	
435	81	1	18	2	208	209	
436	81	1	12	1	209	
437	82	2	11	1	210	
438	82	2	22	2	210	211	
439	82	2	33	3	210	211	212	
440	82	2	11	1	211	
441	82	2	22	2	211	212	
442	82	2	33	3	211	212	213	
443	82	2	11	1	212	
444	82	2	22	2	212	213	
445	82	2	11	1	213	
446	83	1	5	1	214	
447	84	1	5	1	215	
448	84	1	10	2	215	216	
449	84	1	5	1	216	
450	85	1	10	1	217	
451	85	1	15	2	217	218	
452	85	1	5	1	218	
453	86	2	5	1	219	
454	87	1	5	1	220	
455	88	1	10	1	221	
456	89	1	6	1	222	
457	89	1	12	2	222	223	
458	89	1	18	3	222	223	224	
459	89	1	6	1	223	
460	89	1	12	2	223	224	
461	89	1	18	3	223	224	225	
462	89	1	6	1	224	
463	89	1	12	2	224	225	
464	89	1	18	3	224	225	226	
465	89	1	6	1	225	
466	89	1	12	2	225	226	
467	89	1	18	3	225	226	227	
468	89	1	6	1	226	
469	89	1	12	2	226	227	
470	89	1	18	3	226	227	228	
471	89	1	6	1	227	
472	89	1	12	2	227	228	
473	89	1	6	1	228	
474	90	2	10	1	229	
475	91	2	11	1	230	
476	92	2	22	1	231	
477	93	2	33	1	232	
478	94	1	6	1	233	
479	95	1	6	1	234	
480	96	2	22	1	235	
481	96	2	33	2	235	236	
482	96	2	11	1	236	
483	97	2	11	1	237	
484	98	2	6	1	238	
485	99	1	11	1	239	
486	99	1	22	2	239	240	
487	99	1	11	1	240	
488	100	1	6	1	241	
489	100	1	12	2	241	242	
490	100	1	6	1	242	
491	101	1	6	1	243	
492	101	1	12	2	243	244	
493	101	1	18	3	243	244	245	
494	101	1	6	1	244	
495	101	1	12	2	244	245	
496	101	1	18	3	244	245	246	
497	101	1	6	1	245	
498	101	1	12	2	245	246	
499	101	1	18	3	245	246	247	
500	101	1	6	1	246	
501	101	1	12	2	246	247	
502	101	1	18	3	246	247	248	
503	101	1	6	1	247	
504	101	1	12	2	247	248	
505	101	1	6	1	248	
506	102	1	11	1	249	
507	103	2	5	1	250	
508	104	2	22	1	251	
509	105	2	6	1	252	
510	106	1	5	1	253	
511	107	1	6	1	254	
512	108	2	5	1	255	
513	108	2	10	2	255	256	
514	108	2	5	1	256	
515	109	2	6	1	257	
516	110	1	5	1	258	
517	110	1	10	2	258	259	
518	110	1	15	3	258	259	260	
519	110	1	10	2	258	260	
520	110	1	5	1	259	
521	110	1	10	2	259	260	
522	110	1	5	1	260	
523	111	1	6	1	261	
524	111	1	12	2	261	262	
525	111	1	18	3	261	262	263	
526	111	1	6	1	262	
527	111	1	12	2	262	263	
528	111	1	18	3	262	263	264	
529	111	1	6	1	263	
530	111	1	12	2	263	264	
531	111	1	18	3	263	264	265	
532	111	1	6	1	264	
533	111	1	12	2	264	265	
534	111	1	18	3	264	265	266	
535	111	1	6	1	265	
536	111	1	12	2	265	266	
537	111	1	18	3	265	266	267	
538	111	1	6	1	266	
539	111	1	12	2	266	267	
540	111	1	18	3	266	267	268	
541	111	1	6	1	267	
542	111	1	12	2	267	268	
543	111	1	6	1	268	
544	112	1	6	1	269	
545	113	2	6	1	270	
546	114	1	6	1	271	
547	115	1	6	1	272	
548	115	1	12	2	272	273	
549	115	1	6	1	273	
550	116	1	5	1	274	
551	116	1	10	2	274	275	
552	116	1	15	3	274	275	276	
553	116	1	5	1	275	
554	116	1	10	2	275	276	
555	116	1	15	3	275	276	277	
556	116	1	5	1	276	
557	116	1	10	2	276	277	
558	116	1	15	3	276	277	278	
559	116	1	5	1	277	
560	116	1	10	2	277	278	
561	116	1	15	3	277	278	279	
562	116	1	5	1	278	
563	116	1	10	2	278	279	
564	116	1	15	3	278	279	280	
565	116	1	5	1	279	
566	116	1	10	2	279	280	
567	116	1	5	1	280	
568	117	2	5	1	281	
569	118	1	11	1	282	
570	119	1	12	1	283	
571	120	2	6	1	284	
572	121	2	6	1	285	
573	122	1	22	1	286	
574	122	1	33	2	286	287	
575	122	1	55	3	286	287	288	
576	122	1	44	2	286	288	
577	122	1	11	1	287	
578	122	1	33	2	287	288	
579	122	1	22	1	288	
580	123	1	11	1	289	
581	124	1	6	1	290	
582	124	1	18	2	290	291	
583	124	1	24	3	290	291	292	
584	124	1	12	2	290	292	
585	124	1	12	1	291	
586	124	1	18	2	291	292	
587	124	1	6	1	292	
588	125	2	22	1	293	
589	126	1	22	1	294	
590	127	2	10	1	295	
591	128	2	6	1	296	
592	129	1	11	1	297	
593	130	2	11	1	298	
594	131	2	5	1	299	
595	131	2	10	2	299	300	
596	131	2	15	3	299	300	301	
597	131	2	5	1	300	
598	131	2	10	2	300	301	
599	131	2	15	3	300	301	302	
600	131	2	5	1	301	
601	131	2	10	2	301	302	
602	131	2	15	3	301	302	303	
603	131	2	5	1	302	
604	131	2	10	2	302	303	
605	131	2	15	3	302	303	304	
606	131	2	5	1	303	
607	131	2	10	2	303	304	
608	131	2	15	3	303	304	305	
609	131	2	5	1	304	
610	131	2	10	2	304	305	
611	131	2	15	3	304	305	306	
612	131	2	5	1	305	
613	131	2	10	2	305	306	
614	131	2	15	3	305	306	307	
615	131	2	5	1	306	
616	131	2	10	2	306	307	
617	131	2	5	1	307	
618	132	2	22	1	308	
619	133	1	5	1	309	
620	134	1	22	1	310	
621	135	2	5	1	311	
622	136	2	11	1	312	
623	137	1	12	1	313	
624	137	1	18	2	313	314	
625	137	1	30	3	313	314	315	
626	137	1	24	2	313	315	
627	137	1	6	1	314	
628	137	1	18	2	314	315	
629	137	1	12	1	315	
630	138	2	11	1	316	
631	138	2	22	2	316	317	
632	138	2	33	3	316	317	318	
633	138	2	22	2	316	318	
634	138	2	11	1	317	
635	138	2	22	2	317	318	
636	138	2	11	1	318	
637	139	1	5	1	319	
638	140	1	11	1	320	
639	140	1	22	2	320	321	
640	140	1	33	3	320	321	322	
641	140	1	11	1	321	
642	140	1	22	2	321	322	
643	140	1	33	3	321	322	323	
644	140	1	11	1	322	
645	140	1	22	2	322	323	
646	140	1	11	1	323	
647	141	1	6	1	324	
648	142	2	5	1	325	
649	143	2	6	1	326	
650	144	1	11	1	327	
651	145	2	6	1	328	
652	146	2	11	1	329	
653	147	2	6	1	330	
654	147	2	18	2	330	331	
655	147	2	12	1	331	
656	148	1	22	1	332	
657	148	1	44	2	332	333	
658	148	1	55	3	332	333	334	
659	148	1	33	2	332	334	
660	148	1	22	1	333	
661	148	1	33	2	333	334	
662	148	1	11	1	334	
663	149	2	5	1	335	
664	149	2	10	2	335	336	
665	149	2	15	3	335	336	337	
666	149	2	5	1	336	
667	149	2	10	2	336	337	
668	149	2	15	3	336	337	338	
669	149	2	5	1	337	
670	149	2	10	2	337	338	
671	149	2	15	3	337	338	339	
672	149	2	5	1	338	
673	149	2	10	2	338	339	
674	149	2	5	1	339	
675	150	2	6	1	340	
676	151	1	5	1	341	
677	151	1	10	2	341	342	
678	151	1	15	3	341	342	343	
679	151	1	5	1	342	
680	151	1	10	2	342	343	
681	151	1	15	3	342	343	344	
682	151	1	5	1	343	
683	151	1	10	2	343	344	
684	151	1	15	3	343	344	345	
685	151	1	5	1	344	
686	151	1	10	2	344	345	
687	151	1	5	1	345	
688	152	2	6	1	346	
689	153	2	11	1	347	
690	154	1	6	1	348	
691	155	2	6	1	349	
692	156	1	5	1	350	
693	157	1	6	1	351	
694	157	1	12	2	351	352	
695	157	1	18	3	351	352	353	
696	157	1	6	1	352	
697	157	1	12	2	352	353	
698	157	1	18	3	352	353	354	
699	157	1	6	1	353	
700	157	1	12	2	353	354	
701	157	1	18	3	353	354	355	
702	157	1	6	1	354	
703	157	1	12	2	354	355	
704	157	1	18	3	354	355	356	
705	157	1	6	1	355	
706	157	1	12	2	355	356	
707	157	1	6	1	356	
708	158	1	11	1	357	
709	159	1	11	1	358	
710	160	2	6	1	359	
711	160	2	18	2	359	360	
712	160	2	30	3	359	360	361	
713	160	2	18	2	359	361	
714	160	2	12	1	360	
715	160	2	24	2	360	361	
716	160	2	12	1	361	
717	161	1	6	1	362	
718	162	2	6	1	363	
719	162	2	12	2	363	364	
720	162	2	18	3	363	364	365	
721	162	2	6	1	364	
722	162	2	12	2	364	365	
723	162	2	18	3	364	365	366	
724	162	2	6	1	365	
725	162	2	12	2	365	366	
726	162	2	18	3	365	366	367	
727	162	2	6	1	366	
728	162	2	12	2	366	367	
729	162	2	18	3	366	367	368	
730	162	2	6	1	367	
731	162	2	12	2	367	368	
732	162	2	18	3	367	368	369	
733	162	2	6	1	368	
734	162	2	12	2	368	369	
735	162	2	6	1	369	
736	163	1	22	1	370	
737	164	1	6	1	371	
738	165	1	5	1	372	
739	166	1	12	1	373	
740	167	2	5	1	374	
741	167	2	10	2	374	375	
742	167	2	15	3	374	375	376	
743	167	2	5	1	375	
744	167	2	10	2	375	376	
745	167	2	15	3	375	376	377	
746	167	2	5	1	376	
747	167	2	10	2	376	377	
748	167	2	15	3	376	377	378	
749	167	2	5	1	377	
750	167	2	10	2	377	378	
751	167	2	15	3	377	378	379	
752	167	2	5	1	378	
753	167	2	10	2	378	379	
754	167	2	15	3	378	379	380	
755	167	2	5	1	379	
756	167	2	10	2	379	380	
757	167	2	15	3	379	380	381	
758	167	2	5	1	380	
759	167	2	10	2	380	381	
760	167	2	15	3	380	381	382	
761	167	2	5	1	381	
762	167	2	10	2	381	382	
763	167	2	5	1	382	
764	168	2	6	1	383	
765	169	1	6	1	384	
766	170	2	12	1	385	
767	171	2	5	1	386	
768	172	2	22	1	387	
769	173	1	10	1	388	
770	173	1	15	2	388	389	
771	173	1	25	3	388	389	390	
772	173	1	20	2	388	390	
773	173	1	5	1	389	
774	173	1	15	2	389	390	
775	173	1	10	1	390	
776	174	1	12	1	391	
777	174	1	18	2	391	392	
778	174	1	6	1	392	
779	175	2	5	1	393	
780	176	2	5	1	394	
781	177	1	6	1	395	
782	178	2	10	1	396	
783	179	1	6	1	397	
784	180	2	22	1	398	
785	181	2	22	1	399	
786	182	2	5	1	400	
787	182	2	10	2	400	401	
788	182	2	15	3	400	401	402	
789	182	2	5	1	401	
790	182	2	10	2	401	402	
791	182	2	15	3	401	402	403	
792	182	2	5	1	402	
793	182	2	10	2	402	403	
794	182	2	15	3	402	403	404	
795	182	2	5	1	403	
796	182	2	10	2	403	404	
797	182	2	15	3	403	404	405	
798	182	2	5	1	404	
799	182	2	10	2	404	405	
800	182	2	15	3	404	405	406	
801	182	2	5	1	405	
802	182	2	10	2	405	406	
803	182	2	15	3	405	406	407	
804	182	2	5	1	406	
805	182	2	10	2	406	407	
806	182	2	5	1	407	
807	183	1	5	1	408	
808	183	1	10	2	408	409	
809	183	1	5	1	409	
810	184	2	6	1	410	
811	185	2	22	1	411	
812	185	2	33	2	411	412	
813	185	2	11	1	412	
814	186	2	6	1	413	
815	186	2	12	2	413	414	
816	186	2	6	1	414	
817	187	1	5	1	415	
818	188	2	12	1	416	
819	189	2	5	1	417	
820	190	2	15	1	418	
821	191	1	11	1	419	
822	191	1	22	2	419	420	
823	191	1	44	3	419	420	421	
824	191	1	33	2	419	421	
825	191	1	11	1	420	
826	191	1	33	2	420	421	
827	191	1	22	1	421	
828	192	1	22	1	422	
829	193	1	6	1	423	
830	194	1	10	1	424	
831	195	1	12	1	425	
832	196	2	5	1	426	
833	197	1	11	1	427	
834	197	1	22	2	427	428	
835	197	1	11	1	428	
836	198	1	6	1	429	
837	198	1	12	2	429	430	
838	198	1	18	3	429	430	431	
839	198	1	6	1	430	
840	198	1	12	2	430	431	
841	198	1	18	3	430	431	432	
842	198	1	6	1	431	
843	198	1	12	2	431	432	
844	198	1	18	3	431	432	433	
845	198	1	6	1	432	
846	198	1	12	2	432	433	
847	198	1	18	3	432	433	434	
848	198	1	6	1	433	
849	198	1	12	2	433	434	
850	198	1	18	3	433	434	435	
851	198	1	6	1	434	
852	198	1	12	2	434	435	
853	198	1	18	3	434	435	436	
854	198	1	6	1	435	
855	198	1	12	2	435	436	
856	198	1	6	1	436	
857	199	1	11	1	437	
858	200	1	5	1	438	
859	201	1	5	1	439	
860	202	2	22	1	440	
861	202	2	33	2	440	441	
862	202	2	44	3	440	441	442	
863	202	2	33	2	440	442	
864	202	2	11	1	441	
865	202	2	22	2	441	442	
866	202	2	11	1	442	
867	203	1	6	1	443	
868	204	1	6	1	444	
869	205	1	12	1	445	
870	206	2	6	1	446	
871	207	1	5	1	447	
872	208	1	5	1	448	
873	209	2	5	1	449	
874	210	1	6	1	450	
875	211	1	11	1	451	
876	212	2	11	1	452	
877	213	1	11	1	453	
878	214	1	11	1	454	
879	215	2	11	1	455	
880	215	2	22	2	455	456	
881	215	2	33	3	455	456	457	
882	215	2	11	1	456	
883	215	2	22	2	456	457	
884	215	2	33	3	456	457	458	
885	215	2	11	1	457	
886	215	2	22	2	457	458	
887	215	2	33	3	457	458	459	
888	215	2	11	1	458	
889	215	2	22	2	458	459	
890	215	2	33	3	458	459	460	
891	215	2	11	1	459	
892	215	2	22	2	459	460	
893	215	2	33	3	459	460	461	
894	215	2	11	1	460	
895	215	2	22	2	460	461	
896	215	2	33	3	460	461	462	
897	215	2	11	1	461	
898	215	2	22	2	461	462	
899	215	2	33	3	461	462	463	
900	215	2	11	1	462	
901	215	2	22	2	462	463	
902	215	2	11	1	463	
903	216	1	22	1	464	
904	216	1	33	2	464	465	
905	216	1	11	1	465	
906	217	1	6	1	466	
907	218	1	6	1	467	
908	218	1	18	2	467	468	
909	218	1	24	3	467	468	469	
910	218	1	12	2	467	469	
911	218	1	12	1	468	
912	218	1	18	2	468	469	
913	218	1	6	1	469	
914	219	2	6	1	470	
915	220	2	5	1	471	
916	220	2	10	2	471	472	
917	220	2	5	1	472	
918	221	2	11	1	473	
919	222	2	5	1	474	
920	223	2	11	1	475	
921	223	2	22	2	475	476	
922	223	2	11	1	476	
923	224	1	12	1	477	
924	225	2	5	1	478	
925	225	2	10	2	478	479	
926	225	2	15	3	478	479	480	
927	225	2	5	1	479	
928	225	2	10	2	479	480	
929	225	2	15	3	479	480	481	
930	225	2	5	1	480	
931	225	2	10	2	480	481	
932	225	2	15	3	480	481	482	
933	225	2	5	1	481	
934	225	2	10	2	481	482	
935	225	2	15	3	481	482	483	
936	225	2	5	1	482	
937	225	2	10	2	482	483	
938	225	2	15	3	482	483	484	
939	225	2	5	1	483	
940	225	2	10	2	483	484	
941	225	2	15	3	483	484	485	
942	225	2	5	1	484	
943	225	2	10	2	484	485	
944	225	2	15	3	484	485	486	
945	225	2	5	1	485	
946	225	2	10	2	485	486	
947	225	2	5	1	486	
948	226	2	10	1	487	
949	226	2	15	2	487	488	
950	226	2	25	3	487	488	489	
951	226	2	20	2	487	489	
952	226	2	5	1	488	
953	226	2	15	2	488	489	
954	226	2	10	1	489	
955	227	1	11	1	490	
956	228	2	5	1	491	
957	229	2	5	1	492	
958	230	1	10	1	493	
959	231	1	5	1	494	
960	231	1	10	2	494	495	
961	231	1	15	3	494	495	496	
962	231	1	5	1	495	
963	231	1	10	2	495	496	
964	231	1	15	3	495	496	497	
965	231	1	5	1	496	
966	231	1	10	2	496	497	
967	231	1	15	3	496	497	498	
968	231	1	5	1	497	
969	231	1	10	2	497	498	
970	231	1	15	3	497	498	499	
971	231	1	5	1	498	
972	231	1	10	2	498	499	
973	231	1	15	3	498	499	500	
974	231	1	5	1	499	
975	231	1	10	2	499	500	
976	231	1	5	1	500	
977	232	1	5	1	501	
978	233	2	5	1	502	
979	233	2	10	2	502	503	
980	233	2	5	1	503	
981	234	1	6	1	504	
982	235	1	6	1	505	
983	236	2	5	1	506	
984	236	2	10	2	506	507	
985	236	2	15	3	506	507	508	
986	236	2	5	1	507	
987	236	2	10	2	507	508	
988	236	2	15	3	507	508	509	
989	236	2	5	1	508	
990	236	2	10	2	508	509	
991	236	2	15	3	508	509	510	
992	236	2	5	1	509	
993	236	2	10	2	509	510	
994	236	2	15	3	509	510	511	
995	236	2	5	1	510	
996	236	2	10	2	510	511	
997	236	2	15	3	510	511	512	
998	236	2	5	1	511	
999	236	2	10	2	511	512	
1000	236	2	5	1	512	
1001	237	2	5	1	513	
1002	238	1	6	1	514	
1003	239	1	5	1	515	
1004	240	2	5	1	516	
1005	241	2	6	1	517	
1006	242	1	5	1	518	
1007	242	1	10	2	518	519	
1008	242	1	15	3	518	519	520	
1009	242	1	5	1	519	
1010	242	1	10	2	519	520	
1011	242	1	15	3	519	520	521	
1012	242	1	5	1	520	
1013	242	1	10	2	520	521	
1014	242	1	15	3	520	521	522	
1015	242	1	5	1	521	
1016	242	1	10	2	521	522	
1017	242	1	15	3	521	522	523	
1018	242	1	5	1	522	
1019	242	1	10	2	522	523	
1020	242	1	15	3	522	523	524	
1021	242	1	5	1	523	
1022	242	1	10	2	523	524	
1023	242	1	15	3	523	524	525	
1024	242	1	5	1	524	
1025	242	1	10	2	524	525	
1026	242	1	5	1	525	
1027	243	1	11	1	526	
1028	244	2	5	1	527	
1029	245	2	11	1	528	
1030	245	2	22	2	528	529	
1031	245	2	33	3	528	529	530	
1032	245	2	11	1	529	
1033	245	2	22	2	529	530	
1034	245	2	33	3	529	530	531	
1035	245	2	11	1	530	
1036	245	2	22	2	530	531	
1037	245	2	33	3	530	531	532	
1038	245	2	11	1	531	
1039	245	2	22	2	531	532	
1040	245	2	11	1	532	
1041	246	1	11	1	533	
1042	246	1	22	2	533	534	
1043	246	1	11	1	534	
1044	247	2	11	1	535	
1045	247	2	22	2	535	536	
1046	247	2	33	3	535	536	537	
1047	247	2	11	1	536	
1048	247	2	22	2	536	537	
1049	247	2	33	3	536	537	538	
1050	247	2	11	1	537	
1051	247	2	22	2	537	538	
1052	247	2	33	3	537	538	539	
1053	247	2	11	1	538	
1054	247	2	22	2	538	539	
1055	247	2	11	1	539	
1056	248	1	11	1	540	
1057	249	2	5	1	541	
1058	249	2	10	2	541	542	
1059	249	2	15	3	541	542	543	
1060	249	2	5	1	542	
1061	249	2	10	2	542	543	
1062	249	2	15	3	542	543	544	
1063	249	2	5	1	543	
1064	249	2	10	2	543	544	
1065	249	2	15	3	543	544	545	
1066	249	2	5	1	544	
1067	249	2	10	2	544	545	
1068	249	2	5	1	545	
1069	250	1	11	1	546	
1070	251	1	11	1	547	
1071	251	1	22	2	547	548	
1072	251	1	33	3	547	548	549	
1073	251	1	22	2	547	549	
1074	251	1	11	1	548	
1075	251	1	22	2	548	549	
1076	251	1	11	1	549	
1077	252	1	6	1	550	
1078	252	1	12	2	550	551	
1079	252	1	18	3	550	551	552	
1080	252	1	6	1	551	
1081	252	1	12	2	551	552	
1082	252	1	18	3	551	552	553	
1083	252	1	6	1	552	
1084	252	1	12	2	552	553	
1085	252	1	18	3	552	553	554	
1086	252	1	6	1	553	
1087	252	1	12	2	553	554	
1088	252	1	18	3	553	554	555	
1089	252	1	6	1	554	
1090	252	1	12	2	554	555	
1091	252	1	18	3	554	555	556	
1092	252	1	6	1	555	
1093	252	1	12	2	555	556	
1094	252	1	6	1	556	
1095	253	1	11	1	557	
1096	253	1	22	2	557	558	
1097	253	1	11	1	558	
1098	254	2	6	1	559	
1099	254	2	12	2	559	560	
1100	254	2	6	1	560	
1101	255	1	6	1	561	
1102	256	2	5	1	562	
1103	257	2	11	1	563	
1104	257	2	22	2	563	564	
1105	257	2	33	3	563	564	565	
1106	257	2	11	1	564	
1107	257	2	22	2	564	565	
1108	257	2	33	3	564	565	566	
1109	257	2	11	1	565	
1110	257	2	22	2	565	566	
1111	257	2	33	3	565	566	567	
1112	257	2	11	1	566	
1113	257	2	22	2	566	567	
1114	257	2	33	3	566	567	568	
1115	257	2	11	1	567	
1116	257	2	22	2	567	568	
1117	257	2	33	3	567	568	569	
1118	257	2	11	1	568	
1119	257	2	22	2	568	569	
1120	257	2	11	1	569	
1121	258	2	11	1	570	
1122	259	1	5	1	571	
1123	260	1	11	1	572	
1124	260	1	22	2	572	573	
1125	260	1	33	3	572	573	574	
1126	260	1	22	2	572	574	
1127	260	1	11	1	573	
1128	260	1	22	2	573	574	
1129	260	1	11	1	574	
1130	261	2	5	1	575	
1131	262	1	6	1	576	
1132	262	1	18	2	576	577	
1133	262	1	24	3	576	577	578	
1134	262	1	12	2	576	578	
1135	262	1	12	1	577	
1136	262	1	18	2	577	578	
1137	262	1	6	1	578	
1138	263	1	6	1	579	
1139	263	1	18	2	579	580	
1140	263	1	12	1	580	
1141	264	2	5	1	581	
1142	264	2	10	2	581	582	
1143	264	2	15	3	581	582	583	
1144	264	2	5	1	582	
1145	264	2	10	2	582	583	
1146	264	2	15	3	582	583	584	
1147	264	2	5	1	583	
1148	264	2	10	2	583	584	
1149	264	2	5	1	584	
1150	265	2	11	1	585	
1151	266	2	5	1	586	
1152	267	1	5	1	587	
1153	267	1	10	2	587	588	
1154	267	1	15	3	587	588	589	
1155	267	1	5	1	588	
1156	267	1	10	2	588	589	
1157	267	1	15	3	588	589	590	
1158	267	1	5	1	589	
1159	267	1	10	2	589	590	
1160	267	1	15	3	589	590	591	
1161	267	1	5	1	590	
1162	267	1	10	2	590	591	
1163	267	1	15	3	590	591	592	
1164	267	1	5	1	591	
1165	267	1	10	2	591	592	
1166	267	1	15	3	591	592	593	
1167	267	1	5	1	592	
1168	267	1	10	2	592	593	
1169	267	1	15	3	592	593	594	
1170	267	1	5	1	593	
1171	267	1	10	2	593	594	
1172	267	1	5	1	594	
1173	268	2	22	1	595	
1174	269	1	22	1	596	
1175	270	2	22	1	597	
1176	271	1	5	1	598	
1177	272	2	5	1	599	
1178	273	1	11	1	600	
1179	274	1	12	1	601	
1180	275	2	11	1	602	
1181	275	2	22	2	602	603	
1182	275	2	11	1	603	
1183	276	2	5	1	604	
1184	276	2	10	2	604	605	
1185	276	2	15	3	604	605	606	
1186	276	2	5	1	605	
1187	276	2	10	2	605	606	
1188	276	2	15	3	605	606	607	
1189	276	2	5	1	606	
1190	276	2	10	2	606	607	
1191	276	2	15	3	606	607	608	
1192	276	2	5	1	607	
1193	276	2	10	2	607	608	
1194	276	2	15	3	607	608	609	
1195	276	2	5	1	608	
1196	276	2	10	2	608	609	
1197	276	2	15	3	608	609	610	
1198	276	2	5	1	609	
1199	276	2	10	2	609	610	
1200	276	2	15	3	609	610	611	
1201	276	2	5	1	610	
1202	276	2	10	2	610	611	
1203	276	2	5	1	611	
1204	277	2	6	1	612	
1205	278	1	6	1	613	
1206	279	1	11	1	614	
1207	280	1	5	1	615	
1208	281	1	11	1	616	
1209	282	1	11	1	617	
1210	282	1	22	2	617	618	
1211	282	1	11	1	618	
1212	283	2	11	1	619	
1213	284	2	5	1	620	
1214	284	2	10	2	620	621	
1215	284	2	15	3	620	621	622	
1216	284	2	5	1	621	
1217	284	2	10	2	621	622	
1218	284	2	15	3	621	622	623	
1219	284	2	5	1	622	
1220	284	2	10	2	622	623	
1221	284	2	15	3	622	623	624	
1222	284	2	5	1	623	
1223	284	2	10	2	623	624	
1224	284	2	15	3	623	624	625	
1225	284	2	5	1	624	
1226	284	2	10	2	624	625	
1227	284	2	15	3	624	625	626	
1228	284	2	5	1	625	
1229	284	2	10	2	625	626	
1230	284	2	15	3	625	626	627	
1231	284	2	5	1	626	
1232	284	2	10	2	626	627	
1233	284	2	15	3	626	627	628	
1234	284	2	5	1	627	
1235	284	2	10	2	627	628	
1236	284	2	5	1	628	
1237	285	2	12	1	629	
1238	285	2	18	2	629	630	
1239	285	2	24	3	629	630	631	
1240	285	2	18	2	629	631	
1241	285	2	6	1	630	
1242	285	2	12	2	630	631	
1243	285	2	6	1	631	
1244	286	1	6	1	632	
1245	287	1	12	1	633	
1246	288	1	11	1	634	
1247	289	2	5	1	635	
1248	290	1	6	1	636	
1249	290	1	12	2	636	637	
1250	290	1	6	1	637	
1251	291	2	10	1	638	
1252	292	1	5	1	639	
1253	293	2	6	1	640	
1254	294	1	5	1	641	
1255	295	1	22	1	642	
1256	296	2	6	1	643	
1257	296	2	12	2	643	644	
1258	296	2	18	3	643	644	645	
1259	296	2	6	1	644	
1260	296	2	12	2	644	645	
1261	296	2	18	3	644	645	646	
1262	296	2	6	1	645	
1263	296	2	12	2	645	646	
1264	296	2	6	1	646	
1265	297	2	11	1	647	
1266	298	1	6	1	648	
1267	299	1	5	1	649	
1268	299	1	10	2	649	650	
1269	299	1	15	3	649	650	651	
1270	299	1	10	2	649	651	
1271	299	1	5	1	650	
1272	299	1	10	2	650	651	
1273	299	1	5	1	651	
1274	300	2	11	1	652	
1275	301	2	6	1	653	
1276	302	1	6	1	654	
1277	302	1	12	2	654	655	
1278	302	1	18	3	654	655	656	
1279	302	1	6	1	655	
1280	302	1	12	2	655	656	
1281	302	1	18	3	655	656	657	
1282	302	1	6	1	656	
1283	302	1	12	2	656	657	
1284	302	1	18	3	656	657	658	
1285	302	1	6	1	657	
1286	302	1	12	2	657	658	
1287	302	1	18	3	657	658	659	
1288	302	1	6	1	658	
1289	302	1	12	2	658	659	
1290	302	1	18	3	658	659	660	
1291	302	1	6	1	659	
1292	302	1	12	2	659	660	
1293	302	1	18	3	659	660	661	
1294	302	1	6	1	660	
1295	302	1	12	2	660	661	
1296	302	1	6	1	661	
1297	303	2	5	1	662	
1298	304	2	22	1	663	
1299	304	2	44	2	663	664	
1300	304	2	22	1	664	
1301	305	2	5	1	665	
1302	306	2	11	1	666	
1303	307	2	10	1	667	
1304	308	1	5	1	668	
1305	309	2	22	1	669	
1306	310	1	5	1	670	
1307	310	1	10	2	670	671	
1308	310	1	15	3	670	671	672	
1309	310	1	5	1	671	
1310	310	1	10	2	671	672	
1311	310	1	15	3	671	672	673	
1312	310	1	5	1	672	
1313	310	1	10	2	672	673	
1314	310	1	15	3	672	673	674	
1315	310	1	5	1	673	
1316	310	1	10	2	673	674	
1317	310	1	15	3	673	674	675	
1318	310	1	5	1	674	
1319	310	1	10	2	674	675	
1320	310	1	15	3	674	675	676	
1321	310	1	5	1	675	
1322	310	1	10	2	675	676	
1323	310	1	15	3	675	676	677	
1324	310	1	5	1	676	
1325	310	1	10	2	676	677	
1326	310	1	15	3	676	677	678	
1327	310	1	5	1	677	
1328	310	1	10	2	677	678	
1329	310	1	5	1	678	
1330	311	1	6	1	679	
1331	311	1	12	2	679	680	
1332	311	1	18	3	679	680	681	
1333	311	1	6	1	680	
1334	311	1	12	2	680	681	
1335	311	1	18	3	680	681	682	
1336	311	1	6	1	681	
1337	311	1	12	2	681	682	
1338	311	1	18	3	681	682	683	
1339	311	1	6	1	682	
1340	311	1	12	2	682	683	
1341	311	1	18	3	682	683	684	
1342	311	1	6	1	683	
1343	311	1	12	2	683	684	
1344	311	1	18	3	683	684	685	
1345	311	1	6	1	684	
1346	311	1	12	2	684	685	
1347	311	1	6	1	685	
1348	312	2	5	1	686	
1349	312	2	10	2	686	687	
1350	312	2	15	3	686	687	688	
1351	312	2	5	1	687	
1352	312	2	10	2	687	688	
1353	312	2	15	3	687	688	689	
1354	312	2	5	1	688	
1355	312	2	10	2	688	689	
1356	312	2	15	3	688	689	690	
1357	312	2	5	1	689	
1358	312	2	10	2	689	690	
1359	312	2	15	3	689	690	691	
1360	312	2	5	1	690	
1361	312	2	10	2	690	691	
1362	312	2	5	1	691	
1363	313	1	12	1	692	
1364	314	2	10	1	693	
1365	315	2	6	1	694	
1366	315	2	12	2	694	695	
1367	315	2	6	1	695	
1368	316	2	5	1	696	
1369	317	1	5	1	697	
1370	318	2	5	1	698	
1371	319	1	5	1	699	
1372	320	2	11	1	700	
1373	321	1	15	1	701	
1374	321	1	20	2	701	702	
1375	321	1	5	1	702	
1376	322	2	5	1	703	
1377	323	2	6	1	704	
1378	324	1	11	1	705	
1379	324	1	22	2	705	706	
1380	324	1	11	1	706	
1381	325	1	5	1	707	
1382	325	1	10	2	707	708	
1383	325	1	5	1	708	
1384	326	1	6	1	709	
1385	327	1	11	1	710	
1386	328	2	11	1	711	
1387	328	2	22	2	711	712	
1388	328	2	11	1	712	
1389	329	1	5	1	713	
1390	330	1	11	1	714	
1391	331	2	11	1	715	
1392	331	2	22	2	715	716	
1393	331	2	33	3	715	716	717	
1394	331	2	11	1	716	
1395	331	2	22	2	716	717	
1396	331	2	33	3	716	717	718	
1397	331	2	11	1	717	
1398	331	2	22	2	717	718	
1399	331	2	33	3	717	718	719	
1400	331	2	11	1	718	
1401	331	2	22	2	718	719	
1402	331	2	33	3	718	719	720	
1403	331	2	11	1	719	
1404	331	2	22	2	719	720	
1405	331	2	33	3	719	720	721	
1406	331	2	11	1	720	
1407	331	2	22	2	720	721	
1408	331	2	33	3	720	721	722	
1409	331	2	11	1	721	
1410	331	2	22	2	721	722	
1411	331	2	33	3	721	722	723	
1412	331	2	11	1	722	
1413	331	2	22	2	722	723	
1414	331	2	11	1	723	
1415	332	1	5	1	724	
1416	333	2	11	1	725	
1417	334	2	10	1	726	
1418	335	2	6	1	727	
1419	335	2	12	2	727	728	
1420	335	2	18	3	727	728	729	
1421	335	2	6	1	728	
1422	335	2	12	2	728	729	
1423	335	2	18	3	728	729	730	
1424	335	2	6	1	729	
1425	335	2	12	2	729	730	
1426	335	2	18	3	729	730	731	
1427	335	2	6	1	730	
1428	335	2	12	2	730	731	
1429	335	2	18	3	730	731	732	
1430	335	2	6	1	731	
1431	335	2	12	2	731	732	
1432	335	2	6	1	732	
1433	336	2	5	1	733	
1434	336	2	10	2	733	734	
1435	336	2	15	3	733	734	735	
1436	336	2	5	1	734	
1437	336	2	10	2	734	735	
1438	336	2	15	3	734	735	736	
1439	336	2	5	1	735	
1440	336	2	10	2	735	736	
1441	336	2	15	3	735	736	737	
1442	336	2	5	1	736	
1443	336	2	10	2	736	737	
1444	336	2	15	3	736	737	738	
1445	336	2	5	1	737	
1446	336	2	10	2	737	738	
1447	336	2	15	3	737	738	739	
1448	336	2	5	1	738	
1449	336	2	10	2	738	739	
1450	336	2	15	3	738	739	740	
1451	336	2	5	1	739	
1452	336	2	10	2	739	740	
1453	336	2	5	1	740	
1454	337	1	11	1	741	
1455	338	1	12	1	742	
1456	339	1	5	1	743	
1457	340	1	5	1	744	
1458	340	1	10	2	744	745	
1459	340	1	5	1	745	
1460	341	1	11	1	746	
1461	342	1	10	1	747	
1462	343	2	11	1	748	
1463	344	1	22	1	749	
1464	345	2	22	1	750	
1465	346	1	11	1	751	
1466	346	1	22	2	751	752	
1467	346	1	44	3	751	752	753	
1468	346	1	33	2	751	753	
1469	346	1	11	1	752	
1470	346	1	33	2	752	753	
1471	346	1	22	1	753	
1472	347	2	6	1	754	
1473	348	1	11	1	755	
1474	349	1	6	1	756	
1475	350	1	10	1	757	
1476	351	2	6	1	758	
1477	351	2	12	2	758	759	
1478	351	2	18	3	758	759	760	
1479	351	2	6	1	759	
1480	351	2	12	2	759	760	
1481	351	2	18	3	759	760	761	
1482	351	2	6	1	760	
1483	351	2	12	2	760	761	
1484	351	2	18	3	760	761	762	
1485	351	2	6	1	761	
1486	351	2	12	2	761	762	
1487	351	2	18	3	761	762	763	
1488	351	2	6	1	762	
1489	351	2	12	2	762	763	
1490	351	2	6	1	763	
1491	352	1	5	1	764	
1492	353	1	10	1	765	
1493	354	1	10	1	766	
1494	355	1	6	1	767	
1495	356	1	11	1	768	
1496	356	1	22	2	768	769	
1497	356	1	33	3	768	769	770	
1498	356	1	11	1	769	
1499	356	1	22	2	769	770	
1500	356	1	33	3	769	770	771	
1501	356	1	11	1	770	
1502	356	1	22	2	770	771	
1503	356	1	33	3	770	771	772	
1504	356	1	11	1	771	
1505	356	1	22	2	771	772	
1506	356	1	11	1	772	
1507	357	1	6	1	773	
1508	358	2	5	1	774	
1509	359	2	11	1	775	
1510	359	2	22	2	775	776	
1511	359	2	33	3	775	776	777	
1512	359	2	11	1	776	
1513	359	2	22	2	776	777	
1514	359	2	33	3	776	777	778	
1515	359	2	11	1	777	
1516	359	2	22	2	777	778	
1517	359	2	33	3	777	778	779	
1518	359	2	11	1	778	
1519	359	2	22	2	778	779	
1520	359	2	33	3	778	779	780	
1521	359	2	11	1	779	
1522	359	2	22	2	779	780	
1523	359	2	11	1	780	
1524	360	1	22	1	781	
1525	361	1	6	1	782	
1526	361	1	12	2	782	783	
1527	361	1	18	3	782	783	784	
1528	361	1	6	1	783	
1529	361	1	12	2	783	784	
1530	361	1	18	3	783	784	785	
1531	361	1	6	1	784	
1532	361	1	12	2	784	785	
1533	361	1	18	3	784	785	786	
1534	361	1	6	1	785	
1535	361	1	12	2	785	786	
1536	361	1	18	3	785	786	787	
1537	361	1	6	1	786	
1538	361	1	12	2	786	787	
1539	361	1	18	3	786	787	788	
1540	361	1	6	1	787	
1541	361	1	12	2	787	788	
1542	361	1	18	3	787	788	789	
1543	361	1	6	1	788	
1544	361	1	12	2	788	789	
1545	361	1	6	1	789	
1546	362	2	5	1	790	
1547	363	1	5	1	791	
1548	363	1	15	2	791	792	
1549	363	1	10	1	792	
1550	364	2	11	1	793	
1551	364	2	22	2	793	794	
1552	364	2	11	1	794	
1553	365	2	5	1	795	
1554	366	1	11	1	796	
1555	367	1	6	1	797	
1556	368	2	5	1	798	
1557	369	1	6	1	799	
1558	369	1	18	2	799	800	
1559	369	1	24	3	799	800	801	
1560	369	1	12	2	799	801	
1561	369	1	12	1	800	
1562	369	1	18	2	800	801	
1563	369	1	6	1	801	
1564	370	2	11	1	802	
1565	370	2	22	2	802	803	
1566	370	2	33	3	802	803	804	
1567	370	2	11	1	803	
1568	370	2	22	2	803	804	
1569	370	2	33	3	803	804	805	
1570	370	2	11	1	804	
1571	370	2	22	2	804	805	
1572	370	2	33	3	804	805	806	
1573	370	2	11	1	805	
1574	370	2	22	2	805	806	
1575	370	2	33	3	805	806	807	
1576	370	2	11	1	806	
1577	370	2	22	2	806	807	
1578	370	2	33	3	806	807	808	
1579	370	2	11	1	807	
1580	370	2	22	2	807	808	
1581	370	2	33	3	807	808	809	
1582	370	2	11	1	808	
1583	370	2	22	2	808	809	
1584	370	2	33	3	808	809	810	
1585	370	2	11	1	809	
1586	370	2	22	2	809	810	
1587	370	2	11	1	810	
1588	371	1	6	1	811	
1589	372	1	5	1	812	
1590	373	2	10	1	813	
1591	373	2	15	2	813	814	
1592	373	2	25	3	813	814	815	
1593	373	2	20	2	813	815	
1594	373	2	5	1	814	
1595	373	2	15	2	814	815	
1596	373	2	10	1	815	
1597	374	2	5	1	816	
1598	375	1	12	1	817	
1599	375	1	18	2	817	818	
1600	375	1	24	3	817	818	819	
1601	375	1	18	2	817	819	
1602	375	1	6	1	818	
1603	375	1	12	2	818	819	
1604	375	1	6	1	819	
1605	376	2	6	1	820	
1606	377	2	5	1	821	
1607	377	2	10	2	821	822	
1608	377	2	15	3	821	822	823	
1609	377	2	5	1	822	
1610	377	2	10	2	822	823	
1611	377	2	15	3	822	823	824	
1612	377	2	5	1	823	
1613	377	2	10	2	823	824	
1614	377	2	15	3	823	824	825	
1615	377	2	5	1	824	
1616	377	2	10	2	824	825	
1617	377	2	15	3	824	825	826	
1618	377	2	5	1	825	
1619	377	2	10	2	825	826	
1620	377	2	15	3	825	826	827	
1621	377	2	5	1	826	
1622	377	2	10	2	826	827	
1623	377	2	15	3	826	827	828	
1624	377	2	5	1	827	
1625	377	2	10	2	827	828	
1626	377	2	5	1	828	
1627	378	2	6	1	829	
1628	379	2	6	1	830	
1629	380	1	6	1	831	
1630	381	2	6	1	832	
1631	382	2	6	1	833	
1632	382	2	12	2	833	834	
1633	382	2	6	1	834	
1634	383	2	5	1	835	
1635	384	1	6	1	836	
1636	385	2	11	1	837	
1637	385	2	22	2	837	838	
1638	385	2	33	3	837	838	839	
1639	385	2	11	1	838	
1640	385	2	22	2	838	839	
1641	385	2	33	3	838	839	840	
1642	385	2	11	1	839	
1643	385	2	22	2	839	840	
1644	385	2	33	3	839	840	841	
1645	385	2	11	1	840	
1646	385	2	22	2	840	841	
1647	385	2	33	3	840	841	842	
1648	385	2	11	1	841	
1649	385	2	22	2	841	842	
1650	385	2	33	3	841	842	843	
1651	385	2	11	1	842	
1652	385	2	22	2	842	843	
1653	385	2	11	1	843	
1654	386	1	5	1	844	
1655	386	1	10	2	844	845	
1656	386	1	5	1	845	
1657	387	1	5	1	846	
1658	388	2	6	1	847	
1659	389	1	11	1	848	
1660	390	2	12	1	849	
1661	391	2	6	1	850	
1662	392	1	11	1	851	
1663	393	1	5	1	852	
1664	393	1	10	2	852	853	
1665	393	1	5	1	853	
1666	394	2	5	1	854	
1667	394	2	10	2	854	855	
1668	394	2	15	3	854	855	856	
1669	394	2	5	1	855	
1670	394	2	10	2	855	856	
1671	394	2	15	3	855	856	857	
1672	394	2	5	1	856	
1673	394	2	10	2	856	857	
1674	394	2	15	3	856	857	858	
1675	394	2	5	1	857	
1676	394	2	10	2	857	858	
1677	394	2	15	3	857	858	859	
1678	394	2	5	1	858	
1679	394	2	10	2	858	859	
1680	394	2	5	1	859	
1681	395	1	5	1	860	
1682	395	1	10	2	860	861	
1683	395	1	15	3	860	861	862	
1684	395	1	5	1	861	
1685	395	1	10	2	861	862	
1686	395	1	15	3	861	862	863	
1687	395	1	5	1	862	
1688	395	1	10	2	862	863	
1689	395	1	15	3	862	863	864	
1690	395	1	5	1	863	
1691	395	1	10	2	863	864	
1692	395	1	15	3	863	864	865	
1693	395	1	5	1	864	
1694	395	1	10	2	864	865	
1695	395	1	15	3	864	865	866	
1696	395	1	5	1	865	
1697	395	1	10	2	865	866	
1698	395	1	5	1	866	
1699	396	1	11	1	867	
1700	397	1	11	1	868	
1701	398	1	6	1	869	
1702	399	2	6	1	870	
1703	399	2	12	2	870	871	
1704	399	2	18	3	870	871	872	
1705	399	2	6	1	871	
1706	399	2	12	2	871	872	
1707	399	2	18	3	871	872	873	
1708	399	2	6	1	872	
1709	399	2	12	2	872	873	
1710	399	2	6	1	873	
1711	400	1	22	1	874	
1712	401	1	10	1	875	
1713	402	2	10	1	876	
1714	403	2	5	1	877	
1715	404	2	11	1	878	
1716	405	1	5	1	879	
1717	405	1	10	2	879	880	
1718	405	1	15	3	879	880	881	
1719	405	1	5	1	880	
1720	405	1	10	2	880	881	
1721	405	1	15	3	880	881	882	
1722	405	1	5	1	881	
1723	405	1	10	2	881	882	
1724	405	1	15	3	881	882	883	
1725	405	1	5	1	882	
1726	405	1	10	2	882	883	
1727	405	1	15	3	882	883	884	
1728	405	1	5	1	883	
1729	405	1	10	2	883	884	
1730	405	1	5	1	884	
1731	406	1	6	1	885	
1732	407	1	11	1	886	
1733	407	1	22	2	886	887	
1734	407	1	44	3	886	887	888	
1735	407	1	33	2	886	888	
1736	407	1	11	1	887	
1737	407	1	33	2	887	888	
1738	407	1	22	1	888	
1739	408	2	11	1	889	
1740	409	2	11	1	890	
1741	409	2	22	2	890	891	
1742	409	2	33	3	890	891	892	
1743	409	2	22	2	890	892	
1744	409	2	11	1	891	
1745	409	2	22	2	891	892	
1746	409	2	11	1	892	
1747	410	2	11	1	893	
1748	410	2	22	2	893	894	
1749	410	2	33	3	893	894	895	
1750	410	2	22	2	893	895	
1751	410	2	11	1	894	
1752	410	2	22	2	894	895	
1753	410	2	11	1	895	
1754	411	1	6	1	896	
1755	411	1	18	2	896	897	
1756	411	1	30	3	896	897	898	
1757	411	1	18	2	896	898	
1758	411	1	12	1	897	
1759	411	1	24	2	897	898	
1760	411	1	12	1	898	
1761	412	1	12	1	899	
1762	413	1	10	1	900	
1763	414	1	10	1	901	
1764	415	2	11	1	902	
1765	416	2	5	1	903	
1766	416	2	10	2	903	904	
1767	416	2	15	3	903	904	905	
1768	416	2	5	1	904	
1769	416	2	10	2	904	905	
1770	416	2	15	3	904	905	906	
1771	416	2	5	1	905	
1772	416	2	10	2	905	906	
1773	416	2	15	3	905	906	907	
1774	416	2	5	1	906	
1775	416	2	10	2	906	907	
1776	416	2	15	3	906	907	908	
1777	416	2	5	1	907	
1778	416	2	10	2	907	908	
1779	416	2	15	3	907	908	909	
1780	416	2	5	1	908	
1781	416	2	10	2	908	909	
1782	416	2	15	3	908	909	910	
1783	416	2	5	1	909	
1784	416	2	10	2	909	910	
1785	416	2	15	3	909	910	911	
1786	416	2	5	1	910	
1787	416	2	10	2	910	911	
1788	416	2	5	1	911	
1789	417	2	11	1	912	
1790	418	1	11	1	913	
1791	419	1	11	1	914	
1792	419	1	22	2	914	915	
1793	419	1	11	1	915	
1794	420	2	11	1	916	
1795	421	2	6	1	917	
1796	421	2	12	2	917	918	
1797	421	2	6	1	918	
1798	422	1	6	1	919	
1799	423	2	5	1	920	
1800	424	1	12	1	921	
1801	425	1	11	1	922	
1802	426	2	11	1	923	
1803	427	2	11	1	924	
1804	428	1	5	1	925	
1805	429	1	6	1	926	
1806	429	1	12	2	926	927	
1807	429	1	6	1	927	
1808	430	2	11	1	928	
1809	431	2	6	1	929	
1810	432	1	5	1	930	
1811	433	1	5	1	931	
1812	433	1	10	2	931	932	
1813	433	1	5	1	932	
1814	434	2	10	1	933	
1815	435	1	11	1	934	
1816	435	1	22	2	934	935	
1817	435	1	33	3	934	935	936	
1818	435	1	11	1	935	
1819	435	1	22	2	935	936	
1820	435	1	33	3	935	936	937	
1821	435	1	11	1	936	
1822	435	1	22	2	936	937	
1823	435	1	33	3	936	937	938	
1824	435	1	11	1	937	
1825	435	1	22	2	937	938	
1826	435	1	33	3	937	938	939	
1827	435	1	11	1	938	
1828	435	1	22	2	938	939	
1829	435	1	33	3	938	939	940	
1830	435	1	11	1	939	
1831	435	1	22	2	939	940	
1832	435	1	33	3	939	940	941	
1833	435	1	11	1	940	
1834	435	1	22	2	940	941	
1835	435	1	11	1	941	
1836	436	1	6	1	942	
1837	436	1	12	2	942	943	
1838	436	1	18	3	942	943	944	
1839	436	1	12	2	942	944	
1840	436	1	6	1	943	
1841	436	1	12	2	943	944	
1842	436	1	6	1	944	
1843	437	1	5	1	945	
1844	437	1	10	2	945	946	
1845	437	1	5	1	946	
1846	438	1	5	1	947	
1847	439	2	6	1	948	
1848	439	2	12	2	948	949	
1849	439	2	18	3	948	949	950	
1850	439	2	6	1	949	
1851	439	2	12	2	949	950	
1852	439	2	18	3	949	950	951	
1853	439	2	6	1	950	
1854	439	2	12	2	950	951	
1855	439	2	6	1	951	
1856	440	2	11	1	952	
1857	440	2	44	2	952	953	
1858	440	2	66	3	952	953	954	
1859	440	2	33	2	952	954	
1860	440	2	33	1	953	
1861	440	2	55	2	953	954	
1862	440	2	22	1	954	
1863	441	2	6	1	955	
1864	442	2	6	1	956	
1865	442	2	12	2	956	957	
1866	442	2	18	3	956	957	958	
1867	442	2	12	2	956	958	
1868	442	2	6	1	957	
1869	442	2	12	2	957	958	
1870	442	2	6	1	958	
1871	443	1	11	1	959	
1872	444	2	10	1	960	
1873	444	2	15	2	960	961	
1874	444	2	5	1	961	
1875	445	1	10	1	962	
1876	446	1	6	1	963	
1877	447	2	10	1	964	
1878	448	1	5	1	965	
1879	449	2	6	1	966	
1880	450	2	11	1	967	
1881	450	2	22	2	967	968	
1882	450	2	11	1	968	
1883	451	2	5	1	969	
1884	451	2	15	2	969	970	
1885	451	2	20	3	969	970	971	
1886	451	2	10	2	969	971	
1887	451	2	10	1	970	
1888	451	2	15	2	970	971	
1889	451	2	5	1	971	
1890	452	1	5	1	972	
1891	452	1	10	2	972	973	
1892	452	1	15	3	972	973	974	
1893	452	1	5	1	973	
1894	452	1	10	2	973	974	
1895	452	1	15	3	973	974	975	
1896	452	1	5	1	974	
1897	452	1	10	2	974	975	
1898	452	1	15	3	974	975	976	
1899	452	1	5	1	975	
1900	452	1	10	2	975	976	
1901	452	1	15	3	975	976	977	
1902	452	1	5	1	976	
1903	452	1	10	2	976	977	
1904	452	1	15	3	976	977	978	
1905	452	1	5	1	977	
1906	452	1	10	2	977	978	
1907	452	1	15	3	977	978	979	
1908	452	1	5	1	978	
1909	452	1	10	2	978	979	
1910	452	1	15	3	978	979	980	
1911	452	1	5	1	979	
1912	452	1	10	2	979	980	
1913	452	1	5	1	980	
1914	453	2	11	1	981	
1915	454	1	6	1	982	
1916	455	2	11	1	983	
1917	455	2	22	2	983	984	
1918	455	2	33	3	983	984	985	
1919	455	2	11	1	984	
1920	455	2	22	2	984	985	
1921	455	2	33	3	984	985	986	
1922	455	2	11	1	985	
1923	455	2	22	2	985	986	
1924	455	2	33	3	985	986	987	
1925	455	2	11	1	986	
1926	455	2	22	2	986	987	
1927	455	2	33	3	986	987	988	
1928	455	2	11	1	987	
1929	455	2	22	2	987	988	
1930	455	2	11	1	988	
1931	456	1	22	1	989	
1932	457	2	22	1	990	
1933	458	2	11	1	991	
1934	459	2	6	1	992	
1935	460	2	6	1	993	
1936	461	2	11	1	994	
1937	462	2	12	1	995	
1938	462	2	18	2	995	996	
1939	462	2	30	3	995	996	997	
1940	462	2	24	2	995	997	
1941	462	2	6	1	996	
1942	462	2	18	2	996	997	
1943	462	2	12	1	997	
1944	463	2	11	1	998	
1945	464	1	6	1	999	
1946	465	1	6	1	1000	
1947	466	2	11	1	1001	
1948	467	1	6	1	1002	
1949	467	1	12	2	1002	1003	
1950	467	1	18	3	1002	1003	1004	
1951	467	1	6	1	1003	
1952	467	1	12	2	1003	1004	
1953	467	1	18	3	1003	1004	1005	
1954	467	1	6	1	1004	
1955	467	1	12	2	1004	1005	
1956	467	1	18	3	1004	1005	1006	
1957	467	1	6	1	1005	
1958	467	1	12	2	1005	1006	
1959	467	1	18	3	1005	1006	1007	
1960	467	1	6	1	1006	
1961	467	1	12	2	1006	1007	
1962	467	1	18	3	1006	1007	1008	
1963	467	1	6	1	1007	
1964	467	1	12	2	1007	1008	
1965	467	1	18	3	1007	1008	1009	
1966	467	1	6	1	1008	
1967	467	1	12	2	1008	1009	
1968	467	1	6	1	1009	
1969	468	1	10	1	1010	
1970	469	2	11	1	1011	
1971	469	2	22	2	1011	1012	
1972	469	2	33	3	1011	1012	1013	
1973	469	2	22	2	1011	1013	
1974	469	2	11	1	1012	
1975	469	2	22	2	1012	1013	
1976	469	2	11	1	1013	
1977	470	2	11	1	1014	
1978	470	2	22	2	1014	1015	
1979	470	2	33	3	1014	1015	1016	
1980	470	2	22	2	1014	1016	
1981	470	2	11	1	1015	
1982	470	2	22	2	1015	1016	
1983	470	2	11	1	1016	
1984	471	1	11	1	1017	
1985	471	1	22	2	1017	1018	
1986	471	1	33	3	1017	1018	1019	
1987	471	1	11	1	1018	
1988	471	1	22	2	1018	1019	
1989	471	1	33	3	1018	1019	1020	
1990	471	1	11	1	1019	
1991	471	1	22	2	1019	1020	
1992	471	1	33	3	1019	1020	1021	
1993	471	1	11	1	1020	
1994	471	1	22	2	1020	1021	
1995	471	1	33	3	1020	1021	1022	
1996	471	1	11	1	1021	
1997	471	1	22	2	1021	1022	
1998	471	1	33	3	1021	1022	1023	
1999	471	1	11	1	1022	
2000	471	1	22	2	1022	1023	
2001	471	1	33	3	1022	1023	1024	
2002	471	1	11	1	1023	
2003	471	1	22	2	1023	1024	
2004	471	1	33	3	1023	1024	1025	
2005	471	1	11	1	1024	
2006	471	1	22	2	1024	1025	
2007	471	1	11	1	1025	
2008	472	2	11	1	1026	
2009	472	2	22	2	1026	1027	
2010	472	2	33	3	1026	1027	1028	
2011	472	2	22	2	1026	1028	
2012	472	2	11	1	1027	
2013	472	2	22	2	1027	1028	
2014	472	2	11	1	1028	
2015	473	1	5	1	1029	
2016	473	1	10	2	1029	1030	
2017	473	1	5	1	1030	
2018	474	1	11	1	1031	
2019	475	1	6	1	1032	
2020	475	1	12	2	1032	1033	
2021	475	1	6	1	1033	
2022	476	2	22	1	1034	
2023	476	2	33	2	1034	1035	
2024	476	2	44	3	1034	1035	1036	
2025	476	2	33	2	1034	1036	
2026	476	2	11	1	1035	
2027	476	2	22	2	1035	1036	
2028	476	2	11	1	1036	
2029	477	1	6	1	1037	
2030	478	2	10	1	1038	
2031	479	2	6	1	1039	
2032	479	2	12	2	1039	1040	
2033	479	2	18	3	1039	1040	1041	
2034	479	2	6	1	1040	
2035	479	2	12	2	1040	1041	
2036	479	2	18	3	1040	1041	1042	
2037	479	2	6	1	1041	
2038	479	2	12	2	1041	1042	
2039	479	2	6	1	1042	
2040	480	1	11	1	1043	
2041	481	1	11	1	1044	
2042	482	2	6	1	1045	
2043	482	2	12	2	1045	1046	
2044	482	2	18	3	1045	1046	1047	
2045	482	2	6	1	1046	
2046	482	2	12	2	1046	1047	
2047	482	2	18	3	1046	1047	1048	
2048	482	2	6	1	1047	
2049	482	2	12	2	1047	1048	
2050	482	2	18	3	1047	1048	1049	
2051	482	2	6	1	1048	
2052	482	2	12	2	1048	1049	
2053	482	2	18	3	1048	1049	1050	
2054	482	2	6	1	1049	
2055	482	2	12	2	1049	1050	
2056	482	2	6	1	1050	
2057	483	1	12	1	1051	
2058	484	2	5	1	1052	
2059	485	1	6	1	1053	
2060	486	2	6	1	1054	
2061	487	1	6	1	1055	
2062	488	1	6	1	1056	
2063	489	2	11	1	1057	
2064	490	2	12	1	1058	
2065	491	1	11	1	1059	
2066	491	1	22	2	1059	1060	
2067	491	1	33	3	1059	1060	1061	
2068	491	1	11	1	1060	
2069	491	1	22	2	1060	1061	
2070	491	1	33	3	1060	1061	1062	
2071	491	1	11	1	1061	
2072	491	1	22	2	1061	1062	
2073	491	1	11	1	1062	
2074	492	1	22	1	1063	
2075	493	1	6	1	1064	
2076	494	1	5	1	1065	
2077	494	1	10	2	1065	1066	
2078	494	1	15	3	1065	1066	1067	
2079	494	1	5	1	1066	
2080	494	1	10	2	1066	1067	
2081	494	1	15	3	1066	1067	1068	
2082	494	1	5	1	1067	
2083	494	1	10	2	1067	1068	
2084	494	1	15	3	1067	1068	1069	
2085	494	1	5	1	1068	
2086	494	1	10	2	1068	1069	
2087	494	1	5	1	1069	
2088	495	1	5	1	1070	
2089	496	2	10	1	1071	
2090	497	2	6	1	1072	
2091	497	2	12	2	1072	1073	
2092	497	2	6	1	1073	
2093	498	2	6	1	1074	
2094	498	2	12	2	1074	1075	
2095	498	2	18	3	1074	1075	1076	
2096	498	2	6	1	1075	
2097	498	2	12	2	1075	1076	
2098	498	2	18	3	1075	1076	1077	
2099	498	2	6	1	1076	
2100	498	2	12	2	1076	1077	
2101	498	2	18	3	1076	1077	1078	
2102	498	2	6	1	1077	
2103	498	2	12	2	1077	1078	
2104	498	2	6	1	1078	
2105	499	1	11	1	1079	
2106	499	1	22	2	1079	1080	
2107	499	1	33	3	1079	1080	1081	
2108	499	1	11	1	1080	
2109	499	1	22	2	1080	1081	
2110	499	1	33	3	1080	1081	1082	
2111	499	1	11	1	1081	
2112	499	1	22	2	1081	1082	
2113	499	1	33	3	1081	1082	1083	
2114	499	1	11	1	1082	
2115	499	1	22	2	1082	1083	
2116	499	1	33	3	1082	1083	1084	
2117	499	1	11	1	1083	
2118	499	1	22	2	1083	1084	
2119	499	1	33	3	1083	1084	1085	
2120	499	1	11	1	1084	
2121	499	1	22	2	1084	1085	
2122	499	1	33	3	1084	1085	1086	
2123	499	1	11	1	1085	
2124	499	1	22	2	1085	1086	
2125	499	1	33	3	1085	1086	1087	
2126	499	1	11	1	1086	
2127	499	1	22	2	1086	1087	
2128	499	1	11	1	1087	
2129	500	1	6	1	1088	
2130	501	1	5	1	1089	
2131	501	1	10	2	1089	1090	
2132	501	1	5	1	1090	
2133	502	1	5	1	1091	
2134	503	1	15	1	1092	
2135	504	1	11	1	1093	
2136	504	1	22	2	1093	1094	
2137	504	1	33	3	1093	1094	1095	
2138	504	1	22	2	1093	1095	
2139	504	1	11	1	1094	
2140	504	1	22	2	1094	1095	
2141	504	1	11	1	1095	
2142	505	2	11	1	1096	
2143	505	2	22	2	1096	1097	
2144	505	2	33	3	1096	1097	1098	
2145	505	2	11	1	1097	
2146	505	2	22	2	1097	1098	
2147	505	2	33	3	1097	1098	1099	
2148	505	2	11	1	1098	
2149	505	2	22	2	1098	1099	
2150	505	2	33	3	1098	1099	1100	
2151	505	2	11	1	1099	
2152	505	2	22	2	1099	1100	
2153	505	2	33	3	1099	1100	1101	
2154	505	2	11	1	1100	
2155	505	2	22	2	1100	1101	
2156	505	2	33	3	1100	1101	1102	
2157	505	2	11	1	1101	
2158	505	2	22	2	1101	1102	
2159	505	2	11	1	1102	
2160	506	1	11	1	1103	
2161	507	2	11	1	1104	
2162	508	2	12	1	1105	
2163	508	2	18	2	1105	1106	
2164	508	2	6	1	1106	
2165	509	2	11	1	1107	
2166	510	1	5	1	1108	
2167	511	1	5	1	1109	
2168	512	2	11	1	1110	
2169	512	2	22	2	1110	1111	
2170	512	2	33	3	1110	1111	1112	
2171	512	2	22	2	1110	1112	
2172	512	2	11	1	1111	
2173	512	2	22	2	1111	1112	
2174	512	2	11	1	1112	
2175	513	2	11	1	1113	
2176	513	2	22	2	1113	1114	
2177	513	2	33	3	1113	1114	1115	
2178	513	2	11	1	1114	
2179	513	2	22	2	1114	1115	
2180	513	2	33	3	1114	1115	1116	
2181	513	2	11	1	1115	
2182	513	2	22	2	1115	1116	
2183	513	2	33	3	1115	1116	1117	
2184	513	2	11	1	1116	
2185	513	2	22	2	1116	1117	
2186	513	2	33	3	1116	1117	1118	
2187	513	2	11	1	1117	
2188	513	2	22	2	1117	1118	
2189	513	2	11	1	1118	
2190	514	2	5	1	1119	
2191	515	2	6	1	1120	
2192	515	2	12	2	1120	1121	
2193	515	2	18	3	1120	1121	1122	
2194	515	2	6	1	1121	
2195	515	2	12	2	1121	1122	
2196	515	2	18	3	1121	1122	1123	
2197	515	2	6	1	1122	
2198	515	2	12	2	1122	1123	
2199	515	2	18	3	1122	1123	1124	
2200	515	2	6	1	1123	
2201	515	2	12	2	1123	1124	
2202	515	2	6	1	1124	
2203	516	1	11	1	1125	
2204	516	1	22	2	1125	1126	
2205	516	1	11	1	1126	
2206	517	2	5	1	1127	
2207	518	2	6	1	1128	
2208	518	2	12	2	1128	1129	
2209	518	2	24	3	1128	1129	1130	
2210	518	2	18	2	1128	1130	
2211	518	2	6	1	1129	
2212	518	2	18	2	1129	1130	
2213	518	2	12	1	1130	
2214	519	2	6	1	1131	
2215	520	1	11	1	1132	
2216	520	1	22	2	1132	1133	
2217	520	1	33	3	1132	1133	1134	
2218	520	1	11	1	1133	
2219	520	1	22	2	1133	1134	
2220	520	1	33	3	1133	1134	1135	
2221	520	1	11	1	1134	
2222	520	1	22	2	1134	1135	
2223	520	1	11	1	1135	
2224	521	1	5	1	1136	
2225	521	1	10	2	1136	1137	
2226	521	1	15	3	1136	1137	1138	
2227	521	1	5	1	1137	
2228	521	1	10	2	1137	1138	
2229	521	1	15	3	1137	1138	1139	
2230	521	1	5	1	1138	
2231	521	1	10	2	1138	1139	
2232	521	1	15	3	1138	1139	1140	
2233	521	1	5	1	1139	
2234	521	1	10	2	1139	1140	
2235	521	1	15	3	1139	1140	1141	
2236	521	1	5	1	1140	
2237	521	1	10	2	1140	1141	
2238	521	1	5	1	1141	
2239	522	2	11	1	1142	
2240	523	1	11	1	1143	
2241	523	1	22	2	1143	1144	
2242	523	1	33	3	1143	1144	1145	
2243	523	1	11	1	1144	
2244	523	1	22	2	1144	1145	
2245	523	1	33	3	1144	1145	1146	
2246	523	1	11	1	1145	
2247	523	1	22	2	1145	1146	
2248	523	1	33	3	1145	1146	1147	
2249	523	1	11	1	1146	
2250	523	1	22	2	1146	1147	
2251	523	1	33	3	1146	1147	1148	
2252	523	1	11	1	1147	
2253	523	1	22	2	1147	1148	
2254	523	1	11	1	1148	
2255	524	1	10	1	1149	
2256	525	2	22	1	1150	
2257	526	2	11	1	1151	
2258	526	2	22	2	1151	1152	
2259	526	2	33	3	1151	1152	1153	
2260	526	2	11	1	1152	
2261	526	2	22	2	1152	1153	
2262	526	2	33	3	1152	1153	1154	
2263	526	2	11	1	1153	
2264	526	2	22	2	1153	1154	
2265	526	2	33	3	1153	1154	1155	
2266	526	2	11	1	1154	
2267	526	2	22	2	1154	1155	
2268	526	2	33	3	1154	1155	1156	
2269	526	2	11	1	1155	
2270	526	2	22	2	1155	1156	
2271	526	2	33	3	1155	1156	1157	
2272	526	2	11	1	1156	
2273	526	2	22	2	1156	1157	
2274	526	2	33	3	1156	1157	1158	
2275	526	2	11	1	1157	
2276	526	2	22	2	1157	1158	
2277	526	2	33	3	1157	1158	1159	
2278	526	2	11	1	1158	
2279	526	2	22	2	1158	1159	
2280	526	2	11	1	1159	
2281	527	1	6	1	1160	
2282	528	2	6	1	1161	
2283	529	1	22	1	1162	
2284	530	1	10	1	1163	
2285	530	1	20	2	1163	1164	
2286	530	1	10	1	1164	
2287	531	1	6	1	1165	
2288	532	2	6	1	1166	
2289	533	1	12	1	1167	
2290	533	1	18	2	1167	1168	
2291	533	1	6	1	1168	
2292	534	2	11	1	1169	
2293	534	2	22	2	1169	1170	
2294	534	2	33	3	1169	1170	1171	
2295	534	2	22	2	1169	1171	
2296	534	2	11	1	1170	
2297	534	2	22	2	1170	1171	
2298	534	2	11	1	1171	
2299	535	1	10	1	1172	
2300	536	1	12	1	1173	
2301	537	2	5	1	1174	
2302	538	2	5	1	1175	
2303	538	2	10	2	1175	1176	
2304	538	2	15	3	1175	1176	1177	
2305	538	2	5	1	1176	
2306	538	2	10	2	1176	1177	
2307	538	2	15	3	1176	1177	1178	
2308	538	2	5	1	1177	
2309	538	2	10	2	1177	1178	
2310	538	2	15	3	1177	1178	1179	
2311	538	2	5	1	1178	
2312	538	2	10	2	1178	1179	
2313	538	2	15	3	1178	1179	1180	
2314	538	2	5	1	1179	
2315	538	2	10	2	1179	1180	
2316	538	2	5	1	1180	
2317	539	2	5	1	1181	
2318	540	2	11	1	1182	
2319	541	2	11	1	1183	
2320	542	1	6	1	1184	
2321	543	1	6	1	1185	
2322	544	2	11	1	1186	
2323	544	2	22	2	1186	1187	
2324	544	2	33	3	1186	1187	1188	
2325	544	2	11	1	1187	
2326	544	2	22	2	1187	1188	
2327	544	2	33	3	1187	1188	1189	
2328	544	2	11	1	1188	
2329	544	2	22	2	1188	1189	
2330	544	2	33	3	1188	1189	1190	
2331	544	2	11	1	1189	
2332	544	2	22	2	1189	1190	
2333	544	2	33	3	1189	1190	1191	
2334	544	2	11	1	1190	
2335	544	2	22	2	1190	1191	
2336	544	2	33	3	1190	1191	1192	
2337	544	2	11	1	1191	
2338	544	2	22	2	1191	1192	
2339	544	2	11	1	1192	
2340	545	2	11	1	1193	
2341	545	2	22	2	1193	1194	
2342	545	2	33	3	1193	1194	1195	
2343	545	2	11	1	1194	
2344	545	2	22	2	1194	1195	
2345	545	2	33	3	1194	1195	1196	
2346	545	2	11	1	1195	
2347	545	2	22	2	1195	1196	
2348	545	2	33	3	1195	1196	1197	
2349	545	2	11	1	1196	
2350	545	2	22	2	1196	1197	
2351	545	2	33	3	1196	1197	1198	
2352	545	2	11	1	1197	
2353	545	2	22	2	1197	1198	
2354	545	2	33	3	1197	1198	1199	
2355	545	2	11	1	1198	
2356	545	2	22	2	1198	1199	
2357	545	2	33	3	1198	1199	1200	
2358	545	2	11	1	1199	
2359	545	2	22	2	1199	1200	
2360	545	2	33	3	1199	1200	1201	
2361	545	2	11	1	1200	
2362	545	2	22	2	1200	1201	
2363	545	2	11	1	1201	
2364	546	2	11	1	1202	
2365	547	1	11	1	1203	
2366	548	1	5	1	1204	
2367	548	1	10	2	1204	1205	
2368	548	1	5	1	1205	
2369	549	1	12	1	1206	
2370	549	1	18	2	1206	1207	
2371	549	1	24	3	1206	1207	1208	
2372	549	1	18	2	1206	1208	
2373	549	1	6	1	1207	
2374	549	1	12	2	1207	1208	
2375	549	1	6	1	1208	
2376	550	2	6	1	1209	
2377	551	1	10	1	1210	
2378	552	1	11	1	1211	
2379	552	1	22	2	1211	1212	
2380	552	1	33	3	1211	1212	1213	
2381	552	1	11	1	1212	
2382	552	1	22	2	1212	1213	
2383	552	1	33	3	1212	1213	1214	
2384	552	1	11	1	1213	
2385	552	1	22	2	1213	1214	
2386	552	1	33	3	1213	1214	1215	
2387	552	1	11	1	1214	
2388	552	1	22	2	1214	1215	
2389	552	1	33	3	1214	1215	1216	
2390	552	1	11	1	1215	
2391	552	1	22	2	1215	1216	
2392	552	1	33	3	1215	1216	1217	
2393	552	1	11	1	1216	
2394	552	1	22	2	1216	1217	
2395	552	1	11	1	1217	
2396	553	2	12	1	1218	
2397	554	2	6	1	1219	
2398	554	2	12	2	1219	1220	
2399	554	2	18	3	1219	1220	1221	
2400	554	2	6	1	1220	
2401	554	2	12	2	1220	1221	
2402	554	2	18	3	1220	1221	1222	
2403	554	2	6	1	1221	
2404	554	2	12	2	1221	1222	
2405	554	2	18	3	1221	1222	1223	
2406	554	2	6	1	1222	
2407	554	2	12	2	1222	1223	
2408	554	2	18	3	1222	1223	1224	
2409	554	2	6	1	1223	
2410	554	2	12	2	1223	1224	
2411	554	2	18	3	1223	1224	1225	
2412	554	2	6	1	1224	
2413	554	2	12	2	1224	1225	
2414	554	2	18	3	1224	1225	1226	
2415	554	2	6	1	1225	
2416	554	2	12	2	1225	1226	
2417	554	2	6	1	1226	
2418	555	2	6	1	1227	
2419	555	2	12	2	1227	1228	
2420	555	2	18	3	1227	1228	1229	
2421	555	2	6	1	1228	
2422	555	2	12	2	1228	1229	
2423	555	2	18	3	1228	1229	1230	
2424	555	2	6	1	1229	
2425	555	2	12	2	1229	1230	
2426	555	2	18	3	1229	1230	1231	
2427	555	2	6	1	1230	
2428	555	2	12	2	1230	1231	
2429	555	2	18	3	1230	1231	1232	
2430	555	2	6	1	1231	
2431	555	2	12	2	1231	1232	
2432	555	2	18	3	1231	1232	1233	
2433	555	2	6	1	1232	
2434	555	2	12	2	1232	1233	
2435	555	2	18	3	1232	1233	1234	
2436	555	2	6	1	1233	
2437	555	2	12	2	1233	1234	
2438	555	2	18	3	1233	1234	1235	
2439	555	2	6	1	1234	
2440	555	2	12	2	1234	1235	
2441	555	2	6	1	1235	
2442	556	1	11	1	1236	
2443	557	1	5	1	1237	
2444	557	1	10	2	1237	1238	
2445	557	1	15	3	1237	1238	1239	
2446	557	1	5	1	1238	
2447	557	1	10	2	1238	1239	
2448	557	1	15	3	1238	1239	1240	
2449	557	1	5	1	1239	
2450	557	1	10	2	1239	1240	
2451	557	1	5	1	1240	
2452	558	1	11	1	1241	
2453	559	2	6	1	1242	
2454	560	2	11	1	1243	
2455	561	2	5	1	1244	
2456	562	1	6	1	1245	
2457	562	1	12	2	1245	1246	
2458	562	1	18	3	1245	1246	1247	
2459	562	1	6	1	1246	
2460	562	1	12	2	1246	1247	
2461	562	1	18	3	1246	1247	1248	
2462	562	1	6	1	1247	
2463	562	1	12	2	1247	1248	
2464	562	1	18	3	1247	1248	1249	
2465	562	1	6	1	1248	
2466	562	1	12	2	1248	1249	
2467	562	1	6	1	1249	
2468	563	2	11	1	1250	
2469	564	1	5	1	1251	
2470	565	1	6	1	1252	
2471	566	1	6	1	1253	
2472	566	1	12	2	1253	1254	
2473	566	1	18	3	1253	1254	1255	
2474	566	1	6	1	1254	
2475	566	1	12	2	1254	1255	
2476	566	1	18	3	1254	1255	1256	
2477	566	1	6	1	1255	
2478	566	1	12	2	1255	1256	
2479	566	1	18	3	1255	1256	1257	
2480	566	1	6	1	1256	
2481	566	1	12	2	1256	1257	
2482	566	1	18	3	1256	1257	1258	
2483	566	1	6	1	1257	
2484	566	1	12	2	1257	1258	
2485	566	1	18	3	1257	1258	1259	
2486	566	1	6	1	1258	
2487	566	1	12	2	1258	1259	
2488	566	1	6	1	1259	
2489	567	2	5	1	1260	
2490	568	1	6	1	1261	
2491	569	1	11	1	1262	
2492	569	1	22	2	1262	1263	
2493	569	1	33	3	1262	1263	1264	
2494	569	1	11	1	1263	
2495	569	1	22	2	1263	1264	
2496	569	1	33	3	1263	1264	1265	
2497	569	1	11	1	1264	
2498	569	1	22	2	1264	1265	
2499	569	1	33	3	1264	1265	1266	
2500	569	1	11	1	1265	
2501	569	1	22	2	1265	1266	
2502	569	1	33	3	1265	1266	1267	
2503	569	1	11	1	1266	
2504	569	1	22	2	1266	1267	
2505	569	1	33	3	1266	1267	1268	
2506	569	1	11	1	1267	
2507	569	1	22	2	1267	1268	
2508	569	1	11	1	1268	
2509	570	1	10	1	1269	
2510	571	2	6	1	1270	
2511	572	2	5	1	1271	
2512	572	2	10	2	1271	1272	
2513	572	2	5	1	1272	
2514	573	1	22	1	1273	
2515	573	1	33	2	1273	1274	
2516	573	1	44	3	1273	1274	1275	
2517	573	1	33	2	1273	1275	
2518	573	1	11	1	1274	
2519	573	1	22	2	1274	1275	
2520	573	1	11	1	1275	
2521	574	2	22	1	1276	
2522	575	1	5	1	1277	
2523	576	1	6	1	1278	
2524	577	2	12	1	1279	
2525	577	2	30	2	1279	1280	
2526	577	2	36	3	1279	1280	1281	
2527	577	2	18	2	1279	1281	
2528	577	2	18	1	1280	
2529	577	2	24	2	1280	1281	
2530	577	2	6	1	1281	
2531	578	2	6	1	1282	
2532	579	1	12	1	1283	
2533	580	2	6	1	1284	
2534	581	2	5	1	1285	
2535	582	2	5	1	1286	
2536	583	2	12	1	1287	
2537	584	1	11	1	1288	
2538	585	1	10	1	1289	
2539	586	1	22	1	1290	
2540	587	1	22	1	1291	
2541	588	2	11	1	1292	
2542	589	1	12	1	1293	
2543	590	2	5	1	1294	
2544	590	2	10	2	1294	1295	
2545	590	2	15	3	1294	1295	1296	
2546	590	2	5	1	1295	
2547	590	2	10	2	1295	1296	
2548	590	2	15	3	1295	1296	1297	
2549	590	2	5	1	1296	
2550	590	2	10	2	1296	1297	
2551	590	2	15	3	1296	1297	1298	
2552	590	2	5	1	1297	
2553	590	2	10	2	1297	1298	
2554	590	2	15	3	1297	1298	1299	
2555	590	2	5	1	1298	
2556	590	2	10	2	1298	1299	
2557	590	2	15	3	1298	1299	1300	
2558	590	2	5	1	1299	
2559	590	2	10	2	1299	1300	
2560	590	2	15	3	1299	1300	1301	
2561	590	2	5	1	1300	
2562	590	2	10	2	1300	1301	
2563	590	2	15	3	1300	1301	1302	
2564	590	2	5	1	1301	
2565	590	2	10	2	1301	1302	
2566	590	2	5	1	1302	
2567	591	1	5	1	1303	
2568	592	1	6	1	1304	
2569	593	1	6	1	1305	
2570	593	1	12	2	1305	1306	
2571	593	1	6	1	1306	
2572	594	1	6	1	1307	
2573	594	1	12	2	1307	1308	
2574	594	1	6	1	1308	
2575	595	1	5	1	1309	
2576	596	1	5	1	1310	
2577	597	2	33	1	1311	
2578	598	2	11	1	1312	
2579	598	2	22	2	1312	1313	
2580	598	2	33	3	1312	1313	1314	
2581	598	2	22	2	1312	1314	
2582	598	2	11	1	1313	
2583	598	2	22	2	1313	1314	
2584	598	2	11	1	1314	
2585	599	2	11	1	1315	
2586	0	1	10	2	1316	1317
2587	1	2	11	1	1318
2588	2	1	15	2	1319	1320
2589	3	2	10	1	1321
2590	4	2	10	1	1322
2591	5	2	33	2	1323	1324
2592	6	1	18	2	1325	1326
2593	7	1	6	1	1327
2594	8	1	20	2	1328	1329
2595	9	1	22	1	1330
2596	10	1	12	2	1331	1332
2597	11	1	25	3	1333	1334	1335
2598	12	2	20	2	1336	1337
2599	13	2	22	1	1338
2600	14	1	6	1	1339
2601	15	1	48	4	1340	1341	1342	1343
2602	16	2	6	1	1344
2603	17	1	33	2	1345	1346
2604	18	1	44	2	1347	1348
2605	19	1	10	1	1349
2606	20	2	22	2	1350	1351
2607	21	1	6	1	1352
2608	22	2	22	1	1353
2609	23	1	66	3	1354	1355	1356
2610	24	1	33	2	1357	1358
2611	25	2	18	2	1359	1360
2612	26	2	33	2	1361	1362
2613	27	2	18	2	1363	1364
2614	28	2	44	2	1365	1366
2615	29	1	35	4	1367	1368	1369	1370
2616	30	2	15	2	1371	1372
2617	31	2	22	1	1373
2618	32	1	12	1	1374
2619	33	1	77	4	1375	1376	1377	1378
2620	34	2	18	3	1379	1380	1381
2621	35	2	66	4	1382	1383	1384	1385
2622	36	2	10	1	1386
2623	37	1	24	2	1387	1388
2624	38	1	10	2	1389	1390
2625	39	2	18	2	1391	1392
2626	40	2	12	2	1393	1394
2627	41	1	18	2	1395	1396
2628	42	2	22	1	1397
2629	43	2	18	2	1398	1399
2630	44	2	15	2	1400	1401
2631	45	2	33	2	1402	1403
2632	46	2	11	1	1404
2633	47	2	18	2	1405	1406
2634	48	1	5	1	1407
2635	49	1	33	2	1408	1409
2636	50	1	30	4	1410	1411	1412	1413
2637	51	2	12	1	1414
2638	52	1	12	1	1415
2639	53	2	33	2	1416	1417
2640	54	2	22	1	1418
2641	55	2	18	3	1419	1420	1421
2642	56	1	12	1	1422
2643	57	1	55	4	1423	1424	1425	1426
2644	58	2	55	3	1427	1428	1429
2645	59	1	22	1	1430
2646	60	1	36	4	1431	1432	1433	1434
2647	61	2	22	1	1435
2648	62	2	30	4	1436	1437	1438	1439
2649	63	2	18	2	1440	1441
2650	64	2	15	2	1442	1443
2651	65	1	55	4	1444	1445	1446	1447
2652	66	1	15	2	1448	1449
2653	67	1	24	2	1450	1451
2654	68	2	20	3	1452	1453	1454
2655	69	1	10	2	1455	1456
2656	70	2	33	3	1457	1458	1459
2657	71	2	30	4	1460	1461	1462	1463
2658	72	2	33	2	1464	1465
2659	73	2	11	1	1466
2660	74	1	12	2	1467	1468
2661	75	1	18	2	1469	1470
2662	76	1	36	4	1471	1472	1473	1474
2663	77	2	20	2	1475	1476
2664	78	1	12	1	1477
2665	79	2	6	1	1478
2666	80	1	12	1	1479
2667	81	1	18	2	1480	1481
2668	82	2	55	3	1482	1483	1484
2669	83	1	15	2	1485	1486
2670	84	1	10	1	1487
2671	85	1	10	1	1488
2672	86	2	15	2	1489	1490
2673	87	1	10	1	1491
2674	88	1	15	2	1492	1493
2675	89	1	42	4	1494	1495	1496	1497
2676	90	2	5	1	1498
2677	91	2	11	1	1499
2678	92	2	33	2	1500	1501
2679	93	2	11	1	1502
2680	94	1	12	2	1503	1504
2681	95	1	12	1	1505
2682	96	2	22	2	1506	1507
2683	97	2	22	1	1508
2684	98	2	12	2	1509	1510
2685	99	1	22	1	1511
2686	100	1	6	1	1512
2687	101	1	24	4	1513	1514	1515	1516
2688	102	1	22	2	1517	1518
2689	103	2	5	1	1519
2690	104	2	22	1	1520
2691	105	2	12	1	1521
2692	106	1	10	1	1522
2693	107	1	6	1	1523
2694	108	2	20	2	1524	1525
2695	109	2	12	1	1526
2696	110	1	15	2	1527	1528
2697	111	1	30	3	1529	1530	1531
2698	112	1	12	1	1532
2699	113	2	24	2	1533	1534
2700	114	1	6	1	1535
2701	115	1	6	1	1536
2702	116	1	30	4	1537	1538	1539	1540
2703	117	2	10	1	1541
2704	118	1	11	1	1542
2705	119	1	18	2	1543	1544
2706	120	2	18	2	1545	1546
2707	121	2	12	1	1547
2708	122	1	11	1	1548
2709	123	1	11	1	1549
2710	124	1	18	2	1550	1551
2711	125	2	22	1	1552
2712	126	1	33	2	1553	1554
2713	127	2	15	2	1555	1556
2714	128	2	12	1	1557
2715	129	1	22	2	1558	1559
2716	130	2	33	2	1560	1561
2717	131	2	30	4	1562	1563	1564	1565
2718	132	2	22	1	1566
2719	133	1	15	2	1567	1568
2720	134	1	22	1	1569
2721	135	2	10	2	1570	1571
2722	136	2	11	1	1572
2723	137	1	18	2	1573	1574
2724	138	2	22	2	1575	1576
2725	139	1	5	1	1577
2726	140	1	44	3	1578	1579	1580
2727	141	1	18	2	1581	1582
2728	142	2	15	2	1583	1584
2729	143	2	12	2	1585	1586
2730	144	1	11	1	1587
2731	145	2	12	1	1588
2732	146	2	11	1	1589
2733	147	2	6	1	1590
2734	148	1	22	2	1591	1592
2735	149	2	20	3	1593	1594	1595
2736	150	2	12	1	1596
2737	151	1	35	4	1597	1598	1599	1600
2738	152	2	18	2	1601	1602
2739	153	2	11	1	1603
2740	154	1	12	1	1604
2741	155	2	12	1	1605
2742	156	1	15	2	1606	1607
2743	157	1	36	3	1608	1609	1610
2744	158	1	11	1	1611
2745	159	1	33	2	1612	1613
2746	160	2	24	2	1614	1615
2747	161	1	24	2	1616	1617
2748	162	2	24	4	1618	1619	1620	1621
2749	163	1	11	1	1622
2750	164	1	18	2	1623	1624
2751	165	1	10	1	1625
2752	166	1	18	2	1626	1627
2753	167	2	20	3	1628	1629	1630
2754	168	2	12	1	1631
2755	169	1	6	1	1632
2756	170	2	6	1	1633
2757	171	2	15	2	1634	1635
2758	172	2	44	2	1636	1637
2759	173	1	10	2	1638	1639
2760	174	1	6	1	1640
2761	175	2	10	1	1641
2762	176	2	10	1	1642
2763	177	1	18	2	1643	1644
2764	178	2	15	2	1645	1646
2765	179	1	12	1	1647
2766	180	2	22	1	1648
2767	181	2	22	2	1649	1650
2768	182	2	30	4	1651	1652	1653	1654
2769	183	1	5	1	1655
2770	184	2	12	2	1656	1657
2771	185	2	33	2	1658	1659
2772	186	2	18	2	1660	1661
2773	187	1	15	2	1662	1663
2774	188	2	12	1	1664
2775	189	2	15	2	1665	1666
2776	190	2	15	2	1667	1668
2777	191	1	22	1	1669
2778	192	1	44	2	1670	1671
2779	193	1	18	2	1672	1673
2780	194	1	15	2	1674	1675
2781	195	1	18	2	1676	1677
2782	196	2	15	2	1678	1679
2783	197	1	22	1	1680
2784	198	1	36	4	1681	1682	1683	1684
2785	199	1	44	2	1685	1686
2786	200	1	15	2	1687	1688
2787	201	1	20	2	1689	1690
2788	202	2	11	1	1691
2789	203	1	24	2	1692	1693
2790	204	1	6	1	1694
2791	205	1	6	1	1695
2792	206	2	18	2	1696	1697
2793	207	1	5	1	1698
2794	208	1	10	1	1699
2795	209	2	10	1	1700
2796	210	1	6	1	1701
2797	211	1	33	2	1702	1703
2798	212	2	11	1	1704
2799	213	1	44	2	1705	1706
2800	214	1	33	2	1707	1708
2801	215	2	77	4	1709	1710	1711	1712
2802	216	1	22	1	1713
2803	217	1	12	1	1714
2804	218	1	18	2	1715	1716
2805	219	2	6	1	1717
2806	220	2	5	1	1718
2807	221	2	33	2	1719	1720
2808	222	2	15	2	1721	1722
2809	223	2	11	1	1723
2810	224	1	12	1	1724
2811	225	2	20	3	1725	1726	1727
2812	226	2	5	1	1728
2813	227	1	22	2	1729	1730
2814	228	2	5	1	1731
2815	229	2	10	1	1732
2816	230	1	10	2	1733	1734
2817	231	1	20	4	1735	1736	1737	1738
2818	232	1	10	1	1739
2819	233	2	10	1	1740
2820	234	1	12	1	1741
2821	235	1	18	2	1742	1743
2822	236	2	30	4	1744	1745	1746	1747
2823	237	2	15	2	1748	1749
2824	238	1	12	1	1750
2825	239	1	10	1	1751
2826	240	2	5	1	1752
2827	241	2	12	1	1753
2828	242	1	20	3	1754	1755	1756
2829	243	1	33	2	1757	1758
2830	244	2	5	1	1759
2831	245	2	44	3	1760	1761	1762
2832	246	1	44	2	1763	1764
2833	247	2	55	4	1765	1766	1767	1768
2834	248	1	11	1	1769
2835	249	2	35	4	1770	1771	1772	1773
2836	250	1	44	2	1774	1775
2837	251	1	33	2	1776	1777
2838	252	1	30	3	1778	1779	1780
2839	253	1	22	1	1781
2840	254	2	6	1	1782
2841	255	1	12	1	1783
2842	256	2	10	2	1784	1785
2843	257	2	55	4	1786	1787	1788	1789
2844	258	2	11	1	1790
2845	259	1	5	1	1791
2846	260	1	33	2	1792	1793
2847	261	2	20	2	1794	1795
2848	262	1	12	1	1796
2849	263	1	6	1	1797
2850	264	2	35	4	1798	1799	1800	1801
2851	265	2	33	2	1802	1803
2852	266	2	15	2	1804	1805
2853	267	1	15	3	1806	1807	1808
2854	268	2	11	1	1809
2855	269	1	33	2	1810	1811
2856	270	2	22	1	1812
2857	271	1	20	2	1813	1814
2858	272	2	20	2	1815	1816
2859	273	1	22	1	1817
2860	274	1	24	2	1818	1819
2861	275	2	22	1	1820
2862	276	2	20	3	1821	1822	1823
2863	277	2	12	2	1824	1825
2864	278	1	12	1	1826
2865	279	1	33	2	1827	1828
2866	280	1	10	1	1829
2867	281	1	33	2	1830	1831
2868	282	1	33	2	1832	1833
2869	283	2	22	1	1834
2870	284	2	25	3	1835	1836	1837
2871	285	2	18	2	1838	1839
2872	286	1	18	2	1840	1841
2873	287	1	18	2	1842	1843
2874	288	1	22	1	1844
2875	289	2	15	2	1845	1846
2876	290	1	12	1	1847
2877	291	2	10	1	1848
2878	292	1	5	1	1849
2879	293	2	6	1	1850
2880	294	1	20	2	1851	1852
2881	295	1	22	1	1853
2882	296	2	36	4	1854	1855	1856	1857
2883	297	2	44	2	1858	1859
2884	298	1	12	1	1860
2885	299	1	10	1	1861
2886	300	2	33	2	1862	1863
2887	301	2	18	2	1864	1865
2888	302	1	36	4	1866	1867	1868	1869
2889	303	2	20	2	1870	1871
2890	304	2	33	2	1872	1873
2891	305	2	5	1	1874
2892	306	2	33	2	1875	1876
2893	307	2	20	2	1877	1878
2894	308	1	5	1	1879
2895	309	2	11	1	1880
2896	310	1	30	3	1881	1882	1883
2897	311	1	30	3	1884	1885	1886
2898	312	2	20	3	1887	1888	1889
2899	313	1	6	1	1890
2900	314	2	5	1	1891
2901	315	2	18	2	1892	1893
2902	316	2	15	2	1894	1895
2903	317	1	15	2	1896	1897
2904	318	2	5	1	1898
2905	319	1	10	2	1899	1900
2906	320	2	44	2	1901	1902
2907	321	1	15	2	1903	1904
2908	322	2	5	1	1905
2909	323	2	12	1	1906
2910	324	1	22	2	1907	1908
2911	325	1	20	2	1909	1910
2912	326	1	12	2	1911	1912
2913	327	1	22	1	1913
2914	328	2	44	2	1914	1915
2915	329	1	10	1	1916
2916	330	1	22	1	1917
2917	331	2	66	4	1918	1919	1920	1921
2918	332	1	15	2	1922	1923
2919	333	2	11	1	1924
2920	334	2	15	2	1925	1926
2921	335	2	36	4	1927	1928	1929	1930
2922	336	2	20	3	1931	1932	1933
2923	337	1	33	2	1934	1935
2924	338	1	24	2	1936	1937
2925	339	1	20	2	1938	1939
2926	340	1	5	1	1940
2927	341	1	33	2	1941	1942
2928	342	1	10	1	1943
2929	343	2	11	1	1944
2930	344	1	44	2	1945	1946
2931	345	2	22	1	1947
2932	346	1	22	1	1948
2933	347	2	6	1	1949
2934	348	1	33	2	1950	1951
2935	349	1	18	2	1952	1953
2936	350	1	5	1	1954
2937	351	2	36	4	1955	1956	1957	1958
2938	352	1	20	2	1959	1960
2939	353	1	15	2	1961	1962
2940	354	1	5	1	1963
2941	355	1	6	1	1964
2942	356	1	55	4	1965	1966	1967	1968
2943	357	1	12	1	1969
2944	358	2	15	2	1970	1971
2945	359	2	55	3	1972	1973	1974
2946	360	1	44	2	1975	1976
2947	361	1	36	4	1977	1978	1979	1980
2948	362	2	20	2	1981	1982
2949	363	1	5	1	1983
2950	364	2	33	2	1984	1985
2951	365	2	10	2	1986	1987
2952	366	1	11	1	1988
2953	367	1	18	2	1989	1990
2954	368	2	20	2	1991	1992
2955	369	1	6	1	1993
2956	370	2	55	3	1994	1995	1996
2957	371	1	12	1	1997
2958	372	1	5	1	1998
2959	373	2	5	1	1999
2960	374	2	5	1	2000
2961	375	1	6	1	2001
2962	376	2	12	1	2002
2963	377	2	40	4	2003	2004	2005	2006
2964	378	2	18	2	2007	2008
2965	379	2	24	2	2009	2010
2966	380	1	12	1	2011
2967	381	2	6	1	2012
2968	382	2	24	2	2013	2014
2969	383	2	15	2	2015	2016
2970	384	1	6	1	2017
2971	385	2	55	4	2018	2019	2020	2021
2972	386	1	10	1	2022
2973	387	1	15	2	2023	2024
2974	388	2	6	1	2025
2975	389	1	33	2	2026	2027
2976	390	2	6	1	2028
2977	391	2	6	1	2029
2978	392	1	33	2	2030	2031
2979	393	1	5	1	2032
2980	394	2	20	3	2033	2034	2035
2981	395	1	30	4	2036	2037	2038	2039
2982	396	1	33	2	2040	2041
2983	397	1	11	1	2042
2984	398	1	12	1	2043
2985	399	2	36	4	2044	2045	2046	2047
2986	400	1	22	2	2048	2049
2987	401	1	15	2	2050	2051
2988	402	2	5	1	2052
2989	403	2	5	1	2053
2990	404	2	11	1	2054
2991	405	1	40	4	2055	2056	2057	2058
2992	406	1	24	2	2059	2060
2993	407	1	11	1	2061
2994	408	2	11	1	2062
2995	409	2	11	1	2063
2996	410	2	22	1	2064
2997	411	1	18	2	2065	2066
2998	412	1	12	1	2067
2999	413	1	10	1	2068
3000	414	1	10	2	2069	2070
3001	415	2	33	2	2071	2072
3002	416	2	25	3	2073	2074	2075
3003	417	2	22	1	2076
3004	418	1	22	2	2077	2078
3005	419	1	22	1	2079
3006	420	2	11	1	2080
3007	421	2	18	2	2081	2082
3008	422	1	24	2	2083	2084
3009	423	2	10	1	2085
3010	424	1	12	1	2086
3011	425	1	22	1	2087
3012	426	2	44	2	2088	2089
3013	427	2	11	1	2090
3014	428	1	20	2	2091	2092
3015	429	1	12	1	2093
3016	430	2	11	1	2094
3017	431	2	24	2	2095	2096
3018	432	1	10	2	2097	2098
3019	433	1	10	2	2099	2100
3020	434	2	15	2	2101	2102
3021	435	1	66	4	2103	2104	2105	2106
3022	436	1	12	2	2107	2108
3023	437	1	15	2	2109	2110
3024	438	1	10	1	2111
3025	439	2	48	4	2112	2113	2114	2115
3026	440	2	22	1	2116
3027	441	2	18	2	2117	2118
3028	442	2	24	2	2119	2120
3029	443	1	22	1	2121
3030	444	2	10	2	2122	2123
3031	445	1	20	2	2124	2125
3032	446	1	6	1	2126
3033	447	2	10	2	2127	2128
3034	448	1	15	2	2129	2130
3035	449	2	12	2	2131	2132
3036	450	2	22	1	2133
3037	451	2	5	1	2134
3038	452	1	20	3	2135	2136	2137
3039	453	2	33	2	2138	2139
3040	454	1	24	2	2140	2141
3041	455	2	33	3	2142	2143	2144
3042	456	1	11	1	2145
3043	457	2	33	2	2146	2147
3044	458	2	33	2	2148	2149
3045	459	2	6	1	2150
3046	460	2	18	2	2151	2152
3047	461	2	11	1	2153
3048	462	2	18	2	2154	2155
3049	463	2	11	1	2156
3050	464	1	18	2	2157	2158
3051	465	1	6	1	2159
3052	466	2	11	1	2160
3053	467	1	36	4	2161	2162	2163	2164
3054	468	1	10	1	2165
3055	469	2	22	1	2166
3056	470	2	44	2	2167	2168
3057	471	1	55	3	2169	2170	2171
3058	472	2	11	1	2172
3059	473	1	10	1	2173
3060	474	1	33	2	2174	2175
3061	475	1	12	1	2176
3062	476	2	22	2	2177	2178
3063	477	1	18	2	2179	2180
3064	478	2	10	1	2181
3065	479	2	24	3	2182	2183	2184
3066	480	1	11	1	2185
3067	481	1	22	2	2186	2187
3068	482	2	24	3	2188	2189	2190
3069	483	1	6	1	2191
3070	484	2	15	2	2192	2193
3071	485	1	18	2	2194	2195
3072	486	2	24	2	2196	2197
3073	487	1	18	2	2198	2199
3074	488	1	12	2	2200	2201
3075	489	2	44	2	2202	2203
3076	490	2	24	2	2204	2205
3077	491	1	44	3	2206	2207	2208
3078	492	1	22	2	2209	2210
3079	493	1	18	2	2211	2212
3080	494	1	25	4	2213	2214	2215	2216
3081	495	1	5	1	2217
3082	496	2	10	1	2218
3083	497	2	12	1	2219
3084	498	2	36	4	2220	2221	2222	2223
3085	499	1	55	4	2224	2225	2226	2227
3086	500	1	12	1	2228
3087	501	1	20	2	2229	2230
3088	502	1	10	1	2231
3089	503	1	5	1	2232
3090	504	1	44	2	2233	2234
3091	505	2	55	3	2235	2236	2237
3092	506	1	33	2	2238	2239
3093	507	2	11	1	2240
3094	508	2	12	2	2241	2242
3095	509	2	33	2	2243	2244
3096	510	1	10	1	2245
3097	511	1	15	2	2246	2247
3098	512	2	11	1	2248
3099	513	2	77	4	2249	2250	2251	2252
3100	514	2	15	2	2253	2254
3101	515	2	24	3	2255	2256	2257
3102	516	1	22	1	2258
3103	517	2	10	1	2259
3104	518	2	18	2	2260	2261
3105	519	2	12	2	2262	2263
3106	520	1	44	3	2264	2265	2266
3107	521	1	25	3	2267	2268	2269
3108	522	2	22	1	2270
3109	523	1	55	3	2271	2272	2273
3110	524	1	20	2	2274	2275
3111	525	2	33	2	2276	2277
3112	526	2	55	4	2278	2279	2280	2281
3113	527	1	12	1	2282
3114	528	2	18	2	2283	2284
3115	529	1	11	1	2285
3116	530	1	15	2	2286	2287
3117	531	1	12	1	2288
3118	532	2	6	1	2289
3119	533	1	6	1	2290
3120	534	2	22	2	2291	2292
3121	535	1	10	2	2293	2294
3122	536	1	18	2	2295	2296
3123	537	2	5	1	2297
3124	538	2	20	3	2298	2299	2300
3125	539	2	10	1	2301
3126	540	2	44	2	2302	2303
3127	541	2	33	2	2304	2305
3128	542	1	12	2	2306	2307
3129	543	1	12	2	2308	2309
3130	544	2	55	4	2310	2311	2312	2313
3131	545	2	88	4	2314	2315	2316	2317
3132	546	2	44	2	2318	2319
3133	547	1	33	2	2320	2321
3134	548	1	10	2	2322	2323
3135	549	1	18	2	2324	2325
3136	550	2	12	1	2326
3137	551	1	10	2	2327	2328
3138	552	1	66	4	2329	2330	2331	2332
3139	553	2	12	1	2333
3140	554	2	30	3	2334	2335	2336
3141	555	2	48	4	2337	2338	2339	2340
3142	556	1	22	1	2341
3143	557	1	25	3	2342	2343	2344
3144	558	1	44	2	2345	2346
3145	559	2	18	2	2347	2348
3146	560	2	11	1	2349
3147	561	2	10	2	2350	2351
3148	562	1	30	3	2352	2353	2354
3149	563	2	22	2	2355	2356
3150	564	1	5	1	2357
3151	565	1	12	1	2358
3152	566	1	42	4	2359	2360	2361	2362
3153	567	2	5	1	2363
3154	568	1	12	1	2364
3155	569	1	66	4	2365	2366	2367	2368
3156	570	1	5	1	2369
3157	571	2	6	1	2370
3158	572	2	10	1	2371
3159	573	1	33	2	2372	2373
3160	574	2	33	2	2374	2375
3161	575	1	10	1	2376
3162	576	1	18	2	2377	2378
3163	577	2	24	2	2379	2380
3164	578	2	12	2	2381	2382
3165	579	1	12	1	2383
3166	580	2	12	2	2384	2385
3167	581	2	5	1	2386
3168	582	2	5	1	2387
3169	583	2	18	2	2388	2389
3170	584	1	11	1	2390
3171	585	1	20	2	2391	2392
3172	586	1	22	1	2393
3173	587	1	22	2	2394	2395
3174	588	2	44	2	2396	2397
3175	589	1	6	1	2398
3176	590	2	40	4	2399	2400	2401	2402
3177	591	1	15	2	2403	2404
3178	592	1	6	1	2405
3179	593	1	6	1	2406
3180	594	1	12	2	2407	2408
3181	595	1	15	2	2409	2410
3182	596	1	15	2	2411	2412
3183	597	2	33	2	2413	2414
3184	598	2	22	1	2415
3185	599	2	33	2	2416	2417
