775
0	1	2917	
1	2	2939	
2	5	2919	
3	6	3060	
4	7	2834	
5	8	2757	
6	9	2758	
7	10	2724	
8	11	2531	
9	12	2709	
10	16	3007	
11	17	2890	
12	18	2826	
13	19	2889	
14	20	2657	
15	24	2787	
16	26	2578	
17	27	2555	
18	31	2954	
19	32	2667	
20	33	2832	
21	39	2527	
22	40	2526	
23	42	2774	
24	44	2886	
25	46	2661	
26	49	2550	
27	50	2663	
28	51	2894	
29	52	3039	
30	53	2554	
31	54	2565	
32	55	2986	
33	57	3045	
34	60	2936	
35	62	2892	
36	65	2671	
37	66	2775	
38	67	2669	
39	74	2567	
40	76	2547	
41	79	2863	
42	80	3048	
43	81	3045	
44	84	2815	
45	87	2794	
46	89	2581	
47	90	2724	
48	91	2825	
49	94	2808	
50	95	2504	
51	100	3059	
52	104	2850	
53	108	2964	
54	109	2994	
55	112	2677	
56	114	2627	
57	115	2556	
58	122	2502	
59	123	2490	
60	125	3043	
61	127	2609	
62	128	2631	
63	130	2557	
64	133	2696	
65	134	2985	
66	135	2900	
67	138	3034	
68	142	3061	
69	144	2952	
70	145	2479	
71	146	2571	
72	147	2985	
73	148	2486	
74	149	2935	
75	150	2928	
76	151	2595	
77	152	2481	
78	153	2576	
79	154	2847	
80	155	3058	
81	156	2613	
82	162	2524	
83	168	2912	
84	172	2962	
85	179	2624	
86	182	2580	
87	183	3036	
88	184	2533	
89	188	2934	
90	189	3055	
91	190	2702	
92	191	2896	
93	192	2930	
94	193	2660	
95	194	2647	
96	195	3018	
97	196	2665	
98	197	2807	
99	199	2561	
100	200	3009	
101	202	2997	
102	203	2921	
103	204	2628	
104	205	2519	
105	207	2586	
106	208	2733	
107	213	2819	
108	214	2932	
109	216	2497	
110	219	2991	
111	222	2543	
112	227	2898	
113	230	2810	
114	231	2656	
115	233	2817	
116	236	2982	
117	237	2899	
118	238	2578	
119	239	2530	
120	240	2801	
121	244	2789	
122	245	3025	
123	246	2733	
124	247	2616	
125	248	2858	
126	251	3051	
127	259	2726	
128	260	2726	
129	262	2498	
130	263	2903	
131	264	2927	
132	268	2653	
133	270	2799	
134	276	2570	
135	278	2607	
136	280	2552	
137	281	2500	
138	282	2475	
139	283	2676	
140	287	3014	
141	289	3029	
142	291	2826	
143	292	2544	
144	294	2596	
145	297	2864	
146	298	2608	
147	301	2499	
148	303	2737	
149	305	3059	
150	310	2747	
151	311	2980	
152	314	2996	
153	315	2698	
154	316	2931	
155	318	3012	
156	319	3043	
157	321	2761	
158	322	2979	
159	323	2681	
160	326	3052	
161	327	3035	
162	328	2823	
163	330	2484	
164	331	2578	
165	333	2848	
166	334	2984	
167	336	2829	
168	337	2968	
169	338	2760	
170	339	2717	
171	344	2638	
172	348	2659	
173	349	2692	
174	357	3000	
175	359	2957	
176	360	2729	
177	363	2969	
178	365	2784	
179	367	2791	
180	372	2634	
181	373	2826	
182	374	2976	
183	380	2682	
184	381	2993	
185	382	2863	
186	384	2800	
187	389	2534	
188	390	2592	
189	392	2719	
190	395	2744	
191	396	3006	
192	398	2675	
193	402	2587	
194	407	2540	
195	408	2950	
196	409	2931	
197	410	2705	
198	411	2911	
199	413	3021	
200	414	2697	
201	416	2566	
202	418	2930	
203	419	2870	
204	423	2510	
205	426	3015	
206	428	2671	
207	429	2626	
208	432	2841	
209	434	2529	
210	439	2882	
211	444	2503	
212	445	2713	
213	446	2904	
214	447	2491	
215	448	2893	
216	449	2901	
217	450	3049	
218	452	2542	
219	453	2961	
220	455	2988	
221	458	2821	
222	459	2958	
223	460	2473	
224	461	2646	
225	463	2795	
226	464	2821	
227	466	2620	
228	467	2945	
229	469	2615	
230	470	2854	
231	472	2796	
232	473	2944	
233	475	2685	
234	477	2824	
235	478	2658	
236	480	2728	
237	482	2887	
238	484	2764	
239	485	2697	
240	491	2644	
241	492	3046	
242	494	2629	
243	495	2584	
244	498	3054	
245	500	2783	
246	501	2528	
247	502	2982	
248	504	2865	
249	507	2671	
250	508	3061	
251	509	2844	
252	510	2740	
253	511	2745	
254	514	2917	
255	515	2629	
256	517	2505	
257	518	2468	
258	521	2639	
259	523	2685	
260	525	2632	
261	526	2701	
262	527	2956	
263	528	3059	
264	529	2482	
265	530	2893	
266	531	2854	
267	533	2507	
268	534	2946	
269	538	3030	
270	539	2867	
271	540	3061	
272	541	2973	
273	544	3009	
274	545	2920	
275	547	2967	
276	548	2715	
277	552	2948	
278	553	3061	
279	554	2836	
280	555	2588	
281	557	2547	
282	558	2547	
283	559	2617	
284	562	2951	
285	563	2712	
286	564	2891	
287	566	2863	
288	567	2743	
289	568	2949	
290	570	2547	
291	571	2802	
292	572	2960	
293	573	2941	
294	574	2851	
295	579	2839	
296	582	2916	
297	584	2538	
298	588	2674	
299	589	2576	
300	593	2557	
301	595	2755	
302	596	2569	
303	599	3033	
304	600	2483	
305	601	2983	
306	602	2833	
307	610	2875	
308	615	2757	
309	616	2915	
310	621	2487	
311	622	2494	
312	625	2512	
313	627	2975	
314	629	2623	
315	630	2835	
316	632	2598	
317	633	2621	
318	635	2757	
319	636	2978	
320	638	3016	
321	639	2773	
322	640	2678	
323	641	2728	
324	643	2800	
325	645	2502	
326	648	2513	
327	649	2697	
328	651	2693	
329	654	2688	
330	657	2590	
331	658	2673	
332	659	2937	
333	660	2963	
334	663	2678	
335	664	3011	
336	665	2979	
337	667	2724	
338	668	2683	
339	669	2711	
340	674	2902	
341	675	2759	
342	676	2624	
343	679	2668	
344	681	2790	
345	682	2470	
346	683	2585	
347	684	2765	
348	689	2681	
349	690	2643	
350	692	2716	
351	695	2618	
352	697	2662	
353	698	2624	
354	700	2732	
355	701	3002	
356	702	2970	
357	704	2599	
358	705	2878	
359	707	2687	
360	708	2736	
361	709	2981	
362	710	2558	
363	714	2977	
364	717	2913	
365	718	3010	
366	719	3056	
367	721	2477	
368	724	2559	
369	725	2495	
370	727	3020	
371	728	2962	
372	729	2823	
373	730	2604	
374	733	2742	
375	734	2780	
376	736	2687	
377	737	2546	
378	738	2765	
379	739	2982	
380	742	2556	
381	743	2651	
382	744	3062	
383	746	2857	
384	753	2662	
385	755	2909	
386	756	2605	
387	757	2630	
388	758	2877	
389	759	2792	
390	763	2727	
391	764	2755	
392	765	2694	
393	766	2581	
394	767	3056	
395	768	2923	
396	772	2538	
397	773	2885	
398	776	2594	
399	777	2723	
400	778	2769	
401	779	2733	
402	780	3045	
403	782	2672	
404	785	3053	
405	786	2655	
406	788	3019	
407	789	2516	
408	793	2722	
409	796	3041	
410	797	2629	
411	800	3031	
412	803	2775	
413	804	2725	
414	805	2905	
415	809	2471	
416	810	2987	
417	813	2823	
418	814	2753	
419	815	2837	
420	816	2842	
421	819	2641	
422	821	3037	
423	823	2756	
424	824	2845	
425	826	2785	
426	828	2538	
427	829	2884	
428	830	2630	
429	831	2593	
430	837	2645	
431	838	2648	
432	839	3043	
433	843	3038	
434	846	3040	
435	847	2564	
436	848	2678	
437	849	2713	
438	852	3008	
439	857	2612	
440	858	2600	
441	859	3043	
442	861	2489	
443	864	2570	
444	866	2970	
445	867	2823	
446	869	2998	
447	870	2739	
448	871	2497	
449	873	2551	
450	875	2654	
451	876	2699	
452	880	2548	
453	883	2669	
454	884	2583	
455	885	2777	
456	886	2761	
457	887	2809	
458	888	2515	
459	890	2785	
460	891	2788	
461	892	3042	
462	893	2562	
463	896	2734	
464	898	2881	
465	899	2635	
466	900	2893	
467	901	2980	
468	904	3027	
469	905	2535	
470	906	2685	
471	907	2797	
472	914	2931	
473	916	2703	
474	918	2873	
475	919	2643	
476	920	2560	
477	925	2488	
478	926	2974	
479	929	2541	
480	931	2949	
481	934	2860	
482	937	2910	
483	939	2887	
484	940	2929	
485	945	2691	
486	946	2972	
487	947	2485	
488	948	2792	
489	950	2885	
490	953	2469	
491	954	2570	
492	959	3000	
493	961	2785	
494	962	2522	
495	966	2707	
496	967	2772	
497	969	2914	
498	970	2514	
499	971	2775	
500	972	3004	
501	974	2630	
502	975	2804	
503	977	2969	
504	978	3056	
505	979	2955	
506	980	2812	
507	984	2970	
508	988	2839	
509	991	2609	
510	992	2846	
511	993	2610	
512	994	2768	
513	998	2959	
514	999	2776	
515	1006	3001	
516	1007	2980	
517	1009	2630	
518	1010	2908	
519	1011	3013	
520	1012	2636	
521	1016	2713	
522	1017	3009	
523	1018	2633	
524	1020	2681	
525	1029	3000	
526	1030	2670	
527	1032	2820	
528	1034	2637	
529	1036	2634	
530	1039	2738	
531	1040	2748	
532	1041	2708	
533	1043	2922	
534	1044	2724	
535	1045	2602	
536	1046	2792	
537	1047	2741	
538	1048	2855	
539	1051	2755	
540	1053	2577	
541	1055	2847	
542	1061	3057	
543	1062	2839	
544	1066	2861	
545	1067	2611	
546	1072	3023	
547	1073	2853	
548	1076	2634	
549	1077	2771	
550	1080	2803	
551	1081	2466	
552	1083	2689	
553	1084	2947	
554	1085	2893	
555	1086	2726	
556	1087	2614	
557	1088	2762	
558	1089	2763	
559	1093	2813	
560	1094	2943	
561	1095	2953	
562	1097	2862	
563	1098	3022	
564	1103	2781	
565	1104	2854	
566	1105	2731	
567	1107	2818	
568	1113	2472	
569	1114	2690	
570	1117	2537	
571	1123	2480	
572	1124	3064	
573	1125	3032	
574	1128	3022	
575	1131	2521	
576	1132	2942	
577	1135	2940	
578	1136	2508	
579	1137	2826	
580	1139	2838	
581	1141	3063	
582	1142	2486	
583	1144	2782	
584	1146	2793	
585	1148	3050	
586	1149	3024	
587	1154	2695	
588	1158	2931	
589	1166	2520	
590	1167	2721	
591	1168	2883	
592	1170	3028	
593	1174	2680	
594	1176	2816	
595	1177	2612	
596	1178	2887	
597	1179	2805	
598	1180	2965	
599	1181	2591	
600	1183	2706	
601	1185	2579	
602	1186	2879	
603	1187	2650	
604	1189	2814	
605	1190	2640	
606	1194	2476	
607	1195	2557	
608	1197	2534	
609	1198	2574	
610	1199	2664	
611	1201	2467	
612	1203	2827	
613	1207	2918	
614	1208	2652	
615	1209	2493	
616	1210	2679	
617	1211	2501	
618	1213	2704	
619	1214	2970	
620	1215	2863	
621	1216	2615	
622	1217	2539	
623	1219	2582	
624	1220	2730	
625	1221	2603	
626	1222	2906	
627	1224	2831	
628	1226	2847	
629	1227	2962	
630	1230	2642	
631	1234	3000	
632	1235	2856	
633	1236	2765	
634	1237	2629	
635	1238	3005	
636	1240	2478	
637	1241	2752	
638	1242	2750	
639	1243	2511	
640	1245	2811	
641	1247	2700	
642	1249	2492	
643	1250	2926	
644	1251	2767	
645	1252	2999	
646	1258	2778	
647	1259	2545	
648	1260	3051	
649	1261	2830	
650	1262	2589	
651	1263	2525	
652	1264	2474	
653	1265	2786	
654	1266	2735	
655	1270	2618	
656	1271	2925	
657	1276	2612	
658	1277	3017	
659	1279	2884	
660	1280	2556	
661	1282	2568	
662	1284	2506	
663	1288	2523	
664	1290	2852	
665	1292	2746	
666	1294	2553	
667	1296	2575	
668	1297	2624	
669	1300	3003	
670	1303	2933	
671	1304	2538	
672	1313	2470	
673	1314	2849	
674	1316	2936	
675	1319	3044	
676	1320	2509	
677	1321	2557	
678	1322	2687	
679	1323	2553	
680	1327	2859	
681	1329	2779	
682	1331	2606	
683	1332	2751	
684	1334	2766	
685	1335	2992	
686	1337	2868	
687	1341	2990	
688	1344	2597	
689	1346	3016	
690	1347	2601	
691	1348	2828	
692	1352	2992	
693	1355	2895	
694	1356	2574	
695	1357	2749	
696	1359	3047	
697	1365	2754	
698	1368	2532	
699	1369	2696	
700	1370	2517	
701	1371	2666	
702	1372	2581	
703	1373	2697	
704	1375	2798	
705	1376	2792	
706	1379	2806	
707	1381	2634	
708	1382	2486	
709	1383	3026	
710	1386	2800	
711	1388	2966	
712	1390	3056	
713	1392	2866	
714	1393	2662	
715	1395	2907	
716	1396	2876	
717	1397	2941	
718	1399	2971	
719	1400	3016	
720	1401	3014	
721	1402	3017	
722	1404	2976	
723	1405	2609	
724	1409	2684	
725	1411	2995	
726	1412	2885	
727	1413	2622	
728	1414	2757	
729	1415	2874	
730	1416	2686	
731	1417	2885	
732	1424	2840	
733	1425	2989	
734	1426	2710	
735	1429	3014	
736	1431	2822	
737	1432	2938	
738	1433	2869	
739	1434	2502	
740	1443	2496	
741	1444	2549	
742	1445	2718	
743	1446	2924	
744	1447	2714	
745	1449	2834	
746	1452	2770	
747	1454	2880	
748	1456	2465	
749	1457	2877	
750	1464	2888	
751	1465	2518	
752	1466	2775	
753	1467	2572	
754	1470	2897	
755	1471	2649	
756	1472	3045	
757	1473	2671	
758	1477	2563	
759	1478	3009	
760	1479	2609	
761	1480	2843	
762	1481	2755	
763	1485	2470	
764	1486	2573	
765	1487	2619	
766	1488	2536	
767	1489	2720	
768	1490	2625	
769	1493	2872	
770	1494	2765	
771	1495	2871	
772	1497	2854	
773	1498	2661	
774	1499	2834	
