768
0	1	0	21	2080	2081	2082	2083	2084	2085	2086	2087	2088	2089	2090	2091	2092	2093	2094	2095	2096	2097	2098	2099	2100	
1	2	0	21	1968	1969	1970	1971	1972	1973	1974	1975	1976	1977	1978	1979	1980	1981	1982	1983	1984	1985	1986	1987	1988	
2	4	0	1	513	
3	5	0	1	2027	
4	9	0	1	159	
5	10	0	15	887	888	889	890	891	892	893	894	895	896	897	898	899	900	901	
6	11	0	12	84	85	86	87	88	89	90	91	92	93	94	95	
7	12	0	18	1172	1173	1174	1175	1176	1177	1178	1179	1180	1181	1182	1183	1184	1185	1186	1187	1188	1189	
8	13	0	7	2133	2134	2135	2136	2137	2138	2139	
9	14	0	1	1355	
10	16	0	21	1933	1934	1935	1936	1937	1938	1939	1940	1941	1942	1943	1944	1945	1946	1947	1948	1949	1950	1951	1952	1953	
11	17	0	18	1374	1375	1376	1377	1378	1379	1380	1381	1382	1383	1384	1385	1386	1387	1388	1389	1390	1391	
12	18	0	1	105	
13	19	0	1	1966	
14	23	0	3	2361	2362	2363	
15	26	0	1	797	
16	28	0	18	1172	1173	1174	1175	1176	1177	1178	1179	1180	1181	1182	1183	1184	1185	1186	1187	1188	1189	
17	29	0	1	1331	
18	32	0	1	1156	
19	34	0	1	1033	
20	35	0	1	1148	
21	36	0	3	1222	1223	1224	
22	41	0	1	2327	
23	42	0	3	1956	1957	1958	
24	44	0	1	472	
25	45	0	1	1167	
26	46	0	1	1143	
27	47	0	1	672	
28	49	0	15	296	297	298	299	300	301	302	303	304	305	306	307	308	309	310	
29	51	0	3	632	633	634	
30	52	0	18	597	598	599	600	601	602	603	604	605	606	607	608	609	610	611	612	613	614	
31	54	0	1	72	
32	55	0	1	1740	
33	56	0	1	2208	
34	58	0	1	659	
35	59	0	12	2034	2035	2036	2037	2038	2039	2040	2041	2042	2043	2044	2045	
36	60	0	9	457	458	459	460	461	462	463	464	465	
37	62	0	7	2016	2017	2018	2019	2020	2021	2022	
38	70	0	1	622	
39	77	0	21	433	434	435	436	437	438	439	440	441	442	443	444	445	446	447	448	449	450	451	452	453	
40	78	0	9	980	981	982	983	984	985	986	987	988	
41	79	0	7	143	144	145	146	147	148	149	
42	80	0	1	1287	
43	81	0	15	1302	1303	1304	1305	1306	1307	1308	1309	1310	1311	1312	1313	1314	1315	1316	
44	83	0	1	1168	
45	84	0	1	2207	
46	86	0	1	2339	
47	87	0	12	1863	1864	1865	1866	1867	1868	1869	1870	1871	1872	1873	1874	
48	90	0	21	1392	1393	1394	1395	1396	1397	1398	1399	1400	1401	1402	1403	1404	1405	1406	1407	1408	1409	1410	1411	1412	
49	92	0	1	1087	
50	93	0	1	312	
51	94	0	7	1751	1752	1753	1754	1755	1756	1757	
52	96	0	3	454	455	456	
53	97	0	3	1270	1271	1272	
54	99	0	1	162	
55	100	0	3	1011	1012	1013	
56	105	0	24	824	825	826	827	828	829	830	831	832	833	834	835	836	837	838	839	840	841	842	843	844	845	846	847	
57	106	0	3	575	576	577	
58	110	0	18	2236	2237	2238	2239	2240	2241	2242	2243	2244	2245	2246	2247	2248	2249	2250	2251	2252	2253	
59	111	0	21	384	385	386	387	388	389	390	391	392	393	394	395	396	397	398	399	400	401	402	403	404	
60	114	0	1	1373	
61	115	0	1	180	
62	116	0	1	1527	
63	117	0	1	318	
64	120	0	1	174	
65	121	0	1	1967	
66	122	0	1	796	
67	123	0	1	61	
68	124	0	1	1225	
69	125	0	1	2359	
70	127	0	1	468	
71	130	0	7	635	636	637	638	639	640	641	
72	131	0	15	676	677	678	679	680	681	682	683	684	685	686	687	688	689	690	
73	132	0	21	1877	1878	1879	1880	1881	1882	1883	1884	1885	1886	1887	1888	1889	1890	1891	1892	1893	1894	1895	1896	1897	
74	135	0	15	296	297	298	299	300	301	302	303	304	305	306	307	308	309	310	
75	138	0	18	2175	2176	2177	2178	2179	2180	2181	2182	2183	2184	2185	2186	2187	2188	2189	2190	2191	2192	
76	139	0	1	2028	
77	140	0	1	1368	
78	147	0	1	141	
79	148	0	24	197	198	199	200	201	202	203	204	205	206	207	208	209	210	211	212	213	214	215	216	217	218	219	220	
80	149	0	7	1004	1005	1006	1007	1008	1009	1010	
81	151	0	1	1491	
82	154	0	1	313	
83	155	0	1	1097	
84	157	0	9	1469	1470	1471	1472	1473	1474	1475	1476	1477	
85	159	0	21	942	943	944	945	946	947	948	949	950	951	952	953	954	955	956	957	958	959	960	961	962	
86	162	0	3	1420	1421	1422	
87	163	0	1	6	
88	164	0	1	915	
89	165	0	1	1574	
90	168	0	1	910	
91	169	0	18	123	124	125	126	127	128	129	130	131	132	133	134	135	136	137	138	139	140	
92	171	0	1	1220	
93	172	0	1	1456	
94	174	0	1	2029	
95	177	0	1	269	
96	179	0	24	1654	1655	1656	1657	1658	1659	1660	1661	1662	1663	1664	1665	1666	1667	1668	1669	1670	1671	1672	1673	1674	1675	1676	1677	
97	182	0	1	104	
98	183	0	21	1190	1191	1192	1193	1194	1195	1196	1197	1198	1199	1200	1201	1202	1203	1204	1205	1206	1207	1208	1209	1210	
99	184	0	1	1558	
100	185	0	1	1575	
101	186	0	1	2376	
102	187	0	1	1003	
103	189	0	15	1600	1601	1602	1603	1604	1605	1606	1607	1608	1609	1610	1611	1612	1613	1614	
104	194	0	1	222	
105	198	0	15	1760	1761	1762	1763	1764	1765	1766	1767	1768	1769	1770	1771	1772	1773	1774	
106	199	0	24	2149	2150	2151	2152	2153	2154	2155	2156	2157	2158	2159	2160	2161	2162	2163	2164	2165	2166	2167	2168	2169	2170	2171	2172	
107	200	0	24	1654	1655	1656	1657	1658	1659	1660	1661	1662	1663	1664	1665	1666	1667	1668	1669	1670	1671	1672	1673	1674	1675	1676	1677	
108	202	0	1	1777	
109	206	0	1	1793	
110	209	0	7	223	224	225	226	227	228	229	
111	210	0	1	288	
112	211	0	1	753	
113	212	0	9	274	275	276	277	278	279	280	281	282	
114	213	0	1	2068	
115	214	0	12	1631	1632	1633	1634	1635	1636	1637	1638	1639	1640	1641	1642	
116	215	0	1	467	
117	216	0	24	238	239	240	241	242	243	244	245	246	247	248	249	250	251	252	253	254	255	256	257	258	259	260	261	
118	217	0	1	1080	
119	218	0	1	1273	
120	219	0	3	1737	1738	1739	
121	220	0	18	123	124	125	126	127	128	129	130	131	132	133	134	135	136	137	138	139	140	
122	223	0	12	523	524	525	526	527	528	529	530	531	532	533	534	
123	224	0	7	1101	1102	1103	1104	1105	1106	1107	
124	227	0	9	992	993	994	995	996	997	998	999	1000	
125	230	0	3	2328	2329	2330	
126	231	0	1	7	
127	232	0	21	2080	2081	2082	2083	2084	2085	2086	2087	2088	2089	2090	2091	2092	2093	2094	2095	2096	2097	2098	2099	2100	
128	233	0	1	1989	
129	235	0	24	2149	2150	2151	2152	2153	2154	2155	2156	2157	2158	2159	2160	2161	2162	2163	2164	2165	2166	2167	2168	2169	2170	2171	2172	
130	236	0	18	2341	2342	2343	2344	2345	2346	2347	2348	2349	2350	2351	2352	2353	2354	2355	2356	2357	2358	
131	237	0	3	911	912	913	
132	240	0	1	1599	
133	245	0	7	2286	2287	2288	2289	2290	2291	2292	
134	246	0	3	1413	1414	1415	
135	247	0	1	586	
136	248	0	7	1108	1109	1110	1111	1112	1113	1114	
137	250	0	1	2141	
138	254	0	1	2202	
139	255	0	7	1317	1318	1319	1320	1321	1322	1323	
140	257	0	15	872	873	874	875	876	877	878	879	880	881	882	883	884	885	886	
141	258	0	1	1643	
142	261	0	1	1681	
143	262	0	3	1853	1854	1855	
144	263	0	9	1460	1461	1462	1463	1464	1465	1466	1467	1468	
145	264	0	1	2046	
146	265	0	12	1725	1726	1727	1728	1729	1730	1731	1732	1733	1734	1735	1736	
147	267	0	1	97	
148	270	0	1	178	
149	272	0	21	1830	1831	1832	1833	1834	1835	1836	1837	1838	1839	1840	1841	1842	1843	1844	1845	1846	1847	1848	1849	1850	
150	274	0	3	1504	1505	1506	
151	275	0	3	1718	1719	1720	
152	277	0	1	866	
153	278	0	15	754	755	756	757	758	759	760	761	762	763	764	765	766	767	768	
154	282	0	1	233	
155	283	0	7	798	799	800	801	802	803	804	
156	284	0	18	535	536	537	538	539	540	541	542	543	544	545	546	547	548	549	550	551	552	
157	287	0	24	1797	1798	1799	1800	1801	1802	1803	1804	1805	1806	1807	1808	1809	1810	1811	1812	1813	1814	1815	1816	1817	1818	1819	1820	
158	288	0	3	230	231	232	
159	289	0	1	62	
160	291	0	1	515	
161	292	0	12	498	499	500	501	502	503	504	505	506	507	508	509	
162	294	0	3	100	101	102	
163	296	0	1	1237	
164	298	0	1	234	
165	299	0	1	2265	
166	302	0	1	1339	
167	303	0	3	67	68	69	
168	304	0	1	1002	
169	305	0	1	2369	
170	306	0	1	311	
171	308	0	1	158	
172	309	0	3	1515	1516	1517	
173	310	0	15	1600	1601	1602	1603	1604	1605	1606	1607	1608	1609	1610	1611	1612	1613	1614	
174	313	0	21	1968	1969	1970	1971	1972	1973	1974	1975	1976	1977	1978	1979	1980	1981	1982	1983	1984	1985	1986	1987	1988	
175	319	0	7	917	918	919	920	921	922	923	
176	320	0	1	850	
177	322	0	3	270	271	272	
178	323	0	12	1240	1241	1242	1243	1244	1245	1246	1247	1248	1249	1250	1251	
179	324	0	3	2283	2284	2285	
180	325	0	1	925	
181	326	0	21	410	411	412	413	414	415	416	417	418	419	420	421	422	423	424	425	426	427	428	429	430	
182	327	0	21	1190	1191	1192	1193	1194	1195	1196	1197	1198	1199	1200	1201	1202	1203	1204	1205	1206	1207	1208	1209	1210	
183	329	0	1	810	
184	330	0	7	1088	1089	1090	1091	1092	1093	1094	
185	331	0	1	432	
186	332	0	12	963	964	965	966	967	968	969	970	971	972	973	974	
187	333	0	1	160	
188	334	0	12	26	27	28	29	30	31	32	33	34	35	36	37	
189	335	0	7	2102	2103	2104	2105	2106	2107	2108	
190	337	0	15	2267	2268	2269	2270	2271	2272	2273	2274	2275	2276	2277	2278	2279	2280	2281	
191	342	0	1	990	
192	343	0	24	2149	2150	2151	2152	2153	2154	2155	2156	2157	2158	2159	2160	2161	2162	2163	2164	2165	2166	2167	2168	2169	2170	2171	2172	
193	345	0	15	1760	1761	1762	1763	1764	1765	1766	1767	1768	1769	1770	1771	1772	1773	1774	
194	351	0	1	2266	
195	354	0	1	808	
196	357	0	1	1741	
197	359	0	1	1165	
198	360	0	21	1830	1831	1832	1833	1834	1835	1836	1837	1838	1839	1840	1841	1842	1843	1844	1845	1846	1847	1848	1849	1850	
199	361	0	3	80	81	82	
200	363	0	3	1169	1170	1171	
201	365	0	1	1723	
202	366	0	1	1066	
203	367	0	1	1226	
204	368	0	21	1830	1831	1832	1833	1834	1835	1836	1837	1838	1839	1840	1841	1842	1843	1844	1845	1846	1847	1848	1849	1850	
205	369	0	1	0	
206	371	0	18	329	330	331	332	333	334	335	336	337	338	339	340	341	342	343	344	345	346	
207	374	0	1	2032	
208	377	0	18	2236	2237	2238	2239	2240	2241	2242	2243	2244	2245	2246	2247	2248	2249	2250	2251	2252	2253	
209	379	0	7	107	108	109	110	111	112	113	
210	380	0	1	1166	
211	386	0	1	2174	
212	387	0	3	469	470	471	
213	389	0	1	1154	
214	390	0	7	1290	1291	1292	1293	1294	1295	1296	
215	392	0	21	729	730	731	732	733	734	735	736	737	738	739	740	741	742	743	744	745	746	747	748	749	
216	396	0	1	476	
217	397	0	1	1219	
218	401	0	1	1367	
219	403	0	3	863	864	865	
220	404	0	21	1933	1934	1935	1936	1937	1938	1939	1940	1941	1942	1943	1944	1945	1946	1947	1948	1949	1950	1951	1952	1953	
221	409	0	1	486	
222	410	0	18	1696	1697	1698	1699	1700	1701	1702	1703	1704	1705	1706	1707	1708	1709	1710	1711	1712	1713	
223	411	0	1	142	
224	412	0	9	457	458	459	460	461	462	463	464	465	
225	413	0	24	2109	2110	2111	2112	2113	2114	2115	2116	2117	2118	2119	2120	2121	2122	2123	2124	2125	2126	2127	2128	2129	2130	2131	2132	
226	415	0	21	554	555	556	557	558	559	560	561	562	563	564	565	566	567	568	569	570	571	572	573	574	
227	416	0	3	520	521	522	
228	417	0	1	2031	
229	419	0	15	754	755	756	757	758	759	760	761	762	763	764	765	766	767	768	
230	420	0	1	2360	
231	421	0	1	41	
232	422	0	9	274	275	276	277	278	279	280	281	282	
233	423	0	3	1039	1040	1041	
234	425	0	1	1297	
235	426	0	12	84	85	86	87	88	89	90	91	92	93	94	95	
236	428	0	1	273	
237	432	0	3	819	820	821	
238	436	0	1	1724	
239	437	0	1	1630	
240	438	0	1	1954	
241	439	0	9	2070	2071	2072	2073	2074	2075	2076	2077	2078	
242	441	0	7	903	904	905	906	907	908	909	
243	445	0	1	1482	
244	446	0	24	197	198	199	200	201	202	203	204	205	206	207	208	209	210	211	212	213	214	215	216	217	218	219	220	
245	451	0	1	2050	
246	458	0	1	2338	
247	459	0	1	2333	
248	462	0	7	1902	1903	1904	1905	1906	1907	1908	
249	465	0	1	2370	
250	467	0	1	1514	
251	472	0	1	319	
252	475	0	9	588	589	590	591	592	593	594	595	596	
253	476	0	1	868	
254	477	0	1	1998	
255	478	0	1	96	
256	479	0	1	2282	
257	480	0	24	769	770	771	772	773	774	775	776	777	778	779	780	781	782	783	784	785	786	787	788	789	790	791	792	
258	482	0	12	930	931	932	933	934	935	936	937	938	939	940	941	
259	483	0	15	676	677	678	679	680	681	682	683	684	685	686	687	688	689	690	
260	484	0	1	2026	
261	487	0	1	1852	
262	490	0	3	194	195	196	
263	491	0	7	1856	1857	1858	1859	1860	1861	1862	
264	493	0	24	1797	1798	1799	1800	1801	1802	1803	1804	1805	1806	1807	1808	1809	1810	1811	1812	1813	1814	1815	1816	1817	1818	1819	1820	
265	495	0	15	872	873	874	875	876	877	878	879	880	881	882	883	884	885	886	
266	498	0	7	1821	1822	1823	1824	1825	1826	1827	
267	500	0	1	221	
268	501	0	1	179	
269	510	0	18	2236	2237	2238	2239	2240	2241	2242	2243	2244	2245	2246	2247	2248	2249	2250	2251	2252	2253	
270	511	0	1	1965	
271	512	0	21	1877	1878	1879	1880	1881	1882	1883	1884	1885	1886	1887	1888	1889	1890	1891	1892	1893	1894	1895	1896	1897	
272	516	0	1	287	
273	517	0	1	1512	
274	518	0	1	867	
275	519	0	1	314	
276	521	0	1	25	
277	524	0	1	1086	
278	525	0	1	1337	
279	526	0	1	2377	
280	527	0	1	2368	
281	531	0	1	671	
282	535	0	21	410	411	412	413	414	415	416	417	418	419	420	421	422	423	424	425	426	427	428	429	430	
283	537	0	1	367	
284	538	0	15	1615	1616	1617	1618	1619	1620	1621	1622	1623	1624	1625	1626	1627	1628	1629	
285	539	0	15	2052	2053	2054	2055	2056	2057	2058	2059	2060	2061	2062	2063	2064	2065	2066	
286	540	0	7	1647	1648	1649	1650	1651	1652	1653	
287	543	0	1	1119	
288	544	0	15	714	715	716	717	718	719	720	721	722	723	724	725	726	727	728	
289	545	0	21	384	385	386	387	388	389	390	391	392	393	394	395	396	397	398	399	400	401	402	403	404	
290	546	0	1	1569	
291	549	0	21	1933	1934	1935	1936	1937	1938	1939	1940	1941	1942	1943	1944	1945	1946	1947	1948	1949	1950	1951	1952	1953	
292	551	0	24	238	239	240	241	242	243	244	245	246	247	248	249	250	251	252	253	254	255	256	257	258	259	260	261	
293	554	0	3	1299	1300	1301	
294	556	0	9	623	624	625	626	627	628	629	630	631	
295	560	0	7	1340	1341	1342	1343	1344	1345	1346	
296	561	0	15	1615	1616	1617	1618	1619	1620	1621	1622	1623	1624	1625	1626	1627	1628	1629	
297	564	0	3	407	408	409	
298	567	0	12	1275	1276	1277	1278	1279	1280	1281	1282	1283	1284	1285	1286	
299	569	0	18	123	124	125	126	127	128	129	130	131	132	133	134	135	136	137	138	139	140	
300	578	0	24	2109	2110	2111	2112	2113	2114	2115	2116	2117	2118	2119	2120	2121	2122	2123	2124	2125	2126	2127	2128	2129	2130	2131	2132	
301	581	0	1	902	
302	583	0	12	1240	1241	1242	1243	1244	1245	1246	1247	1248	1249	1250	1251	
303	589	0	1	65	
304	591	0	3	1898	1899	1900	
305	593	0	12	1631	1632	1633	1634	1635	1636	1637	1638	1639	1640	1641	1642	
306	596	0	24	238	239	240	241	242	243	244	245	246	247	248	249	250	251	252	253	254	255	256	257	258	259	260	261	
307	597	0	1	823	
308	598	0	3	495	496	497	
309	601	0	15	692	693	694	695	696	697	698	699	700	701	702	703	704	705	706	
310	603	0	24	769	770	771	772	773	774	775	776	777	778	779	780	781	782	783	784	785	786	787	788	789	790	791	792	
311	604	0	18	1172	1173	1174	1175	1176	1177	1178	1179	1180	1181	1182	1183	1184	1185	1186	1187	1188	1189	
312	605	0	1	317	
313	606	0	1	64	
314	607	0	7	1449	1450	1451	1452	1453	1454	1455	
315	608	0	1	1419	
316	610	0	12	1683	1684	1685	1686	1687	1688	1689	1690	1691	1692	1693	1694	
317	611	0	7	151	152	153	154	155	156	157	
318	612	0	3	1145	1146	1147	
319	614	0	18	2175	2176	2177	2178	2179	2180	2181	2182	2183	2184	2185	2186	2187	2188	2189	2190	2191	2192	
320	615	0	1	511	
321	616	0	1	1	
322	618	0	1	1335	
323	619	0	21	410	411	412	413	414	415	416	417	418	419	420	421	422	423	424	425	426	427	428	429	430	
324	621	0	7	1432	1433	1434	1435	1436	1437	1438	
325	622	0	1	2332	
326	623	0	1	1722	
327	624	0	15	368	369	370	371	372	373	374	375	376	377	378	379	380	381	382	
328	626	0	3	1069	1070	1071	
329	628	0	1	1288	
330	633	0	1	60	
331	635	0	1	674	
332	636	0	1	8	
333	637	0	1	512	
334	641	0	1	1448	
335	643	0	1	1644	
336	644	0	1	2367	
337	646	0	1	2067	
338	647	0	1	1511	
339	648	0	1	165	
340	651	0	3	38	39	40	
341	652	0	3	1715	1716	1717	
342	658	0	1	661	
343	660	0	15	754	755	756	757	758	759	760	761	762	763	764	765	766	767	768	
344	665	0	1	811	
345	670	0	1	1034	
346	671	0	1	1776	
347	673	0	1	2047	
348	674	0	1	2293	
349	676	0	1	806	
350	679	0	1	4	
351	680	0	1	1901	
352	681	0	1	2297	
353	683	0	1	1418	
354	688	0	1	1828	
355	689	0	18	1014	1015	1016	1017	1018	1019	1020	1021	1022	1023	1024	1025	1026	1027	1028	1029	1030	1031	
356	690	0	1	914	
357	692	0	1	286	
358	693	0	1	2069	
359	694	0	7	114	115	116	117	118	119	120	
360	696	0	1	1576	
361	697	0	24	2211	2212	2213	2214	2215	2216	2217	2218	2219	2220	2221	2222	2223	2224	2225	2226	2227	2228	2229	2230	2231	2232	2233	2234	
362	699	0	1	2203	
363	701	0	1	477	
364	702	0	1	1095	
365	703	0	3	976	977	978	
366	704	0	1	1573	
367	705	0	1	1695	
368	706	0	1	578	
369	708	0	1	59	
370	711	0	21	1909	1910	1911	1912	1913	1914	1915	1916	1917	1918	1919	1920	1921	1922	1923	1924	1925	1926	1927	1928	1929	
371	713	0	21	1830	1831	1832	1833	1834	1835	1836	1837	1838	1839	1840	1841	1842	1843	1844	1845	1846	1847	1848	1849	1850	
372	715	0	15	1302	1303	1304	1305	1306	1307	1308	1309	1310	1311	1312	1313	1314	1315	1316	
373	718	0	21	554	555	556	557	558	559	560	561	562	563	564	565	566	567	568	569	570	571	572	573	574	
374	720	0	1	848	
375	721	0	1	807	
376	722	0	18	597	598	599	600	601	602	603	604	605	606	607	608	609	610	611	612	613	614	
377	724	0	18	1252	1253	1254	1255	1256	1257	1258	1259	1260	1261	1262	1263	1264	1265	1266	1267	1268	1269	
378	726	0	1	1750	
379	727	0	12	26	27	28	29	30	31	32	33	34	35	36	37	
380	730	0	1	1333	
381	731	0	1	1495	
382	732	0	1	1961	
383	733	0	1	1959	
384	734	0	12	523	524	525	526	527	528	529	530	531	532	533	534	
385	735	0	21	942	943	944	945	946	947	948	949	950	951	952	953	954	955	956	957	958	959	960	961	962	
386	736	0	18	1696	1697	1698	1699	1700	1701	1702	1703	1704	1705	1706	1707	1708	1709	1710	1711	1712	1713	
387	737	0	21	1968	1969	1970	1971	1972	1973	1974	1975	1976	1977	1978	1979	1980	1981	1982	1983	1984	1985	1986	1987	1988	
388	738	0	9	662	663	664	665	666	667	668	669	670	
389	739	0	21	1909	1910	1911	1912	1913	1914	1915	1916	1917	1918	1919	1920	1921	1922	1923	1924	1925	1926	1927	1928	1929	
390	741	0	1	1150	
391	742	0	21	1877	1878	1879	1880	1881	1882	1883	1884	1885	1886	1887	1888	1889	1890	1891	1892	1893	1894	1895	1896	1897	
392	746	0	7	347	348	349	350	351	352	353	
393	748	0	15	692	693	694	695	696	697	698	699	700	701	702	703	704	705	706	
394	751	0	21	1933	1934	1935	1936	1937	1938	1939	1940	1941	1942	1943	1944	1945	1946	1947	1948	1949	1950	1951	1952	1953	
395	757	0	9	662	663	664	665	666	667	668	669	670	
396	758	0	1	1149	
397	759	0	3	1559	1560	1561	
398	760	0	1	514	
399	761	0	18	1252	1253	1254	1255	1256	1257	1258	1259	1260	1261	1262	1263	1264	1265	1266	1267	1268	1269	
400	765	0	1	1447	
401	766	0	7	478	479	480	481	482	483	484	
402	768	0	3	927	928	929	
403	769	0	18	535	536	537	538	539	540	541	542	543	544	545	546	547	548	549	550	551	552	
404	771	0	1	675	
405	774	0	1	175	
406	781	0	1	2014	
407	785	0	1	2015	
408	786	0	1	2335	
409	791	0	15	10	11	12	13	14	15	16	17	18	19	20	21	22	23	24	
410	792	0	7	615	616	617	618	619	620	621	
411	794	0	7	1122	1123	1124	1125	1126	1127	1128	
412	795	0	24	1797	1798	1799	1800	1801	1802	1803	1804	1805	1806	1807	1808	1809	1810	1811	1812	1813	1814	1815	1816	1817	1818	1819	1820	
413	797	0	1	2173	
414	801	0	15	10	11	12	13	14	15	16	17	18	19	20	21	22	23	24	
415	803	0	1	1851	
416	804	0	1	2201	
417	809	0	1	73	
418	814	0	1	1759	
419	815	0	1	2033	
420	817	0	9	1460	1461	1462	1463	1464	1465	1466	1467	1468	
421	818	0	1	991	
422	819	0	12	2002	2003	2004	2005	2006	2007	2008	2009	2010	2011	2012	2013	
423	820	0	15	887	888	889	890	891	892	893	894	895	896	897	898	899	900	901	
424	823	0	1	1417	
425	826	0	12	963	964	965	966	967	968	969	970	971	972	973	974	
426	827	0	24	1654	1655	1656	1657	1658	1659	1660	1661	1662	1663	1664	1665	1666	1667	1668	1669	1670	1671	1672	1673	1674	1675	1676	1677	
427	830	0	1	822	
428	831	0	1	1794	
429	833	0	1	354	
430	838	0	1	2193	
431	840	0	1	1571	
432	842	0	21	2306	2307	2308	2309	2310	2311	2312	2313	2314	2315	2316	2317	2318	2319	2320	2321	2322	2323	2324	2325	2326	
433	843	0	21	554	555	556	557	558	559	560	561	562	563	564	565	566	567	568	569	570	571	572	573	574	
434	847	0	1	466	
435	848	0	3	74	75	76	
436	850	0	18	597	598	599	600	601	602	603	604	605	606	607	608	609	610	611	612	613	614	
437	851	0	15	1535	1536	1537	1538	1539	1540	1541	1542	1543	1544	1545	1546	1547	1548	1549	
438	853	0	1	2025	
439	855	0	3	1492	1493	1494	
440	856	0	24	2149	2150	2151	2152	2153	2154	2155	2156	2157	2158	2159	2160	2161	2162	2163	2164	2165	2166	2167	2168	2169	2170	2171	2172	
441	857	0	1	975	
442	858	0	1	673	
443	859	0	21	2306	2307	2308	2309	2310	2311	2312	2313	2314	2315	2316	2317	2318	2319	2320	2321	2322	2323	2324	2325	2326	
444	860	0	21	2080	2081	2082	2083	2084	2085	2086	2087	2088	2089	2090	2091	2092	2093	2094	2095	2096	2097	2098	2099	2100	
445	863	0	1	1513	
446	864	0	9	46	47	48	49	50	51	52	53	54	
447	865	0	12	1129	1130	1131	1132	1133	1134	1135	1136	1137	1138	1139	1140	
448	868	0	24	769	770	771	772	773	774	775	776	777	778	779	780	781	782	783	784	785	786	787	788	789	790	791	792	
449	869	0	1	1044	
450	870	0	21	1877	1878	1879	1880	1881	1882	1883	1884	1885	1886	1887	1888	1889	1890	1891	1892	1893	1894	1895	1896	1897	
451	871	0	1	518	
452	872	0	1	2255	
453	876	0	1	2372	
454	878	0	1	83	
455	879	0	9	1518	1519	1520	1521	1522	1523	1524	1525	1526	
456	882	0	1	1141	
457	883	0	1	55	
458	886	0	1	1001	
459	887	0	7	1212	1213	1214	1215	1216	1217	1218	
460	888	0	21	1045	1046	1047	1048	1049	1050	1051	1052	1053	1054	1055	1056	1057	1058	1059	1060	1061	1062	1063	1064	1065	
461	890	0	7	2299	2300	2301	2302	2303	2304	2305	
462	894	0	1	2235	
463	898	0	1	121	
464	899	0	1	1120	
465	900	0	21	1392	1393	1394	1395	1396	1397	1398	1399	1400	1401	1402	1403	1404	1405	1406	1407	1408	1409	1410	1411	1412	
466	901	0	15	1760	1761	1762	1763	1764	1765	1766	1767	1768	1769	1770	1771	1772	1773	1774	
467	902	0	1	1570	
468	905	0	1	2140	
469	906	0	21	2080	2081	2082	2083	2084	2085	2086	2087	2088	2089	2090	2091	2092	2093	2094	2095	2096	2097	2098	2099	2100	
470	909	0	12	930	931	932	933	934	935	936	937	938	939	940	941	
471	911	0	1	1416	
472	912	0	1	9	
473	916	0	1	99	
474	917	0	1	1035	
475	918	0	1	516	
476	921	0	18	1014	1015	1016	1017	1018	1019	1020	1021	1022	1023	1024	1025	1026	1027	1028	1029	1030	1031	
477	922	0	24	2211	2212	2213	2214	2215	2216	2217	2218	2219	2220	2221	2222	2223	2224	2225	2226	2227	2228	2229	2230	2231	2232	2233	2234	
478	923	0	1	553	
479	925	0	1	63	
480	926	0	1	1795	
481	927	0	1	2294	
482	928	0	12	851	852	853	854	855	856	857	858	859	860	861	862	
483	930	0	1	2295	
484	931	0	1	44	
485	932	0	12	1275	1276	1277	1278	1279	1280	1281	1282	1283	1284	1285	1286	
486	933	0	9	992	993	994	995	996	997	998	999	1000	
487	936	0	18	1374	1375	1376	1377	1378	1379	1380	1381	1382	1383	1384	1385	1386	1387	1388	1389	1390	1391	
488	940	0	9	2070	2071	2072	2073	2074	2075	2076	2077	2078	
489	943	0	21	1577	1578	1579	1580	1581	1582	1583	1584	1585	1586	1587	1588	1589	1590	1591	1592	1593	1594	1595	1596	1597	
490	946	0	15	872	873	874	875	876	877	878	879	880	881	882	883	884	885	886	
491	949	0	1	71	
492	950	0	9	1423	1424	1425	1426	1427	1428	1429	1430	1431	
493	952	0	1	1239	
494	954	0	1	2024	
495	956	0	7	289	290	291	292	293	294	295	
496	959	0	12	182	183	184	185	186	187	188	189	190	191	192	193	
497	961	0	21	1909	1910	1911	1912	1913	1914	1915	1916	1917	1918	1919	1920	1921	1922	1923	1924	1925	1926	1927	1928	1929	
498	962	0	21	554	555	556	557	558	559	560	561	562	563	564	565	566	567	568	569	570	571	572	573	574	
499	963	0	15	2052	2053	2054	2055	2056	2057	2058	2059	2060	2061	2062	2063	2064	2065	2066	
500	964	0	1	1955	
501	970	0	21	384	385	386	387	388	389	390	391	392	393	394	395	396	397	398	399	400	401	402	403	404	
502	971	0	7	1496	1497	1498	1499	1500	1501	1502	
503	972	0	12	2002	2003	2004	2005	2006	2007	2008	2009	2010	2011	2012	2013	
504	973	0	1	1876	
505	974	0	21	1045	1046	1047	1048	1049	1050	1051	1052	1053	1054	1055	1056	1057	1058	1059	1060	1061	1062	1063	1064	1065	
506	975	0	1	849	
507	976	0	1	70	
508	979	0	1	383	
509	980	0	3	1678	1679	1680	
510	981	0	15	714	715	716	717	718	719	720	721	722	723	724	725	726	727	728	
511	984	0	24	824	825	826	827	828	829	830	831	832	833	834	835	836	837	838	839	840	841	842	843	844	845	846	847	
512	985	0	18	2341	2342	2343	2344	2345	2346	2347	2348	2349	2350	2351	2352	2353	2354	2355	2356	2357	2358	
513	987	0	3	1356	1357	1358	
514	989	0	9	1469	1470	1471	1472	1473	1474	1475	1476	1477	
515	990	0	1	2264	
516	991	0	1	1121	
517	993	0	1	1875	
518	996	0	1	1072	
519	998	0	1	103	
520	999	0	1	150	
521	1001	0	3	1151	1152	1153	
522	1002	0	1	2336	
523	1004	0	1	1682	
524	1007	0	7	707	708	709	710	711	712	713	
525	1008	0	1	1084	
526	1010	0	1	316	
527	1011	0	1	1369	
528	1012	0	24	824	825	826	827	828	829	830	831	832	833	834	835	836	837	838	839	840	841	842	843	844	845	846	847	
529	1018	0	24	1654	1655	1656	1657	1658	1659	1660	1661	1662	1663	1664	1665	1666	1667	1668	1669	1670	1671	1672	1673	1674	1675	1676	1677	
530	1019	0	15	714	715	716	717	718	719	720	721	722	723	724	725	726	727	728	
531	1021	0	1	1116	
532	1023	0	1	2079	
533	1025	0	15	10	11	12	13	14	15	16	17	18	19	20	21	22	23	24	
534	1026	0	1	2334	
535	1027	0	15	692	693	694	695	696	697	698	699	700	701	702	703	704	705	706	
536	1029	0	1	1067	
537	1030	0	1	2049	
538	1031	0	1	1155	
539	1034	0	7	1360	1361	1362	1363	1364	1365	1366	
540	1036	0	1	3	
541	1037	0	21	729	730	731	732	733	734	735	736	737	738	739	740	741	742	743	744	745	746	747	748	749	
542	1038	0	1	926	
543	1040	0	7	1483	1484	1485	1486	1487	1488	1489	
544	1042	0	3	1478	1479	1480	
545	1043	0	9	623	624	625	626	627	628	629	630	631	
546	1044	0	1	2205	
547	1045	0	1	494	
548	1047	0	21	2306	2307	2308	2309	2310	2311	2312	2313	2314	2315	2316	2317	2318	2319	2320	2321	2322	2323	2324	2325	2326	
549	1048	0	15	368	369	370	371	372	373	374	375	376	377	378	379	380	381	382	
550	1052	0	1	658	
551	1056	0	3	1790	1791	1792	
552	1058	0	18	1014	1015	1016	1017	1018	1019	1020	1021	1022	1023	1024	1025	1026	1027	1028	1029	1030	1031	
553	1059	0	1	1742	
554	1060	0	1	43	
555	1061	0	1	2375	
556	1062	0	21	2306	2307	2308	2309	2310	2311	2312	2313	2314	2315	2316	2317	2318	2319	2320	2321	2322	2323	2324	2325	2326	
557	1065	0	7	1073	1074	1075	1076	1077	1078	1079	
558	1068	0	1	262	
559	1071	0	1	2210	
560	1075	0	1	1528	
561	1076	0	3	263	264	265	
562	1078	0	1	519	
563	1081	0	1	106	
564	1082	0	3	56	57	58	
565	1083	0	12	2034	2035	2036	2037	2038	2039	2040	2041	2042	2043	2044	2045	
566	1085	0	1	924	
567	1086	0	24	2211	2212	2213	2214	2215	2216	2217	2218	2219	2220	2221	2222	2223	2224	2225	2226	2227	2228	2229	2230	2231	2232	2233	2234	
568	1088	0	3	1081	1082	1083	
569	1089	0	18	535	536	537	538	539	540	541	542	543	544	545	546	547	548	549	550	551	552	
570	1090	0	21	1968	1969	1970	1971	1972	1973	1974	1975	1976	1977	1978	1979	1980	1981	1982	1983	1984	1985	1986	1987	1988	
571	1091	0	21	1577	1578	1579	1580	1581	1582	1583	1584	1585	1586	1587	1588	1589	1590	1591	1592	1593	1594	1595	1596	1597	
572	1096	0	9	1423	1424	1425	1426	1427	1428	1429	1430	1431	
573	1098	0	12	851	852	853	854	855	856	857	858	859	860	861	862	
574	1100	0	1	485	
575	1101	0	1	2206	
576	1102	0	21	1045	1046	1047	1048	1049	1050	1051	1052	1053	1054	1055	1056	1057	1058	1059	1060	1061	1062	1063	1064	1065	
577	1103	0	1	805	
578	1104	0	1	1144	
579	1105	0	1	1142	
580	1110	0	21	433	434	435	436	437	438	439	440	441	442	443	444	445	446	447	448	449	450	451	452	453	
581	1112	0	1	1157	
582	1115	0	1	2371	
583	1116	0	21	1045	1046	1047	1048	1049	1050	1051	1052	1053	1054	1055	1056	1057	1058	1059	1060	1061	1062	1063	1064	1065	
584	1117	0	1	510	
585	1118	0	9	46	47	48	49	50	51	52	53	54	
586	1119	0	1	1990	
587	1124	0	18	1696	1697	1698	1699	1700	1701	1702	1703	1704	1705	1706	1707	1708	1709	1710	1711	1712	1713	
588	1125	0	1	2337	
589	1128	0	1	181	
590	1129	0	24	1797	1798	1799	1800	1801	1802	1803	1804	1805	1806	1807	1808	1809	1810	1811	1812	1813	1814	1815	1816	1817	1818	1819	1820	
591	1130	0	3	1036	1037	1038	
592	1131	0	1	1032	
593	1132	0	1	2048	
594	1133	0	1	2101	
595	1136	0	7	1324	1325	1326	1327	1328	1329	1330	
596	1137	0	1	1490	
597	1139	0	1	283	
598	1140	0	3	1098	1099	1100	
599	1141	0	1	161	
600	1144	0	15	2052	2053	2054	2055	2056	2057	2058	2059	2060	2061	2062	2063	2064	2065	2066	
601	1147	0	1	2030	
602	1152	0	21	1909	1910	1911	1912	1913	1914	1915	1916	1917	1918	1919	1920	1921	1922	1923	1924	1925	1926	1927	1928	1929	
603	1154	0	1	587	
604	1155	0	1	1043	
605	1156	0	18	2341	2342	2343	2344	2345	2346	2347	2348	2349	2350	2351	2352	2353	2354	2355	2356	2357	2358	
606	1159	0	21	942	943	944	945	946	947	948	949	950	951	952	953	954	955	956	957	958	959	960	961	962	
607	1160	0	12	1778	1779	1780	1781	1782	1783	1784	1785	1786	1787	1788	1789	
608	1161	0	9	1518	1519	1520	1521	1522	1523	1524	1525	1526	
609	1166	0	1	1714	
610	1167	0	3	1532	1533	1534	
611	1169	0	1	809	
612	1171	0	1	517	
613	1173	0	1	1721	
614	1174	0	15	2267	2268	2269	2270	2271	2272	2273	2274	2275	2276	2277	2278	2279	2280	2281	
615	1178	0	1	2209	
616	1180	0	1	1347	
617	1182	0	1	1510	
618	1186	0	3	77	78	79	
619	1188	0	1	177	
620	1194	0	1	405	
621	1195	0	9	642	643	644	645	646	647	648	649	650	
622	1197	0	1	1118	
623	1199	0	1	2051	
624	1204	0	7	651	652	653	654	655	656	657	
625	1205	0	1	237	
626	1209	0	24	197	198	199	200	201	202	203	204	205	206	207	208	209	210	211	212	213	214	215	216	217	218	219	220	
627	1210	0	1	1115	
628	1213	0	1	1238	
629	1214	0	1	2296	
630	1215	0	1	122	
631	1223	0	1	1274	
632	1224	0	12	1129	1130	1131	1132	1133	1134	1135	1136	1137	1138	1139	1140	
633	1227	0	1	1068	
634	1229	0	1	1481	
635	1230	0	7	2142	2143	2144	2145	2146	2147	2148	
636	1231	0	3	1999	2000	2001	
637	1232	0	1	1359	
638	1233	0	1	1338	
639	1234	0	3	266	267	268	
640	1237	0	1	5	
641	1238	0	1	2374	
642	1239	0	24	238	239	240	241	242	243	244	245	246	247	248	249	250	251	252	253	254	255	256	257	258	259	260	261	
643	1242	0	15	296	297	298	299	300	301	302	303	304	305	306	307	308	309	310	
644	1249	0	9	642	643	644	645	646	647	648	649	650	
645	1252	0	7	1743	1744	1745	1746	1747	1748	1749	
646	1255	0	1	163	
647	1256	0	7	812	813	814	815	816	817	818	
648	1258	0	21	410	411	412	413	414	415	416	417	418	419	420	421	422	423	424	425	426	427	428	429	430	
649	1262	0	1	315	
650	1263	0	18	1374	1375	1376	1377	1378	1379	1380	1381	1382	1383	1384	1385	1386	1387	1388	1389	1390	1391	
651	1264	0	15	1302	1303	1304	1305	1306	1307	1308	1309	1310	1311	1312	1313	1314	1315	1316	
652	1266	0	12	1778	1779	1780	1781	1782	1783	1784	1785	1786	1787	1788	1789	
653	1269	0	9	980	981	982	983	984	985	986	987	988	
654	1270	0	24	2109	2110	2111	2112	2113	2114	2115	2116	2117	2118	2119	2120	2121	2122	2123	2124	2125	2126	2127	2128	2129	2130	2131	2132	
655	1272	0	7	1348	1349	1350	1351	1352	1353	1354	
656	1273	0	24	2211	2212	2213	2214	2215	2216	2217	2218	2219	2220	2221	2222	2223	2224	2225	2226	2227	2228	2229	2230	2231	2232	2233	2234	
657	1274	0	21	433	434	435	436	437	438	439	440	441	442	443	444	445	446	447	448	449	450	451	452	453	
658	1280	0	12	498	499	500	501	502	503	504	505	506	507	508	509	
659	1283	0	18	329	330	331	332	333	334	335	336	337	338	339	340	341	342	343	344	345	346	
660	1284	0	24	197	198	199	200	201	202	203	204	205	206	207	208	209	210	211	212	213	214	215	216	217	218	219	220	
661	1285	0	7	1562	1563	1564	1565	1566	1567	1568	
662	1287	0	1	236	
663	1288	0	15	2267	2268	2269	2270	2271	2272	2273	2274	2275	2276	2277	2278	2279	2280	2281	
664	1291	0	7	1991	1992	1993	1994	1995	1996	1997	
665	1296	0	24	2109	2110	2111	2112	2113	2114	2115	2116	2117	2118	2119	2120	2121	2122	2123	2124	2125	2126	2127	2128	2129	2130	2131	2132	
666	1297	0	21	1392	1393	1394	1395	1396	1397	1398	1399	1400	1401	1402	1403	1404	1405	1406	1407	1408	1409	1410	1411	1412	
667	1300	0	1	1775	
668	1305	0	1	2254	
669	1306	0	1	2298	
670	1310	0	3	1370	1371	1372	
671	1311	0	1	660	
672	1312	0	12	355	356	357	358	359	360	361	362	363	364	365	366	
673	1317	0	24	769	770	771	772	773	774	775	776	777	778	779	780	781	782	783	784	785	786	787	788	789	790	791	792	
674	1319	0	3	473	474	475	
675	1320	0	1	1085	
676	1321	0	7	2194	2195	2196	2197	2198	2199	2200	
677	1322	0	21	1392	1393	1394	1395	1396	1397	1398	1399	1400	1401	1402	1403	1404	1405	1406	1407	1408	1409	1410	1411	1412	
678	1325	0	21	729	730	731	732	733	734	735	736	737	738	739	740	741	742	743	744	745	746	747	748	749	
679	1327	0	21	1190	1191	1192	1193	1194	1195	1196	1197	1198	1199	1200	1201	1202	1203	1204	1205	1206	1207	1208	1209	1210	
680	1328	0	1	1336	
681	1329	0	1	2373	
682	1330	0	1	1211	
683	1332	0	1	66	
684	1333	0	1	691	
685	1338	0	3	793	794	795	
686	1340	0	1	1557	
687	1341	0	1	1096	
688	1343	0	1	1042	
689	1344	0	1	989	
690	1346	0	1	2	
691	1347	0	1	1645	
692	1348	0	3	1234	1235	1236	
693	1349	0	12	1683	1684	1685	1686	1687	1688	1689	1690	1691	1692	1693	1694	
694	1356	0	1	1332	
695	1357	0	1	1289	
696	1358	0	15	1535	1536	1537	1538	1539	1540	1541	1542	1543	1544	1545	1546	1547	1548	1549	
697	1360	0	1	1503	
698	1362	0	21	942	943	944	945	946	947	948	949	950	951	952	953	954	955	956	957	958	959	960	961	962	
699	1364	0	1	284	
700	1366	0	1	2263	
701	1367	0	1	1334	
702	1370	0	21	1577	1578	1579	1580	1581	1582	1583	1584	1585	1586	1587	1588	1589	1590	1591	1592	1593	1594	1595	1596	1597	
703	1372	0	1	42	
704	1374	0	3	750	751	752	
705	1376	0	21	433	434	435	436	437	438	439	440	441	442	443	444	445	446	447	448	449	450	451	452	453	
706	1378	0	15	676	677	678	679	680	681	682	683	684	685	686	687	688	689	690	
707	1381	0	1	1829	
708	1383	0	9	320	321	322	323	324	325	326	327	328	
709	1384	0	1	431	
710	1389	0	1	1758	
711	1391	0	3	1507	1508	1509	
712	1393	0	15	1535	1536	1537	1538	1539	1540	1541	1542	1543	1544	1545	1546	1547	1548	1549	
713	1395	0	1	2204	
714	1396	0	1	166	
715	1397	0	18	2175	2176	2177	2178	2179	2180	2181	2182	2183	2184	2185	2186	2187	2188	2189	2190	2191	2192	
716	1398	0	1	1221	
717	1399	0	1	1117	
718	1402	0	1	1598	
719	1403	0	1	406	
720	1407	0	1	45	
721	1408	0	1	1796	
722	1409	0	15	1600	1601	1602	1603	1604	1605	1606	1607	1608	1609	1610	1611	1612	1613	1614	
723	1410	0	21	384	385	386	387	388	389	390	391	392	393	394	395	396	397	398	399	400	401	402	403	404	
724	1411	0	1	2331	
725	1412	0	3	1930	1931	1932	
726	1414	0	15	368	369	370	371	372	373	374	375	376	377	378	379	380	381	382	
727	1417	0	3	2364	2365	2366	
728	1418	0	1	98	
729	1420	0	3	1457	1458	1459	
730	1421	0	24	824	825	826	827	828	829	830	831	832	833	834	835	836	837	838	839	840	841	842	843	844	845	846	847	
731	1424	0	3	1529	1530	1531	
732	1425	0	1	916	
733	1426	0	1	285	
734	1428	0	15	1615	1616	1617	1618	1619	1620	1621	1622	1623	1624	1625	1626	1627	1628	1629	
735	1429	0	1	1298	
736	1430	0	12	1725	1726	1727	1728	1729	1730	1731	1732	1733	1734	1735	1736	
737	1432	0	9	320	321	322	323	324	325	326	327	328	
738	1435	0	1	235	
739	1438	0	1	1572	
740	1439	0	21	729	730	731	732	733	734	735	736	737	738	739	740	741	742	743	744	745	746	747	748	749	
741	1445	0	1	176	
742	1449	0	21	1190	1191	1192	1193	1194	1195	1196	1197	1198	1199	1200	1201	1202	1203	1204	1205	1206	1207	1208	1209	1210	
743	1450	0	1	1646	
744	1453	0	7	487	488	489	490	491	492	493	
745	1454	0	15	887	888	889	890	891	892	893	894	895	896	897	898	899	900	901	
746	1455	0	7	1440	1441	1442	1443	1444	1445	1446	
747	1457	0	1	2340	
748	1458	0	12	182	183	184	185	186	187	188	189	190	191	192	193	
749	1460	0	1	979	
750	1461	0	18	1252	1253	1254	1255	1256	1257	1258	1259	1260	1261	1262	1263	1264	1265	1266	1267	1268	1269	
751	1464	0	1	164	
752	1467	0	7	1158	1159	1160	1161	1162	1163	1164	
753	1469	0	7	167	168	169	170	171	172	173	
754	1470	0	1	2023	
755	1471	0	1	1960	
756	1473	0	1	1439	
757	1475	0	3	1962	1963	1964	
758	1477	0	7	1227	1228	1229	1230	1231	1232	1233	
759	1478	0	9	588	589	590	591	592	593	594	595	596	
760	1480	0	3	869	870	871	
761	1483	0	7	579	580	581	582	583	584	585	
762	1485	0	12	355	356	357	358	359	360	361	362	363	364	365	366	
763	1486	0	18	329	330	331	332	333	334	335	336	337	338	339	340	341	342	343	344	345	346	
764	1490	0	7	1550	1551	1552	1553	1554	1555	1556	
765	1493	0	12	1863	1864	1865	1866	1867	1868	1869	1870	1871	1872	1873	1874	
766	1496	0	7	2256	2257	2258	2259	2260	2261	2262	
767	1499	0	21	1577	1578	1579	1580	1581	1582	1583	1584	1585	1586	1587	1588	1589	1590	1591	1592	1593	1594	1595	1596	1597	
