758
0	0	0	15	689	690	691	692	693	694	695	696	697	698	699	700	701	702	703	
1	1	0	24	163	164	165	166	167	168	169	170	171	172	173	174	175	176	177	178	179	180	181	182	183	184	185	186	
2	3	0	9	1337	1338	1339	1340	1341	1342	1343	1344	1345	
3	5	0	1	22	
4	6	0	1	2277	
5	10	0	1	1123	
6	11	0	1	1806	
7	13	0	1	1020	
8	18	0	1	197	
9	21	0	21	1785	1786	1787	1788	1789	1790	1791	1792	1793	1794	1795	1796	1797	1798	1799	1800	1801	1802	1803	1804	1805	
10	23	0	9	1589	1590	1591	1592	1593	1594	1595	1596	1597	
11	24	0	7	384	385	386	387	388	389	390	
12	25	0	1	2237	
13	26	0	21	2098	2099	2100	2101	2102	2103	2104	2105	2106	2107	2108	2109	2110	2111	2112	2113	2114	2115	2116	2117	2118	
14	28	0	24	477	478	479	480	481	482	483	484	485	486	487	488	489	490	491	492	493	494	495	496	497	498	499	500	
15	29	0	1	1426	
16	31	0	21	1474	1475	1476	1477	1478	1479	1480	1481	1482	1483	1484	1485	1486	1487	1488	1489	1490	1491	1492	1493	1494	
17	33	0	1	465	
18	37	0	9	199	200	201	202	203	204	205	206	207	
19	38	0	15	689	690	691	692	693	694	695	696	697	698	699	700	701	702	703	
20	39	0	1	1108	
21	41	0	1	2234	
22	42	0	7	370	371	372	373	374	375	376	
23	46	0	3	2067	2068	2069	
24	47	0	1	664	
25	49	0	9	1267	1268	1269	1270	1271	1272	1273	1274	1275	
26	51	0	1	257	
27	53	0	1	1907	
28	55	0	18	343	344	345	346	347	348	349	350	351	352	353	354	355	356	357	358	359	360	
29	57	0	24	163	164	165	166	167	168	169	170	171	172	173	174	175	176	177	178	179	180	181	182	183	184	185	186	
30	58	0	7	665	666	667	668	669	670	671	
31	60	0	1	1609	
32	61	0	1	1644	
33	62	0	7	323	324	325	326	327	328	329	
34	63	0	21	1785	1786	1787	1788	1789	1790	1791	1792	1793	1794	1795	1796	1797	1798	1799	1800	1801	1802	1803	1804	1805	
35	66	0	1	2174	
36	67	0	24	1832	1833	1834	1835	1836	1837	1838	1839	1840	1841	1842	1843	1844	1845	1846	1847	1848	1849	1850	1851	1852	1853	1854	1855	
37	69	0	12	819	820	821	822	823	824	825	826	827	828	829	830	
38	70	0	1	1875	
39	74	0	15	1614	1615	1616	1617	1618	1619	1620	1621	1622	1623	1624	1625	1626	1627	1628	
40	78	0	1	238	
41	80	0	1	2097	
42	81	0	1	1906	
43	82	0	1	1266	
44	83	0	1	143	
45	86	0	1	1531	
46	89	0	15	1571	1572	1573	1574	1575	1576	1577	1578	1579	1580	1581	1582	1583	1584	1585	
47	90	0	21	122	123	124	125	126	127	128	129	130	131	132	133	134	135	136	137	138	139	140	141	142	
48	91	0	24	163	164	165	166	167	168	169	170	171	172	173	174	175	176	177	178	179	180	181	182	183	184	185	186	
49	92	0	18	1284	1285	1286	1287	1288	1289	1290	1291	1292	1293	1294	1295	1296	1297	1298	1299	1300	1301	
50	93	0	7	1760	1761	1762	1763	1764	1765	1766	
51	94	0	15	2010	2011	2012	2013	2014	2015	2016	2017	2018	2019	2020	2021	2022	2023	2024	
52	95	0	24	163	164	165	166	167	168	169	170	171	172	173	174	175	176	177	178	179	180	181	182	183	184	185	186	
53	96	0	15	2262	2263	2264	2265	2266	2267	2268	2269	2270	2271	2272	2273	2274	2275	2276	
54	97	0	1	2173	
55	98	0	18	996	997	998	999	1000	1001	1002	1003	1004	1005	1006	1007	1008	1009	1010	1011	1012	1013	
56	100	0	1	1736	
57	101	0	1	52	
58	104	0	1	1364	
59	107	0	1	54	
60	109	0	1	1121	
61	112	0	1	1871	
62	113	0	7	399	400	401	402	403	404	405	
63	115	0	7	3	4	5	6	7	8	9	
64	117	0	1	1497	
65	118	0	1	930	
66	122	0	1	144	
67	125	0	15	1540	1541	1542	1543	1544	1545	1546	1547	1548	1549	1550	1551	1552	1553	1554	
68	129	0	3	286	287	288	
69	130	0	7	1637	1638	1639	1640	1641	1642	1643	
70	132	0	7	1503	1504	1505	1506	1507	1508	1509	
71	135	0	1	1922	
72	139	0	1	1872	
73	141	0	9	1437	1438	1439	1440	1441	1442	1443	1444	1445	
74	142	0	9	211	212	213	214	215	216	217	218	219	
75	143	0	1	811	
76	144	0	18	1160	1161	1162	1163	1164	1165	1166	1167	1168	1169	1170	1171	1172	1173	1174	1175	1176	1177	
77	145	0	21	843	844	845	846	847	848	849	850	851	852	853	854	855	856	857	858	859	860	861	862	863	
78	146	0	3	2168	2169	2170	
79	147	0	1	1109	
80	150	0	1	1735	
81	154	0	1	256	
82	156	0	1	877	
83	160	0	1	2187	
84	162	0	9	96	97	98	99	100	101	102	103	104	
85	165	0	7	504	505	506	507	508	509	510	
86	167	0	1	1021	
87	169	0	1	1502	
88	170	0	1	1555	
89	171	0	24	574	575	576	577	578	579	580	581	582	583	584	585	586	587	588	589	590	591	592	593	594	595	596	597	
90	173	0	24	601	602	603	604	605	606	607	608	609	610	611	612	613	614	615	616	617	618	619	620	621	622	623	624	
91	174	0	1	715	
92	179	0	9	1923	1924	1925	1926	1927	1928	1929	1930	1931	
93	181	0	1	208	
94	182	0	1	1706	
95	184	0	1	261	
96	186	0	24	1660	1661	1662	1663	1664	1665	1666	1667	1668	1669	1670	1671	1672	1673	1674	1675	1676	1677	1678	1679	1680	1681	1682	1683	
97	189	0	1	563	
98	191	0	1	1539	
99	192	0	1	1645	
100	195	0	1	2188	
101	199	0	1	146	
102	200	0	1	2066	
103	203	0	12	108	109	110	111	112	113	114	115	116	117	118	119	
104	206	0	3	808	809	810	
105	209	0	1	2006	
106	210	0	3	1908	1909	1910	
107	211	0	1	725	
108	212	0	1	1734	
109	214	0	9	1303	1304	1305	1306	1307	1308	1309	1310	1311	
110	215	0	3	534	535	536	
111	216	0	1	1758	
112	218	0	1	663	
113	220	0	1	1372	
114	221	0	1	413	
115	222	0	1	1031	
116	223	0	21	1474	1475	1476	1477	1478	1479	1480	1481	1482	1483	1484	1485	1486	1487	1488	1489	1490	1491	1492	1493	1494	
117	224	0	24	879	880	881	882	883	884	885	886	887	888	889	890	891	892	893	894	895	896	897	898	899	900	901	902	
118	225	0	21	1042	1043	1044	1045	1046	1047	1048	1049	1050	1051	1052	1053	1054	1055	1056	1057	1058	1059	1060	1061	1062	
119	226	0	3	706	707	708	
120	229	0	7	1237	1238	1239	1240	1241	1242	1243	
121	230	0	24	477	478	479	480	481	482	483	484	485	486	487	488	489	490	491	492	493	494	495	496	497	498	499	500	
122	232	0	21	1474	1475	1476	1477	1478	1479	1480	1481	1482	1483	1484	1485	1486	1487	1488	1489	1490	1491	1492	1493	1494	
123	233	0	21	843	844	845	846	847	848	849	850	851	852	853	854	855	856	857	858	859	860	861	862	863	
124	236	0	1	1646	
125	237	0	21	1737	1738	1739	1740	1741	1742	1743	1744	1745	1746	1747	1748	1749	1750	1751	1752	1753	1754	1755	1756	1757	
126	239	0	12	1071	1072	1073	1074	1075	1076	1077	1078	1079	1080	1081	1082	
127	240	0	3	2194	2195	2196	
128	244	0	9	1205	1206	1207	1208	1209	1210	1211	1212	1213	
129	245	0	1	501	
130	250	0	1	936	
131	251	0	7	672	673	674	675	676	677	678	
132	253	0	1	976	
133	254	0	18	1938	1939	1940	1941	1942	1943	1944	1945	1946	1947	1948	1949	1950	1951	1952	1953	1954	1955	
134	255	0	21	2098	2099	2100	2101	2102	2103	2104	2105	2106	2107	2108	2109	2110	2111	2112	2113	2114	2115	2116	2117	2118	
135	263	0	1	1684	
136	264	0	1	2236	
137	265	0	24	879	880	881	882	883	884	885	886	887	888	889	890	891	892	893	894	895	896	897	898	899	900	901	902	
138	269	0	1	1335	
139	270	0	1	1401	
140	271	0	15	1980	1981	1982	1983	1984	1985	1986	1987	1988	1989	1990	1991	1992	1993	1994	
141	272	0	3	1599	1600	1601	
142	274	0	1	196	
143	275	0	18	1513	1514	1515	1516	1517	1518	1519	1520	1521	1522	1523	1524	1525	1526	1527	1528	1529	1530	
144	276	0	3	1556	1557	1558	
145	277	0	1	120	
146	278	0	1	2165	
147	279	0	24	1710	1711	1712	1713	1714	1715	1716	1717	1718	1719	1720	1721	1722	1723	1724	1725	1726	1727	1728	1729	1730	1731	1732	1733	
148	280	0	7	406	407	408	409	410	411	412	
149	281	0	18	759	760	761	762	763	764	765	766	767	768	769	770	771	772	773	774	775	776	
150	282	0	9	199	200	201	202	203	204	205	206	207	
151	286	0	1	796	
152	287	0	1	300	
153	288	0	24	2238	2239	2240	2241	2242	2243	2244	2245	2246	2247	2248	2249	2250	2251	2252	2253	2254	2255	2256	2257	2258	2259	2260	2261	
154	289	0	21	122	123	124	125	126	127	128	129	130	131	132	133	134	135	136	137	138	139	140	141	142	
155	292	0	1	1247	
156	294	0	7	812	813	814	815	816	817	818	
157	296	0	1	246	
158	298	0	24	574	575	576	577	578	579	580	581	582	583	584	585	586	587	588	589	590	591	592	593	594	595	596	597	
159	299	0	1	716	
160	302	0	1	2025	
161	303	0	18	514	515	516	517	518	519	520	521	522	523	524	525	526	527	528	529	530	531	
162	308	0	1	249	
163	311	0	21	58	59	60	61	62	63	64	65	66	67	68	69	70	71	72	73	74	75	76	77	78	
164	316	0	24	539	540	541	542	543	544	545	546	547	548	549	550	551	552	553	554	555	556	557	558	559	560	561	562	
165	317	0	21	843	844	845	846	847	848	849	850	851	852	853	854	855	856	857	858	859	860	861	862	863	
166	321	0	21	301	302	303	304	305	306	307	308	309	310	311	312	313	314	315	316	317	318	319	320	321	
167	322	0	1	833	
168	323	0	1	1313	
169	324	0	1	1143	
170	326	0	1	149	
171	327	0	1	1280	
172	328	0	24	574	575	576	577	578	579	580	581	582	583	584	585	586	587	588	589	590	591	592	593	594	595	596	597	
173	329	0	3	1770	1771	1772	
174	331	0	3	1316	1317	1318	
175	335	0	9	1337	1338	1339	1340	1341	1342	1343	1344	1345	
176	339	0	1	342	
177	340	0	1	538	
178	341	0	1	2227	
179	342	0	12	1808	1809	1810	1811	1812	1813	1814	1815	1816	1817	1818	1819	
180	343	0	7	834	835	836	837	838	839	840	
181	344	0	21	1737	1738	1739	1740	1741	1742	1743	1744	1745	1746	1747	1748	1749	1750	1751	1752	1753	1754	1755	1756	1757	
182	345	0	3	418	419	420	
183	347	0	1	1470	
184	348	0	15	1571	1572	1573	1574	1575	1576	1577	1578	1579	1580	1581	1582	1583	1584	1585	
185	349	0	21	301	302	303	304	305	306	307	308	309	310	311	312	313	314	315	316	317	318	319	320	321	
186	353	0	18	759	760	761	762	763	764	765	766	767	768	769	770	771	772	773	774	775	776	
187	354	0	1	1319	
188	355	0	12	1131	1132	1133	1134	1135	1136	1137	1138	1139	1140	1141	1142	
189	358	0	15	2150	2151	2152	2153	2154	2155	2156	2157	2158	2159	2160	2161	2162	2163	2164	
190	359	0	3	1034	1035	1036	
191	360	0	7	2176	2177	2178	2179	2180	2181	2182	
192	365	0	1	31	
193	367	0	15	689	690	691	692	693	694	695	696	697	698	699	700	701	702	703	
194	368	0	1	790	
195	369	0	1	1649	
196	372	0	1	2127	
197	376	0	1	1154	
198	377	0	18	912	913	914	915	916	917	918	919	920	921	922	923	924	925	926	927	928	929	
199	378	0	1	2130	
200	379	0	1	1279	
201	380	0	1	807	
202	381	0	3	2231	2232	2233	
203	383	0	18	1083	1084	1085	1086	1087	1088	1089	1090	1091	1092	1093	1094	1095	1096	1097	1098	1099	1100	
204	387	0	1	1873	
205	388	0	24	1710	1711	1712	1713	1714	1715	1716	1717	1718	1719	1720	1721	1722	1723	1724	1725	1726	1727	1728	1729	1730	1731	1732	1733	
206	391	0	1	2190	
207	392	0	15	2262	2263	2264	2265	2266	2267	2268	2269	2270	2271	2272	2273	2274	2275	2276	
208	393	0	1	94	
209	394	0	1	11	
210	395	0	7	2027	2028	2029	2030	2031	2032	2033	
211	396	0	24	477	478	479	480	481	482	483	484	485	486	487	488	489	490	491	492	493	494	495	496	497	498	499	500	
212	400	0	1	1956	
213	402	0	1	1905	
214	403	0	18	220	221	222	223	224	225	226	227	228	229	230	231	232	233	234	235	236	237	
215	405	0	1	1874	
216	407	0	1	377	
217	408	0	18	514	515	516	517	518	519	520	521	522	523	524	525	526	527	528	529	530	531	
218	409	0	24	2071	2072	2073	2074	2075	2076	2077	2078	2079	2080	2081	2082	2083	2084	2085	2086	2087	2088	2089	2090	2091	2092	2093	2094	
219	411	0	21	1474	1475	1476	1477	1478	1479	1480	1481	1482	1483	1484	1485	1486	1487	1488	1489	1490	1491	1492	1493	1494	
220	412	0	21	301	302	303	304	305	306	307	308	309	310	311	312	313	314	315	316	317	318	319	320	321	
221	415	0	1	187	
222	416	0	1	573	
223	424	0	15	1614	1615	1616	1617	1618	1619	1620	1621	1622	1623	1624	1625	1626	1627	1628	
224	426	0	1	1650	
225	427	0	1	2197	
226	432	0	9	2201	2202	2203	2204	2205	2206	2207	2208	2209	
227	433	0	1	1536	
228	435	0	1	1495	
229	436	0	1	788	
230	439	0	1	1070	
231	440	0	1	2175	
232	442	0	1	21	
233	447	0	1	842	
234	448	0	21	1737	1738	1739	1740	1741	1742	1743	1744	1745	1746	1747	1748	1749	1750	1751	1752	1753	1754	1755	1756	1757	
235	450	0	1	83	
236	451	0	1	1022	
237	452	0	18	937	938	939	940	941	942	943	944	945	946	947	948	949	950	951	952	953	954	
238	453	0	1	1236	
239	454	0	1	285	
240	455	0	3	150	151	152	
241	461	0	9	1303	1304	1305	1306	1307	1308	1309	1310	1311	
242	462	0	1	571	
243	467	0	7	752	753	754	755	756	757	758	
244	468	0	18	220	221	222	223	224	225	226	227	228	229	230	231	232	233	234	235	236	237	
245	469	0	1	1603	
246	472	0	1	2210	
247	474	0	21	1405	1406	1407	1408	1409	1410	1411	1412	1413	1414	1415	1416	1417	1418	1419	1420	1421	1422	1423	1424	1425	
248	475	0	3	337	338	339	
249	478	0	1	93	
250	480	0	21	1042	1043	1044	1045	1046	1047	1048	1049	1050	1051	1052	1053	1054	1055	1056	1057	1058	1059	1060	1061	1062	
251	482	0	24	1660	1661	1662	1663	1664	1665	1666	1667	1668	1669	1670	1671	1672	1673	1674	1675	1676	1677	1678	1679	1680	1681	1682	1683	
252	484	0	1	786	
253	485	0	21	58	59	60	61	62	63	64	65	66	67	68	69	70	71	72	73	74	75	76	77	78	
254	489	0	1	1120	
255	491	0	1	1039	
256	492	0	1	95	
257	494	0	21	1042	1043	1044	1045	1046	1047	1048	1049	1050	1051	1052	1053	1054	1055	1056	1057	1058	1059	1060	1061	1062	
258	499	0	21	58	59	60	61	62	63	64	65	66	67	68	69	70	71	72	73	74	75	76	77	78	
259	501	0	7	797	798	799	800	801	802	803	
260	502	0	1	210	
261	508	0	1	107	
262	510	0	1	1884	
263	511	0	21	1785	1786	1787	1788	1789	1790	1791	1792	1793	1794	1795	1796	1797	1798	1799	1800	1801	1802	1803	1804	1805	
264	513	0	1	705	
265	516	0	9	428	429	430	431	432	433	434	435	436	
266	517	0	1	841	
267	526	0	1	2035	
268	527	0	1	2129	
269	528	0	24	601	602	603	604	605	606	607	608	609	610	611	612	613	614	615	616	617	618	619	620	621	622	623	624	
270	529	0	1	23	
271	535	0	3	1398	1399	1400	
272	537	0	1	1611	
273	539	0	1	1602	
274	540	0	9	1449	1450	1451	1452	1453	1454	1455	1456	1457	
275	543	0	15	1890	1891	1892	1893	1894	1895	1896	1897	1898	1899	1900	1901	1902	1903	1904	
276	547	0	3	792	793	794	
277	551	0	7	12	13	14	15	16	17	18	
278	552	0	1	1831	
279	554	0	15	1346	1347	1348	1349	1350	1351	1352	1353	1354	1355	1356	1357	1358	1359	1360	
280	555	0	15	1614	1615	1616	1617	1618	1619	1620	1621	1622	1623	1624	1625	1626	1627	1628	
281	557	0	1	1336	
282	563	0	12	1968	1969	1970	1971	1972	1973	1974	1975	1976	1977	1978	1979	
283	564	0	7	1228	1229	1230	1231	1232	1233	1234	
284	565	0	1	978	
285	567	0	3	190	191	192	
286	568	0	18	1938	1939	1940	1941	1942	1943	1944	1945	1946	1947	1948	1949	1950	1951	1952	1953	1954	1955	
287	569	0	1	1030	
288	572	0	1	188	
289	575	0	3	378	379	380	
290	577	0	3	2191	2192	2193	
291	578	0	1	1933	
292	584	0	1	1281	
293	586	0	1	1692	
294	587	0	24	637	638	639	640	641	642	643	644	645	646	647	648	649	650	651	652	653	654	655	656	657	658	659	660	
295	588	0	1	2189	
296	589	0	21	843	844	845	846	847	848	849	850	851	852	853	854	855	856	857	858	859	860	861	862	863	
297	590	0	1	1119	
298	594	0	3	2146	2147	2148	
299	596	0	15	2150	2151	2152	2153	2154	2155	2156	2157	2158	2159	2160	2161	2162	2163	2164	
300	598	0	1	572	
301	599	0	7	34	35	36	37	38	39	40	
302	600	0	9	1427	1428	1429	1430	1431	1432	1433	1434	1435	
303	601	0	9	2201	2202	2203	2204	2205	2206	2207	2208	2209	
304	602	0	1	1998	
305	605	0	1	198	
306	608	0	1	532	
307	609	0	12	1693	1694	1695	1696	1697	1698	1699	1700	1701	1702	1703	1704	
308	611	0	3	2183	2184	2185	
309	613	0	1	1264	
310	614	0	1	437	
311	616	0	1	1125	
312	618	0	3	1767	1768	1769	
313	620	0	1	2119	
314	621	0	1	1496	
315	622	0	9	1913	1914	1915	1916	1917	1918	1919	1920	1921	
316	623	0	1	1226	
317	627	0	1	247	
318	628	0	9	211	212	213	214	215	216	217	218	219	
319	629	0	1	1512	
320	631	0	1	1032	
321	633	0	1	1019	
322	635	0	24	477	478	479	480	481	482	483	484	485	486	487	488	489	490	491	492	493	494	495	496	497	498	499	500	
323	636	0	3	1532	1533	1534	
324	639	0	24	2238	2239	2240	2241	2242	2243	2244	2245	2246	2247	2248	2249	2250	2251	2252	2253	2254	2255	2256	2257	2258	2259	2260	2261	
325	641	0	1	1566	
326	643	0	1	1448	
327	646	0	15	2131	2132	2133	2134	2135	2136	2137	2138	2139	2140	2141	2142	2143	2144	2145	
328	650	0	1	19	
329	651	0	24	879	880	881	882	883	884	885	886	887	888	889	890	891	892	893	894	895	896	897	898	899	900	901	902	
330	652	0	21	263	264	265	266	267	268	269	270	271	272	273	274	275	276	277	278	279	280	281	282	283	
331	653	0	1	933	
332	655	0	1	503	
333	659	0	15	1320	1321	1322	1323	1324	1325	1326	1327	1328	1329	1330	1331	1332	1333	1334	
334	660	0	1	1911	
335	663	0	7	626	627	628	629	630	631	632	
336	664	0	1	955	
337	668	0	7	1391	1392	1393	1394	1395	1396	1397	
338	669	0	1	1436	
339	670	0	1	1315	
340	671	0	1	1144	
341	672	0	1	381	
342	673	0	7	1215	1216	1217	1218	1219	1220	1221	
343	674	0	1	512	
344	676	0	1	1510	
345	679	0	3	289	290	291	
346	680	0	1	395	
347	681	0	1	466	
348	682	0	21	2098	2099	2100	2101	2102	2103	2104	2105	2106	2107	2108	2109	2110	2111	2112	2113	2114	2115	2116	2117	2118	
349	685	0	1	1146	
350	687	0	15	2131	2132	2133	2134	2135	2136	2137	2138	2139	2140	2141	2142	2143	2144	2145	
351	688	0	3	467	468	469	
352	691	0	21	2278	2279	2280	2281	2282	2283	2284	2285	2286	2287	2288	2289	2290	2291	2292	2293	2294	2295	2296	2297	2298	
353	692	0	1	292	
354	693	0	1	1388	
355	695	0	7	470	471	472	473	474	475	476	
356	699	0	1	1612	
357	701	0	3	55	56	57	
358	702	0	9	361	362	363	364	365	366	367	368	369	
359	705	0	3	2003	2004	2005	
360	706	0	1	1759	
361	708	0	1	1227	
362	709	0	1	963	
363	710	0	24	879	880	881	882	883	884	885	886	887	888	889	890	891	892	893	894	895	896	897	898	899	900	901	902	
364	714	0	1	688	
365	715	0	1	1685	
366	718	0	1	189	
367	720	0	1	1537	
368	724	0	1	679	
369	725	0	1	974	
370	726	0	3	1127	1128	1129	
371	727	0	1	195	
372	728	0	1	1469	
373	729	0	3	1686	1687	1688	
374	730	0	18	1160	1161	1162	1163	1164	1165	1166	1167	1168	1169	1170	1171	1172	1173	1174	1175	1176	1177	
375	732	0	18	1083	1084	1085	1086	1087	1088	1089	1090	1091	1092	1093	1094	1095	1096	1097	1098	1099	1100	
376	733	0	12	819	820	821	822	823	824	825	826	827	828	829	830	
377	735	0	3	1957	1958	1959	
378	736	0	1	795	
379	737	0	1	1017	
380	738	0	1	2096	
381	744	0	1	1363	
382	745	0	1	193	
383	746	0	1	935	
384	748	0	1	1130	
385	753	0	1	145	
386	755	0	18	343	344	345	346	347	348	349	350	351	352	353	354	355	356	357	358	359	360	
387	756	0	9	737	738	739	740	741	742	743	744	745	
388	759	0	18	996	997	998	999	1000	1001	1002	1003	1004	1005	1006	1007	1008	1009	1010	1011	1012	1013	
389	763	0	24	637	638	639	640	641	642	643	644	645	646	647	648	649	650	651	652	653	654	655	656	657	658	659	660	
390	764	0	1	2171	
391	768	0	3	414	415	416	
392	770	0	1	1963	
393	772	0	1	1538	
394	773	0	1	513	
395	775	0	12	981	982	983	984	985	986	987	988	989	990	991	992	
396	777	0	1	789	
397	778	0	1	1932	
398	780	0	1	1447	
399	781	0	7	956	957	958	959	960	961	962	
400	784	0	1	105	
401	786	0	24	2238	2239	2240	2241	2242	2243	2244	2245	2246	2247	2248	2249	2250	2251	2252	2253	2254	2255	2256	2257	2258	2259	2260	2261	
402	788	0	1	661	
403	794	0	1	284	
404	799	0	7	1379	1380	1381	1382	1383	1384	1385	
405	802	0	3	1604	1605	1606	
406	804	0	1	934	
407	805	0	1	1302	
408	807	0	1	1647	
409	809	0	3	0	1	2	
410	813	0	1	1829	
411	814	0	3	160	161	162	
412	816	0	18	343	344	345	346	347	348	349	350	351	352	353	354	355	356	357	358	359	360	
413	818	0	3	2228	2229	2230	
414	821	0	1	1886	
415	822	0	1	2149	
416	823	0	7	24	25	26	27	28	29	30	
417	827	0	7	1458	1459	1460	1461	1462	1463	1464	
418	830	0	1	1937	
419	832	0	21	2098	2099	2100	2101	2102	2103	2104	2105	2106	2107	2108	2109	2110	2111	2112	2113	2114	2115	2116	2117	2118	
420	834	0	7	1252	1253	1254	1255	1256	1257	1258	
421	836	0	1	728	
422	839	0	1	10	
423	843	0	1	91	
424	845	0	24	2238	2239	2240	2241	2242	2243	2244	2245	2246	2247	2248	2249	2250	2251	2252	2253	2254	2255	2256	2257	2258	2259	2260	2261	
425	847	0	7	1876	1877	1878	1879	1880	1881	1882	
426	853	0	7	293	294	295	296	297	298	299	
427	855	0	1	417	
428	858	0	12	981	982	983	984	985	986	987	988	989	990	991	992	
429	861	0	1	1155	
430	864	0	1	1705	
431	870	0	1	979	
432	872	0	3	1156	1157	1158	
433	873	0	3	2000	2001	2002	
434	875	0	3	993	994	995	
435	876	0	1	1773	
436	877	0	15	1183	1184	1185	1186	1187	1188	1189	1190	1191	1192	1193	1194	1195	1196	1197	
437	879	0	3	80	81	82	
438	880	0	1	791	
439	884	0	18	912	913	914	915	916	917	918	919	920	921	922	923	924	925	926	927	928	929	
440	885	0	1	1018	
441	887	0	18	220	221	222	223	224	225	226	227	228	229	230	231	232	233	234	235	236	237	
442	889	0	1	736	
443	890	0	1	502	
444	891	0	3	1826	1827	1828	
445	892	0	18	937	938	939	940	941	942	943	944	945	946	947	948	949	950	951	952	953	954	
446	894	0	18	1284	1285	1286	1287	1288	1289	1290	1291	1292	1293	1294	1295	1296	1297	1298	1299	1300	1301	
447	896	0	1	2235	
448	898	0	9	361	362	363	364	365	366	367	368	369	
449	900	0	1	1314	
450	904	0	7	1777	1778	1779	1780	1781	1782	1783	
451	905	0	18	996	997	998	999	1000	1001	1002	1003	1004	1005	1006	1007	1008	1009	1010	1011	1012	1013	
452	906	0	7	41	42	43	44	45	46	47	
453	908	0	1	253	
454	910	0	24	539	540	541	542	543	544	545	546	547	548	549	550	551	552	553	554	555	556	557	558	559	560	561	562	
455	911	0	1	1148	
456	912	0	12	1808	1809	1810	1811	1812	1813	1814	1815	1816	1817	1818	1819	
457	914	0	7	1063	1064	1065	1066	1067	1068	1069	
458	915	0	1	1511	
459	920	0	9	737	738	739	740	741	742	743	744	745	
460	921	0	21	1042	1043	1044	1045	1046	1047	1048	1049	1050	1051	1052	1053	1054	1055	1056	1057	1058	1059	1060	1061	1062	
461	922	0	1	804	
462	923	0	1	322	
463	924	0	21	2038	2039	2040	2041	2042	2043	2044	2045	2046	2047	2048	2049	2050	2051	2052	2053	2054	2055	2056	2057	2058	
464	925	0	24	601	602	603	604	605	606	607	608	609	610	611	612	613	614	615	616	617	618	619	620	621	622	623	624	
465	927	0	15	1856	1857	1858	1859	1860	1861	1862	1863	1864	1865	1866	1867	1868	1869	1870	
466	929	0	1	805	
467	932	0	1	1147	
468	933	0	1	1610	
469	934	0	1	121	
470	935	0	1	1468	
471	936	0	9	1589	1590	1591	1592	1593	1594	1595	1596	1597	
472	939	0	7	2219	2220	2221	2222	2223	2224	2225	
473	940	0	15	2010	2011	2012	2013	2014	2015	2016	2017	2018	2019	2020	2021	2022	2023	2024	
474	941	0	1	1885	
475	942	0	7	729	730	731	732	733	734	735	
476	943	0	1	1964	
477	944	0	7	84	85	86	87	88	89	90	
478	946	0	24	1710	1711	1712	1713	1714	1715	1716	1717	1718	1719	1720	1721	1722	1723	1724	1725	1726	1727	1728	1729	1730	1731	1732	1733	
479	947	0	1	1997	
480	948	0	1	394	
481	949	0	1	248	
482	950	0	24	441	442	443	444	445	446	447	448	449	450	451	452	453	454	455	456	457	458	459	460	461	462	463	464	
483	951	0	1	876	
484	953	0	1	750	
485	955	0	1	147	
486	956	0	1	1934	
487	961	0	18	514	515	516	517	518	519	520	521	522	523	524	525	526	527	528	529	530	531	
488	962	0	7	153	154	155	156	157	158	159	
489	963	0	3	1960	1961	1962	
490	964	0	21	2278	2279	2280	2281	2282	2283	2284	2285	2286	2287	2288	2289	2290	2291	2292	2293	2294	2295	2296	2297	2298	
491	968	0	1	931	
492	969	0	7	964	965	966	967	968	969	970	
493	970	0	1	1466	
494	971	0	1	1501	
495	974	0	7	1198	1199	1200	1201	1202	1203	1204	
496	976	0	24	601	602	603	604	605	606	607	608	609	610	611	612	613	614	615	616	617	618	619	620	621	622	623	624	
497	977	0	1	148	
498	978	0	15	1856	1857	1858	1859	1860	1861	1862	1863	1864	1865	1866	1867	1868	1869	1870	
499	979	0	1	1823	
500	980	0	21	58	59	60	61	62	63	64	65	66	67	68	69	70	71	72	73	74	75	76	77	78	
501	983	0	1	2172	
502	984	0	3	1376	1377	1378	
503	985	0	1	980	
504	986	0	1	1996	
505	989	0	1	79	
506	990	0	1	1265	
507	992	0	1	1122	
508	994	0	1	662	
509	995	0	1	106	
510	996	0	3	2007	2008	2009	
511	1002	0	1	239	
512	1004	0	1	687	
513	1005	0	9	96	97	98	99	100	101	102	103	104	
514	1006	0	7	1651	1652	1653	1654	1655	1656	1657	
515	1007	0	1	1995	
516	1009	0	3	438	439	440	
517	1010	0	12	864	865	866	867	868	869	870	871	872	873	874	875	
518	1011	0	12	1968	1969	1970	1971	1972	1973	1974	1975	1976	1977	1978	1979	
519	1012	0	1	1251	
520	1014	0	7	421	422	423	424	425	426	427	
521	1018	0	1	1636	
522	1019	0	18	1083	1084	1085	1086	1087	1088	1089	1090	1091	1092	1093	1094	1095	1096	1097	1098	1099	1100	
523	1022	0	1	262	
524	1024	0	3	1180	1181	1182	
525	1026	0	1	1260	
526	1027	0	15	2262	2263	2264	2265	2266	2267	2268	2269	2270	2271	2272	2273	2274	2275	2276	
527	1029	0	1	1608	
528	1031	0	1	751	
529	1032	0	21	122	123	124	125	126	127	128	129	130	131	132	133	134	135	136	137	138	139	140	141	142	
530	1034	0	1	1312	
531	1039	0	24	637	638	639	640	641	642	643	644	645	646	647	648	649	650	651	652	653	654	655	656	657	658	659	660	
532	1041	0	21	122	123	124	125	126	127	128	129	130	131	132	133	134	135	136	137	138	139	140	141	142	
533	1042	0	1	2037	
534	1045	0	21	2038	2039	2040	2041	2042	2043	2044	2045	2046	2047	2048	2049	2050	2051	2052	2053	2054	2055	2056	2057	2058	
535	1049	0	1	1883	
536	1050	0	3	1567	1568	1569	
537	1053	0	15	2150	2151	2152	2153	2154	2155	2156	2157	2158	2159	2160	2161	2162	2163	2164	
538	1054	0	24	1832	1833	1834	1835	1836	1837	1838	1839	1840	1841	1842	1843	1844	1845	1846	1847	1848	1849	1850	1851	1852	1853	1854	1855	
539	1055	0	1	684	
540	1056	0	1	1038	
541	1057	0	9	1913	1914	1915	1916	1917	1918	1919	1920	1921	
542	1059	0	15	1980	1981	1982	1983	1984	1985	1986	1987	1988	1989	1990	1991	1992	1993	1994	
543	1060	0	21	1737	1738	1739	1740	1741	1742	1743	1744	1745	1746	1747	1748	1749	1750	1751	1752	1753	1754	1755	1756	1757	
544	1061	0	21	2278	2279	2280	2281	2282	2283	2284	2285	2286	2287	2288	2289	2290	2291	2292	2293	2294	2295	2296	2297	2298	
545	1063	0	3	633	634	635	
546	1065	0	1	1152	
547	1067	0	1	680	
548	1068	0	18	1284	1285	1286	1287	1288	1289	1290	1291	1292	1293	1294	1295	1296	1297	1298	1299	1300	1301	
549	1070	0	15	1320	1321	1322	1323	1324	1325	1326	1327	1328	1329	1330	1331	1332	1333	1334	
550	1072	0	18	912	913	914	915	916	917	918	919	920	921	922	923	924	925	926	927	928	929	
551	1076	0	1	932	
552	1078	0	21	1785	1786	1787	1788	1789	1790	1791	1792	1793	1794	1795	1796	1797	1798	1799	1800	1801	1802	1803	1804	1805	
553	1079	0	1	1613	
554	1080	0	21	1405	1406	1407	1408	1409	1410	1411	1412	1413	1414	1415	1416	1417	1418	1419	1420	1421	1422	1423	1424	1425	
555	1081	0	1	685	
556	1082	0	1	1390	
557	1083	0	1	1222	
558	1084	0	24	1660	1661	1662	1663	1664	1665	1666	1667	1668	1669	1670	1671	1672	1673	1674	1675	1676	1677	1678	1679	1680	1681	1682	1683	
559	1087	0	18	759	760	761	762	763	764	765	766	767	768	769	770	771	772	773	774	775	776	
560	1088	0	1	1261	
561	1090	0	24	2071	2072	2073	2074	2075	2076	2077	2078	2079	2080	2081	2082	2083	2084	2085	2086	2087	2088	2089	2090	2091	2092	2093	2094	
562	1094	0	9	1449	1450	1451	1452	1453	1454	1455	1456	1457	
563	1095	0	1	1282	
564	1096	0	1	33	
565	1099	0	15	1571	1572	1573	1574	1575	1576	1577	1578	1579	1580	1581	1582	1583	1584	1585	
566	1100	0	1	1126	
567	1105	0	24	1660	1661	1662	1663	1664	1665	1666	1667	1668	1669	1670	1671	1672	1673	1674	1675	1676	1677	1678	1679	1680	1681	1682	1683	
568	1106	0	1	1235	
569	1107	0	1	1386	
570	1108	0	1	533	
571	1109	0	1	787	
572	1110	0	3	1707	1708	1709	
573	1111	0	3	1689	1690	1691	
574	1115	0	1	1118	
575	1116	0	15	1540	1541	1542	1543	1544	1545	1546	1547	1548	1549	1550	1551	1552	1553	1554	
576	1117	0	7	1023	1024	1025	1026	1027	1028	1029	
577	1118	0	1	971	
578	1121	0	15	1856	1857	1858	1859	1860	1861	1862	1863	1864	1865	1866	1867	1868	1869	1870	
579	1122	0	24	2071	2072	2073	2074	2075	2076	2077	2078	2079	2080	2081	2082	2083	2084	2085	2086	2087	2088	2089	2090	2091	2092	2093	2094	
580	1123	0	1	878	
581	1126	0	3	1774	1775	1776	
582	1127	0	1	382	
583	1128	0	1	1361	
584	1130	0	24	441	442	443	444	445	446	447	448	449	450	451	452	453	454	455	456	457	458	459	460	461	462	463	464	
585	1131	0	1	1263	
586	1132	0	12	1071	1072	1073	1074	1075	1076	1077	1078	1079	1080	1081	1082	
587	1133	0	1	32	
588	1134	0	3	240	241	242	
589	1140	0	1	724	
590	1141	0	1	255	
591	1142	0	3	681	682	683	
592	1143	0	15	1540	1541	1542	1543	1544	1545	1546	1547	1548	1549	1550	1551	1552	1553	1554	
593	1149	0	18	1513	1514	1515	1516	1517	1518	1519	1520	1521	1522	1523	1524	1525	1526	1527	1528	1529	1530	
594	1155	0	15	1890	1891	1892	1893	1894	1895	1896	1897	1898	1899	1900	1901	1902	1903	1904	
595	1156	0	1	51	
596	1164	0	1	975	
597	1165	0	1	1935	
598	1167	0	1	1912	
599	1168	0	24	2071	2072	2073	2074	2075	2076	2077	2078	2079	2080	2081	2082	2083	2084	2085	2086	2087	2088	2089	2090	2091	2092	2093	2094	
600	1169	0	1	1389	
601	1170	0	1	1825	
602	1173	0	1	686	
603	1176	0	1	1153	
604	1179	0	18	1938	1939	1940	1941	1942	1943	1944	1945	1946	1947	1948	1949	1950	1951	1952	1953	1954	1955	
605	1181	0	3	1820	1821	1822	
606	1182	0	1	1446	
607	1183	0	1	92	
608	1185	0	1	2036	
609	1186	0	1	1040	
610	1193	0	1	746	
611	1194	0	15	1346	1347	1348	1349	1350	1351	1352	1353	1354	1355	1356	1357	1358	1359	1360	
612	1198	0	1	726	
613	1199	0	1	806	
614	1202	0	1	2095	
615	1205	0	9	903	904	905	906	907	908	909	910	911	
616	1208	0	1	1607	
617	1210	0	1	537	
618	1218	0	3	1223	1224	1225	
619	1221	0	12	108	109	110	111	112	113	114	115	116	117	118	119	
620	1222	0	1	2200	
621	1223	0	18	1160	1161	1162	1163	1164	1165	1166	1167	1168	1169	1170	1171	1172	1173	1174	1175	1176	1177	
622	1226	0	3	258	259	260	
623	1229	0	7	1111	1112	1113	1114	1115	1116	1117	
624	1232	0	3	243	244	245	
625	1235	0	1	20	
626	1236	0	18	1513	1514	1515	1516	1517	1518	1519	1520	1521	1522	1523	1524	1525	1526	1527	1528	1529	1530	
627	1238	0	15	1183	1184	1185	1186	1187	1188	1189	1190	1191	1192	1193	1194	1195	1196	1197	
628	1239	0	21	2278	2279	2280	2281	2282	2283	2284	2285	2286	2287	2288	2289	2290	2291	2292	2293	2294	2295	2296	2297	2298	
629	1242	0	1	710	
630	1244	0	7	2120	2121	2122	2123	2124	2125	2126	
631	1250	0	24	539	540	541	542	543	544	545	546	547	548	549	550	551	552	553	554	555	556	557	558	559	560	561	562	
632	1251	0	15	1346	1347	1348	1349	1350	1351	1352	1353	1354	1355	1356	1357	1358	1359	1360	
633	1254	0	9	1267	1268	1269	1270	1271	1272	1273	1274	1275	
634	1255	0	24	1832	1833	1834	1835	1836	1837	1838	1839	1840	1841	1842	1843	1844	1845	1846	1847	1848	1849	1850	1851	1852	1853	1854	1855	
635	1256	0	15	1320	1321	1322	1323	1324	1325	1326	1327	1328	1329	1330	1331	1332	1333	1334	
636	1257	0	18	937	938	939	940	941	942	943	944	945	946	947	948	949	950	951	952	953	954	
637	1258	0	3	712	713	714	
638	1261	0	1	383	
639	1263	0	1	1658	
640	1264	0	3	1471	1472	1473	
641	1265	0	1	972	
642	1266	0	1	2198	
643	1267	0	1	1033	
644	1268	0	1	340	
645	1271	0	7	717	718	719	720	721	722	723	
646	1272	0	1	1570	
647	1275	0	3	1244	1245	1246	
648	1278	0	1	1365	
649	1279	0	3	747	748	749	
650	1280	0	1	1807	
651	1281	0	1	1037	
652	1283	0	1	977	
653	1286	0	1	1262	
654	1287	0	1	2211	
655	1290	0	7	1629	1630	1631	1632	1633	1634	1635	
656	1292	0	1	1283	
657	1294	0	1	1659	
658	1295	0	9	428	429	430	431	432	433	434	435	436	
659	1296	0	12	1693	1694	1695	1696	1697	1698	1699	1700	1701	1702	1703	1704	
660	1299	0	3	1887	1888	1889	
661	1300	0	1	1387	
662	1302	0	24	539	540	541	542	543	544	545	546	547	548	549	550	551	552	553	554	555	556	557	558	559	560	561	562	
663	1303	0	12	864	865	866	867	868	869	870	871	872	873	874	875	
664	1305	0	3	48	49	50	
665	1310	0	3	1149	1150	1151	
666	1312	0	7	1101	1102	1103	1104	1105	1106	1107	
667	1314	0	15	1890	1891	1892	1893	1894	1895	1896	1897	1898	1899	1900	1901	1902	1903	1904	
668	1316	0	1	1124	
669	1317	0	3	1276	1277	1278	
670	1319	0	15	1980	1981	1982	1983	1984	1985	1986	1987	1988	1989	1990	1991	1992	1993	1994	
671	1322	0	3	1498	1499	1500	
672	1323	0	1	1362	
673	1324	0	1	1830	
674	1327	0	1	1179	
675	1329	0	1	1784	
676	1330	0	1	1999	
677	1331	0	9	1923	1924	1925	1926	1927	1928	1929	1930	1931	
678	1333	0	1	2186	
679	1334	0	9	1205	1206	1207	1208	1209	1210	1211	1212	1213	
680	1336	0	1	341	
681	1337	0	1	1159	
682	1340	0	1	2128	
683	1341	0	1	209	
684	1345	0	3	1402	1403	1404	
685	1349	0	1	709	
686	1353	0	3	1366	1367	1368	
687	1356	0	7	1559	1560	1561	1562	1563	1564	1565	
688	1358	0	1	711	
689	1359	0	1	1259	
690	1360	0	21	263	264	265	266	267	268	269	270	271	272	273	274	275	276	277	278	279	280	281	282	283	
691	1362	0	1	973	
692	1363	0	24	1832	1833	1834	1835	1836	1837	1838	1839	1840	1841	1842	1843	1844	1845	1846	1847	1848	1849	1850	1851	1852	1853	1854	1855	
693	1364	0	24	1710	1711	1712	1713	1714	1715	1716	1717	1718	1719	1720	1721	1722	1723	1724	1725	1726	1727	1728	1729	1730	1731	1732	1733	
694	1365	0	1	832	
695	1366	0	15	1183	1184	1185	1186	1187	1188	1189	1190	1191	1192	1193	1194	1195	1196	1197	
696	1369	0	9	777	778	779	780	781	782	783	784	785	
697	1372	0	24	637	638	639	640	641	642	643	644	645	646	647	648	649	650	651	652	653	654	655	656	657	658	659	660	
698	1373	0	7	2059	2060	2061	2062	2063	2064	2065	
699	1374	0	7	2212	2213	2214	2215	2216	2217	2218	
700	1375	0	1	1145	
701	1376	0	1	2070	
702	1378	0	3	1248	1249	1250	
703	1380	0	24	441	442	443	444	445	446	447	448	449	450	451	452	453	454	455	456	457	458	459	460	461	462	463	464	
704	1382	0	24	441	442	443	444	445	446	447	448	449	450	451	452	453	454	455	456	457	458	459	460	461	462	463	464	
705	1385	0	3	396	397	398	
706	1387	0	1	2299	
707	1388	0	21	2038	2039	2040	2041	2042	2043	2044	2045	2046	2047	2048	2049	2050	2051	2052	2053	2054	2055	2056	2057	2058	
708	1391	0	1	1178	
709	1393	0	21	1405	1406	1407	1408	1409	1410	1411	1412	1413	1414	1415	1416	1417	1418	1419	1420	1421	1422	1423	1424	1425	
710	1394	0	1	1465	
711	1395	0	1	1535	
712	1400	0	1	2167	
713	1401	0	1	625	
714	1404	0	1	1824	
715	1405	0	3	1014	1015	1016	
716	1406	0	7	564	565	566	567	568	569	570	
717	1407	0	1	636	
718	1408	0	1	1467	
719	1413	0	1	1598	
720	1414	0	15	2131	2132	2133	2134	2135	2136	2137	2138	2139	2140	2141	2142	2143	2144	2145	
721	1416	0	3	1586	1587	1588	
722	1417	0	1	53	
723	1418	0	21	301	302	303	304	305	306	307	308	309	310	311	312	313	314	315	316	317	318	319	320	321	
724	1424	0	15	2010	2011	2012	2013	2014	2015	2016	2017	2018	2019	2020	2021	2022	2023	2024	
725	1427	0	24	574	575	576	577	578	579	580	581	582	583	584	585	586	587	588	589	590	591	592	593	594	595	596	597	
726	1430	0	1	194	
727	1431	0	21	2038	2039	2040	2041	2042	2043	2044	2045	2046	2047	2048	2049	2050	2051	2052	2053	2054	2055	2056	2057	2058	
728	1433	0	1	2199	
729	1435	0	1	2026	
730	1440	0	21	1405	1406	1407	1408	1409	1410	1411	1412	1413	1414	1415	1416	1417	1418	1419	1420	1421	1422	1423	1424	1425	
731	1444	0	1	1936	
732	1446	0	3	1965	1966	1967	
733	1448	0	3	250	251	252	
734	1450	0	1	2034	
735	1457	0	1	511	
736	1460	0	9	1437	1438	1439	1440	1441	1442	1443	1444	1445	
737	1461	0	1	1648	
738	1463	0	12	1131	1132	1133	1134	1135	1136	1137	1138	1139	1140	1141	1142	
739	1466	0	3	598	599	600	
740	1468	0	1	727	
741	1469	0	1	1110	
742	1470	0	1	254	
743	1471	0	21	263	264	265	266	267	268	269	270	271	272	273	274	275	276	277	278	279	280	281	282	283	
744	1472	0	21	263	264	265	266	267	268	269	270	271	272	273	274	275	276	277	278	279	280	281	282	283	
745	1473	0	1	831	
746	1474	0	3	1369	1370	1371	
747	1475	0	9	903	904	905	906	907	908	909	910	911	
748	1479	0	1	2226	
749	1481	0	1	704	
750	1484	0	1	1214	
751	1487	0	9	777	778	779	780	781	782	783	784	785	
752	1489	0	3	391	392	393	
753	1491	0	1	2166	
754	1493	0	7	330	331	332	333	334	335	336	
755	1494	0	9	1427	1428	1429	1430	1431	1432	1433	1434	1435	
756	1497	0	1	1041	
757	1499	0	3	1373	1374	1375	
