250
0	0	0	7	26	27	28	29	30	31	32	
1	2	0	18	601	602	603	604	605	606	607	608	609	610	611	612	613	614	615	616	617	618	
2	3	0	3	163	164	165	
3	6	0	7	593	594	595	596	597	598	599	
4	7	0	1	369	
5	8	0	1	693	
6	9	0	1	142	
7	13	0	1	733	
8	14	0	1	268	
9	16	0	1	80	
10	17	0	3	743	744	745	
11	18	0	1	25	
12	20	0	24	392	393	394	395	396	397	398	399	400	401	402	403	404	405	406	407	408	409	410	411	412	413	414	415	
13	23	0	1	504	
14	25	0	3	666	667	668	
15	26	0	1	620	
16	28	0	1	287	
17	29	0	3	176	177	178	
18	30	0	7	0	1	2	3	4	5	6	
19	33	0	18	524	525	526	527	528	529	530	531	532	533	534	535	536	537	538	539	540	541	
20	34	0	1	267	
21	35	0	7	430	431	432	433	434	435	436	
22	36	0	12	455	456	457	458	459	460	461	462	463	464	465	466	
23	37	0	24	44	45	46	47	48	49	50	51	52	53	54	55	56	57	58	59	60	61	62	63	64	65	66	67	
24	38	0	18	747	748	749	750	751	752	753	754	755	756	757	758	759	760	761	762	763	764	
25	44	0	1	474	
26	45	0	3	151	152	153	
27	46	0	18	601	602	603	604	605	606	607	608	609	610	611	612	613	614	615	616	617	618	
28	47	0	1	418	
29	48	0	24	344	345	346	347	348	349	350	351	352	353	354	355	356	357	358	359	360	361	362	363	364	365	366	367	
30	49	0	1	248	
31	50	0	1	305	
32	53	0	21	545	546	547	548	549	550	551	552	553	554	555	556	557	558	559	560	561	562	563	564	565	
33	54	0	1	304	
34	56	0	18	476	477	478	479	480	481	482	483	484	485	486	487	488	489	490	491	492	493	
35	61	0	1	746	
36	62	0	1	256	
37	63	0	18	715	716	717	718	719	720	721	722	723	724	725	726	727	728	729	730	731	732	
38	64	0	1	734	
39	66	0	1	663	
40	67	0	7	328	329	330	331	332	333	334	
41	69	0	3	157	158	159	
42	70	0	21	307	308	309	310	311	312	313	314	315	316	317	318	319	320	321	322	323	324	325	326	327	
43	71	0	7	82	83	84	85	86	87	88	
44	72	0	1	278	
45	75	0	24	567	568	569	570	571	572	573	574	575	576	577	578	579	580	581	582	583	584	585	586	587	588	589	590	
46	77	0	1	738	
47	79	0	1	306	
48	81	0	24	207	208	209	210	211	212	213	214	215	216	217	218	219	220	221	222	223	224	225	226	227	228	229	230	
49	82	0	1	522	
50	83	0	1	295	
51	86	0	1	238	
52	87	0	1	150	
53	89	0	1	37	
54	90	0	3	371	372	373	
55	91	0	18	100	101	102	103	104	105	106	107	108	109	110	111	112	113	114	115	116	117	
56	93	0	24	344	345	346	347	348	349	350	351	352	353	354	355	356	357	358	359	360	361	362	363	364	365	366	367	
57	97	0	1	419	
58	99	0	1	296	
59	100	0	1	340	
60	101	0	1	161	
61	104	0	1	276	
62	108	0	1	714	
63	112	0	1	566	
64	115	0	1	264	
65	116	0	18	476	477	478	479	480	481	482	483	484	485	486	487	488	489	490	491	492	493	
66	117	0	3	778	779	780	
67	118	0	12	179	180	181	182	183	184	185	186	187	188	189	190	
68	120	0	1	636	
69	122	0	1	76	
70	124	0	1	92	
71	125	0	9	494	495	496	497	498	499	500	501	502	
72	126	0	1	265	
73	127	0	1	94	
74	129	0	1	270	
75	134	0	7	656	657	658	659	660	661	662	
76	135	0	1	376	
77	136	0	3	271	272	273	
78	137	0	1	36	
79	138	0	1	378	
80	145	0	15	507	508	509	510	511	512	513	514	515	516	517	518	519	520	521	
81	146	0	12	179	180	181	182	183	184	185	186	187	188	189	190	
82	147	0	1	291	
83	148	0	3	379	380	381	
84	149	0	18	437	438	439	440	441	442	443	444	445	446	447	448	449	450	451	452	453	454	
85	151	0	18	694	695	696	697	698	699	700	701	702	703	704	705	706	707	708	709	710	711	
86	152	0	1	277	
87	153	0	24	344	345	346	347	348	349	350	351	352	353	354	355	356	357	358	359	360	361	362	363	364	365	366	367	
88	157	0	9	494	495	496	497	498	499	500	501	502	
89	162	0	3	623	624	625	
90	163	0	3	341	342	343	
91	170	0	18	437	438	439	440	441	442	443	444	445	446	447	448	449	450	451	452	453	454	
92	171	0	1	24	
93	174	0	1	684	
94	175	0	1	777	
95	178	0	1	370	
96	179	0	9	7	8	9	10	11	12	13	14	15	
97	180	0	21	307	308	309	310	311	312	313	314	315	316	317	318	319	320	321	322	323	324	325	326	327	
98	183	0	12	765	766	767	768	769	770	771	772	773	774	775	776	
99	184	0	1	685	
100	186	0	24	567	568	569	570	571	572	573	574	575	576	577	578	579	580	581	582	583	584	585	586	587	588	589	590	
101	189	0	1	416	
102	190	0	18	100	101	102	103	104	105	106	107	108	109	110	111	112	113	114	115	116	117	
103	191	0	3	673	674	675	
104	192	0	12	195	196	197	198	199	200	201	202	203	204	205	206	
105	197	0	1	95	
106	200	0	1	339	
107	203	0	1	125	
108	204	0	12	765	766	767	768	769	770	771	772	773	774	775	776	
109	207	0	1	592	
110	209	0	3	154	155	156	
111	210	0	7	169	170	171	172	173	174	175	
112	211	0	21	307	308	309	310	311	312	313	314	315	316	317	318	319	320	321	322	323	324	325	326	327	
113	212	0	1	336	
114	215	0	15	126	127	128	129	130	131	132	133	134	135	136	137	138	139	140	
115	218	0	1	368	
116	219	0	9	7	8	9	10	11	12	13	14	15	
117	221	0	21	307	308	309	310	311	312	313	314	315	316	317	318	319	320	321	322	323	324	325	326	327	
118	222	0	1	266	
119	223	0	18	637	638	639	640	641	642	643	644	645	646	647	648	649	650	651	652	653	654	
120	224	0	18	637	638	639	640	641	642	643	644	645	646	647	648	649	650	651	652	653	654	
121	225	0	18	715	716	717	718	719	720	721	722	723	724	725	726	727	728	729	730	731	732	
122	228	0	1	335	
123	229	0	3	781	782	783	
124	233	0	3	192	193	194	
125	235	0	1	38	
126	236	0	1	99	
127	237	0	1	43	
128	239	0	1	23	
129	246	0	3	630	631	632	
130	248	0	1	629	
131	249	0	1	621	
132	251	0	1	475	
133	256	0	1	742	
134	257	0	1	42	
135	258	0	1	676	
136	259	0	1	672	
137	262	0	24	567	568	569	570	571	572	573	574	575	576	577	578	579	580	581	582	583	584	585	586	587	588	589	590	
138	263	0	1	417	
139	265	0	1	737	
140	267	0	24	392	393	394	395	396	397	398	399	400	401	402	403	404	405	406	407	408	409	410	411	412	413	414	415	
141	268	0	3	633	634	635	
142	271	0	1	544	
143	272	0	1	279	
144	274	0	18	694	695	696	697	698	699	700	701	702	703	704	705	706	707	708	709	710	711	
145	276	0	24	344	345	346	347	348	349	350	351	352	353	354	355	356	357	358	359	360	361	362	363	364	365	366	367	
146	282	0	1	247	
147	286	0	3	739	740	741	
148	287	0	24	567	568	569	570	571	572	573	574	575	576	577	578	579	580	581	582	583	584	585	586	587	588	589	590	
149	288	0	3	288	289	290	
150	289	0	7	297	298	299	300	301	302	303	
151	290	0	18	694	695	696	697	698	699	700	701	702	703	704	705	706	707	708	709	710	711	
152	292	0	1	269	
153	293	0	7	118	119	120	121	122	123	124	
154	294	0	1	735	
155	298	0	1	77	
156	302	0	9	421	422	423	424	425	426	427	428	429	
157	303	0	1	591	
158	304	0	18	476	477	478	479	480	481	482	483	484	485	486	487	488	489	490	491	492	493	
159	306	0	21	545	546	547	548	549	550	551	552	553	554	555	556	557	558	559	560	561	562	563	564	565	
160	307	0	18	524	525	526	527	528	529	530	531	532	533	534	535	536	537	538	539	540	541	
161	310	0	1	390	
162	317	0	18	637	638	639	640	641	642	643	644	645	646	647	648	649	650	651	652	653	654	
163	318	0	1	622	
164	319	0	1	275	
165	320	0	24	44	45	46	47	48	49	50	51	52	53	54	55	56	57	58	59	60	61	62	63	64	65	66	67	
166	321	0	7	68	69	70	71	72	73	74	
167	323	0	1	78	
168	324	0	9	421	422	423	424	425	426	427	428	429	
169	325	0	1	162	
170	327	0	1	712	
171	328	0	3	89	90	91	
172	330	0	1	600	
173	332	0	1	81	
174	337	0	1	420	
175	338	0	1	338	
176	342	0	1	391	
177	343	0	1	160	
178	344	0	1	713	
179	345	0	1	628	
180	348	0	1	75	
181	350	0	1	167	
182	351	0	1	274	
183	352	0	1	542	
184	354	0	1	655	
185	356	0	1	665	
186	360	0	24	44	45	46	47	48	49	50	51	52	53	54	55	56	57	58	59	60	61	62	63	64	65	66	67	
187	361	0	1	191	
188	364	0	24	392	393	394	395	396	397	398	399	400	401	402	403	404	405	406	407	408	409	410	411	412	413	414	415	
189	368	0	18	747	748	749	750	751	752	753	754	755	756	757	758	759	760	761	762	763	764	
190	373	0	12	455	456	457	458	459	460	461	462	463	464	465	466	
191	374	0	15	126	127	128	129	130	131	132	133	134	135	136	137	138	139	140	
192	376	0	1	377	
193	380	0	18	601	602	603	604	605	606	607	608	609	610	611	612	613	614	615	616	617	618	
194	382	0	3	292	293	294	
195	383	0	7	686	687	688	689	690	691	692	
196	384	0	18	715	716	717	718	719	720	721	722	723	724	725	726	727	728	729	730	731	732	
197	387	0	24	207	208	209	210	211	212	213	214	215	216	217	218	219	220	221	222	223	224	225	226	227	228	229	230	
198	388	0	7	677	678	679	680	681	682	683	
199	390	0	1	168	
200	391	0	1	627	
201	394	0	1	505	
202	397	0	24	207	208	209	210	211	212	213	214	215	216	217	218	219	220	221	222	223	224	225	226	227	228	229	230	
203	398	0	1	523	
204	399	0	21	545	546	547	548	549	550	551	552	553	554	555	556	557	558	559	560	561	562	563	564	565	
205	401	0	1	33	
206	404	0	1	166	
207	405	0	15	507	508	509	510	511	512	513	514	515	516	517	518	519	520	521	
208	406	0	1	619	
209	408	0	7	382	383	384	385	386	387	388	
210	409	0	1	41	
211	411	0	21	545	546	547	548	549	550	551	552	553	554	555	556	557	558	559	560	561	562	563	564	565	
212	415	0	1	736	
213	416	0	7	143	144	145	146	147	148	149	
214	420	0	3	669	670	671	
215	422	0	1	93	
216	424	0	7	280	281	282	283	284	285	286	
217	425	0	1	141	
218	427	0	1	337	
219	432	0	1	664	
220	437	0	7	249	250	251	252	253	254	255	
221	441	0	1	40	
222	444	0	7	257	258	259	260	261	262	263	
223	445	0	1	34	
224	447	0	1	246	
225	448	0	1	79	
226	449	0	18	524	525	526	527	528	529	530	531	532	533	534	535	536	537	538	539	540	541	
227	450	0	1	39	
228	454	0	1	374	
229	456	0	18	747	748	749	750	751	752	753	754	755	756	757	758	759	760	761	762	763	764	
230	457	0	24	392	393	394	395	396	397	398	399	400	401	402	403	404	405	406	407	408	409	410	411	412	413	414	415	
231	458	0	15	126	127	128	129	130	131	132	133	134	135	136	137	138	139	140	
232	459	0	7	16	17	18	19	20	21	22	
233	461	0	1	626	
234	462	0	24	44	45	46	47	48	49	50	51	52	53	54	55	56	57	58	59	60	61	62	63	64	65	66	67	
235	463	0	24	207	208	209	210	211	212	213	214	215	216	217	218	219	220	221	222	223	224	225	226	227	228	229	230	
236	465	0	15	507	508	509	510	511	512	513	514	515	516	517	518	519	520	521	
237	467	0	1	503	
238	468	0	18	100	101	102	103	104	105	106	107	108	109	110	111	112	113	114	115	116	117	
239	470	0	12	195	196	197	198	199	200	201	202	203	204	205	206	
240	473	0	7	239	240	241	242	243	244	245	
241	475	0	1	389	
242	479	0	7	231	232	233	234	235	236	237	
243	480	0	7	467	468	469	470	471	472	473	
244	485	0	1	506	
245	486	0	1	375	
246	492	0	1	543	
247	493	0	1	35	
248	496	0	3	96	97	98	
249	497	0	18	437	438	439	440	441	442	443	444	445	446	447	448	449	450	451	452	453	454	
