280
0	2	0	15	74	75	76	77	78	79	80	81	82	83	84	85	86	87	88	
1	3	0	1	224	
2	6	0	21	150	151	152	153	154	155	156	157	158	159	160	161	162	163	164	165	166	167	168	169	170	
3	9	0	21	115	116	117	118	119	120	121	122	123	124	125	126	127	128	129	130	131	132	133	134	135	
4	10	0	7	944	945	946	947	948	949	950	
5	11	0	1	571	
6	12	0	21	229	230	231	232	233	234	235	236	237	238	239	240	241	242	243	244	245	246	247	248	249	
7	13	0	1	365	
8	16	0	3	489	490	491	
9	20	0	21	115	116	117	118	119	120	121	122	123	124	125	126	127	128	129	130	131	132	133	134	135	
10	22	0	1	840	
11	24	0	24	746	747	748	749	750	751	752	753	754	755	756	757	758	759	760	761	762	763	764	765	766	767	768	769	
12	26	0	1	502	
13	27	0	7	693	694	695	696	697	698	699	
14	28	0	1	298	
15	30	0	1	171	
16	31	0	21	466	467	468	469	470	471	472	473	474	475	476	477	478	479	480	481	482	483	484	485	486	
17	32	0	1	939	
18	36	0	1	688	
19	37	0	24	721	722	723	724	725	726	727	728	729	730	731	732	733	734	735	736	737	738	739	740	741	742	743	744	
20	38	0	1	865	
21	39	0	1	835	
22	40	0	24	200	201	202	203	204	205	206	207	208	209	210	211	212	213	214	215	216	217	218	219	220	221	222	223	
23	42	0	21	93	94	95	96	97	98	99	100	101	102	103	104	105	106	107	108	109	110	111	112	113	
24	45	0	1	887	
25	48	0	21	115	116	117	118	119	120	121	122	123	124	125	126	127	128	129	130	131	132	133	134	135	
26	49	0	21	332	333	334	335	336	337	338	339	340	341	342	343	344	345	346	347	348	349	350	351	352	
27	53	0	15	251	252	253	254	255	256	257	258	259	260	261	262	263	264	265	
28	54	0	1	960	
29	55	0	1	888	
30	56	0	1	196	
31	58	0	1	690	
32	60	0	1	172	
33	61	0	15	74	75	76	77	78	79	80	81	82	83	84	85	86	87	88	
34	65	0	1	952	
35	66	0	24	417	418	419	420	421	422	423	424	425	426	427	428	429	430	431	432	433	434	435	436	437	438	439	440	
36	68	0	1	663	
37	71	0	12	545	546	547	548	549	550	551	552	553	554	555	556	
38	74	0	15	13	14	15	16	17	18	19	20	21	22	23	24	25	26	27	
39	77	0	24	441	442	443	444	445	446	447	448	449	450	451	452	453	454	455	456	457	458	459	460	461	462	463	464	
40	78	0	21	52	53	54	55	56	57	58	59	60	61	62	63	64	65	66	67	68	69	70	71	72	
41	81	0	1	704	
42	83	0	1	938	
43	84	0	21	332	333	334	335	336	337	338	339	340	341	342	343	344	345	346	347	348	349	350	351	352	
44	85	0	1	173	
45	88	0	1	917	
46	89	0	21	304	305	306	307	308	309	310	311	312	313	314	315	316	317	318	319	320	321	322	323	324	
47	93	0	21	304	305	306	307	308	309	310	311	312	313	314	315	316	317	318	319	320	321	322	323	324	
48	100	0	12	528	529	530	531	532	533	534	535	536	537	538	539	
49	102	0	9	772	773	774	775	776	777	778	779	780	
50	103	0	1	73	
51	104	0	3	844	845	846	
52	105	0	3	301	302	303	
53	106	0	1	181	
54	107	0	15	13	14	15	16	17	18	19	20	21	22	23	24	25	26	27	
55	110	0	1	687	
56	111	0	1	415	
57	112	0	15	806	807	808	809	810	811	812	813	814	815	816	817	818	819	820	
58	113	0	15	13	14	15	16	17	18	19	20	21	22	23	24	25	26	27	
59	116	0	7	920	921	922	923	924	925	926	
60	117	0	15	806	807	808	809	810	811	812	813	814	815	816	817	818	819	820	
61	118	0	12	528	529	530	531	532	533	534	535	536	537	538	539	
62	121	0	1	41	
63	123	0	1	701	
64	124	0	9	28	29	30	31	32	33	34	35	36	
65	126	0	1	40	
66	128	0	1	521	
67	129	0	21	304	305	306	307	308	309	310	311	312	313	314	315	316	317	318	319	320	321	322	323	324	
68	133	0	1	92	
69	135	0	15	868	869	870	871	872	873	874	875	876	877	878	879	880	881	882	
70	136	0	1	197	
71	140	0	21	229	230	231	232	233	234	235	236	237	238	239	240	241	242	243	244	245	246	247	248	249	
72	143	0	15	251	252	253	254	255	256	257	258	259	260	261	262	263	264	265	
73	144	0	7	607	608	609	610	611	612	613	
74	147	0	1	940	
75	148	0	24	582	583	584	585	586	587	588	589	590	591	592	593	594	595	596	597	598	599	600	601	602	603	604	605	
76	149	0	18	665	666	667	668	669	670	671	672	673	674	675	676	677	678	679	680	681	682	
77	151	0	1	889	
78	155	0	1	388	
79	159	0	1	1	
80	161	0	7	712	713	714	715	716	717	718	
81	162	0	1	541	
82	163	0	24	746	747	748	749	750	751	752	753	754	755	756	757	758	759	760	761	762	763	764	765	766	767	768	769	
83	165	0	1	526	
84	166	0	1	520	
85	167	0	24	782	783	784	785	786	787	788	789	790	791	792	793	794	795	796	797	798	799	800	801	802	803	804	805	
86	168	0	1	226	
87	169	0	1	0	
88	172	0	7	182	183	184	185	186	187	188	
89	173	0	24	417	418	419	420	421	422	423	424	425	426	427	428	429	430	431	432	433	434	435	436	437	438	439	440	
90	174	0	1	891	
91	175	0	1	228	
92	176	0	24	582	583	584	585	586	587	588	589	590	591	592	593	594	595	596	597	598	599	600	601	602	603	604	605	
93	178	0	24	200	201	202	203	204	205	206	207	208	209	210	211	212	213	214	215	216	217	218	219	220	221	222	223	
94	181	0	21	150	151	152	153	154	155	156	157	158	159	160	161	162	163	164	165	166	167	168	169	170	
95	183	0	7	325	326	327	328	329	330	331	
96	186	0	1	9	
97	187	0	21	466	467	468	469	470	471	472	473	474	475	476	477	478	479	480	481	482	483	484	485	486	
98	191	0	1	573	
99	193	0	1	943	
100	196	0	1	492	
101	197	0	12	286	287	288	289	290	291	292	293	294	295	296	297	
102	198	0	24	782	783	784	785	786	787	788	789	790	791	792	793	794	795	796	797	798	799	800	801	802	803	804	805	
103	199	0	1	937	
104	200	0	1	847	
105	201	0	24	441	442	443	444	445	446	447	448	449	450	451	452	453	454	455	456	457	458	459	460	461	462	463	464	
106	203	0	12	353	354	355	356	357	358	359	360	361	362	363	364	
107	204	0	24	628	629	630	631	632	633	634	635	636	637	638	639	640	641	642	643	644	645	646	647	648	649	650	651	
108	207	0	1	686	
109	209	0	24	746	747	748	749	750	751	752	753	754	755	756	757	758	759	760	761	762	763	764	765	766	767	768	769	
110	212	0	12	545	546	547	548	549	550	551	552	553	554	555	556	
111	214	0	7	189	190	191	192	193	194	195	
112	216	0	1	493	
113	217	0	1	522	
114	218	0	24	782	783	784	785	786	787	788	789	790	791	792	793	794	795	796	797	798	799	800	801	802	803	804	805	
115	219	0	3	37	38	39	
116	225	0	1	285	
117	226	0	18	665	666	667	668	669	670	671	672	673	674	675	676	677	678	679	680	681	682	
118	227	0	9	772	773	774	775	776	777	778	779	780	
119	229	0	1	494	
120	231	0	21	466	467	468	469	470	471	472	473	474	475	476	477	478	479	480	481	482	483	484	485	486	
121	232	0	7	895	896	897	898	899	900	901	
122	234	0	1	42	
123	235	0	21	93	94	95	96	97	98	99	100	101	102	103	104	105	106	107	108	109	110	111	112	113	
124	237	0	7	2	3	4	5	6	7	8	
125	238	0	1	692	
126	239	0	7	495	496	497	498	499	500	501	
127	240	0	1	527	
128	242	0	1	540	
129	245	0	1	465	
130	247	0	3	836	837	838	
131	248	0	1	614	
132	250	0	1	487	
133	251	0	3	683	684	685	
134	252	0	1	89	
135	253	0	1	557	
136	256	0	1	558	
137	257	0	24	417	418	419	420	421	422	423	424	425	426	427	428	429	430	431	432	433	434	435	436	437	438	439	440	
138	258	0	1	559	
139	259	0	1	864	
140	260	0	1	771	
141	262	0	24	582	583	584	585	586	587	588	589	590	591	592	593	594	595	596	597	598	599	600	601	602	603	604	605	
142	263	0	24	391	392	393	394	395	396	397	398	399	400	401	402	403	404	405	406	407	408	409	410	411	412	413	414	
143	266	0	3	705	706	707	
144	268	0	15	251	252	253	254	255	256	257	258	259	260	261	262	263	264	265	
145	270	0	1	927	
146	271	0	3	892	893	894	
147	275	0	1	941	
148	276	0	1	378	
149	278	0	1	919	
150	281	0	1	606	
151	282	0	15	868	869	870	871	872	873	874	875	876	877	878	879	880	881	882	
152	283	0	1	708	
153	284	0	9	366	367	368	369	370	371	372	373	374	
154	285	0	24	417	418	419	420	421	422	423	424	425	426	427	428	429	430	431	432	433	434	435	436	437	438	439	440	
155	286	0	1	689	
156	289	0	15	503	504	505	506	507	508	509	510	511	512	513	514	515	516	517	
157	293	0	24	721	722	723	724	725	726	727	728	729	730	731	732	733	734	735	736	737	738	739	740	741	742	743	744	
158	296	0	1	90	
159	297	0	24	391	392	393	394	395	396	397	398	399	400	401	402	403	404	405	406	407	408	409	410	411	412	413	414	
160	298	0	15	849	850	851	852	853	854	855	856	857	858	859	860	861	862	863	
161	300	0	1	839	
162	301	0	1	662	
163	302	0	21	52	53	54	55	56	57	58	59	60	61	62	63	64	65	66	67	68	69	70	71	72	
164	303	0	15	503	504	505	506	507	508	509	510	511	512	513	514	515	516	517	
165	305	0	1	570	
166	306	0	9	928	929	930	931	932	933	934	935	936	
167	308	0	24	628	629	630	631	632	633	634	635	636	637	638	639	640	641	642	643	644	645	646	647	648	649	650	651	
168	309	0	15	849	850	851	852	853	854	855	856	857	858	859	860	861	862	863	
169	310	0	7	143	144	145	146	147	148	149	
170	313	0	24	441	442	443	444	445	446	447	448	449	450	451	452	453	454	455	456	457	458	459	460	461	462	463	464	
171	317	0	1	627	
172	318	0	9	928	929	930	931	932	933	934	935	936	
173	319	0	15	902	903	904	905	906	907	908	909	910	911	912	913	914	915	916	
174	320	0	7	828	829	830	831	832	833	834	
175	322	0	21	332	333	334	335	336	337	338	339	340	341	342	343	344	345	346	347	348	349	350	351	352	
176	325	0	7	136	137	138	139	140	141	142	
177	326	0	12	615	616	617	618	619	620	621	622	623	624	625	626	
178	329	0	1	720	
179	330	0	1	300	
180	332	0	21	304	305	306	307	308	309	310	311	312	313	314	315	316	317	318	319	320	321	322	323	324	
181	333	0	1	890	
182	334	0	3	841	842	843	
183	337	0	24	782	783	784	785	786	787	788	789	790	791	792	793	794	795	796	797	798	799	800	801	802	803	804	805	
184	338	0	1	519	
185	339	0	3	523	524	525	
186	340	0	1	883	
187	342	0	1	389	
188	343	0	7	821	822	823	824	825	826	827	
189	344	0	1	12	
190	345	0	18	665	666	667	668	669	670	671	672	673	674	675	676	677	678	679	680	681	682	
191	348	0	1	581	
192	352	0	1	770	
193	355	0	24	628	629	630	631	632	633	634	635	636	637	638	639	640	641	642	643	644	645	646	647	648	649	650	651	
194	357	0	21	229	230	231	232	233	234	235	236	237	238	239	240	241	242	243	244	245	246	247	248	249	
195	359	0	24	441	442	443	444	445	446	447	448	449	450	451	452	453	454	455	456	457	458	459	460	461	462	463	464	
196	361	0	3	542	543	544	
197	363	0	9	366	367	368	369	370	371	372	373	374	
198	365	0	21	52	53	54	55	56	57	58	59	60	61	62	63	64	65	66	67	68	69	70	71	72	
199	366	0	1	198	
200	367	0	3	884	885	886	
201	368	0	1	488	
202	370	0	7	953	954	955	956	957	958	959	
203	372	0	1	703	
204	373	0	1	942	
205	374	0	15	902	903	904	905	906	907	908	909	910	911	912	913	914	915	916	
206	376	0	15	849	850	851	852	853	854	855	856	857	858	859	860	861	862	863	
207	380	0	7	278	279	280	281	282	283	284	
208	381	0	1	691	
209	382	0	15	503	504	505	506	507	508	509	510	511	512	513	514	515	516	517	
210	384	0	9	28	29	30	31	32	33	34	35	36	
211	388	0	21	332	333	334	335	336	337	338	339	340	341	342	343	344	345	346	347	348	349	350	351	352	
212	390	0	1	114	
213	392	0	12	615	616	617	618	619	620	621	622	623	624	625	626	
214	393	0	1	43	
215	394	0	1	918	
216	395	0	21	150	151	152	153	154	155	156	157	158	159	160	161	162	163	164	165	166	167	168	169	170	
217	400	0	1	227	
218	401	0	1	702	
219	403	0	21	52	53	54	55	56	57	58	59	60	61	62	63	64	65	66	67	68	69	70	71	72	
220	404	0	7	270	271	272	273	274	275	276	
221	406	0	24	721	722	723	724	725	726	727	728	729	730	731	732	733	734	735	736	737	738	739	740	741	742	743	744	
222	407	0	9	561	562	563	564	565	566	567	568	569	
223	410	0	24	200	201	202	203	204	205	206	207	208	209	210	211	212	213	214	215	216	217	218	219	220	221	222	223	
224	413	0	1	225	
225	415	0	1	10	
226	416	0	9	653	654	655	656	657	658	659	660	661	
227	417	0	1	379	
228	420	0	1	91	
229	421	0	1	664	
230	423	0	1	387	
231	424	0	1	250	
232	426	0	15	902	903	904	905	906	907	908	909	910	911	912	913	914	915	916	
233	428	0	24	582	583	584	585	586	587	588	589	590	591	592	593	594	595	596	597	598	599	600	601	602	603	604	605	
234	431	0	3	709	710	711	
235	433	0	1	700	
236	435	0	12	286	287	288	289	290	291	292	293	294	295	296	297	
237	436	0	1	277	
238	437	0	1	719	
239	438	0	15	868	869	870	871	872	873	874	875	876	877	878	879	880	881	882	
240	439	0	12	353	354	355	356	357	358	359	360	361	362	363	364	
241	441	0	7	380	381	382	383	384	385	386	
242	442	0	24	200	201	202	203	204	205	206	207	208	209	210	211	212	213	214	215	216	217	218	219	220	221	222	223	
243	444	0	9	561	562	563	564	565	566	567	568	569	
244	447	0	3	375	376	377	
245	448	0	24	391	392	393	394	395	396	397	398	399	400	401	402	403	404	405	406	407	408	409	410	411	412	413	414	
246	449	0	1	560	
247	450	0	1	299	
248	452	0	1	745	
249	453	0	1	11	
250	455	0	21	115	116	117	118	119	120	121	122	123	124	125	126	127	128	129	130	131	132	133	134	135	
251	456	0	15	74	75	76	77	78	79	80	81	82	83	84	85	86	87	88	
252	458	0	24	391	392	393	394	395	396	397	398	399	400	401	402	403	404	405	406	407	408	409	410	411	412	413	414	
253	463	0	1	867	
254	465	0	1	781	
255	466	0	7	574	575	576	577	578	579	580	
256	467	0	1	652	
257	468	0	1	848	
258	469	0	21	93	94	95	96	97	98	99	100	101	102	103	104	105	106	107	108	109	110	111	112	113	
259	470	0	24	721	722	723	724	725	726	727	728	729	730	731	732	733	734	735	736	737	738	739	740	741	742	743	744	
260	471	0	1	269	
261	472	0	1	416	
262	474	0	1	390	
263	475	0	21	229	230	231	232	233	234	235	236	237	238	239	240	241	242	243	244	245	246	247	248	249	
264	476	0	24	628	629	630	631	632	633	634	635	636	637	638	639	640	641	642	643	644	645	646	647	648	649	650	651	
265	477	0	1	866	
266	478	0	21	93	94	95	96	97	98	99	100	101	102	103	104	105	106	107	108	109	110	111	112	113	
267	479	0	1	572	
268	481	0	1	44	
269	482	0	7	174	175	176	177	178	179	180	
270	485	0	21	466	467	468	469	470	471	472	473	474	475	476	477	478	479	480	481	482	483	484	485	486	
271	486	0	9	653	654	655	656	657	658	659	660	661	
272	487	0	3	266	267	268	
273	488	0	21	150	151	152	153	154	155	156	157	158	159	160	161	162	163	164	165	166	167	168	169	170	
274	489	0	1	518	
275	491	0	1	199	
276	492	0	15	806	807	808	809	810	811	812	813	814	815	816	817	818	819	820	
277	497	0	24	746	747	748	749	750	751	752	753	754	755	756	757	758	759	760	761	762	763	764	765	766	767	768	769	
278	498	0	7	45	46	47	48	49	50	51	
279	499	0	1	951	
