253
0	1	0	15	695	696	697	698	699	700	701	702	703	704	705	706	707	708	709	
1	2	0	1	581	
2	5	0	12	164	165	166	167	168	169	170	171	172	173	174	175	
3	6	0	1	57	
4	7	0	1	464	
5	10	0	21	177	178	179	180	181	182	183	184	185	186	187	188	189	190	191	192	193	194	195	196	197	
6	11	0	1	559	
7	16	0	15	401	402	403	404	405	406	407	408	409	410	411	412	413	414	415	
8	17	0	18	310	311	312	313	314	315	316	317	318	319	320	321	322	323	324	325	326	327	
9	18	0	18	208	209	210	211	212	213	214	215	216	217	218	219	220	221	222	223	224	225	
10	19	0	1	593	
11	20	0	1	644	
12	21	0	1	145	
13	22	0	1	111	
14	23	0	18	506	507	508	509	510	511	512	513	514	515	516	517	518	519	520	521	522	523	
15	26	0	1	691	
16	29	0	1	156	
17	30	0	1	396	
18	32	0	1	153	
19	34	0	1	542	
20	37	0	1	592	
21	39	0	1	368	
22	40	0	1	736	
23	41	0	1	103	
24	42	0	15	446	447	448	449	450	451	452	453	454	455	456	457	458	459	460	
25	47	0	15	446	447	448	449	450	451	452	453	454	455	456	457	458	459	460	
26	48	0	18	226	227	228	229	230	231	232	233	234	235	236	237	238	239	240	241	242	243	
27	49	0	1	582	
28	51	0	21	669	670	671	672	673	674	675	676	677	678	679	680	681	682	683	684	685	686	687	688	689	
29	52	0	1	205	
30	54	0	1	590	
31	61	0	1	85	
32	66	0	1	122	
33	67	0	1	162	
34	70	0	1	389	
35	73	0	1	443	
36	74	0	1	711	
37	76	0	3	349	350	351	
38	80	0	18	717	718	719	720	721	722	723	724	725	726	727	728	729	730	731	732	733	734	
39	84	0	1	84	
40	85	0	12	547	548	549	550	551	552	553	554	555	556	557	558	
41	87	0	1	75	
42	90	0	3	108	109	110	
43	93	0	1	580	
44	94	0	1	11	
45	97	0	1	19	
46	100	0	12	563	564	565	566	567	568	569	570	571	572	573	574	
47	101	0	18	247	248	249	250	251	252	253	254	255	256	257	258	259	260	261	262	263	264	
48	103	0	21	485	486	487	488	489	490	491	492	493	494	495	496	497	498	499	500	501	502	503	504	505	
49	105	0	1	246	
50	106	0	1	23	
51	108	0	9	2	3	4	5	6	7	8	9	10	
52	109	0	1	158	
53	112	0	15	695	696	697	698	699	700	701	702	703	704	705	706	707	708	709	
54	115	0	1	347	
55	116	0	1	176	
56	118	0	1	143	
57	121	0	1	395	
58	125	0	3	544	545	546	
59	127	0	21	417	418	419	420	421	422	423	424	425	426	427	428	429	430	431	432	433	434	435	436	437	
60	129	0	1	142	
61	130	0	1	206	
62	131	0	7	272	273	274	275	276	277	278	
63	132	0	7	583	584	585	586	587	588	589	
64	133	0	3	365	366	367	
65	135	0	18	226	227	228	229	230	231	232	233	234	235	236	237	238	239	240	241	242	243	
66	138	0	21	34	35	36	37	38	39	40	41	42	43	44	45	46	47	48	49	50	51	52	53	54	
67	139	0	18	717	718	719	720	721	722	723	724	725	726	727	728	729	730	731	732	733	734	
68	142	0	7	637	638	639	640	641	642	643	
69	143	0	1	265	
70	144	0	1	442	
71	145	0	3	279	280	281	
72	147	0	3	461	462	463	
73	148	0	1	399	
74	152	0	18	466	467	468	469	470	471	472	473	474	475	476	477	478	479	480	481	482	483	
75	153	0	1	715	
76	155	0	24	594	595	596	597	598	599	600	601	602	603	604	605	606	607	608	609	610	611	612	613	614	615	616	617	
77	157	0	1	285	
78	158	0	1	107	
79	159	0	3	438	439	440	
80	160	0	1	524	
81	162	0	24	645	646	647	648	649	650	651	652	653	654	655	656	657	658	659	660	661	662	663	664	665	666	667	668	
82	163	0	12	547	548	549	550	551	552	553	554	555	556	557	558	
83	164	0	7	198	199	200	201	202	203	204	
84	167	0	1	121	
85	169	0	1	352	
86	171	0	21	34	35	36	37	38	39	40	41	42	43	44	45	46	47	48	49	50	51	52	53	54	
87	172	0	9	628	629	630	631	632	633	634	635	636	
88	173	0	9	370	371	372	373	374	375	376	377	378	
89	176	0	21	177	178	179	180	181	182	183	184	185	186	187	188	189	190	191	192	193	194	195	196	197	
90	177	0	1	577	
91	180	0	21	669	670	671	672	673	674	675	676	677	678	679	680	681	682	683	684	685	686	687	688	689	
92	182	0	7	356	357	358	359	360	361	362	
93	184	0	1	294	
94	186	0	3	269	270	271	
95	188	0	1	92	
96	189	0	15	446	447	448	449	450	451	452	453	454	455	456	457	458	459	460	
97	191	0	1	525	
98	193	0	1	155	
99	194	0	1	295	
100	195	0	18	226	227	228	229	230	231	232	233	234	235	236	237	238	239	240	241	242	243	
101	196	0	1	388	
102	197	0	1	58	
103	198	0	21	669	670	671	672	673	674	675	676	677	678	679	680	681	682	683	684	685	686	687	688	689	
104	199	0	1	88	
105	200	0	1	132	
106	202	0	9	133	134	135	136	137	138	139	140	141	
107	204	0	18	717	718	719	720	721	722	723	724	725	726	727	728	729	730	731	732	733	734	
108	207	0	7	533	534	535	536	537	538	539	
109	208	0	7	77	78	79	80	81	82	83	
110	209	0	3	390	391	392	
111	211	0	1	355	
112	212	0	9	24	25	26	27	28	29	30	31	32	
113	215	0	24	645	646	647	648	649	650	651	652	653	654	655	656	657	658	659	660	661	662	663	664	665	666	667	668	
114	219	0	1	207	
115	222	0	21	485	486	487	488	489	490	491	492	493	494	495	496	497	498	499	500	501	502	503	504	505	
116	224	0	1	131	
117	225	0	1	386	
118	226	0	1	541	
119	227	0	1	266	
120	229	0	18	208	209	210	211	212	213	214	215	216	217	218	219	220	221	222	223	224	225	
121	232	0	1	397	
122	235	0	18	208	209	210	211	212	213	214	215	216	217	218	219	220	221	222	223	224	225	
123	236	0	1	387	
124	239	0	1	484	
125	241	0	24	645	646	647	648	649	650	651	652	653	654	655	656	657	658	659	660	661	662	663	664	665	666	667	668	
126	242	0	1	354	
127	243	0	18	506	507	508	509	510	511	512	513	514	515	516	517	518	519	520	521	522	523	
128	244	0	1	154	
129	245	0	1	94	
130	246	0	1	161	
131	247	0	1	394	
132	250	0	9	133	134	135	136	137	138	139	140	141	
133	253	0	18	506	507	508	509	510	511	512	513	514	515	516	517	518	519	520	521	522	523	
134	254	0	1	296	
135	255	0	1	738	
136	259	0	15	60	61	62	63	64	65	66	67	68	69	70	71	72	73	74	
137	263	0	1	369	
138	264	0	1	245	
139	266	0	3	526	527	528	
140	268	0	1	93	
141	274	0	21	485	486	487	488	489	490	491	492	493	494	495	496	497	498	499	500	501	502	503	504	505	
142	275	0	1	300	
143	277	0	7	96	97	98	99	100	101	102	
144	280	0	1	76	
145	282	0	1	737	
146	285	0	1	353	
147	288	0	7	12	13	14	15	16	17	18	
148	289	0	1	348	
149	291	0	1	364	
150	297	0	1	86	
151	298	0	1	33	
152	300	0	1	284	
153	301	0	3	530	531	532	
154	302	0	1	112	
155	303	0	18	310	311	312	313	314	315	316	317	318	319	320	321	322	323	324	325	326	327	
156	305	0	1	59	
157	309	0	1	690	
158	310	0	21	417	418	419	420	421	422	423	424	425	426	427	428	429	430	431	432	433	434	435	436	437	
159	311	0	1	400	
160	312	0	18	466	467	468	469	470	471	472	473	474	475	476	477	478	479	480	481	482	483	
161	313	0	1	416	
162	314	0	3	20	21	22	
163	316	0	1	282	
164	317	0	1	130	
165	318	0	1	163	
166	323	0	21	417	418	419	420	421	422	423	424	425	426	427	428	429	430	431	432	433	434	435	436	437	
167	326	0	3	692	693	694	
168	329	0	1	735	
169	332	0	9	24	25	26	27	28	29	30	31	32	
170	333	0	1	244	
171	334	0	15	401	402	403	404	405	406	407	408	409	410	411	412	413	414	415	
172	335	0	7	146	147	148	149	150	151	152	
173	336	0	21	177	178	179	180	181	182	183	184	185	186	187	188	189	190	191	192	193	194	195	196	197	
174	339	0	21	417	418	419	420	421	422	423	424	425	426	427	428	429	430	431	432	433	434	435	436	437	
175	340	0	18	247	248	249	250	251	252	253	254	255	256	257	258	259	260	261	262	263	264	
176	343	0	1	398	
177	349	0	1	113	
178	350	0	1	95	
179	352	0	9	370	371	372	373	374	375	376	377	378	
180	355	0	1	298	
181	358	0	1	575	
182	360	0	24	645	646	647	648	649	650	651	652	653	654	655	656	657	658	659	660	661	662	663	664	665	666	667	668	
183	363	0	21	34	35	36	37	38	39	40	41	42	43	44	45	46	47	48	49	50	51	52	53	54	
184	365	0	18	328	329	330	331	332	333	334	335	336	337	338	339	340	341	342	343	344	345	
185	367	0	3	89	90	91	
186	369	0	3	712	713	714	
187	370	0	7	114	115	116	117	118	119	120	
188	372	0	1	441	
189	373	0	15	60	61	62	63	64	65	66	67	68	69	70	71	72	73	74	
190	376	0	21	177	178	179	180	181	182	183	184	185	186	187	188	189	190	191	192	193	194	195	196	197	
191	379	0	21	485	486	487	488	489	490	491	492	493	494	495	496	497	498	499	500	501	502	503	504	505	
192	381	0	1	106	
193	382	0	1	393	
194	383	0	21	34	35	36	37	38	39	40	41	42	43	44	45	46	47	48	49	50	51	52	53	54	
195	385	0	7	301	302	303	304	305	306	307	
196	386	0	1	465	
197	387	0	9	2	3	4	5	6	7	8	9	10	
198	389	0	1	309	
199	390	0	7	620	621	622	623	624	625	626	
200	391	0	1	578	
201	392	0	1	576	
202	393	0	12	563	564	565	566	567	568	569	570	571	572	573	574	
203	395	0	1	160	
204	397	0	1	579	
205	398	0	1	716	
206	399	0	1	346	
207	400	0	24	594	595	596	597	598	599	600	601	602	603	604	605	606	607	608	609	610	611	612	613	614	615	616	617	
208	401	0	15	401	402	403	404	405	406	407	408	409	410	411	412	413	414	415	
209	405	0	1	0	
210	406	0	1	1	
211	409	0	1	56	
212	413	0	18	247	248	249	250	251	252	253	254	255	256	257	258	259	260	261	262	263	264	
213	415	0	1	363	
214	416	0	7	286	287	288	289	290	291	292	
215	418	0	12	164	165	166	167	168	169	170	171	172	173	174	175	
216	420	0	18	328	329	330	331	332	333	334	335	336	337	338	339	340	341	342	343	344	345	
217	421	0	1	445	
218	424	0	1	268	
219	425	0	15	695	696	697	698	699	700	701	702	703	704	705	706	707	708	709	
220	426	0	21	669	670	671	672	673	674	675	676	677	678	679	680	681	682	683	684	685	686	687	688	689	
221	428	0	7	379	380	381	382	383	384	385	
222	429	0	18	466	467	468	469	470	471	472	473	474	475	476	477	478	479	480	481	482	483	
223	433	0	1	710	
224	435	0	1	297	
225	438	0	1	299	
226	439	0	7	123	124	125	126	127	128	129	
227	443	0	1	55	
228	445	0	1	444	
229	447	0	1	618	
230	448	0	1	308	
231	452	0	1	283	
232	453	0	18	328	329	330	331	332	333	334	335	336	337	338	339	340	341	342	343	344	345	
233	455	0	1	619	
234	457	0	1	144	
235	459	0	1	104	
236	461	0	1	87	
237	464	0	1	591	
238	465	0	1	157	
239	468	0	15	60	61	62	63	64	65	66	67	68	69	70	71	72	73	74	
240	469	0	1	293	
241	470	0	1	543	
242	472	0	9	628	629	630	631	632	633	634	635	636	
243	475	0	18	310	311	312	313	314	315	316	317	318	319	320	321	322	323	324	325	326	327	
244	478	0	1	540	
245	481	0	1	105	
246	482	0	24	594	595	596	597	598	599	600	601	602	603	604	605	606	607	608	609	610	611	612	613	614	615	616	617	
247	483	0	1	267	
248	484	0	1	529	
249	488	0	24	594	595	596	597	598	599	600	601	602	603	604	605	606	607	608	609	610	611	612	613	614	615	616	617	
250	491	0	1	159	
251	497	0	1	627	
252	498	0	3	560	561	562	
