282
0	1	0	1	39	
1	2	0	18	693	694	695	696	697	698	699	700	701	702	703	704	705	706	707	708	709	710	
2	3	0	7	984	985	986	987	988	989	990	
3	4	0	1	255	
4	5	0	7	371	372	373	374	375	376	377	
5	8	0	18	391	392	393	394	395	396	397	398	399	400	401	402	403	404	405	406	407	408	
6	12	0	15	969	970	971	972	973	974	975	976	977	978	979	980	981	982	983	
7	13	0	3	125	126	127	
8	14	0	1	474	
9	16	0	1	540	
10	20	0	21	994	995	996	997	998	999	1000	1001	1002	1003	1004	1005	1006	1007	1008	1009	1010	1011	1012	1013	1014	
11	21	0	1	416	
12	22	0	7	515	516	517	518	519	520	521	
13	24	0	15	969	970	971	972	973	974	975	976	977	978	979	980	981	982	983	
14	25	0	15	88	89	90	91	92	93	94	95	96	97	98	99	100	101	102	
15	26	0	1	786	
16	29	0	1	387	
17	32	0	1	842	
18	33	0	24	943	944	945	946	947	948	949	950	951	952	953	954	955	956	957	958	959	960	961	962	963	964	965	966	
19	34	0	24	943	944	945	946	947	948	949	950	951	952	953	954	955	956	957	958	959	960	961	962	963	964	965	966	
20	35	0	1	257	
21	36	0	1	417	
22	37	0	15	173	174	175	176	177	178	179	180	181	182	183	184	185	186	187	
23	42	0	1	107	
24	44	0	24	868	869	870	871	872	873	874	875	876	877	878	879	880	881	882	883	884	885	886	887	888	889	890	891	
25	46	0	21	128	129	130	131	132	133	134	135	136	137	138	139	140	141	142	143	144	145	146	147	148	
26	47	0	1	338	
27	51	0	21	277	278	279	280	281	282	283	284	285	286	287	288	289	290	291	292	293	294	295	296	297	
28	52	0	1	87	
29	55	0	18	391	392	393	394	395	396	397	398	399	400	401	402	403	404	405	406	407	408	
30	56	0	1	843	
31	57	0	21	277	278	279	280	281	282	283	284	285	286	287	288	289	290	291	292	293	294	295	296	297	
32	59	0	7	28	29	30	31	32	33	34	
33	63	0	1	933	
34	64	0	1	936	
35	65	0	1	276	
36	66	0	18	693	694	695	696	697	698	699	700	701	702	703	704	705	706	707	708	709	710	
37	69	0	21	765	766	767	768	769	770	771	772	773	774	775	776	777	778	779	780	781	782	783	784	785	
38	70	0	3	470	471	472	
39	72	0	1	388	
40	74	0	15	88	89	90	91	92	93	94	95	96	97	98	99	100	101	102	
41	75	0	1	52	
42	77	0	1	17	
43	81	0	1	6	
44	82	0	9	847	848	849	850	851	852	853	854	855	
45	83	0	12	753	754	755	756	757	758	759	760	761	762	763	764	
46	84	0	24	868	869	870	871	872	873	874	875	876	877	878	879	880	881	882	883	884	885	886	887	888	889	890	891	
47	85	0	9	8	9	10	11	12	13	14	15	16	
48	87	0	18	693	694	695	696	697	698	699	700	701	702	703	704	705	706	707	708	709	710	
49	88	0	1	86	
50	89	0	1	236	
51	90	0	1	899	
52	92	0	15	149	150	151	152	153	154	155	156	157	158	159	160	161	162	163	
53	93	0	7	117	118	119	120	121	122	123	
54	98	0	12	808	809	810	811	812	813	814	815	816	817	818	819	
55	99	0	1	389	
56	101	0	9	461	462	463	464	465	466	467	468	469	
57	102	0	21	317	318	319	320	321	322	323	324	325	326	327	328	329	330	331	332	333	334	335	336	337	
58	104	0	3	690	691	692	
59	106	0	15	524	525	526	527	528	529	530	531	532	533	534	535	536	537	538	
60	108	0	7	625	626	627	628	629	630	631	
61	109	0	15	445	446	447	448	449	450	451	452	453	454	455	456	457	458	459	
62	110	0	7	364	365	366	367	368	369	370	
63	111	0	15	524	525	526	527	528	529	530	531	532	533	534	535	536	537	538	
64	112	0	18	475	476	477	478	479	480	481	482	483	484	485	486	487	488	489	490	491	492	
65	113	0	1	539	
66	116	0	15	221	222	223	224	225	226	227	228	229	230	231	232	233	234	235	
67	117	0	18	726	727	728	729	730	731	732	733	734	735	736	737	738	739	740	741	742	743	
68	118	0	24	645	646	647	648	649	650	651	652	653	654	655	656	657	658	659	660	661	662	663	664	665	666	667	668	
69	119	0	9	744	745	746	747	748	749	750	751	752	
70	120	0	21	317	318	319	320	321	322	323	324	325	326	327	328	329	330	331	332	333	334	335	336	337	
71	123	0	1	53	
72	125	0	21	188	189	190	191	192	193	194	195	196	197	198	199	200	201	202	203	204	205	206	207	208	
73	126	0	1	428	
74	128	0	1	712	
75	129	0	7	923	924	925	926	927	928	929	
76	130	0	21	548	549	550	551	552	553	554	555	556	557	558	559	560	561	562	563	564	565	566	567	568	
77	134	0	18	475	476	477	478	479	480	481	482	483	484	485	486	487	488	489	490	491	492	
78	135	0	9	69	70	71	72	73	74	75	76	77	
79	136	0	21	317	318	319	320	321	322	323	324	325	326	327	328	329	330	331	332	333	334	335	336	337	
80	137	0	1	512	
81	138	0	21	317	318	319	320	321	322	323	324	325	326	327	328	329	330	331	332	333	334	335	336	337	
82	139	0	15	173	174	175	176	177	178	179	180	181	182	183	184	185	186	187	
83	142	0	15	54	55	56	57	58	59	60	61	62	63	64	65	66	67	68	
84	143	0	7	429	430	431	432	433	434	435	
85	144	0	15	54	55	56	57	58	59	60	61	62	63	64	65	66	67	68	
86	146	0	1	339	
87	148	0	1	937	
88	149	0	3	991	992	993	
89	150	0	9	298	299	300	301	302	303	304	305	306	
90	153	0	1	711	
91	156	0	1	895	
92	157	0	1	942	
93	158	0	1	894	
94	159	0	15	445	446	447	448	449	450	451	452	453	454	455	456	457	458	459	
95	163	0	12	713	714	715	716	717	718	719	720	721	722	723	724	
96	166	0	1	931	
97	167	0	1	237	
98	168	0	3	35	36	37	
99	169	0	1	213	
100	170	0	9	744	745	746	747	748	749	750	751	752	
101	171	0	7	902	903	904	905	906	907	908	
102	172	0	3	687	688	689	
103	173	0	12	910	911	912	913	914	915	916	917	918	919	920	921	
104	174	0	1	900	
105	175	0	1	5	
106	177	0	7	633	634	635	636	637	638	639	
107	178	0	24	868	869	870	871	872	873	874	875	876	877	878	879	880	881	882	883	884	885	886	887	888	889	890	891	
108	180	0	18	475	476	477	478	479	480	481	482	483	484	485	486	487	488	489	490	491	492	
109	181	0	1	209	
110	184	0	12	789	790	791	792	793	794	795	796	797	798	799	800	
111	185	0	1	38	
112	186	0	21	128	129	130	131	132	133	134	135	136	137	138	139	140	141	142	143	144	145	146	147	148	
113	187	0	1	570	
114	188	0	1	787	
115	189	0	3	598	599	600	
116	192	0	18	258	259	260	261	262	263	264	265	266	267	268	269	270	271	272	273	274	275	
117	193	0	1	41	
118	195	0	24	571	572	573	574	575	576	577	578	579	580	581	582	583	584	585	586	587	588	589	590	591	592	593	594	
119	199	0	21	188	189	190	191	192	193	194	195	196	197	198	199	200	201	202	203	204	205	206	207	208	
120	200	0	1	460	
121	203	0	1	522	
122	205	0	1	909	
123	206	0	3	896	897	898	
124	207	0	18	258	259	260	261	262	263	264	265	266	267	268	269	270	271	272	273	274	275	
125	208	0	15	54	55	56	57	58	59	60	61	62	63	64	65	66	67	68	
126	210	0	21	994	995	996	997	998	999	1000	1001	1002	1003	1004	1005	1006	1007	1008	1009	1010	1011	1012	1013	1014	
127	212	0	21	548	549	550	551	552	553	554	555	556	557	558	559	560	561	562	563	564	565	566	567	568	
128	213	0	7	342	343	344	345	346	347	348	
129	214	0	1	211	
130	215	0	3	238	239	240	
131	218	0	9	69	70	71	72	73	74	75	76	77	
132	219	0	1	893	
133	220	0	1	934	
134	226	0	15	969	970	971	972	973	974	975	976	977	978	979	980	981	982	983	
135	227	0	15	445	446	447	448	449	450	451	452	453	454	455	456	457	458	459	
136	228	0	1	390	
137	229	0	7	672	673	674	675	676	677	678	
138	232	0	18	391	392	393	394	395	396	397	398	399	400	401	402	403	404	405	406	407	408	
139	236	0	1	43	
140	237	0	1	935	
141	238	0	1	340	
142	239	0	9	298	299	300	301	302	303	304	305	306	
143	240	0	1	686	
144	244	0	21	820	821	822	823	824	825	826	827	828	829	830	831	832	833	834	835	836	837	838	839	840	
145	246	0	1	569	
146	248	0	1	725	
147	249	0	9	308	309	310	311	312	313	314	315	316	
148	250	0	21	820	821	822	823	824	825	826	827	828	829	830	831	832	833	834	835	836	837	838	839	840	
149	252	0	1	210	
150	253	0	1	1	
151	258	0	18	726	727	728	729	730	731	732	733	734	735	736	737	738	739	740	741	742	743	
152	259	0	12	753	754	755	756	757	758	759	760	761	762	763	764	
153	260	0	1	892	
154	262	0	1	444	
155	264	0	21	277	278	279	280	281	282	283	284	285	286	287	288	289	290	291	292	293	294	295	296	297	
156	265	0	12	789	790	791	792	793	794	795	796	797	798	799	800	
157	267	0	1	513	
158	270	0	3	856	857	858	
159	275	0	24	645	646	647	648	649	650	651	652	653	654	655	656	657	658	659	660	661	662	663	664	665	666	667	668	
160	278	0	1	386	
161	280	0	15	221	222	223	224	225	226	227	228	229	230	231	232	233	234	235	
162	282	0	3	83	84	85	
163	283	0	1	106	
164	285	0	3	48	49	50	
165	286	0	24	943	944	945	946	947	948	949	950	951	952	953	954	955	956	957	958	959	960	961	962	963	964	965	966	
166	289	0	9	308	309	310	311	312	313	314	315	316	
167	290	0	1	968	
168	291	0	3	938	939	940	
169	292	0	1	103	
170	296	0	3	79	80	81	
171	298	0	15	149	150	151	152	153	154	155	156	157	158	159	160	161	162	163	
172	299	0	7	493	494	495	496	497	498	499	
173	300	0	9	108	109	110	111	112	113	114	115	116	
174	301	0	1	26	
175	306	0	7	801	802	803	804	805	806	807	
176	307	0	21	128	129	130	131	132	133	134	135	136	137	138	139	140	141	142	143	144	145	146	147	148	
177	308	0	3	44	45	46	
178	309	0	12	910	911	912	913	914	915	916	917	918	919	920	921	
179	310	0	18	258	259	260	261	262	263	264	265	266	267	268	269	270	271	272	273	274	275	
180	314	0	3	641	642	643	
181	315	0	21	765	766	767	768	769	770	771	772	773	774	775	776	777	778	779	780	781	782	783	784	785	
182	319	0	1	859	
183	322	0	21	277	278	279	280	281	282	283	284	285	286	287	288	289	290	291	292	293	294	295	296	297	
184	325	0	3	844	845	846	
185	326	0	1	124	
186	328	0	21	765	766	767	768	769	770	771	772	773	774	775	776	777	778	779	780	781	782	783	784	785	
187	329	0	7	214	215	216	217	218	219	220	
188	330	0	9	349	350	351	352	353	354	355	356	357	
189	331	0	12	713	714	715	716	717	718	719	720	721	722	723	724	
190	335	0	7	436	437	438	439	440	441	442	
191	336	0	21	820	821	822	823	824	825	826	827	828	829	830	831	832	833	834	835	836	837	838	839	840	
192	339	0	21	188	189	190	191	192	193	194	195	196	197	198	199	200	201	202	203	204	205	206	207	208	
193	340	0	1	360	
194	342	0	1	941	
195	344	0	24	943	944	945	946	947	948	949	950	951	952	953	954	955	956	957	958	959	960	961	962	963	964	965	966	
196	345	0	1	212	
197	348	0	21	548	549	550	551	552	553	554	555	556	557	558	559	560	561	562	563	564	565	566	567	568	
198	349	0	1	788	
199	350	0	1	105	
200	352	0	3	595	596	597	
201	354	0	1	40	
202	355	0	1	378	
203	356	0	1	51	
204	357	0	21	820	821	822	823	824	825	826	827	828	829	830	831	832	833	834	835	836	837	838	839	840	
205	359	0	1	443	
206	360	0	15	173	174	175	176	177	178	179	180	181	182	183	184	185	186	187	
207	363	0	1	419	
208	365	0	1	242	
209	366	0	1	47	
210	370	0	1	901	
211	371	0	1	632	
212	372	0	1	7	
213	373	0	1	523	
214	374	0	1	241	
215	376	0	24	601	602	603	604	605	606	607	608	609	610	611	612	613	614	615	616	617	618	619	620	621	622	623	624	
216	377	0	1	358	
217	379	0	1	860	
218	380	0	21	188	189	190	191	192	193	194	195	196	197	198	199	200	201	202	203	204	205	206	207	208	
219	382	0	9	108	109	110	111	112	113	114	115	116	
220	384	0	21	994	995	996	997	998	999	1000	1001	1002	1003	1004	1005	1006	1007	1008	1009	1010	1011	1012	1013	1014	
221	386	0	1	82	
222	388	0	1	514	
223	390	0	1	104	
224	391	0	21	548	549	550	551	552	553	554	555	556	557	558	559	560	561	562	563	564	565	566	567	568	
225	392	0	3	361	362	363	
226	394	0	21	128	129	130	131	132	133	134	135	136	137	138	139	140	141	142	143	144	145	146	147	148	
227	396	0	1	418	
228	399	0	24	601	602	603	604	605	606	607	608	609	610	611	612	613	614	615	616	617	618	619	620	621	622	623	624	
229	400	0	1	420	
230	402	0	3	2	3	4	
231	403	0	24	571	572	573	574	575	576	577	578	579	580	581	582	583	584	585	586	587	588	589	590	591	592	593	594	
232	406	0	7	679	680	681	682	683	684	685	
233	407	0	24	645	646	647	648	649	650	651	652	653	654	655	656	657	658	659	660	661	662	663	664	665	666	667	668	
234	408	0	1	27	
235	409	0	24	571	572	573	574	575	576	577	578	579	580	581	582	583	584	585	586	587	588	589	590	591	592	593	594	
236	410	0	9	349	350	351	352	353	354	355	356	357	
237	412	0	1	967	
238	414	0	3	669	670	671	
239	418	0	7	379	380	381	382	383	384	385	
240	420	0	9	164	165	166	167	168	169	170	171	172	
241	425	0	9	847	848	849	850	851	852	853	854	855	
242	426	0	1	78	
243	429	0	12	500	501	502	503	504	505	506	507	508	509	510	511	
244	432	0	1	256	
245	433	0	7	541	542	543	544	545	546	547	
246	434	0	1	0	
247	436	0	7	861	862	863	864	865	866	867	
248	439	0	18	726	727	728	729	730	731	732	733	734	735	736	737	738	739	740	741	742	743	
249	440	0	12	808	809	810	811	812	813	814	815	816	817	818	819	
250	442	0	1	841	
251	443	0	1	644	
252	444	0	21	765	766	767	768	769	770	771	772	773	774	775	776	777	778	779	780	781	782	783	784	785	
253	449	0	24	601	602	603	604	605	606	607	608	609	610	611	612	613	614	615	616	617	618	619	620	621	622	623	624	
254	450	0	15	221	222	223	224	225	226	227	228	229	230	231	232	233	234	235	
255	451	0	21	994	995	996	997	998	999	1000	1001	1002	1003	1004	1005	1006	1007	1008	1009	1010	1011	1012	1013	1014	
256	452	0	9	461	462	463	464	465	466	467	468	469	
257	453	0	1	473	
258	454	0	1	359	
259	455	0	12	500	501	502	503	504	505	506	507	508	509	510	511	
260	456	0	7	19	20	21	22	23	24	25	
261	457	0	24	868	869	870	871	872	873	874	875	876	877	878	879	880	881	882	883	884	885	886	887	888	889	890	891	
262	459	0	24	645	646	647	648	649	650	651	652	653	654	655	656	657	658	659	660	661	662	663	664	665	666	667	668	
263	461	0	1	42	
264	463	0	1	922	
265	464	0	1	18	
266	465	0	1	930	
267	468	0	1	307	
268	469	0	15	524	525	526	527	528	529	530	531	532	533	534	535	536	537	538	
269	473	0	15	149	150	151	152	153	154	155	156	157	158	159	160	161	162	163	
270	475	0	1	640	
271	476	0	9	164	165	166	167	168	169	170	171	172	
272	479	0	9	8	9	10	11	12	13	14	15	16	
273	484	0	24	601	602	603	604	605	606	607	608	609	610	611	612	613	614	615	616	617	618	619	620	621	622	623	624	
274	487	0	15	88	89	90	91	92	93	94	95	96	97	98	99	100	101	102	
275	488	0	7	409	410	411	412	413	414	415	
276	489	0	12	243	244	245	246	247	248	249	250	251	252	253	254	
277	490	0	1	932	
278	492	0	1	341	
279	493	0	7	421	422	423	424	425	426	427	
280	496	0	12	243	244	245	246	247	248	249	250	251	252	253	254	
281	497	0	24	571	572	573	574	575	576	577	578	579	580	581	582	583	584	585	586	587	588	589	590	591	592	593	594	
