391
0	0	0	1	294	
1	2	0	9	825	826	827	828	829	830	831	832	833	
2	4	0	1	855	
3	5	0	21	881	882	883	884	885	886	887	888	889	890	891	892	893	894	895	896	897	898	899	900	901	
4	8	0	3	118	119	120	
5	9	0	7	681	682	683	684	685	686	687	
6	13	0	18	566	567	568	569	570	571	572	573	574	575	576	577	578	579	580	581	582	583	
7	15	0	1	1061	
8	17	0	1	1195	
9	18	0	1	104	
10	20	0	3	1205	1206	1207	
11	22	0	9	418	419	420	421	422	423	424	425	426	
12	24	0	1	26	
13	25	0	1	105	
14	26	0	3	1132	1133	1134	
15	27	0	1	240	
16	28	0	3	76	77	78	
17	30	0	1	1190	
18	32	0	3	17	18	19	
19	34	0	1	1004	
20	35	0	1	103	
21	36	0	12	1007	1008	1009	1010	1011	1012	1013	1014	1015	1016	1017	1018	
22	37	0	21	603	604	605	606	607	608	609	610	611	612	613	614	615	616	617	618	619	620	621	622	623	
23	38	0	1	637	
24	41	0	24	1080	1081	1082	1083	1084	1085	1086	1087	1088	1089	1090	1091	1092	1093	1094	1095	1096	1097	1098	1099	1100	1101	1102	1103	
25	43	0	15	315	316	317	318	319	320	321	322	323	324	325	326	327	328	329	
26	45	0	1	310	
27	49	0	12	1007	1008	1009	1010	1011	1012	1013	1014	1015	1016	1017	1018	
28	51	0	1	313	
29	57	0	18	145	146	147	148	149	150	151	152	153	154	155	156	157	158	159	160	161	162	
30	58	0	18	834	835	836	837	838	839	840	841	842	843	844	845	846	847	848	849	850	851	
31	61	0	7	66	67	68	69	70	71	72	
32	63	0	1	74	
33	65	0	1	429	
34	66	0	12	794	795	796	797	798	799	800	801	802	803	804	805	
35	68	0	1	42	
36	69	0	1	1003	
37	71	0	1	417	
38	72	0	1	818	
39	76	0	21	430	431	432	433	434	435	436	437	438	439	440	441	442	443	444	445	446	447	448	449	450	
40	77	0	1	564	
41	78	0	7	915	916	917	918	919	920	921	
42	79	0	9	184	185	186	187	188	189	190	191	192	
43	85	0	7	1159	1160	1161	1162	1163	1164	1165	
44	87	0	7	164	165	166	167	168	169	170	
45	88	0	18	1062	1063	1064	1065	1066	1067	1068	1069	1070	1071	1072	1073	1074	1075	1076	1077	1078	1079	
46	90	0	7	122	123	124	125	126	127	128	
47	91	0	1	488	
48	94	0	1	707	
49	95	0	1	1168	
50	96	0	3	708	709	710	
51	97	0	1	506	
52	102	0	3	741	742	743	
53	103	0	1	483	
54	109	0	18	511	512	513	514	515	516	517	518	519	520	521	522	523	524	525	526	527	528	
55	110	0	1	484	
56	111	0	1	879	
57	116	0	18	1043	1044	1045	1046	1047	1048	1049	1050	1051	1052	1053	1054	1055	1056	1057	1058	1059	1060	
58	120	0	9	94	95	96	97	98	99	100	101	102	
59	122	0	18	200	201	202	203	204	205	206	207	208	209	210	211	212	213	214	215	216	217	
60	123	0	7	746	747	748	749	750	751	752	
61	124	0	1	1196	
62	125	0	12	171	172	173	174	175	176	177	178	179	180	181	182	
63	126	0	9	960	961	962	963	964	965	966	967	968	
64	127	0	18	566	567	568	569	570	571	572	573	574	575	576	577	578	579	580	581	582	583	
65	128	0	1	821	
66	130	0	12	1147	1148	1149	1150	1151	1152	1153	1154	1155	1156	1157	1158	
67	133	0	21	532	533	534	535	536	537	538	539	540	541	542	543	544	545	546	547	548	549	550	551	552	
68	134	0	18	984	985	986	987	988	989	990	991	992	993	994	995	996	997	998	999	1000	1001	
69	136	0	1	35	
70	138	0	7	1019	1020	1021	1022	1023	1024	1025	
71	141	0	1	481	
72	145	0	1	765	
73	150	0	1	529	
74	153	0	9	265	266	267	268	269	270	271	272	273	
75	154	0	21	881	882	883	884	885	886	887	888	889	890	891	892	893	894	895	896	897	898	899	900	901	
76	157	0	21	939	940	941	942	943	944	945	946	947	948	949	950	951	952	953	954	955	956	957	958	959	
77	158	0	1	563	
78	161	0	12	970	971	972	973	974	975	976	977	978	979	980	981	
79	163	0	3	634	635	636	
80	164	0	1	638	
81	169	0	1	493	
82	170	0	1	85	
83	171	0	1	1192	
84	173	0	1	859	
85	174	0	24	368	369	370	371	372	373	374	375	376	377	378	379	380	381	382	383	384	385	386	387	388	389	390	391	
86	175	0	1	489	
87	176	0	1	64	
88	177	0	7	1139	1140	1141	1142	1143	1144	1145	
89	179	0	3	875	876	877	
90	181	0	1	218	
91	182	0	1	21	
92	185	0	1	1194	
93	189	0	3	1177	1178	1179	
94	191	0	1	856	
95	192	0	15	922	923	924	925	926	927	928	929	930	931	932	933	934	935	936	
96	194	0	21	219	220	221	222	223	224	225	226	227	228	229	230	231	232	233	234	235	236	237	238	239	
97	195	0	18	463	464	465	466	467	468	469	470	471	472	473	474	475	476	477	478	479	480	
98	196	0	24	368	369	370	371	372	373	374	375	376	377	378	379	380	381	382	383	384	385	386	387	388	389	390	391	
99	198	0	1	198	
100	200	0	1	404	
101	201	0	1	806	
102	204	0	24	1080	1081	1082	1083	1084	1085	1086	1087	1088	1089	1090	1091	1092	1093	1094	1095	1096	1097	1098	1099	1100	1101	1102	1103	
103	205	0	1	1166	
104	206	0	21	881	882	883	884	885	886	887	888	889	890	891	892	893	894	895	896	897	898	899	900	901	
105	207	0	1	739	
106	209	0	1	983	
107	210	0	18	511	512	513	514	515	516	517	518	519	520	521	522	523	524	525	526	527	528	
108	211	0	21	603	604	605	606	607	608	609	610	611	612	613	614	615	616	617	618	619	620	621	622	623	
109	213	0	1	40	
110	215	0	1	132	
111	217	0	1	195	
112	218	0	15	779	780	781	782	783	784	785	786	787	788	789	790	791	792	793	
113	219	0	21	430	431	432	433	434	435	436	437	438	439	440	441	442	443	444	445	446	447	448	449	450	
114	226	0	18	200	201	202	203	204	205	206	207	208	209	210	211	212	213	214	215	216	217	
115	228	0	18	834	835	836	837	838	839	840	841	842	843	844	845	846	847	848	849	850	851	
116	229	0	1	738	
117	231	0	21	532	533	534	535	536	537	538	539	540	541	542	543	544	545	546	547	548	549	550	551	552	
118	237	0	1	135	
119	238	0	1	22	
120	239	0	1	314	
121	241	0	1	193	
122	251	0	1	24	
123	252	0	1	755	
124	253	0	1	331	
125	255	0	12	494	495	496	497	498	499	500	501	502	503	504	505	
126	259	0	21	219	220	221	222	223	224	225	226	227	228	229	230	231	232	233	234	235	236	237	238	239	
127	260	0	12	494	495	496	497	498	499	500	501	502	503	504	505	
128	261	0	1	756	
129	263	0	15	1027	1028	1029	1030	1031	1032	1033	1034	1035	1036	1037	1038	1039	1040	1041	
130	264	0	21	219	220	221	222	223	224	225	226	227	228	229	230	231	232	233	234	235	236	237	238	239	
131	266	0	12	669	670	671	672	673	674	675	676	677	678	679	680	
132	268	0	3	82	83	84	
133	269	0	1	878	
134	271	0	1	27	
135	272	0	15	860	861	862	863	864	865	866	867	868	869	870	871	872	873	874	
136	274	0	1	1042	
137	275	0	1	819	
138	277	0	18	200	201	202	203	204	205	206	207	208	209	210	211	212	213	214	215	216	217	
139	280	0	15	275	276	277	278	279	280	281	282	283	284	285	286	287	288	289	
140	281	0	18	1043	1044	1045	1046	1047	1048	1049	1050	1051	1052	1053	1054	1055	1056	1057	1058	1059	1060	
141	283	0	21	939	940	941	942	943	944	945	946	947	948	949	950	951	952	953	954	955	956	957	958	959	
142	285	0	1	109	
143	290	0	21	430	431	432	433	434	435	436	437	438	439	440	441	442	443	444	445	446	447	448	449	450	
144	298	0	1	689	
145	301	0	15	0	1	2	3	4	5	6	7	8	9	10	11	12	13	14	
146	303	0	15	779	780	781	782	783	784	785	786	787	788	789	790	791	792	793	
147	304	0	21	532	533	534	535	536	537	538	539	540	541	542	543	544	545	546	547	548	549	550	551	552	
148	305	0	1	714	
149	306	0	1	416	
150	307	0	15	1027	1028	1029	1030	1031	1032	1033	1034	1035	1036	1037	1038	1039	1040	1041	
151	309	0	21	219	220	221	222	223	224	225	226	227	228	229	230	231	232	233	234	235	236	237	238	239	
152	310	0	7	28	29	30	31	32	33	34	
153	312	0	15	352	353	354	355	356	357	358	359	360	361	362	363	364	365	366	
154	315	0	15	860	861	862	863	864	865	866	867	868	869	870	871	872	873	874	
155	316	0	1	1006	
156	317	0	18	46	47	48	49	50	51	52	53	54	55	56	57	58	59	60	61	62	63	
157	320	0	1	367	
158	321	0	3	88	89	90	
159	324	0	15	860	861	862	863	864	865	866	867	868	869	870	871	872	873	874	
160	325	0	12	588	589	590	591	592	593	594	595	596	597	598	599	
161	326	0	1	561	
162	327	0	1	969	
163	331	0	21	532	533	534	535	536	537	538	539	540	541	542	543	544	545	546	547	548	549	550	551	552	
164	332	0	1	744	
165	334	0	1	23	
166	336	0	1	37	
167	340	0	1	704	
168	341	0	12	794	795	796	797	798	799	800	801	802	803	804	805	
169	342	0	1	486	
170	344	0	12	766	767	768	769	770	771	772	773	774	775	776	777	
171	345	0	1	428	
172	348	0	12	588	589	590	591	592	593	594	595	596	597	598	599	
173	351	0	9	1181	1182	1183	1184	1185	1186	1187	1188	1189	
174	352	0	1	764	
175	353	0	15	1027	1028	1029	1030	1031	1032	1033	1034	1035	1036	1037	1038	1039	1040	1041	
176	356	0	3	711	712	713	
177	358	0	1	458	
178	359	0	1	531	
179	362	0	1	1176	
180	365	0	15	275	276	277	278	279	280	281	282	283	284	285	286	287	288	289	
181	367	0	1	858	
182	369	0	18	145	146	147	148	149	150	151	152	153	154	155	156	157	158	159	160	161	162	
183	372	0	1	857	
184	376	0	1	487	
185	378	0	15	639	640	641	642	643	644	645	646	647	648	649	650	651	652	653	
186	380	0	15	0	1	2	3	4	5	6	7	8	9	10	11	12	13	14	
187	381	0	1	20	
188	383	0	15	639	640	641	642	643	644	645	646	647	648	649	650	651	652	653	
189	389	0	1	808	
190	391	0	3	490	491	492	
191	393	0	3	43	44	45	
192	395	0	1	562	
193	396	0	9	1181	1182	1183	1184	1185	1186	1187	1188	1189	
194	397	0	24	1080	1081	1082	1083	1084	1085	1086	1087	1088	1089	1090	1091	1092	1093	1094	1095	1096	1097	1098	1099	1100	1101	1102	1103	
195	399	0	1	16	
196	400	0	15	922	923	924	925	926	927	928	929	930	931	932	933	934	935	936	
197	401	0	18	145	146	147	148	149	150	151	152	153	154	155	156	157	158	159	160	161	162	
198	403	0	24	368	369	370	371	372	373	374	375	376	377	378	379	380	381	382	383	384	385	386	387	388	389	390	391	
199	404	0	1	1191	
200	405	0	12	970	971	972	973	974	975	976	977	978	979	980	981	
201	409	0	21	430	431	432	433	434	435	436	437	438	439	440	441	442	443	444	445	446	447	448	449	450	
202	411	0	1	1130	
203	412	0	1	902	
204	413	0	7	394	395	396	397	398	399	400	
205	414	0	18	1104	1105	1106	1107	1108	1109	1110	1111	1112	1113	1114	1115	1116	1117	1118	1119	1120	1121	
206	415	0	3	822	823	824	
207	417	0	1	292	
208	419	0	1	41	
209	421	0	1	1167	
210	422	0	1	130	
211	423	0	18	984	985	986	987	988	989	990	991	992	993	994	995	996	997	998	999	1000	1001	
212	427	0	1	1204	
213	428	0	7	1123	1124	1125	1126	1127	1128	1129	
214	429	0	24	1080	1081	1082	1083	1084	1085	1086	1087	1088	1089	1090	1091	1092	1093	1094	1095	1096	1097	1098	1099	1100	1101	1102	1103	
215	430	0	7	554	555	556	557	558	559	560	
216	431	0	1	25	
217	435	0	1	274	
218	436	0	9	960	961	962	963	964	965	966	967	968	
219	438	0	21	939	940	941	942	943	944	945	946	947	948	949	950	951	952	953	954	955	956	957	958	959	
220	440	0	1	745	
221	441	0	1	1131	
222	444	0	1	817	
223	445	0	1	406	
224	446	0	1	1026	
225	447	0	18	511	512	513	514	515	516	517	518	519	520	521	522	523	524	525	526	527	528	
226	452	0	7	1197	1198	1199	1200	1201	1202	1203	
227	455	0	21	242	243	244	245	246	247	248	249	250	251	252	253	254	255	256	257	258	259	260	261	262	
228	456	0	9	94	95	96	97	98	99	100	101	102	
229	457	0	1	688	
230	463	0	1	809	
231	465	0	1	36	
232	470	0	1	197	
233	471	0	15	352	353	354	355	356	357	358	359	360	361	362	363	364	365	366	
234	472	0	9	825	826	827	828	829	830	831	832	833	
235	473	0	3	852	853	854	
236	474	0	15	275	276	277	278	279	280	281	282	283	284	285	286	287	288	289	
237	475	0	7	136	137	138	139	140	141	142	
238	476	0	15	295	296	297	298	299	300	301	302	303	304	305	306	307	308	309	
239	478	0	1	690	
240	480	0	1	1005	
241	483	0	1	393	
242	484	0	1	587	
243	485	0	1	91	
244	486	0	1	163	
245	487	0	1	715	
246	489	0	18	46	47	48	49	50	51	52	53	54	55	56	57	58	59	60	61	62	63	
247	490	0	18	834	835	836	837	838	839	840	841	842	843	844	845	846	847	848	849	850	851	
248	493	0	1	93	
249	494	0	1	706	
250	496	0	1	716	
251	497	0	1	312	
252	499	0	1	194	
253	501	0	1	912	
254	502	0	12	657	658	659	660	661	662	663	664	665	666	667	668	
255	504	0	21	242	243	244	245	246	247	248	249	250	251	252	253	254	255	256	257	258	259	260	261	262	
256	506	0	1	1137	
257	507	0	15	315	316	317	318	319	320	321	322	323	324	325	326	327	328	329	
258	508	0	1	79	
259	512	0	1	311	
260	515	0	18	1062	1063	1064	1065	1066	1067	1068	1069	1070	1071	1072	1073	1074	1075	1076	1077	1078	1079	
261	516	0	1	407	
262	517	0	1	1193	
263	519	0	7	810	811	812	813	814	815	816	
264	520	0	1	913	
265	528	0	1	401	
266	529	0	1	459	
267	531	0	15	332	333	334	335	336	337	338	339	340	341	342	343	344	345	346	
268	532	0	3	694	695	696	
269	534	0	1	65	
270	538	0	1	1002	
271	541	0	1	938	
272	542	0	9	418	419	420	421	422	423	424	425	426	
273	545	0	1	482	
274	547	0	1	778	
275	549	0	18	718	719	720	721	722	723	724	725	726	727	728	729	730	731	732	733	734	735	
276	550	0	1	427	
277	552	0	15	639	640	641	642	643	644	645	646	647	648	649	650	651	652	653	
278	556	0	1	131	
279	557	0	3	460	461	462	
280	558	0	18	1104	1105	1106	1107	1108	1109	1110	1111	1112	1113	1114	1115	1116	1117	1118	1119	1120	1121	
281	559	0	1	914	
282	561	0	1	565	
283	563	0	3	106	107	108	
284	564	0	1	507	
285	565	0	1	199	
286	566	0	1	134	
287	570	0	18	984	985	986	987	988	989	990	991	992	993	994	995	996	997	998	999	1000	1001	
288	575	0	1	1209	
289	576	0	15	922	923	924	925	926	927	928	929	930	931	932	933	934	935	936	
290	579	0	12	657	658	659	660	661	662	663	664	665	666	667	668	
291	580	0	7	1169	1170	1171	1172	1173	1174	1175	
292	581	0	7	697	698	699	700	701	702	703	
293	583	0	1	87	
294	584	0	18	463	464	465	466	467	468	469	470	471	472	473	474	475	476	477	478	479	480	
295	585	0	1	196	
296	586	0	18	1062	1063	1064	1065	1066	1067	1068	1069	1070	1071	1072	1073	1074	1075	1076	1077	1078	1079	
297	587	0	9	903	904	905	906	907	908	909	910	911	
298	588	0	21	603	604	605	606	607	608	609	610	611	612	613	614	615	616	617	618	619	620	621	622	623	
299	589	0	7	624	625	626	627	628	629	630	
300	591	0	9	184	185	186	187	188	189	190	191	192	
301	592	0	21	242	243	244	245	246	247	248	249	250	251	252	253	254	255	256	257	258	259	260	261	262	
302	593	0	1	807	
303	598	0	1	241	
304	599	0	15	295	296	297	298	299	300	301	302	303	304	305	306	307	308	309	
305	600	0	1	1135	
306	601	0	1	129	
307	604	0	1	38	
308	605	0	3	654	655	656	
309	606	0	3	600	601	602	
310	608	0	1	86	
311	615	0	1	1180	
312	618	0	15	779	780	781	782	783	784	785	786	787	788	789	790	791	792	793	
313	620	0	1	405	
314	623	0	1	291	
315	625	0	7	409	410	411	412	413	414	415	
316	626	0	1	408	
317	628	0	1	737	
318	631	0	1	402	
319	632	0	12	1147	1148	1149	1150	1151	1152	1153	1154	1155	1156	1157	1158	
320	633	0	18	566	567	568	569	570	571	572	573	574	575	576	577	578	579	580	581	582	583	
321	634	0	1	403	
322	636	0	1	553	
323	637	0	3	508	509	510	
324	639	0	9	265	266	267	268	269	270	271	272	273	
325	640	0	21	881	882	883	884	885	886	887	888	889	890	891	892	893	894	895	896	897	898	899	900	901	
326	642	0	3	584	585	586	
327	643	0	15	295	296	297	298	299	300	301	302	303	304	305	306	307	308	309	
328	645	0	1	530	
329	648	0	1	133	
330	649	0	1	121	
331	651	0	1	1146	
332	657	0	7	110	111	112	113	114	115	116	
333	658	0	12	766	767	768	769	770	771	772	773	774	775	776	777	
334	659	0	1	754	
335	660	0	15	315	316	317	318	319	320	321	322	323	324	325	326	327	328	329	
336	661	0	1	117	
337	665	0	1	937	
338	666	0	1	1138	
339	667	0	1	880	
340	668	0	1	183	
341	669	0	21	939	940	941	942	943	944	945	946	947	948	949	950	951	952	953	954	955	956	957	958	959	
342	671	0	24	368	369	370	371	372	373	374	375	376	377	378	379	380	381	382	383	384	385	386	387	388	389	390	391	
343	672	0	1	351	
344	674	0	12	669	670	671	672	673	674	675	676	677	678	679	680	
345	675	0	1	485	
346	676	0	1	75	
347	678	0	1	982	
348	681	0	1	73	
349	682	0	1	264	
350	684	0	21	242	243	244	245	246	247	248	249	250	251	252	253	254	255	256	257	258	259	260	261	262	
351	685	0	1	39	
352	687	0	3	347	348	349	
353	690	0	1	263	
354	692	0	18	1043	1044	1045	1046	1047	1048	1049	1050	1051	1052	1053	1054	1055	1056	1057	1058	1059	1060	
355	693	0	1	143	
356	694	0	15	332	333	334	335	336	337	338	339	340	341	342	343	344	345	346	
357	696	0	1	736	
358	698	0	18	1104	1105	1106	1107	1108	1109	1110	1111	1112	1113	1114	1115	1116	1117	1118	1119	1120	1121	
359	701	0	3	691	692	693	
360	702	0	1	1208	
361	703	0	1	290	
362	704	0	15	352	353	354	355	356	357	358	359	360	361	362	363	364	365	366	
363	706	0	18	46	47	48	49	50	51	52	53	54	55	56	57	58	59	60	61	62	63	
364	707	0	15	0	1	2	3	4	5	6	7	8	9	10	11	12	13	14	
365	708	0	18	718	719	720	721	722	723	724	725	726	727	728	729	730	731	732	733	734	735	
366	709	0	1	717	
367	712	0	12	171	172	173	174	175	176	177	178	179	180	181	182	
368	714	0	1	820	
369	715	0	1	740	
370	717	0	1	293	
371	718	0	1	392	
372	719	0	7	757	758	759	760	761	762	763	
373	721	0	7	451	452	453	454	455	456	457	
374	722	0	9	903	904	905	906	907	908	909	910	911	
375	723	0	1	330	
376	725	0	1	1136	
377	729	0	1	350	
378	730	0	15	332	333	334	335	336	337	338	339	340	341	342	343	344	345	346	
379	733	0	21	603	604	605	606	607	608	609	610	611	612	613	614	615	616	617	618	619	620	621	622	623	
380	734	0	1	15	
381	735	0	1	1122	
382	739	0	1	753	
383	740	0	18	463	464	465	466	467	468	469	470	471	472	473	474	475	476	477	478	479	480	
384	741	0	1	144	
385	742	0	1	80	
386	743	0	1	81	
387	744	0	3	631	632	633	
388	747	0	1	705	
389	748	0	1	92	
390	749	0	18	718	719	720	721	722	723	724	725	726	727	728	729	730	731	732	733	734	735	
