1194	644	550
0
0 	 0 	 1 	 1 	 2 	 8 	 9 	 5 	 9 	 19 	 29 	 39 	 49
1 	 1 	 0 	 1 	 2 	 4 	 5 	 11 	 56 	 61 	 66 	 71 	 76 	 81 	 86 	 91 	 96 	 101 	 106
2 	 1 	 0 	 1 	 2 	 0 	 1 	 11 	 59 	 64 	 69 	 74 	 79 	 84 	 89 	 94 	 99 	 104 	 109
3 	 1 	 0 	 5 	 4 	 13 	 14 	 15 	 16 	 11 	 55 	 60 	 65 	 70 	 75 	 80 	 85 	 90 	 95 	 100 	 105
4 	 2 	 0 	 3 	 2 	 1 	 2 	 6 	 57 	 67 	 77 	 87 	 97 	 107
5 	 3 	 0 	 5 	 4 	 5 	 6 	 7 	 8 	 11 	 1 	 6 	 11 	 16 	 21 	 26 	 31 	 36 	 41 	 46 	 51
6 	 4 	 0 	 7 	 2 	 6 	 7 	 6 	 59 	 69 	 79 	 89 	 99 	 109
7 	 4 	 0 	 3 	 2 	 8 	 9 	 6 	 59 	 69 	 79 	 89 	 99 	 109
8 	 4 	 0 	 10 	 2 	 10 	 11 	 6 	 59 	 69 	 79 	 89 	 99 	 109
9 	 4 	 0 	 2 	 2 	 12 	 13 	 6 	 59 	 69 	 79 	 89 	 99 	 109
10 	 5 	 0 	 10 	 2 	 14 	 15 	 5 	 60 	 70 	 80 	 90 	 100
11 	 6 	 0 	 1 	 2 	 0 	 1 	 6 	 0 	 10 	 20 	 30 	 40 	 50
12 	 6 	 0 	 3 	 2 	 2 	 3 	 6 	 0 	 10 	 20 	 30 	 40 	 50
13 	 6 	 0 	 4 	 2 	 4 	 5 	 6 	 0 	 10 	 20 	 30 	 40 	 50
14 	 6 	 0 	 6 	 2 	 6 	 7 	 6 	 0 	 10 	 20 	 30 	 40 	 50
15 	 6 	 0 	 7 	 2 	 8 	 9 	 6 	 0 	 10 	 20 	 30 	 40 	 50
16 	 6 	 0 	 10 	 2 	 10 	 11 	 6 	 0 	 10 	 20 	 30 	 40 	 50
17 	 6 	 0 	 7 	 2 	 12 	 13 	 6 	 0 	 10 	 20 	 30 	 40 	 50
18 	 6 	 0 	 6 	 2 	 14 	 15 	 6 	 0 	 10 	 20 	 30 	 40 	 50
19 	 6 	 0 	 9 	 2 	 16 	 17 	 6 	 0 	 10 	 20 	 30 	 40 	 50
20 	 7 	 0 	 10 	 2 	 3 	 4 	 6 	 3 	 13 	 23 	 33 	 43 	 53
21 	 7 	 0 	 6 	 2 	 5 	 6 	 6 	 3 	 13 	 23 	 33 	 43 	 53
22 	 7 	 0 	 9 	 2 	 7 	 8 	 6 	 3 	 13 	 23 	 33 	 43 	 53
23 	 7 	 0 	 7 	 2 	 9 	 10 	 6 	 3 	 13 	 23 	 33 	 43 	 53
24 	 7 	 0 	 1 	 2 	 11 	 12 	 6 	 3 	 13 	 23 	 33 	 43 	 53
25 	 7 	 0 	 2 	 2 	 13 	 14 	 6 	 3 	 13 	 23 	 33 	 43 	 53
26 	 8 	 0 	 3 	 2 	 15 	 16 	 6 	 0 	 10 	 20 	 30 	 40 	 50
27 	 9 	 1 	 10 	 2 	 15 	 16 	 6 	 57 	 67 	 77 	 87 	 97 	 107
28 	 10 	 0 	 5 	 2 	 8 	 9 	 6 	 0 	 10 	 20 	 30 	 40 	 50
29 	 10 	 0 	 9 	 2 	 10 	 11 	 6 	 0 	 10 	 20 	 30 	 40 	 50
30 	 10 	 0 	 6 	 2 	 12 	 13 	 6 	 0 	 10 	 20 	 30 	 40 	 50
31 	 10 	 0 	 4 	 2 	 14 	 15 	 6 	 0 	 10 	 20 	 30 	 40 	 50
32 	 10 	 0 	 2 	 2 	 16 	 17 	 6 	 0 	 10 	 20 	 30 	 40 	 50
33 	 11 	 0 	 4 	 2 	 14 	 15 	 5 	 63 	 73 	 83 	 93 	 103
34 	 12 	 0 	 10 	 4 	 9 	 10 	 11 	 12 	 11 	 0 	 5 	 10 	 15 	 20 	 25 	 30 	 35 	 40 	 45 	 50
35 	 13 	 0 	 2 	 2 	 11 	 12 	 6 	 59 	 69 	 79 	 89 	 99 	 109
36 	 14 	 0 	 3 	 2 	 0 	 1 	 5 	 7 	 17 	 27 	 37 	 47
37 	 14 	 0 	 8 	 2 	 2 	 3 	 5 	 7 	 17 	 27 	 37 	 47
38 	 14 	 0 	 6 	 2 	 4 	 5 	 5 	 7 	 17 	 27 	 37 	 47
39 	 14 	 0 	 4 	 2 	 6 	 7 	 5 	 7 	 17 	 27 	 37 	 47
40 	 14 	 0 	 1 	 2 	 8 	 9 	 5 	 7 	 17 	 27 	 37 	 47
41 	 14 	 0 	 3 	 2 	 10 	 11 	 5 	 7 	 17 	 27 	 37 	 47
42 	 14 	 0 	 6 	 2 	 12 	 13 	 5 	 7 	 17 	 27 	 37 	 47
43 	 14 	 0 	 4 	 2 	 14 	 15 	 5 	 7 	 17 	 27 	 37 	 47
44 	 14 	 0 	 7 	 2 	 16 	 17 	 5 	 7 	 17 	 27 	 37 	 47
45 	 15 	 0 	 3 	 2 	 4 	 5 	 6 	 2 	 12 	 22 	 32 	 42 	 52
46 	 16 	 0 	 8 	 2 	 11 	 12 	 5 	 7 	 17 	 27 	 37 	 47
47 	 17 	 0 	 2 	 4 	 1 	 2 	 3 	 4 	 5 	 61 	 71 	 81 	 91 	 101
48 	 18 	 1 	 3 	 2 	 16 	 17 	 6 	 4 	 14 	 24 	 34 	 44 	 54
49 	 19 	 0 	 9 	 2 	 7 	 8 	 5 	 63 	 73 	 83 	 93 	 103
50 	 20 	 0 	 9 	 2 	 6 	 7 	 5 	 8 	 18 	 28 	 38 	 48
51 	 20 	 0 	 2 	 4 	 4 	 5 	 6 	 7 	 5 	 6 	 16 	 26 	 36 	 46
52 	 20 	 0 	 6 	 2 	 12 	 13 	 5 	 7 	 17 	 27 	 37 	 47
53 	 21 	 0 	 10 	 4 	 11 	 12 	 13 	 14 	 11 	 56 	 61 	 66 	 71 	 76 	 81 	 86 	 91 	 96 	 101 	 106
54 	 22 	 0 	 3 	 4 	 6 	 7 	 8 	 9 	 5 	 60 	 70 	 80 	 90 	 100
55 	 22 	 0 	 6 	 2 	 7 	 8 	 5 	 62 	 72 	 82 	 92 	 102
56 	 23 	 0 	 8 	 2 	 10 	 11 	 5 	 9 	 19 	 29 	 39 	 49
57 	 23 	 0 	 3 	 2 	 12 	 13 	 5 	 9 	 19 	 29 	 39 	 49
58 	 23 	 0 	 10 	 2 	 14 	 15 	 5 	 9 	 19 	 29 	 39 	 49
59 	 23 	 0 	 4 	 2 	 16 	 17 	 5 	 9 	 19 	 29 	 39 	 49
60 	 24 	 0 	 7 	 2 	 8 	 9 	 5 	 62 	 72 	 82 	 92 	 102
61 	 25 	 0 	 2 	 4 	 9 	 10 	 11 	 12 	 11 	 2 	 7 	 12 	 17 	 22 	 27 	 32 	 37 	 42 	 47 	 52
62 	 26 	 0 	 4 	 2 	 7 	 8 	 5 	 64 	 74 	 84 	 94 	 104
63 	 27 	 0 	 10 	 4 	 6 	 7 	 8 	 9 	 5 	 7 	 17 	 27 	 37 	 47
64 	 28 	 0 	 1 	 4 	 4 	 5 	 6 	 7 	 11 	 57 	 62 	 67 	 72 	 77 	 82 	 87 	 92 	 97 	 102 	 107
65 	 29 	 0 	 4 	 2 	 12 	 13 	 5 	 6 	 16 	 26 	 36 	 46
66 	 30 	 0 	 10 	 2 	 4 	 5 	 5 	 60 	 70 	 80 	 90 	 100
67 	 31 	 0 	 6 	 2 	 5 	 6 	 6 	 4 	 14 	 24 	 34 	 44 	 54
68 	 31 	 0 	 3 	 2 	 7 	 8 	 6 	 4 	 14 	 24 	 34 	 44 	 54
69 	 31 	 0 	 1 	 2 	 9 	 10 	 6 	 4 	 14 	 24 	 34 	 44 	 54
70 	 31 	 0 	 9 	 2 	 11 	 12 	 6 	 4 	 14 	 24 	 34 	 44 	 54
71 	 31 	 0 	 3 	 2 	 13 	 14 	 6 	 4 	 14 	 24 	 34 	 44 	 54
72 	 31 	 0 	 5 	 2 	 15 	 16 	 6 	 4 	 14 	 24 	 34 	 44 	 54
73 	 32 	 0 	 4 	 2 	 0 	 1 	 5 	 63 	 73 	 83 	 93 	 103
74 	 32 	 0 	 5 	 2 	 2 	 3 	 5 	 63 	 73 	 83 	 93 	 103
75 	 32 	 0 	 1 	 2 	 4 	 5 	 5 	 63 	 73 	 83 	 93 	 103
76 	 32 	 0 	 1 	 2 	 6 	 7 	 5 	 63 	 73 	 83 	 93 	 103
77 	 33 	 0 	 8 	 4 	 0 	 1 	 2 	 3 	 11 	 55 	 60 	 65 	 70 	 75 	 80 	 85 	 90 	 95 	 100 	 105
78 	 33 	 0 	 1 	 2 	 10 	 11 	 11 	 59 	 64 	 69 	 74 	 79 	 84 	 89 	 94 	 99 	 104 	 109
79 	 34 	 0 	 2 	 4 	 2 	 3 	 4 	 5 	 5 	 5 	 15 	 25 	 35 	 45
80 	 35 	 0 	 5 	 2 	 6 	 7 	 5 	 6 	 16 	 26 	 36 	 46
81 	 36 	 0 	 5 	 2 	 5 	 6 	 11 	 3 	 8 	 13 	 18 	 23 	 28 	 33 	 38 	 43 	 48 	 53
82 	 36 	 0 	 1 	 2 	 7 	 8 	 11 	 3 	 8 	 13 	 18 	 23 	 28 	 33 	 38 	 43 	 48 	 53
83 	 36 	 0 	 1 	 2 	 9 	 10 	 11 	 3 	 8 	 13 	 18 	 23 	 28 	 33 	 38 	 43 	 48 	 53
84 	 36 	 0 	 4 	 2 	 11 	 12 	 11 	 3 	 8 	 13 	 18 	 23 	 28 	 33 	 38 	 43 	 48 	 53
85 	 36 	 0 	 2 	 2 	 13 	 14 	 11 	 3 	 8 	 13 	 18 	 23 	 28 	 33 	 38 	 43 	 48 	 53
86 	 36 	 0 	 8 	 2 	 15 	 16 	 11 	 3 	 8 	 13 	 18 	 23 	 28 	 33 	 38 	 43 	 48 	 53
87 	 37 	 0 	 4 	 4 	 2 	 3 	 4 	 5 	 6 	 55 	 65 	 75 	 85 	 95 	 105
88 	 37 	 0 	 5 	 2 	 3 	 4 	 6 	 58 	 68 	 78 	 88 	 98 	 108
89 	 38 	 0 	 5 	 2 	 5 	 6 	 5 	 6 	 16 	 26 	 36 	 46
90 	 39 	 0 	 7 	 2 	 4 	 5 	 5 	 61 	 71 	 81 	 91 	 101
91 	 39 	 0 	 6 	 2 	 14 	 15 	 5 	 60 	 70 	 80 	 90 	 100
92 	 39 	 0 	 2 	 2 	 11 	 12 	 5 	 63 	 73 	 83 	 93 	 103
93 	 40 	 0 	 10 	 2 	 2 	 3 	 6 	 0 	 10 	 20 	 30 	 40 	 50
94 	 41 	 0 	 2 	 4 	 13 	 14 	 15 	 16 	 6 	 4 	 14 	 24 	 34 	 44 	 54
95 	 42 	 0 	 4 	 2 	 9 	 10 	 11 	 1 	 6 	 11 	 16 	 21 	 26 	 31 	 36 	 41 	 46 	 51
96 	 42 	 0 	 2 	 2 	 0 	 1 	 11 	 2 	 7 	 12 	 17 	 22 	 27 	 32 	 37 	 42 	 47 	 52
97 	 42 	 0 	 8 	 2 	 3 	 4 	 11 	 0 	 5 	 10 	 15 	 20 	 25 	 30 	 35 	 40 	 45 	 50
98 	 43 	 0 	 8 	 2 	 2 	 3 	 6 	 0 	 10 	 20 	 30 	 40 	 50
99 	 43 	 0 	 6 	 2 	 4 	 5 	 6 	 0 	 10 	 20 	 30 	 40 	 50
100 	 43 	 0 	 8 	 2 	 6 	 7 	 6 	 0 	 10 	 20 	 30 	 40 	 50
101 	 43 	 0 	 5 	 2 	 8 	 9 	 6 	 0 	 10 	 20 	 30 	 40 	 50
102 	 43 	 0 	 2 	 2 	 10 	 11 	 6 	 0 	 10 	 20 	 30 	 40 	 50
103 	 43 	 0 	 9 	 2 	 12 	 13 	 6 	 0 	 10 	 20 	 30 	 40 	 50
104 	 43 	 0 	 5 	 2 	 14 	 15 	 6 	 0 	 10 	 20 	 30 	 40 	 50
105 	 43 	 0 	 1 	 2 	 16 	 17 	 6 	 0 	 10 	 20 	 30 	 40 	 50
106 	 44 	 0 	 10 	 2 	 0 	 1 	 5 	 7 	 17 	 27 	 37 	 47
107 	 44 	 0 	 3 	 2 	 2 	 3 	 5 	 7 	 17 	 27 	 37 	 47
108 	 44 	 0 	 7 	 2 	 4 	 5 	 5 	 7 	 17 	 27 	 37 	 47
109 	 44 	 0 	 3 	 2 	 6 	 7 	 5 	 7 	 17 	 27 	 37 	 47
110 	 44 	 0 	 6 	 2 	 8 	 9 	 5 	 7 	 17 	 27 	 37 	 47
111 	 44 	 0 	 9 	 2 	 10 	 11 	 5 	 7 	 17 	 27 	 37 	 47
112 	 44 	 0 	 5 	 2 	 12 	 13 	 5 	 7 	 17 	 27 	 37 	 47
113 	 44 	 0 	 7 	 2 	 14 	 15 	 5 	 7 	 17 	 27 	 37 	 47
114 	 44 	 0 	 2 	 2 	 16 	 17 	 5 	 7 	 17 	 27 	 37 	 47
115 	 45 	 1 	 2 	 2 	 10 	 11 	 5 	 5 	 15 	 25 	 35 	 45
116 	 46 	 0 	 8 	 2 	 8 	 9 	 6 	 1 	 11 	 21 	 31 	 41 	 51
117 	 46 	 0 	 6 	 2 	 13 	 14 	 6 	 0 	 10 	 20 	 30 	 40 	 50
118 	 47 	 0 	 8 	 2 	 9 	 10 	 6 	 59 	 69 	 79 	 89 	 99 	 109
119 	 47 	 0 	 1 	 4 	 0 	 1 	 2 	 3 	 6 	 55 	 65 	 75 	 85 	 95 	 105
120 	 47 	 0 	 3 	 2 	 0 	 1 	 6 	 58 	 68 	 78 	 88 	 98 	 108
121 	 48 	 0 	 10 	 4 	 11 	 12 	 13 	 14 	 11 	 2 	 7 	 12 	 17 	 22 	 27 	 32 	 37 	 42 	 47 	 52
122 	 49 	 0 	 9 	 4 	 14 	 15 	 16 	 17 	 6 	 0 	 10 	 20 	 30 	 40 	 50
123 	 50 	 0 	 3 	 2 	 5 	 6 	 6 	 56 	 66 	 76 	 86 	 96 	 106
124 	 50 	 0 	 9 	 4 	 2 	 3 	 4 	 5 	 6 	 58 	 68 	 78 	 88 	 98 	 108
125 	 50 	 0 	 10 	 2 	 6 	 7 	 6 	 55 	 65 	 75 	 85 	 95 	 105
126 	 51 	 0 	 2 	 2 	 5 	 6 	 5 	 7 	 17 	 27 	 37 	 47
127 	 52 	 0 	 8 	 2 	 0 	 1 	 6 	 58 	 68 	 78 	 88 	 98 	 108
128 	 53 	 0 	 8 	 2 	 0 	 1 	 5 	 62 	 72 	 82 	 92 	 102
129 	 53 	 0 	 2 	 2 	 2 	 3 	 5 	 62 	 72 	 82 	 92 	 102
130 	 53 	 0 	 6 	 2 	 4 	 5 	 5 	 62 	 72 	 82 	 92 	 102
131 	 53 	 0 	 5 	 2 	 6 	 7 	 5 	 62 	 72 	 82 	 92 	 102
132 	 53 	 0 	 5 	 2 	 8 	 9 	 5 	 62 	 72 	 82 	 92 	 102
133 	 53 	 0 	 8 	 2 	 10 	 11 	 5 	 62 	 72 	 82 	 92 	 102
134 	 53 	 0 	 10 	 2 	 12 	 13 	 5 	 62 	 72 	 82 	 92 	 102
135 	 54 	 0 	 5 	 2 	 0 	 1 	 11 	 0 	 5 	 10 	 15 	 20 	 25 	 30 	 35 	 40 	 45 	 50
136 	 54 	 0 	 10 	 2 	 2 	 3 	 11 	 0 	 5 	 10 	 15 	 20 	 25 	 30 	 35 	 40 	 45 	 50
137 	 54 	 0 	 1 	 2 	 4 	 5 	 11 	 0 	 5 	 10 	 15 	 20 	 25 	 30 	 35 	 40 	 45 	 50
138 	 54 	 0 	 5 	 2 	 6 	 7 	 11 	 0 	 5 	 10 	 15 	 20 	 25 	 30 	 35 	 40 	 45 	 50
139 	 54 	 0 	 7 	 2 	 8 	 9 	 11 	 0 	 5 	 10 	 15 	 20 	 25 	 30 	 35 	 40 	 45 	 50
140 	 54 	 0 	 8 	 2 	 10 	 11 	 11 	 0 	 5 	 10 	 15 	 20 	 25 	 30 	 35 	 40 	 45 	 50
141 	 54 	 0 	 1 	 2 	 12 	 13 	 11 	 0 	 5 	 10 	 15 	 20 	 25 	 30 	 35 	 40 	 45 	 50
142 	 54 	 0 	 9 	 2 	 14 	 15 	 11 	 0 	 5 	 10 	 15 	 20 	 25 	 30 	 35 	 40 	 45 	 50
143 	 54 	 0 	 1 	 2 	 16 	 17 	 11 	 0 	 5 	 10 	 15 	 20 	 25 	 30 	 35 	 40 	 45 	 50
144 	 55 	 0 	 10 	 2 	 5 	 6 	 5 	 63 	 73 	 83 	 93 	 103
145 	 56 	 0 	 3 	 2 	 6 	 7 	 11 	 2 	 7 	 12 	 17 	 22 	 27 	 32 	 37 	 42 	 47 	 52
146 	 57 	 0 	 4 	 4 	 11 	 12 	 13 	 14 	 11 	 1 	 6 	 11 	 16 	 21 	 26 	 31 	 36 	 41 	 46 	 51
147 	 58 	 0 	 3 	 4 	 10 	 11 	 12 	 13 	 6 	 1 	 11 	 21 	 31 	 41 	 51
148 	 59 	 0 	 2 	 4 	 10 	 11 	 12 	 13 	 6 	 55 	 65 	 75 	 85 	 95 	 105
149 	 60 	 0 	 10 	 2 	 2 	 3 	 5 	 64 	 74 	 84 	 94 	 104
150 	 60 	 0 	 7 	 2 	 10 	 11 	 5 	 61 	 71 	 81 	 91 	 101
151 	 61 	 1 	 3 	 2 	 12 	 13 	 6 	 56 	 66 	 76 	 86 	 96 	 106
152 	 62 	 0 	 10 	 4 	 10 	 11 	 12 	 13 	 5 	 8 	 18 	 28 	 38 	 48
153 	 62 	 0 	 6 	 4 	 2 	 3 	 4 	 5 	 5 	 5 	 15 	 25 	 35 	 45
154 	 63 	 1 	 1 	 2 	 0 	 1 	 11 	 2 	 7 	 12 	 17 	 22 	 27 	 32 	 37 	 42 	 47 	 52
155 	 63 	 1 	 2 	 2 	 2 	 3 	 11 	 2 	 7 	 12 	 17 	 22 	 27 	 32 	 37 	 42 	 47 	 52
156 	 63 	 1 	 2 	 2 	 4 	 5 	 11 	 2 	 7 	 12 	 17 	 22 	 27 	 32 	 37 	 42 	 47 	 52
157 	 63 	 1 	 5 	 2 	 6 	 7 	 11 	 2 	 7 	 12 	 17 	 22 	 27 	 32 	 37 	 42 	 47 	 52
158 	 63 	 1 	 4 	 2 	 8 	 9 	 11 	 2 	 7 	 12 	 17 	 22 	 27 	 32 	 37 	 42 	 47 	 52
159 	 63 	 1 	 4 	 2 	 10 	 11 	 11 	 2 	 7 	 12 	 17 	 22 	 27 	 32 	 37 	 42 	 47 	 52
160 	 63 	 1 	 4 	 2 	 12 	 13 	 11 	 2 	 7 	 12 	 17 	 22 	 27 	 32 	 37 	 42 	 47 	 52
161 	 63 	 1 	 7 	 2 	 14 	 15 	 11 	 2 	 7 	 12 	 17 	 22 	 27 	 32 	 37 	 42 	 47 	 52
162 	 63 	 1 	 1 	 2 	 16 	 17 	 11 	 2 	 7 	 12 	 17 	 22 	 27 	 32 	 37 	 42 	 47 	 52
163 	 64 	 0 	 3 	 4 	 12 	 13 	 14 	 15 	 6 	 3 	 13 	 23 	 33 	 43 	 53
164 	 65 	 1 	 1 	 2 	 10 	 11 	 6 	 59 	 69 	 79 	 89 	 99 	 109
165 	 65 	 1 	 6 	 2 	 12 	 13 	 6 	 59 	 69 	 79 	 89 	 99 	 109
166 	 65 	 1 	 4 	 2 	 14 	 15 	 6 	 59 	 69 	 79 	 89 	 99 	 109
167 	 65 	 1 	 4 	 2 	 16 	 17 	 6 	 59 	 69 	 79 	 89 	 99 	 109
168 	 66 	 1 	 8 	 2 	 7 	 8 	 6 	 1 	 11 	 21 	 31 	 41 	 51
169 	 66 	 1 	 10 	 2 	 14 	 15 	 6 	 4 	 14 	 24 	 34 	 44 	 54
170 	 67 	 1 	 9 	 2 	 1 	 2 	 5 	 60 	 70 	 80 	 90 	 100
171 	 67 	 1 	 1 	 2 	 3 	 4 	 5 	 60 	 70 	 80 	 90 	 100
172 	 67 	 1 	 6 	 2 	 5 	 6 	 5 	 60 	 70 	 80 	 90 	 100
173 	 67 	 1 	 9 	 2 	 7 	 8 	 5 	 60 	 70 	 80 	 90 	 100
174 	 67 	 1 	 1 	 2 	 9 	 10 	 5 	 60 	 70 	 80 	 90 	 100
175 	 67 	 1 	 2 	 2 	 11 	 12 	 5 	 60 	 70 	 80 	 90 	 100
176 	 67 	 1 	 10 	 2 	 13 	 14 	 5 	 60 	 70 	 80 	 90 	 100
177 	 67 	 1 	 5 	 2 	 15 	 16 	 5 	 60 	 70 	 80 	 90 	 100
178 	 68 	 0 	 2 	 2 	 15 	 16 	 11 	 3 	 8 	 13 	 18 	 23 	 28 	 33 	 38 	 43 	 48 	 53
179 	 69 	 0 	 5 	 2 	 6 	 7 	 11 	 55 	 60 	 65 	 70 	 75 	 80 	 85 	 90 	 95 	 100 	 105
180 	 70 	 0 	 8 	 2 	 0 	 1 	 6 	 2 	 12 	 22 	 32 	 42 	 52
181 	 71 	 0 	 1 	 2 	 6 	 7 	 11 	 55 	 60 	 65 	 70 	 75 	 80 	 85 	 90 	 95 	 100 	 105
182 	 72 	 0 	 8 	 4 	 9 	 10 	 11 	 12 	 11 	 1 	 6 	 11 	 16 	 21 	 26 	 31 	 36 	 41 	 46 	 51
183 	 73 	 0 	 7 	 2 	 15 	 16 	 6 	 58 	 68 	 78 	 88 	 98 	 108
184 	 74 	 0 	 9 	 2 	 1 	 2 	 6 	 1 	 11 	 21 	 31 	 41 	 51
185 	 74 	 0 	 2 	 2 	 3 	 4 	 6 	 1 	 11 	 21 	 31 	 41 	 51
186 	 74 	 0 	 7 	 2 	 5 	 6 	 6 	 1 	 11 	 21 	 31 	 41 	 51
187 	 74 	 0 	 2 	 2 	 7 	 8 	 6 	 1 	 11 	 21 	 31 	 41 	 51
188 	 74 	 0 	 4 	 2 	 9 	 10 	 6 	 1 	 11 	 21 	 31 	 41 	 51
189 	 74 	 0 	 10 	 2 	 11 	 12 	 6 	 1 	 11 	 21 	 31 	 41 	 51
190 	 74 	 0 	 2 	 2 	 13 	 14 	 6 	 1 	 11 	 21 	 31 	 41 	 51
191 	 75 	 0 	 2 	 2 	 6 	 7 	 11 	 3 	 8 	 13 	 18 	 23 	 28 	 33 	 38 	 43 	 48 	 53
192 	 76 	 0 	 5 	 4 	 12 	 13 	 14 	 15 	 5 	 62 	 72 	 82 	 92 	 102
193 	 76 	 0 	 9 	 2 	 13 	 14 	 5 	 63 	 73 	 83 	 93 	 103
194 	 77 	 0 	 9 	 4 	 2 	 3 	 4 	 5 	 11 	 57 	 62 	 67 	 72 	 77 	 82 	 87 	 92 	 97 	 102 	 107
195 	 78 	 0 	 3 	 2 	 0 	 1 	 6 	 58 	 68 	 78 	 88 	 98 	 108
196 	 79 	 0 	 7 	 2 	 9 	 10 	 5 	 8 	 18 	 28 	 38 	 48
197 	 80 	 0 	 6 	 2 	 1 	 2 	 5 	 8 	 18 	 28 	 38 	 48
198 	 80 	 0 	 8 	 2 	 3 	 4 	 5 	 8 	 18 	 28 	 38 	 48
199 	 80 	 0 	 10 	 2 	 5 	 6 	 5 	 8 	 18 	 28 	 38 	 48
200 	 80 	 0 	 8 	 2 	 7 	 8 	 5 	 8 	 18 	 28 	 38 	 48
201 	 80 	 0 	 5 	 2 	 9 	 10 	 5 	 8 	 18 	 28 	 38 	 48
202 	 80 	 0 	 8 	 2 	 11 	 12 	 5 	 8 	 18 	 28 	 38 	 48
203 	 80 	 0 	 10 	 2 	 13 	 14 	 5 	 8 	 18 	 28 	 38 	 48
204 	 81 	 0 	 3 	 2 	 10 	 11 	 11 	 55 	 60 	 65 	 70 	 75 	 80 	 85 	 90 	 95 	 100 	 105
205 	 81 	 0 	 6 	 2 	 4 	 5 	 11 	 58 	 63 	 68 	 73 	 78 	 83 	 88 	 93 	 98 	 103 	 108
206 	 81 	 0 	 7 	 4 	 6 	 7 	 8 	 9 	 11 	 57 	 62 	 67 	 72 	 77 	 82 	 87 	 92 	 97 	 102 	 107
207 	 82 	 0 	 9 	 2 	 11 	 12 	 6 	 57 	 67 	 77 	 87 	 97 	 107
208 	 83 	 0 	 3 	 2 	 7 	 8 	 6 	 3 	 13 	 23 	 33 	 43 	 53
209 	 84 	 0 	 2 	 2 	 5 	 6 	 5 	 5 	 15 	 25 	 35 	 45
210 	 85 	 0 	 2 	 2 	 1 	 2 	 11 	 56 	 61 	 66 	 71 	 76 	 81 	 86 	 91 	 96 	 101 	 106
211 	 86 	 0 	 1 	 2 	 13 	 14 	 5 	 61 	 71 	 81 	 91 	 101
212 	 87 	 0 	 5 	 2 	 3 	 4 	 5 	 60 	 70 	 80 	 90 	 100
213 	 87 	 0 	 8 	 2 	 4 	 5 	 5 	 61 	 71 	 81 	 91 	 101
214 	 87 	 0 	 5 	 4 	 0 	 1 	 2 	 3 	 5 	 63 	 73 	 83 	 93 	 103
215 	 88 	 0 	 1 	 2 	 5 	 6 	 6 	 56 	 66 	 76 	 86 	 96 	 106
216 	 89 	 0 	 2 	 2 	 4 	 5 	 11 	 58 	 63 	 68 	 73 	 78 	 83 	 88 	 93 	 98 	 103 	 108
217 	 90 	 0 	 7 	 2 	 0 	 1 	 6 	 59 	 69 	 79 	 89 	 99 	 109
218 	 90 	 0 	 2 	 2 	 3 	 4 	 6 	 56 	 66 	 76 	 86 	 96 	 106
219 	 91 	 0 	 3 	 2 	 5 	 6 	 6 	 4 	 14 	 24 	 34 	 44 	 54
220 	 92 	 0 	 8 	 2 	 11 	 12 	 5 	 8 	 18 	 28 	 38 	 48
221 	 92 	 0 	 2 	 2 	 1 	 2 	 5 	 7 	 17 	 27 	 37 	 47
222 	 92 	 0 	 6 	 2 	 11 	 12 	 5 	 9 	 19 	 29 	 39 	 49
223 	 93 	 0 	 9 	 2 	 2 	 3 	 5 	 64 	 74 	 84 	 94 	 104
224 	 93 	 0 	 2 	 2 	 4 	 5 	 5 	 64 	 74 	 84 	 94 	 104
225 	 93 	 0 	 9 	 2 	 6 	 7 	 5 	 64 	 74 	 84 	 94 	 104
226 	 93 	 0 	 3 	 2 	 8 	 9 	 5 	 64 	 74 	 84 	 94 	 104
227 	 94 	 0 	 5 	 2 	 14 	 15 	 6 	 1 	 11 	 21 	 31 	 41 	 51
228 	 95 	 0 	 9 	 2 	 2 	 3 	 11 	 1 	 6 	 11 	 16 	 21 	 26 	 31 	 36 	 41 	 46 	 51
229 	 96 	 0 	 5 	 2 	 0 	 1 	 6 	 2 	 12 	 22 	 32 	 42 	 52
230 	 96 	 0 	 5 	 2 	 2 	 3 	 6 	 2 	 12 	 22 	 32 	 42 	 52
231 	 96 	 0 	 6 	 2 	 4 	 5 	 6 	 2 	 12 	 22 	 32 	 42 	 52
232 	 96 	 0 	 9 	 2 	 6 	 7 	 6 	 2 	 12 	 22 	 32 	 42 	 52
233 	 96 	 0 	 7 	 2 	 8 	 9 	 6 	 2 	 12 	 22 	 32 	 42 	 52
234 	 96 	 0 	 5 	 2 	 10 	 11 	 6 	 2 	 12 	 22 	 32 	 42 	 52
235 	 96 	 0 	 3 	 2 	 12 	 13 	 6 	 2 	 12 	 22 	 32 	 42 	 52
236 	 96 	 0 	 7 	 2 	 14 	 15 	 6 	 2 	 12 	 22 	 32 	 42 	 52
237 	 96 	 0 	 1 	 2 	 16 	 17 	 6 	 2 	 12 	 22 	 32 	 42 	 52
238 	 97 	 0 	 3 	 2 	 8 	 9 	 11 	 4 	 9 	 14 	 19 	 24 	 29 	 34 	 39 	 44 	 49 	 54
239 	 98 	 0 	 10 	 4 	 1 	 2 	 3 	 4 	 6 	 59 	 69 	 79 	 89 	 99 	 109
240 	 99 	 1 	 1 	 2 	 6 	 7 	 6 	 1 	 11 	 21 	 31 	 41 	 51
241 	 100 	 0 	 6 	 2 	 7 	 8 	 11 	 58 	 63 	 68 	 73 	 78 	 83 	 88 	 93 	 98 	 103 	 108
242 	 100 	 0 	 2 	 2 	 9 	 10 	 11 	 58 	 63 	 68 	 73 	 78 	 83 	 88 	 93 	 98 	 103 	 108
243 	 100 	 0 	 10 	 2 	 11 	 12 	 11 	 58 	 63 	 68 	 73 	 78 	 83 	 88 	 93 	 98 	 103 	 108
244 	 100 	 0 	 8 	 2 	 13 	 14 	 11 	 58 	 63 	 68 	 73 	 78 	 83 	 88 	 93 	 98 	 103 	 108
245 	 100 	 0 	 9 	 2 	 15 	 16 	 11 	 58 	 63 	 68 	 73 	 78 	 83 	 88 	 93 	 98 	 103 	 108
246 	 101 	 0 	 10 	 2 	 11 	 12 	 6 	 56 	 66 	 76 	 86 	 96 	 106
247 	 102 	 0 	 7 	 2 	 7 	 8 	 5 	 5 	 15 	 25 	 35 	 45
248 	 103 	 0 	 3 	 2 	 10 	 11 	 5 	 7 	 17 	 27 	 37 	 47
249 	 104 	 0 	 10 	 2 	 4 	 5 	 11 	 56 	 61 	 66 	 71 	 76 	 81 	 86 	 91 	 96 	 101 	 106
250 	 105 	 0 	 9 	 2 	 2 	 3 	 11 	 58 	 63 	 68 	 73 	 78 	 83 	 88 	 93 	 98 	 103 	 108
251 	 105 	 0 	 2 	 2 	 5 	 6 	 11 	 56 	 61 	 66 	 71 	 76 	 81 	 86 	 91 	 96 	 101 	 106
252 	 106 	 0 	 5 	 2 	 13 	 14 	 5 	 7 	 17 	 27 	 37 	 47
253 	 107 	 0 	 6 	 4 	 5 	 6 	 7 	 8 	 6 	 59 	 69 	 79 	 89 	 99 	 109
254 	 107 	 0 	 10 	 2 	 11 	 12 	 6 	 57 	 67 	 77 	 87 	 97 	 107
255 	 108 	 0 	 8 	 4 	 14 	 15 	 16 	 17 	 6 	 55 	 65 	 75 	 85 	 95 	 105
256 	 109 	 0 	 1 	 2 	 9 	 10 	 6 	 57 	 67 	 77 	 87 	 97 	 107
257 	 110 	 0 	 4 	 2 	 15 	 16 	 11 	 3 	 8 	 13 	 18 	 23 	 28 	 33 	 38 	 43 	 48 	 53
258 	 111 	 0 	 7 	 2 	 8 	 9 	 6 	 55 	 65 	 75 	 85 	 95 	 105
259 	 112 	 0 	 5 	 2 	 1 	 2 	 11 	 56 	 61 	 66 	 71 	 76 	 81 	 86 	 91 	 96 	 101 	 106
260 	 112 	 0 	 6 	 4 	 3 	 4 	 5 	 6 	 11 	 57 	 62 	 67 	 72 	 77 	 82 	 87 	 92 	 97 	 102 	 107
261 	 113 	 0 	 5 	 4 	 8 	 9 	 10 	 11 	 6 	 59 	 69 	 79 	 89 	 99 	 109
262 	 114 	 0 	 10 	 2 	 11 	 12 	 11 	 57 	 62 	 67 	 72 	 77 	 82 	 87 	 92 	 97 	 102 	 107
263 	 115 	 0 	 5 	 2 	 0 	 1 	 11 	 56 	 61 	 66 	 71 	 76 	 81 	 86 	 91 	 96 	 101 	 106
264 	 115 	 0 	 10 	 2 	 2 	 3 	 11 	 56 	 61 	 66 	 71 	 76 	 81 	 86 	 91 	 96 	 101 	 106
265 	 115 	 0 	 4 	 2 	 4 	 5 	 11 	 56 	 61 	 66 	 71 	 76 	 81 	 86 	 91 	 96 	 101 	 106
266 	 115 	 0 	 4 	 2 	 6 	 7 	 11 	 56 	 61 	 66 	 71 	 76 	 81 	 86 	 91 	 96 	 101 	 106
267 	 115 	 0 	 4 	 2 	 8 	 9 	 11 	 56 	 61 	 66 	 71 	 76 	 81 	 86 	 91 	 96 	 101 	 106
268 	 116 	 0 	 4 	 2 	 11 	 12 	 11 	 4 	 9 	 14 	 19 	 24 	 29 	 34 	 39 	 44 	 49 	 54
269 	 117 	 0 	 4 	 2 	 1 	 2 	 6 	 55 	 65 	 75 	 85 	 95 	 105
270 	 117 	 0 	 5 	 2 	 5 	 6 	 6 	 58 	 68 	 78 	 88 	 98 	 108
271 	 117 	 0 	 6 	 2 	 12 	 13 	 6 	 59 	 69 	 79 	 89 	 99 	 109
272 	 118 	 0 	 4 	 2 	 15 	 16 	 6 	 0 	 10 	 20 	 30 	 40 	 50
273 	 119 	 0 	 6 	 4 	 14 	 15 	 16 	 17 	 5 	 62 	 72 	 82 	 92 	 102
274 	 120 	 0 	 9 	 2 	 5 	 6 	 5 	 60 	 70 	 80 	 90 	 100
275 	 121 	 0 	 6 	 2 	 1 	 2 	 6 	 55 	 65 	 75 	 85 	 95 	 105
276 	 121 	 0 	 3 	 2 	 0 	 1 	 6 	 59 	 69 	 79 	 89 	 99 	 109
277 	 122 	 0 	 10 	 4 	 9 	 10 	 11 	 12 	 5 	 8 	 18 	 28 	 38 	 48
278 	 123 	 0 	 7 	 2 	 6 	 7 	 11 	 58 	 63 	 68 	 73 	 78 	 83 	 88 	 93 	 98 	 103 	 108
279 	 124 	 0 	 1 	 4 	 11 	 12 	 13 	 14 	 6 	 56 	 66 	 76 	 86 	 96 	 106
280 	 125 	 0 	 3 	 4 	 1 	 2 	 3 	 4 	 11 	 3 	 8 	 13 	 18 	 23 	 28 	 33 	 38 	 43 	 48 	 53
281 	 125 	 0 	 9 	 2 	 9 	 10 	 11 	 2 	 7 	 12 	 17 	 22 	 27 	 32 	 37 	 42 	 47 	 52
282 	 126 	 0 	 3 	 2 	 2 	 3 	 6 	 57 	 67 	 77 	 87 	 97 	 107
283 	 127 	 0 	 9 	 2 	 0 	 1 	 11 	 56 	 61 	 66 	 71 	 76 	 81 	 86 	 91 	 96 	 101 	 106
284 	 127 	 0 	 9 	 2 	 2 	 3 	 11 	 56 	 61 	 66 	 71 	 76 	 81 	 86 	 91 	 96 	 101 	 106
285 	 127 	 0 	 7 	 2 	 4 	 5 	 11 	 56 	 61 	 66 	 71 	 76 	 81 	 86 	 91 	 96 	 101 	 106
286 	 127 	 0 	 4 	 2 	 6 	 7 	 11 	 56 	 61 	 66 	 71 	 76 	 81 	 86 	 91 	 96 	 101 	 106
287 	 127 	 0 	 6 	 2 	 8 	 9 	 11 	 56 	 61 	 66 	 71 	 76 	 81 	 86 	 91 	 96 	 101 	 106
288 	 127 	 0 	 1 	 2 	 10 	 11 	 11 	 56 	 61 	 66 	 71 	 76 	 81 	 86 	 91 	 96 	 101 	 106
289 	 127 	 0 	 10 	 2 	 12 	 13 	 11 	 56 	 61 	 66 	 71 	 76 	 81 	 86 	 91 	 96 	 101 	 106
290 	 127 	 0 	 9 	 2 	 14 	 15 	 11 	 56 	 61 	 66 	 71 	 76 	 81 	 86 	 91 	 96 	 101 	 106
291 	 127 	 0 	 1 	 2 	 16 	 17 	 11 	 56 	 61 	 66 	 71 	 76 	 81 	 86 	 91 	 96 	 101 	 106
292 	 128 	 0 	 2 	 2 	 0 	 1 	 11 	 1 	 6 	 11 	 16 	 21 	 26 	 31 	 36 	 41 	 46 	 51
293 	 129 	 0 	 3 	 2 	 12 	 13 	 6 	 55 	 65 	 75 	 85 	 95 	 105
294 	 130 	 0 	 4 	 2 	 4 	 5 	 11 	 0 	 5 	 10 	 15 	 20 	 25 	 30 	 35 	 40 	 45 	 50
295 	 131 	 0 	 4 	 2 	 9 	 10 	 5 	 6 	 16 	 26 	 36 	 46
296 	 132 	 0 	 6 	 2 	 16 	 17 	 11 	 55 	 60 	 65 	 70 	 75 	 80 	 85 	 90 	 95 	 100 	 105
297 	 132 	 0 	 8 	 2 	 8 	 9 	 11 	 57 	 62 	 67 	 72 	 77 	 82 	 87 	 92 	 97 	 102 	 107
298 	 133 	 1 	 5 	 2 	 9 	 10 	 5 	 5 	 15 	 25 	 35 	 45
299 	 134 	 0 	 8 	 2 	 1 	 2 	 5 	 9 	 19 	 29 	 39 	 49
300 	 134 	 0 	 10 	 6 	 2 	 3 	 4 	 5 	 6 	 7 	 5 	 8 	 18 	 28 	 38 	 48
301 	 134 	 0 	 7 	 4 	 10 	 11 	 12 	 13 	 5 	 7 	 17 	 27 	 37 	 47
302 	 135 	 0 	 9 	 2 	 6 	 7 	 6 	 2 	 12 	 22 	 32 	 42 	 52
303 	 136 	 0 	 3 	 4 	 9 	 10 	 11 	 12 	 11 	 59 	 64 	 69 	 74 	 79 	 84 	 89 	 94 	 99 	 104 	 109
304 	 136 	 0 	 2 	 2 	 2 	 3 	 11 	 56 	 61 	 66 	 71 	 76 	 81 	 86 	 91 	 96 	 101 	 106
305 	 137 	 0 	 2 	 2 	 0 	 1 	 11 	 2 	 7 	 12 	 17 	 22 	 27 	 32 	 37 	 42 	 47 	 52
306 	 138 	 0 	 10 	 2 	 12 	 13 	 6 	 57 	 67 	 77 	 87 	 97 	 107
307 	 139 	 0 	 9 	 2 	 2 	 3 	 5 	 60 	 70 	 80 	 90 	 100
308 	 140 	 0 	 3 	 2 	 3 	 4 	 5 	 60 	 70 	 80 	 90 	 100
309 	 140 	 0 	 8 	 2 	 5 	 6 	 5 	 60 	 70 	 80 	 90 	 100
310 	 140 	 0 	 1 	 2 	 7 	 8 	 5 	 60 	 70 	 80 	 90 	 100
311 	 140 	 0 	 5 	 2 	 9 	 10 	 5 	 60 	 70 	 80 	 90 	 100
312 	 140 	 0 	 9 	 2 	 11 	 12 	 5 	 60 	 70 	 80 	 90 	 100
313 	 140 	 0 	 4 	 2 	 13 	 14 	 5 	 60 	 70 	 80 	 90 	 100
314 	 140 	 0 	 7 	 2 	 15 	 16 	 5 	 60 	 70 	 80 	 90 	 100
315 	 141 	 0 	 8 	 2 	 6 	 7 	 11 	 55 	 60 	 65 	 70 	 75 	 80 	 85 	 90 	 95 	 100 	 105
316 	 142 	 0 	 10 	 2 	 10 	 11 	 6 	 55 	 65 	 75 	 85 	 95 	 105
317 	 143 	 0 	 3 	 2 	 6 	 7 	 6 	 1 	 11 	 21 	 31 	 41 	 51
318 	 143 	 0 	 1 	 2 	 11 	 12 	 6 	 0 	 10 	 20 	 30 	 40 	 50
319 	 143 	 0 	 7 	 2 	 4 	 5 	 6 	 3 	 13 	 23 	 33 	 43 	 53
320 	 144 	 0 	 3 	 4 	 10 	 11 	 12 	 13 	 11 	 57 	 62 	 67 	 72 	 77 	 82 	 87 	 92 	 97 	 102 	 107
321 	 145 	 0 	 7 	 2 	 9 	 10 	 6 	 57 	 67 	 77 	 87 	 97 	 107
322 	 146 	 0 	 9 	 2 	 14 	 15 	 6 	 0 	 10 	 20 	 30 	 40 	 50
323 	 147 	 0 	 7 	 2 	 12 	 13 	 5 	 7 	 17 	 27 	 37 	 47
324 	 148 	 0 	 4 	 4 	 2 	 3 	 4 	 5 	 5 	 6 	 16 	 26 	 36 	 46
325 	 149 	 0 	 10 	 2 	 7 	 8 	 6 	 57 	 67 	 77 	 87 	 97 	 107
326 	 149 	 0 	 10 	 2 	 9 	 10 	 6 	 57 	 67 	 77 	 87 	 97 	 107
327 	 149 	 0 	 2 	 2 	 11 	 12 	 6 	 57 	 67 	 77 	 87 	 97 	 107
328 	 149 	 0 	 1 	 2 	 13 	 14 	 6 	 57 	 67 	 77 	 87 	 97 	 107
329 	 150 	 0 	 6 	 2 	 0 	 1 	 6 	 58 	 68 	 78 	 88 	 98 	 108
330 	 150 	 0 	 7 	 4 	 9 	 10 	 11 	 12 	 6 	 57 	 67 	 77 	 87 	 97 	 107
331 	 151 	 0 	 10 	 2 	 0 	 1 	 5 	 62 	 72 	 82 	 92 	 102
332 	 151 	 0 	 1 	 2 	 2 	 3 	 5 	 62 	 72 	 82 	 92 	 102
333 	 151 	 0 	 4 	 2 	 4 	 5 	 5 	 62 	 72 	 82 	 92 	 102
334 	 151 	 0 	 3 	 2 	 6 	 7 	 5 	 62 	 72 	 82 	 92 	 102
335 	 151 	 0 	 2 	 2 	 8 	 9 	 5 	 62 	 72 	 82 	 92 	 102
336 	 151 	 0 	 8 	 2 	 10 	 11 	 5 	 62 	 72 	 82 	 92 	 102
337 	 151 	 0 	 1 	 2 	 12 	 13 	 5 	 62 	 72 	 82 	 92 	 102
338 	 151 	 0 	 8 	 2 	 14 	 15 	 5 	 62 	 72 	 82 	 92 	 102
339 	 151 	 0 	 5 	 2 	 16 	 17 	 5 	 62 	 72 	 82 	 92 	 102
340 	 152 	 0 	 10 	 2 	 6 	 7 	 5 	 63 	 73 	 83 	 93 	 103
341 	 153 	 0 	 6 	 2 	 2 	 3 	 11 	 3 	 8 	 13 	 18 	 23 	 28 	 33 	 38 	 43 	 48 	 53
342 	 153 	 0 	 2 	 2 	 4 	 5 	 11 	 3 	 8 	 13 	 18 	 23 	 28 	 33 	 38 	 43 	 48 	 53
343 	 153 	 0 	 6 	 2 	 6 	 7 	 11 	 3 	 8 	 13 	 18 	 23 	 28 	 33 	 38 	 43 	 48 	 53
344 	 153 	 0 	 2 	 2 	 8 	 9 	 11 	 3 	 8 	 13 	 18 	 23 	 28 	 33 	 38 	 43 	 48 	 53
345 	 153 	 0 	 1 	 2 	 10 	 11 	 11 	 3 	 8 	 13 	 18 	 23 	 28 	 33 	 38 	 43 	 48 	 53
346 	 153 	 0 	 5 	 2 	 12 	 13 	 11 	 3 	 8 	 13 	 18 	 23 	 28 	 33 	 38 	 43 	 48 	 53
347 	 153 	 0 	 4 	 2 	 14 	 15 	 11 	 3 	 8 	 13 	 18 	 23 	 28 	 33 	 38 	 43 	 48 	 53
348 	 153 	 0 	 8 	 2 	 16 	 17 	 11 	 3 	 8 	 13 	 18 	 23 	 28 	 33 	 38 	 43 	 48 	 53
349 	 154 	 0 	 3 	 2 	 9 	 10 	 6 	 57 	 67 	 77 	 87 	 97 	 107
350 	 154 	 0 	 9 	 2 	 1 	 2 	 6 	 56 	 66 	 76 	 86 	 96 	 106
351 	 154 	 0 	 2 	 2 	 9 	 10 	 6 	 55 	 65 	 75 	 85 	 95 	 105
352 	 155 	 0 	 7 	 2 	 2 	 3 	 11 	 58 	 63 	 68 	 73 	 78 	 83 	 88 	 93 	 98 	 103 	 108
353 	 156 	 0 	 3 	 2 	 2 	 3 	 5 	 62 	 72 	 82 	 92 	 102
354 	 156 	 0 	 8 	 4 	 8 	 9 	 10 	 11 	 5 	 61 	 71 	 81 	 91 	 101
355 	 156 	 0 	 7 	 2 	 16 	 17 	 5 	 64 	 74 	 84 	 94 	 104
356 	 157 	 0 	 10 	 2 	 13 	 14 	 6 	 56 	 66 	 76 	 86 	 96 	 106
357 	 158 	 0 	 5 	 2 	 12 	 13 	 6 	 0 	 10 	 20 	 30 	 40 	 50
358 	 159 	 0 	 10 	 4 	 14 	 15 	 16 	 17 	 6 	 4 	 14 	 24 	 34 	 44 	 54
359 	 160 	 1 	 10 	 2 	 9 	 10 	 5 	 9 	 19 	 29 	 39 	 49
360 	 161 	 0 	 2 	 2 	 3 	 4 	 5 	 7 	 17 	 27 	 37 	 47
361 	 162 	 0 	 1 	 4 	 7 	 8 	 9 	 10 	 6 	 57 	 67 	 77 	 87 	 97 	 107
362 	 163 	 0 	 2 	 4 	 9 	 10 	 11 	 12 	 11 	 2 	 7 	 12 	 17 	 22 	 27 	 32 	 37 	 42 	 47 	 52
363 	 164 	 0 	 1 	 2 	 4 	 5 	 11 	 58 	 63 	 68 	 73 	 78 	 83 	 88 	 93 	 98 	 103 	 108
364 	 165 	 0 	 6 	 2 	 0 	 1 	 5 	 8 	 18 	 28 	 38 	 48
365 	 165 	 0 	 5 	 2 	 2 	 3 	 5 	 8 	 18 	 28 	 38 	 48
366 	 165 	 0 	 2 	 2 	 4 	 5 	 5 	 8 	 18 	 28 	 38 	 48
367 	 165 	 0 	 2 	 2 	 6 	 7 	 5 	 8 	 18 	 28 	 38 	 48
368 	 165 	 0 	 8 	 2 	 8 	 9 	 5 	 8 	 18 	 28 	 38 	 48
369 	 165 	 0 	 10 	 2 	 10 	 11 	 5 	 8 	 18 	 28 	 38 	 48
370 	 165 	 0 	 6 	 2 	 12 	 13 	 5 	 8 	 18 	 28 	 38 	 48
371 	 165 	 0 	 7 	 2 	 14 	 15 	 5 	 8 	 18 	 28 	 38 	 48
372 	 165 	 0 	 10 	 2 	 16 	 17 	 5 	 8 	 18 	 28 	 38 	 48
373 	 166 	 0 	 9 	 2 	 12 	 13 	 6 	 1 	 11 	 21 	 31 	 41 	 51
374 	 167 	 0 	 9 	 2 	 1 	 2 	 6 	 2 	 12 	 22 	 32 	 42 	 52
375 	 167 	 0 	 4 	 2 	 3 	 4 	 6 	 2 	 12 	 22 	 32 	 42 	 52
376 	 167 	 0 	 8 	 2 	 5 	 6 	 6 	 2 	 12 	 22 	 32 	 42 	 52
377 	 167 	 0 	 5 	 2 	 7 	 8 	 6 	 2 	 12 	 22 	 32 	 42 	 52
378 	 167 	 0 	 7 	 2 	 9 	 10 	 6 	 2 	 12 	 22 	 32 	 42 	 52
379 	 168 	 0 	 5 	 2 	 11 	 12 	 5 	 61 	 71 	 81 	 91 	 101
380 	 169 	 0 	 3 	 2 	 14 	 15 	 5 	 7 	 17 	 27 	 37 	 47
381 	 169 	 0 	 3 	 4 	 3 	 4 	 5 	 6 	 5 	 9 	 19 	 29 	 39 	 49
382 	 170 	 0 	 10 	 4 	 14 	 15 	 16 	 17 	 6 	 0 	 10 	 20 	 30 	 40 	 50
383 	 171 	 0 	 7 	 2 	 0 	 1 	 11 	 55 	 60 	 65 	 70 	 75 	 80 	 85 	 90 	 95 	 100 	 105
384 	 172 	 0 	 2 	 2 	 16 	 17 	 5 	 6 	 16 	 26 	 36 	 46
385 	 173 	 0 	 1 	 4 	 7 	 8 	 9 	 10 	 11 	 58 	 63 	 68 	 73 	 78 	 83 	 88 	 93 	 98 	 103 	 108
386 	 174 	 0 	 9 	 2 	 0 	 1 	 11 	 56 	 61 	 66 	 71 	 76 	 81 	 86 	 91 	 96 	 101 	 106
387 	 175 	 0 	 6 	 2 	 1 	 2 	 5 	 6 	 16 	 26 	 36 	 46
388 	 175 	 0 	 9 	 2 	 3 	 4 	 5 	 6 	 16 	 26 	 36 	 46
389 	 175 	 0 	 3 	 2 	 5 	 6 	 5 	 6 	 16 	 26 	 36 	 46
390 	 175 	 0 	 2 	 2 	 7 	 8 	 5 	 6 	 16 	 26 	 36 	 46
391 	 175 	 0 	 4 	 2 	 9 	 10 	 5 	 6 	 16 	 26 	 36 	 46
392 	 175 	 0 	 1 	 2 	 11 	 12 	 5 	 6 	 16 	 26 	 36 	 46
393 	 175 	 0 	 7 	 2 	 13 	 14 	 5 	 6 	 16 	 26 	 36 	 46
394 	 175 	 0 	 2 	 2 	 15 	 16 	 5 	 6 	 16 	 26 	 36 	 46
395 	 176 	 0 	 9 	 4 	 7 	 8 	 9 	 10 	 11 	 55 	 60 	 65 	 70 	 75 	 80 	 85 	 90 	 95 	 100 	 105
396 	 177 	 1 	 4 	 4 	 14 	 15 	 16 	 17 	 11 	 55 	 60 	 65 	 70 	 75 	 80 	 85 	 90 	 95 	 100 	 105
397 	 178 	 0 	 5 	 2 	 4 	 5 	 6 	 57 	 67 	 77 	 87 	 97 	 107
398 	 178 	 0 	 9 	 2 	 16 	 17 	 6 	 58 	 68 	 78 	 88 	 98 	 108
399 	 178 	 0 	 6 	 2 	 12 	 13 	 6 	 59 	 69 	 79 	 89 	 99 	 109
400 	 179 	 0 	 9 	 2 	 5 	 6 	 11 	 0 	 5 	 10 	 15 	 20 	 25 	 30 	 35 	 40 	 45 	 50
401 	 179 	 0 	 7 	 2 	 7 	 8 	 11 	 0 	 5 	 10 	 15 	 20 	 25 	 30 	 35 	 40 	 45 	 50
402 	 179 	 0 	 1 	 2 	 9 	 10 	 11 	 0 	 5 	 10 	 15 	 20 	 25 	 30 	 35 	 40 	 45 	 50
403 	 179 	 0 	 8 	 2 	 11 	 12 	 11 	 0 	 5 	 10 	 15 	 20 	 25 	 30 	 35 	 40 	 45 	 50
404 	 179 	 0 	 3 	 2 	 13 	 14 	 11 	 0 	 5 	 10 	 15 	 20 	 25 	 30 	 35 	 40 	 45 	 50
405 	 180 	 0 	 8 	 4 	 2 	 3 	 4 	 5 	 5 	 6 	 16 	 26 	 36 	 46
406 	 181 	 0 	 1 	 4 	 0 	 1 	 2 	 3 	 11 	 57 	 62 	 67 	 72 	 77 	 82 	 87 	 92 	 97 	 102 	 107
407 	 182 	 0 	 9 	 2 	 3 	 4 	 5 	 8 	 18 	 28 	 38 	 48
408 	 183 	 0 	 10 	 2 	 13 	 14 	 11 	 4 	 9 	 14 	 19 	 24 	 29 	 34 	 39 	 44 	 49 	 54
409 	 184 	 0 	 9 	 6 	 2 	 3 	 4 	 5 	 6 	 7 	 11 	 1 	 6 	 11 	 16 	 21 	 26 	 31 	 36 	 41 	 46 	 51
410 	 184 	 0 	 8 	 2 	 12 	 13 	 11 	 0 	 5 	 10 	 15 	 20 	 25 	 30 	 35 	 40 	 45 	 50
411 	 185 	 0 	 3 	 2 	 11 	 12 	 5 	 6 	 16 	 26 	 36 	 46
412 	 185 	 0 	 2 	 2 	 15 	 16 	 5 	 8 	 18 	 28 	 38 	 48
413 	 185 	 0 	 6 	 2 	 10 	 11 	 5 	 7 	 17 	 27 	 37 	 47
414 	 186 	 1 	 3 	 2 	 1 	 2 	 5 	 64 	 74 	 84 	 94 	 104
415 	 186 	 1 	 1 	 2 	 3 	 4 	 5 	 64 	 74 	 84 	 94 	 104
416 	 186 	 1 	 6 	 2 	 5 	 6 	 5 	 64 	 74 	 84 	 94 	 104
417 	 186 	 1 	 1 	 2 	 7 	 8 	 5 	 64 	 74 	 84 	 94 	 104
418 	 186 	 1 	 4 	 2 	 9 	 10 	 5 	 64 	 74 	 84 	 94 	 104
419 	 186 	 1 	 8 	 2 	 11 	 12 	 5 	 64 	 74 	 84 	 94 	 104
420 	 186 	 1 	 2 	 2 	 13 	 14 	 5 	 64 	 74 	 84 	 94 	 104
421 	 186 	 1 	 1 	 2 	 15 	 16 	 5 	 64 	 74 	 84 	 94 	 104
422 	 187 	 0 	 9 	 2 	 7 	 8 	 5 	 60 	 70 	 80 	 90 	 100
423 	 188 	 0 	 5 	 2 	 2 	 3 	 5 	 61 	 71 	 81 	 91 	 101
424 	 188 	 0 	 10 	 2 	 4 	 5 	 5 	 61 	 71 	 81 	 91 	 101
425 	 188 	 0 	 3 	 2 	 6 	 7 	 5 	 61 	 71 	 81 	 91 	 101
426 	 188 	 0 	 6 	 2 	 8 	 9 	 5 	 61 	 71 	 81 	 91 	 101
427 	 189 	 0 	 5 	 2 	 5 	 6 	 11 	 55 	 60 	 65 	 70 	 75 	 80 	 85 	 90 	 95 	 100 	 105
428 	 190 	 0 	 10 	 2 	 3 	 4 	 5 	 63 	 73 	 83 	 93 	 103
429 	 190 	 0 	 2 	 2 	 5 	 6 	 5 	 63 	 73 	 83 	 93 	 103
430 	 190 	 0 	 1 	 2 	 7 	 8 	 5 	 63 	 73 	 83 	 93 	 103
431 	 190 	 0 	 4 	 2 	 9 	 10 	 5 	 63 	 73 	 83 	 93 	 103
432 	 190 	 0 	 10 	 2 	 11 	 12 	 5 	 63 	 73 	 83 	 93 	 103
433 	 190 	 0 	 2 	 2 	 13 	 14 	 5 	 63 	 73 	 83 	 93 	 103
434 	 190 	 0 	 4 	 2 	 15 	 16 	 5 	 63 	 73 	 83 	 93 	 103
435 	 191 	 0 	 5 	 2 	 5 	 6 	 5 	 8 	 18 	 28 	 38 	 48
436 	 192 	 0 	 10 	 2 	 11 	 12 	 5 	 63 	 73 	 83 	 93 	 103
437 	 193 	 0 	 6 	 2 	 8 	 9 	 11 	 57 	 62 	 67 	 72 	 77 	 82 	 87 	 92 	 97 	 102 	 107
438 	 194 	 0 	 6 	 2 	 12 	 13 	 6 	 55 	 65 	 75 	 85 	 95 	 105
439 	 195 	 0 	 8 	 4 	 2 	 3 	 4 	 5 	 11 	 59 	 64 	 69 	 74 	 79 	 84 	 89 	 94 	 99 	 104 	 109
440 	 195 	 0 	 7 	 2 	 0 	 1 	 11 	 55 	 60 	 65 	 70 	 75 	 80 	 85 	 90 	 95 	 100 	 105
441 	 196 	 0 	 3 	 4 	 8 	 9 	 10 	 11 	 6 	 59 	 69 	 79 	 89 	 99 	 109
442 	 197 	 0 	 2 	 2 	 9 	 10 	 6 	 56 	 66 	 76 	 86 	 96 	 106
443 	 197 	 0 	 1 	 2 	 10 	 11 	 6 	 59 	 69 	 79 	 89 	 99 	 109
444 	 197 	 0 	 9 	 2 	 1 	 2 	 6 	 57 	 67 	 77 	 87 	 97 	 107
445 	 198 	 0 	 4 	 2 	 7 	 8 	 5 	 63 	 73 	 83 	 93 	 103
446 	 199 	 1 	 3 	 4 	 0 	 1 	 2 	 3 	 11 	 1 	 6 	 11 	 16 	 21 	 26 	 31 	 36 	 41 	 46 	 51
447 	 200 	 0 	 2 	 2 	 8 	 9 	 11 	 55 	 60 	 65 	 70 	 75 	 80 	 85 	 90 	 95 	 100 	 105
448 	 201 	 0 	 8 	 2 	 0 	 1 	 6 	 3 	 13 	 23 	 33 	 43 	 53
449 	 202 	 0 	 1 	 4 	 12 	 13 	 14 	 15 	 11 	 3 	 8 	 13 	 18 	 23 	 28 	 33 	 38 	 43 	 48 	 53
450 	 203 	 0 	 10 	 4 	 7 	 8 	 9 	 10 	 11 	 57 	 62 	 67 	 72 	 77 	 82 	 87 	 92 	 97 	 102 	 107
451 	 204 	 0 	 6 	 2 	 9 	 10 	 5 	 8 	 18 	 28 	 38 	 48
452 	 205 	 0 	 8 	 2 	 14 	 15 	 11 	 1 	 6 	 11 	 16 	 21 	 26 	 31 	 36 	 41 	 46 	 51
453 	 206 	 0 	 6 	 2 	 7 	 8 	 6 	 58 	 68 	 78 	 88 	 98 	 108
454 	 207 	 0 	 9 	 2 	 0 	 1 	 5 	 61 	 71 	 81 	 91 	 101
455 	 207 	 0 	 1 	 2 	 2 	 3 	 5 	 61 	 71 	 81 	 91 	 101
456 	 207 	 0 	 9 	 2 	 4 	 5 	 5 	 61 	 71 	 81 	 91 	 101
457 	 207 	 0 	 9 	 2 	 6 	 7 	 5 	 61 	 71 	 81 	 91 	 101
458 	 207 	 0 	 8 	 2 	 8 	 9 	 5 	 61 	 71 	 81 	 91 	 101
459 	 207 	 0 	 4 	 2 	 10 	 11 	 5 	 61 	 71 	 81 	 91 	 101
460 	 208 	 0 	 2 	 2 	 16 	 17 	 5 	 60 	 70 	 80 	 90 	 100
461 	 208 	 0 	 4 	 2 	 15 	 16 	 5 	 63 	 73 	 83 	 93 	 103
462 	 209 	 0 	 9 	 2 	 3 	 4 	 5 	 7 	 17 	 27 	 37 	 47
463 	 209 	 0 	 3 	 2 	 5 	 6 	 5 	 7 	 17 	 27 	 37 	 47
464 	 209 	 0 	 7 	 2 	 7 	 8 	 5 	 7 	 17 	 27 	 37 	 47
465 	 209 	 0 	 5 	 2 	 9 	 10 	 5 	 7 	 17 	 27 	 37 	 47
466 	 209 	 0 	 1 	 2 	 11 	 12 	 5 	 7 	 17 	 27 	 37 	 47
467 	 209 	 0 	 5 	 2 	 13 	 14 	 5 	 7 	 17 	 27 	 37 	 47
468 	 209 	 0 	 4 	 2 	 15 	 16 	 5 	 7 	 17 	 27 	 37 	 47
469 	 210 	 0 	 7 	 2 	 4 	 5 	 6 	 1 	 11 	 21 	 31 	 41 	 51
470 	 210 	 0 	 10 	 4 	 6 	 7 	 8 	 9 	 6 	 3 	 13 	 23 	 33 	 43 	 53
471 	 211 	 0 	 3 	 4 	 8 	 9 	 10 	 11 	 5 	 62 	 72 	 82 	 92 	 102
472 	 212 	 0 	 1 	 2 	 1 	 2 	 5 	 5 	 15 	 25 	 35 	 45
473 	 212 	 0 	 3 	 2 	 3 	 4 	 5 	 5 	 15 	 25 	 35 	 45
474 	 212 	 0 	 3 	 2 	 5 	 6 	 5 	 5 	 15 	 25 	 35 	 45
475 	 212 	 0 	 9 	 2 	 7 	 8 	 5 	 5 	 15 	 25 	 35 	 45
476 	 212 	 0 	 2 	 2 	 9 	 10 	 5 	 5 	 15 	 25 	 35 	 45
477 	 212 	 0 	 3 	 2 	 11 	 12 	 5 	 5 	 15 	 25 	 35 	 45
478 	 212 	 0 	 5 	 2 	 13 	 14 	 5 	 5 	 15 	 25 	 35 	 45
479 	 212 	 0 	 4 	 2 	 15 	 16 	 5 	 5 	 15 	 25 	 35 	 45
480 	 213 	 0 	 5 	 4 	 14 	 15 	 16 	 17 	 6 	 0 	 10 	 20 	 30 	 40 	 50
481 	 214 	 0 	 8 	 2 	 7 	 8 	 6 	 59 	 69 	 79 	 89 	 99 	 109
482 	 214 	 0 	 3 	 4 	 5 	 6 	 7 	 8 	 6 	 58 	 68 	 78 	 88 	 98 	 108
483 	 214 	 0 	 4 	 4 	 7 	 8 	 9 	 10 	 6 	 56 	 66 	 76 	 86 	 96 	 106
484 	 215 	 0 	 9 	 2 	 4 	 5 	 6 	 0 	 10 	 20 	 30 	 40 	 50
485 	 216 	 0 	 9 	 2 	 8 	 9 	 5 	 61 	 71 	 81 	 91 	 101
486 	 216 	 0 	 1 	 4 	 6 	 7 	 8 	 9 	 5 	 63 	 73 	 83 	 93 	 103
487 	 216 	 0 	 1 	 2 	 8 	 9 	 5 	 60 	 70 	 80 	 90 	 100
488 	 217 	 0 	 5 	 2 	 1 	 2 	 6 	 2 	 12 	 22 	 32 	 42 	 52
489 	 217 	 0 	 9 	 2 	 3 	 4 	 6 	 2 	 12 	 22 	 32 	 42 	 52
490 	 217 	 0 	 6 	 2 	 5 	 6 	 6 	 2 	 12 	 22 	 32 	 42 	 52
491 	 217 	 0 	 8 	 2 	 7 	 8 	 6 	 2 	 12 	 22 	 32 	 42 	 52
492 	 217 	 0 	 5 	 2 	 9 	 10 	 6 	 2 	 12 	 22 	 32 	 42 	 52
493 	 217 	 0 	 9 	 2 	 11 	 12 	 6 	 2 	 12 	 22 	 32 	 42 	 52
494 	 217 	 0 	 10 	 2 	 13 	 14 	 6 	 2 	 12 	 22 	 32 	 42 	 52
495 	 217 	 0 	 5 	 2 	 15 	 16 	 6 	 2 	 12 	 22 	 32 	 42 	 52
496 	 218 	 0 	 6 	 2 	 7 	 8 	 6 	 4 	 14 	 24 	 34 	 44 	 54
497 	 218 	 0 	 6 	 2 	 11 	 12 	 6 	 0 	 10 	 20 	 30 	 40 	 50
498 	 218 	 0 	 3 	 2 	 11 	 12 	 6 	 2 	 12 	 22 	 32 	 42 	 52
499 	 219 	 0 	 3 	 2 	 8 	 9 	 6 	 56 	 66 	 76 	 86 	 96 	 106
500 	 219 	 0 	 4 	 2 	 16 	 17 	 6 	 58 	 68 	 78 	 88 	 98 	 108
501 	 219 	 0 	 9 	 2 	 1 	 2 	 6 	 57 	 67 	 77 	 87 	 97 	 107
502 	 220 	 0 	 9 	 2 	 11 	 12 	 6 	 3 	 13 	 23 	 33 	 43 	 53
503 	 221 	 0 	 3 	 2 	 0 	 1 	 6 	 3 	 13 	 23 	 33 	 43 	 53
504 	 222 	 1 	 7 	 2 	 5 	 6 	 11 	 57 	 62 	 67 	 72 	 77 	 82 	 87 	 92 	 97 	 102 	 107
505 	 223 	 0 	 1 	 4 	 4 	 5 	 6 	 7 	 5 	 60 	 70 	 80 	 90 	 100
506 	 224 	 1 	 7 	 2 	 14 	 15 	 11 	 59 	 64 	 69 	 74 	 79 	 84 	 89 	 94 	 99 	 104 	 109
507 	 225 	 0 	 3 	 4 	 7 	 8 	 9 	 10 	 6 	 2 	 12 	 22 	 32 	 42 	 52
508 	 226 	 0 	 2 	 2 	 6 	 7 	 5 	 7 	 17 	 27 	 37 	 47
509 	 227 	 0 	 5 	 4 	 7 	 8 	 9 	 10 	 11 	 1 	 6 	 11 	 16 	 21 	 26 	 31 	 36 	 41 	 46 	 51
510 	 228 	 0 	 8 	 4 	 8 	 9 	 10 	 11 	 6 	 57 	 67 	 77 	 87 	 97 	 107
511 	 229 	 0 	 10 	 2 	 11 	 12 	 11 	 57 	 62 	 67 	 72 	 77 	 82 	 87 	 92 	 97 	 102 	 107
512 	 230 	 0 	 4 	 2 	 8 	 9 	 5 	 8 	 18 	 28 	 38 	 48
513 	 231 	 0 	 3 	 2 	 0 	 1 	 6 	 57 	 67 	 77 	 87 	 97 	 107
514 	 231 	 0 	 2 	 2 	 2 	 3 	 6 	 57 	 67 	 77 	 87 	 97 	 107
515 	 231 	 0 	 9 	 2 	 4 	 5 	 6 	 57 	 67 	 77 	 87 	 97 	 107
516 	 231 	 0 	 2 	 2 	 6 	 7 	 6 	 57 	 67 	 77 	 87 	 97 	 107
517 	 231 	 0 	 4 	 2 	 8 	 9 	 6 	 57 	 67 	 77 	 87 	 97 	 107
518 	 231 	 0 	 9 	 2 	 10 	 11 	 6 	 57 	 67 	 77 	 87 	 97 	 107
519 	 231 	 0 	 8 	 2 	 12 	 13 	 6 	 57 	 67 	 77 	 87 	 97 	 107
520 	 231 	 0 	 9 	 2 	 14 	 15 	 6 	 57 	 67 	 77 	 87 	 97 	 107
521 	 231 	 0 	 8 	 2 	 16 	 17 	 6 	 57 	 67 	 77 	 87 	 97 	 107
522 	 232 	 0 	 1 	 2 	 0 	 1 	 6 	 4 	 14 	 24 	 34 	 44 	 54
523 	 233 	 0 	 4 	 2 	 16 	 17 	 6 	 58 	 68 	 78 	 88 	 98 	 108
524 	 234 	 0 	 5 	 6 	 2 	 3 	 4 	 5 	 6 	 7 	 6 	 56 	 66 	 76 	 86 	 96 	 106
525 	 235 	 0 	 8 	 2 	 3 	 4 	 11 	 0 	 5 	 10 	 15 	 20 	 25 	 30 	 35 	 40 	 45 	 50
526 	 236 	 0 	 3 	 2 	 8 	 9 	 5 	 7 	 17 	 27 	 37 	 47
527 	 236 	 0 	 7 	 2 	 10 	 11 	 5 	 7 	 17 	 27 	 37 	 47
528 	 236 	 0 	 4 	 2 	 12 	 13 	 5 	 7 	 17 	 27 	 37 	 47
529 	 236 	 0 	 4 	 2 	 14 	 15 	 5 	 7 	 17 	 27 	 37 	 47
530 	 237 	 0 	 3 	 2 	 15 	 16 	 5 	 5 	 15 	 25 	 35 	 45
531 	 237 	 0 	 8 	 2 	 14 	 15 	 5 	 9 	 19 	 29 	 39 	 49
532 	 238 	 0 	 10 	 2 	 1 	 2 	 11 	 56 	 61 	 66 	 71 	 76 	 81 	 86 	 91 	 96 	 101 	 106
533 	 238 	 0 	 8 	 2 	 3 	 4 	 11 	 56 	 61 	 66 	 71 	 76 	 81 	 86 	 91 	 96 	 101 	 106
534 	 238 	 0 	 10 	 2 	 5 	 6 	 11 	 56 	 61 	 66 	 71 	 76 	 81 	 86 	 91 	 96 	 101 	 106
535 	 238 	 0 	 7 	 2 	 7 	 8 	 11 	 56 	 61 	 66 	 71 	 76 	 81 	 86 	 91 	 96 	 101 	 106
536 	 239 	 0 	 5 	 2 	 0 	 1 	 5 	 7 	 17 	 27 	 37 	 47
537 	 240 	 0 	 6 	 6 	 5 	 6 	 7 	 8 	 9 	 10 	 5 	 60 	 70 	 80 	 90 	 100
538 	 241 	 1 	 9 	 4 	 14 	 15 	 16 	 17 	 5 	 9 	 19 	 29 	 39 	 49
539 	 241 	 1 	 3 	 2 	 6 	 7 	 5 	 5 	 15 	 25 	 35 	 45
540 	 241 	 1 	 2 	 2 	 0 	 1 	 5 	 7 	 17 	 27 	 37 	 47
541 	 242 	 0 	 2 	 4 	 14 	 15 	 16 	 17 	 6 	 59 	 69 	 79 	 89 	 99 	 109
542 	 243 	 0 	 10 	 2 	 7 	 8 	 5 	 7 	 17 	 27 	 37 	 47
543 	 244 	 0 	 7 	 2 	 12 	 13 	 11 	 56 	 61 	 66 	 71 	 76 	 81 	 86 	 91 	 96 	 101 	 106
544 	 245 	 0 	 4 	 2 	 6 	 7 	 5 	 5 	 15 	 25 	 35 	 45
545 	 245 	 0 	 2 	 2 	 8 	 9 	 5 	 5 	 15 	 25 	 35 	 45
546 	 245 	 0 	 6 	 2 	 10 	 11 	 5 	 5 	 15 	 25 	 35 	 45
547 	 245 	 0 	 4 	 2 	 12 	 13 	 5 	 5 	 15 	 25 	 35 	 45
548 	 245 	 0 	 1 	 2 	 14 	 15 	 5 	 5 	 15 	 25 	 35 	 45
549 	 245 	 0 	 2 	 2 	 16 	 17 	 5 	 5 	 15 	 25 	 35 	 45
550 	 246 	 0 	 5 	 2 	 9 	 10 	 11 	 55 	 60 	 65 	 70 	 75 	 80 	 85 	 90 	 95 	 100 	 105
551 	 247 	 0 	 8 	 2 	 11 	 12 	 6 	 4 	 14 	 24 	 34 	 44 	 54
552 	 248 	 0 	 7 	 4 	 8 	 9 	 10 	 11 	 5 	 5 	 15 	 25 	 35 	 45
553 	 249 	 0 	 3 	 2 	 2 	 3 	 6 	 4 	 14 	 24 	 34 	 44 	 54
554 	 250 	 0 	 4 	 2 	 2 	 3 	 6 	 4 	 14 	 24 	 34 	 44 	 54
555 	 250 	 0 	 8 	 2 	 7 	 8 	 6 	 0 	 10 	 20 	 30 	 40 	 50
556 	 251 	 0 	 9 	 2 	 0 	 1 	 11 	 55 	 60 	 65 	 70 	 75 	 80 	 85 	 90 	 95 	 100 	 105
557 	 251 	 0 	 4 	 2 	 2 	 3 	 11 	 55 	 60 	 65 	 70 	 75 	 80 	 85 	 90 	 95 	 100 	 105
558 	 251 	 0 	 1 	 2 	 4 	 5 	 11 	 55 	 60 	 65 	 70 	 75 	 80 	 85 	 90 	 95 	 100 	 105
559 	 251 	 0 	 1 	 2 	 6 	 7 	 11 	 55 	 60 	 65 	 70 	 75 	 80 	 85 	 90 	 95 	 100 	 105
560 	 251 	 0 	 8 	 2 	 8 	 9 	 11 	 55 	 60 	 65 	 70 	 75 	 80 	 85 	 90 	 95 	 100 	 105
561 	 252 	 0 	 9 	 2 	 11 	 12 	 6 	 58 	 68 	 78 	 88 	 98 	 108
562 	 252 	 0 	 3 	 2 	 11 	 12 	 6 	 56 	 66 	 76 	 86 	 96 	 106
563 	 252 	 0 	 10 	 2 	 11 	 12 	 6 	 57 	 67 	 77 	 87 	 97 	 107
564 	 253 	 0 	 1 	 4 	 5 	 6 	 7 	 8 	 5 	 7 	 17 	 27 	 37 	 47
565 	 253 	 0 	 8 	 2 	 1 	 2 	 5 	 9 	 19 	 29 	 39 	 49
566 	 253 	 0 	 10 	 2 	 3 	 4 	 5 	 8 	 18 	 28 	 38 	 48
567 	 254 	 0 	 8 	 2 	 8 	 9 	 11 	 56 	 61 	 66 	 71 	 76 	 81 	 86 	 91 	 96 	 101 	 106
568 	 254 	 0 	 5 	 2 	 10 	 11 	 11 	 56 	 61 	 66 	 71 	 76 	 81 	 86 	 91 	 96 	 101 	 106
569 	 254 	 0 	 1 	 2 	 12 	 13 	 11 	 56 	 61 	 66 	 71 	 76 	 81 	 86 	 91 	 96 	 101 	 106
570 	 254 	 0 	 3 	 2 	 14 	 15 	 11 	 56 	 61 	 66 	 71 	 76 	 81 	 86 	 91 	 96 	 101 	 106
571 	 255 	 0 	 9 	 2 	 3 	 4 	 11 	 56 	 61 	 66 	 71 	 76 	 81 	 86 	 91 	 96 	 101 	 106
572 	 256 	 0 	 9 	 2 	 7 	 8 	 5 	 9 	 19 	 29 	 39 	 49
573 	 257 	 0 	 3 	 2 	 16 	 17 	 11 	 56 	 61 	 66 	 71 	 76 	 81 	 86 	 91 	 96 	 101 	 106
574 	 258 	 0 	 6 	 2 	 15 	 16 	 6 	 56 	 66 	 76 	 86 	 96 	 106
575 	 259 	 0 	 1 	 2 	 2 	 3 	 11 	 59 	 64 	 69 	 74 	 79 	 84 	 89 	 94 	 99 	 104 	 109
576 	 259 	 0 	 4 	 2 	 4 	 5 	 11 	 59 	 64 	 69 	 74 	 79 	 84 	 89 	 94 	 99 	 104 	 109
577 	 259 	 0 	 9 	 2 	 6 	 7 	 11 	 59 	 64 	 69 	 74 	 79 	 84 	 89 	 94 	 99 	 104 	 109
578 	 259 	 0 	 9 	 2 	 8 	 9 	 11 	 59 	 64 	 69 	 74 	 79 	 84 	 89 	 94 	 99 	 104 	 109
579 	 259 	 0 	 6 	 2 	 10 	 11 	 11 	 59 	 64 	 69 	 74 	 79 	 84 	 89 	 94 	 99 	 104 	 109
580 	 260 	 0 	 2 	 2 	 3 	 4 	 5 	 64 	 74 	 84 	 94 	 104
581 	 261 	 0 	 9 	 4 	 12 	 13 	 14 	 15 	 5 	 63 	 73 	 83 	 93 	 103
582 	 262 	 0 	 5 	 2 	 9 	 10 	 6 	 3 	 13 	 23 	 33 	 43 	 53
583 	 263 	 0 	 6 	 2 	 11 	 12 	 6 	 2 	 12 	 22 	 32 	 42 	 52
584 	 264 	 1 	 8 	 2 	 1 	 2 	 5 	 9 	 19 	 29 	 39 	 49
585 	 265 	 1 	 5 	 4 	 13 	 14 	 15 	 16 	 5 	 64 	 74 	 84 	 94 	 104
586 	 266 	 0 	 3 	 2 	 0 	 1 	 11 	 55 	 60 	 65 	 70 	 75 	 80 	 85 	 90 	 95 	 100 	 105
587 	 267 	 0 	 2 	 2 	 3 	 4 	 6 	 4 	 14 	 24 	 34 	 44 	 54
588 	 267 	 0 	 4 	 2 	 5 	 6 	 6 	 4 	 14 	 24 	 34 	 44 	 54
589 	 267 	 0 	 8 	 2 	 7 	 8 	 6 	 4 	 14 	 24 	 34 	 44 	 54
590 	 267 	 0 	 9 	 2 	 9 	 10 	 6 	 4 	 14 	 24 	 34 	 44 	 54
591 	 267 	 0 	 9 	 2 	 11 	 12 	 6 	 4 	 14 	 24 	 34 	 44 	 54
592 	 268 	 0 	 10 	 2 	 15 	 16 	 5 	 62 	 72 	 82 	 92 	 102
593 	 269 	 0 	 5 	 2 	 11 	 12 	 5 	 60 	 70 	 80 	 90 	 100
594 	 270 	 0 	 4 	 2 	 14 	 15 	 6 	 56 	 66 	 76 	 86 	 96 	 106
595 	 271 	 0 	 7 	 6 	 12 	 13 	 14 	 15 	 16 	 17 	 6 	 3 	 13 	 23 	 33 	 43 	 53
596 	 272 	 0 	 8 	 2 	 1 	 2 	 6 	 58 	 68 	 78 	 88 	 98 	 108
597 	 273 	 0 	 8 	 2 	 14 	 15 	 5 	 64 	 74 	 84 	 94 	 104
598 	 274 	 0 	 9 	 2 	 6 	 7 	 6 	 56 	 66 	 76 	 86 	 96 	 106
599 	 274 	 0 	 4 	 2 	 1 	 2 	 6 	 57 	 67 	 77 	 87 	 97 	 107
600 	 275 	 0 	 6 	 2 	 10 	 11 	 5 	 64 	 74 	 84 	 94 	 104
601 	 275 	 0 	 10 	 2 	 16 	 17 	 5 	 62 	 72 	 82 	 92 	 102
602 	 276 	 0 	 2 	 2 	 4 	 5 	 5 	 6 	 16 	 26 	 36 	 46
603 	 277 	 0 	 1 	 2 	 6 	 7 	 6 	 3 	 13 	 23 	 33 	 43 	 53
604 	 278 	 0 	 10 	 2 	 16 	 17 	 11 	 0 	 5 	 10 	 15 	 20 	 25 	 30 	 35 	 40 	 45 	 50
605 	 278 	 0 	 4 	 2 	 6 	 7 	 11 	 3 	 8 	 13 	 18 	 23 	 28 	 33 	 38 	 43 	 48 	 53
606 	 278 	 0 	 1 	 2 	 3 	 4 	 11 	 1 	 6 	 11 	 16 	 21 	 26 	 31 	 36 	 41 	 46 	 51
607 	 279 	 0 	 6 	 4 	 11 	 12 	 13 	 14 	 6 	 56 	 66 	 76 	 86 	 96 	 106
608 	 280 	 0 	 5 	 4 	 7 	 8 	 9 	 10 	 5 	 8 	 18 	 28 	 38 	 48
609 	 281 	 0 	 6 	 4 	 6 	 7 	 8 	 9 	 6 	 0 	 10 	 20 	 30 	 40 	 50
610 	 282 	 0 	 4 	 2 	 11 	 12 	 5 	 5 	 15 	 25 	 35 	 45
611 	 283 	 0 	 10 	 2 	 16 	 17 	 6 	 55 	 65 	 75 	 85 	 95 	 105
612 	 283 	 0 	 4 	 4 	 2 	 3 	 4 	 5 	 6 	 56 	 66 	 76 	 86 	 96 	 106
613 	 283 	 0 	 3 	 4 	 12 	 13 	 14 	 15 	 6 	 58 	 68 	 78 	 88 	 98 	 108
614 	 284 	 1 	 4 	 2 	 13 	 14 	 6 	 55 	 65 	 75 	 85 	 95 	 105
615 	 285 	 0 	 1 	 2 	 8 	 9 	 6 	 3 	 13 	 23 	 33 	 43 	 53
616 	 286 	 0 	 7 	 2 	 0 	 1 	 5 	 60 	 70 	 80 	 90 	 100
617 	 287 	 0 	 8 	 2 	 4 	 5 	 11 	 0 	 5 	 10 	 15 	 20 	 25 	 30 	 35 	 40 	 45 	 50
618 	 288 	 1 	 8 	 2 	 2 	 3 	 11 	 3 	 8 	 13 	 18 	 23 	 28 	 33 	 38 	 43 	 48 	 53
619 	 288 	 1 	 9 	 2 	 4 	 5 	 11 	 3 	 8 	 13 	 18 	 23 	 28 	 33 	 38 	 43 	 48 	 53
620 	 288 	 1 	 4 	 2 	 6 	 7 	 11 	 3 	 8 	 13 	 18 	 23 	 28 	 33 	 38 	 43 	 48 	 53
621 	 288 	 1 	 5 	 2 	 8 	 9 	 11 	 3 	 8 	 13 	 18 	 23 	 28 	 33 	 38 	 43 	 48 	 53
622 	 289 	 0 	 9 	 2 	 2 	 3 	 11 	 0 	 5 	 10 	 15 	 20 	 25 	 30 	 35 	 40 	 45 	 50
623 	 289 	 0 	 7 	 2 	 4 	 5 	 11 	 0 	 5 	 10 	 15 	 20 	 25 	 30 	 35 	 40 	 45 	 50
624 	 289 	 0 	 1 	 2 	 6 	 7 	 11 	 0 	 5 	 10 	 15 	 20 	 25 	 30 	 35 	 40 	 45 	 50
625 	 289 	 0 	 9 	 2 	 8 	 9 	 11 	 0 	 5 	 10 	 15 	 20 	 25 	 30 	 35 	 40 	 45 	 50
626 	 289 	 0 	 5 	 2 	 10 	 11 	 11 	 0 	 5 	 10 	 15 	 20 	 25 	 30 	 35 	 40 	 45 	 50
627 	 290 	 0 	 2 	 2 	 14 	 15 	 11 	 2 	 7 	 12 	 17 	 22 	 27 	 32 	 37 	 42 	 47 	 52
628 	 291 	 0 	 5 	 4 	 0 	 1 	 2 	 3 	 11 	 56 	 61 	 66 	 71 	 76 	 81 	 86 	 91 	 96 	 101 	 106
629 	 292 	 0 	 6 	 2 	 10 	 11 	 5 	 62 	 72 	 82 	 92 	 102
630 	 293 	 0 	 5 	 2 	 9 	 10 	 11 	 1 	 6 	 11 	 16 	 21 	 26 	 31 	 36 	 41 	 46 	 51
631 	 294 	 0 	 10 	 4 	 4 	 5 	 6 	 7 	 5 	 6 	 16 	 26 	 36 	 46
632 	 294 	 0 	 3 	 2 	 14 	 15 	 5 	 7 	 17 	 27 	 37 	 47
633 	 294 	 0 	 3 	 2 	 5 	 6 	 5 	 8 	 18 	 28 	 38 	 48
634 	 295 	 0 	 5 	 2 	 4 	 5 	 6 	 56 	 66 	 76 	 86 	 96 	 106
635 	 295 	 0 	 7 	 2 	 6 	 7 	 6 	 56 	 66 	 76 	 86 	 96 	 106
636 	 295 	 0 	 2 	 2 	 8 	 9 	 6 	 56 	 66 	 76 	 86 	 96 	 106
637 	 295 	 0 	 1 	 2 	 10 	 11 	 6 	 56 	 66 	 76 	 86 	 96 	 106
638 	 296 	 0 	 8 	 2 	 7 	 8 	 11 	 1 	 6 	 11 	 16 	 21 	 26 	 31 	 36 	 41 	 46 	 51
639 	 296 	 0 	 8 	 4 	 7 	 8 	 9 	 10 	 11 	 4 	 9 	 14 	 19 	 24 	 29 	 34 	 39 	 44 	 49 	 54
640 	 296 	 0 	 9 	 4 	 5 	 6 	 7 	 8 	 11 	 2 	 7 	 12 	 17 	 22 	 27 	 32 	 37 	 42 	 47 	 52
641 	 297 	 0 	 8 	 4 	 7 	 8 	 9 	 10 	 11 	 56 	 61 	 66 	 71 	 76 	 81 	 86 	 91 	 96 	 101 	 106
642 	 298 	 0 	 2 	 2 	 13 	 14 	 11 	 55 	 60 	 65 	 70 	 75 	 80 	 85 	 90 	 95 	 100 	 105
643 	 299 	 0 	 9 	 4 	 7 	 8 	 9 	 10 	 6 	 57 	 67 	 77 	 87 	 97 	 107
644	0	1	0	2	3	4	5	7	17	27	37	47	
645	1	0	0	4	10	11	12	13	11	57	62	67	72	77	82	87	92	97	102	107	
646	1	0	0	4	10	11	12	13	11	58	63	68	73	78	83	88	93	98	103	108	
647	2	0	0	4	7	8	9	10	6	59	69	79	89	99	109	
648	3	0	0	2	4	5	11	0	5	10	15	20	25	30	35	40	45	50	
649	4	0	0	2	12	13	6	56	66	76	86	96	106	
650	4	0	0	2	0	1	6	58	68	78	88	98	108	
651	4	0	0	4	12	13	14	15	6	55	65	75	85	95	105	
652	4	0	0	2	2	3	6	57	67	77	87	97	107	
653	5	0	0	4	11	12	13	14	5	61	71	81	91	101	
654	6	0	0	4	6	7	8	9	6	1	11	21	31	41	51	
655	6	0	0	4	12	13	14	15	6	4	14	24	34	44	54	
656	6	0	0	2	6	7	6	3	13	23	33	43	53	
657	7	0	0	2	9	10	6	1	11	21	31	41	51	
658	7	0	0	2	11	12	6	4	14	24	34	44	54	
659	7	0	0	2	9	10	6	0	10	20	30	40	50	
660	8	0	0	4	5	6	7	8	6	3	13	23	33	43	53	
661	8	0	0	4	8	9	10	11	6	2	12	22	32	42	52	
662	9	1	0	4	10	11	12	13	6	55	65	75	85	95	105	
663	9	1	0	2	16	17	6	56	66	76	86	96	106	
664	10	0	0	2	8	9	6	4	14	24	34	44	54	
665	10	0	0	4	13	14	15	16	6	2	12	22	32	42	52	
666	10	0	0	4	7	8	9	10	6	1	11	21	31	41	51	
667	10	0	0	4	8	9	10	11	6	3	13	23	33	43	53	
668	11	0	0	2	1	2	5	60	70	80	90	100	
669	12	0	0	4	11	12	13	14	11	1	6	11	16	21	26	31	36	41	46	51	
670	12	0	0	4	12	13	14	15	11	3	8	13	18	23	28	33	38	43	48	53	
671	13	0	0	4	9	10	11	12	6	56	66	76	86	96	106	
672	14	0	0	4	13	14	15	16	5	9	19	29	39	49	
673	14	0	0	4	14	15	16	17	5	5	15	25	35	45	
674	14	0	0	4	12	13	14	15	5	8	18	28	38	48	
675	14	0	0	2	0	1	5	6	16	26	36	46	
676	15	0	0	4	9	10	11	12	6	3	13	23	33	43	53	
677	15	0	0	4	1	2	3	4	6	1	11	21	31	41	51	
678	16	0	0	2	3	4	5	6	16	26	36	46	
679	16	0	0	4	10	11	12	13	5	9	19	29	39	49	
680	17	0	0	4	11	12	13	14	5	63	73	83	93	103	
681	17	0	0	4	10	11	12	13	5	64	74	84	94	104	
682	18	1	0	2	3	4	6	2	12	22	32	42	52	
683	18	1	0	4	2	3	4	5	6	3	13	23	33	43	53	
684	19	0	0	4	5	6	7	8	5	61	71	81	91	101	
685	20	0	0	2	10	11	5	9	19	29	39	49	
686	20	0	0	2	6	7	5	5	15	25	35	45	
687	21	0	0	2	13	14	11	59	64	69	74	79	84	89	94	99	104	109	
688	22	0	0	2	2	3	5	61	71	81	91	101	
689	22	0	0	2	3	4	5	64	74	84	94	104	
690	23	0	0	2	11	12	5	7	17	27	37	47	
691	23	0	0	4	6	7	8	9	5	5	15	25	35	45	
692	23	0	0	4	5	6	7	8	5	8	18	28	38	48	
693	24	0	0	2	12	13	5	60	70	80	90	100	
694	25	0	0	2	0	1	11	1	6	11	16	21	26	31	36	41	46	51	
695	26	0	0	2	1	2	5	61	71	81	91	101	
696	26	0	0	2	7	8	5	62	72	82	92	102	
697	27	0	0	2	1	2	5	9	19	29	39	49	
698	28	0	0	4	6	7	8	9	11	58	63	68	73	78	83	88	93	98	103	108	
699	29	0	0	4	9	10	11	12	5	7	17	27	37	47	
700	30	0	0	2	3	4	5	61	71	81	91	101	
701	30	0	0	4	7	8	9	10	5	63	73	83	93	103	
702	31	0	0	2	11	12	6	3	13	23	33	43	53	
703	31	0	0	4	14	15	16	17	6	2	12	22	32	42	52	
704	31	0	0	4	5	6	7	8	6	0	10	20	30	40	50	
705	31	0	0	4	6	7	8	9	6	1	11	21	31	41	51	
706	32	0	0	2	14	15	5	61	71	81	91	101	
707	32	0	0	2	5	6	5	62	72	82	92	102	
708	32	0	0	4	7	8	9	10	5	64	74	84	94	104	
709	32	0	0	2	4	5	5	60	70	80	90	100	
710	33	0	0	2	11	12	11	58	63	68	73	78	83	88	93	98	103	108	
711	33	0	0	2	5	6	11	56	61	66	71	76	81	86	91	96	101	106	
712	34	0	0	2	1	2	5	6	16	26	36	46	
713	34	0	0	4	5	6	7	8	5	8	18	28	38	48	
714	35	0	0	4	12	13	14	15	5	5	15	25	35	45	
715	35	0	0	2	13	14	5	9	19	29	39	49	
716	36	0	0	4	3	4	5	6	11	4	9	14	19	24	29	34	39	44	49	54	
717	36	0	0	4	5	6	7	8	11	2	7	12	17	22	27	32	37	42	47	52	
718	36	0	0	2	0	1	11	0	5	10	15	20	25	30	35	40	45	50	
719	37	0	0	4	3	4	5	6	6	59	69	79	89	99	109	
720	37	0	0	4	8	9	10	11	6	57	67	77	87	97	107	
721	38	0	0	2	12	13	5	8	18	28	38	48	
722	39	0	0	2	0	1	5	64	74	84	94	104	
723	40	0	0	2	0	1	6	3	13	23	33	43	53	
724	40	0	0	2	11	12	6	4	14	24	34	44	54	
725	41	0	0	2	13	14	6	2	12	22	32	42	52	
726	41	0	0	2	12	13	6	1	11	21	31	41	51	
727	42	0	0	4	4	5	6	7	11	4	9	14	19	24	29	34	39	44	49	54	
728	43	0	0	4	0	1	2	3	6	4	14	24	34	44	54	
729	43	0	0	2	4	5	6	1	11	21	31	41	51	
730	43	0	0	4	7	8	9	10	6	2	12	22	32	42	52	
731	43	0	0	2	9	10	6	3	13	23	33	43	53	
732	44	0	0	2	16	17	5	9	19	29	39	49	
733	44	0	0	4	9	10	11	12	5	5	15	25	35	45	
734	44	0	0	2	0	1	5	8	18	28	38	48	
735	45	1	0	2	8	9	5	8	18	28	38	48	
736	45	1	0	4	9	10	11	12	5	6	16	26	36	46	
737	46	0	0	4	0	1	2	3	6	3	13	23	33	43	53	
738	47	0	0	2	10	11	6	56	66	76	86	96	106	
739	47	0	0	4	2	3	4	5	6	57	67	77	87	97	107	
740	48	0	0	4	13	14	15	16	11	4	9	14	19	24	29	34	39	44	49	54	
741	49	0	0	4	3	4	5	6	6	2	12	22	32	42	52	
742	50	0	0	4	2	3	4	5	6	57	67	77	87	97	107	
743	50	0	0	4	13	14	15	16	6	59	69	79	89	99	109	
744	51	0	0	4	13	14	15	16	5	6	16	26	36	46	
745	52	0	0	2	6	7	6	56	66	76	86	96	106	
746	52	0	0	2	5	6	6	57	67	77	87	97	107	
747	53	0	0	4	11	12	13	14	5	60	70	80	90	100	
748	53	0	0	4	9	10	11	12	5	61	71	81	91	101	
749	53	0	0	2	14	15	5	63	73	83	93	103	
750	54	0	0	4	2	3	4	5	11	4	9	14	19	24	29	34	39	44	49	54	
751	54	0	0	4	10	11	12	13	11	2	7	12	17	22	27	32	37	42	47	52	
752	54	0	0	2	8	9	11	1	6	11	16	21	26	31	36	41	46	51	
753	54	0	0	2	15	16	11	3	8	13	18	23	28	33	38	43	48	53	
754	55	0	0	2	7	8	5	60	70	80	90	100	
755	55	0	0	2	0	1	5	61	71	81	91	101	
756	56	0	0	4	5	6	7	8	11	4	9	14	19	24	29	34	39	44	49	54	
757	57	0	0	4	3	4	5	6	11	0	5	10	15	20	25	30	35	40	45	50	
758	57	0	0	2	11	12	11	2	7	12	17	22	27	32	37	42	47	52	
759	58	0	0	4	7	8	9	10	6	0	10	20	30	40	50	
760	59	0	0	4	7	8	9	10	6	56	66	76	86	96	106	
761	60	0	0	2	14	15	5	63	73	83	93	103	
762	61	1	0	4	1	2	3	4	6	59	69	79	89	99	109	
763	61	1	0	4	4	5	6	7	6	58	68	78	88	98	108	
764	62	0	0	4	9	10	11	12	5	6	16	26	36	46	
765	63	1	0	4	7	8	9	10	11	1	6	11	16	21	26	31	36	41	46	51	
766	63	1	0	4	6	7	8	9	11	3	8	13	18	23	28	33	38	43	48	53	
767	63	1	0	4	9	10	11	12	11	0	5	10	15	20	25	30	35	40	45	50	
768	64	0	0	4	1	2	3	4	6	1	11	21	31	41	51	
769	65	1	0	4	3	4	5	6	6	56	66	76	86	96	106	
770	65	1	0	2	2	3	6	58	68	78	88	98	108	
771	65	1	0	4	14	15	16	17	6	57	67	77	87	97	107	
772	65	1	0	2	9	10	6	55	65	75	85	95	105	
773	66	1	0	2	15	16	6	2	12	22	32	42	52	
774	66	1	0	4	3	4	5	6	6	3	13	23	33	43	53	
775	67	1	0	2	7	8	5	64	74	84	94	104	
776	67	1	0	2	0	1	5	62	72	82	92	102	
777	67	1	0	4	1	2	3	4	5	63	73	83	93	103	
778	67	1	0	2	15	16	5	61	71	81	91	101	
779	68	0	0	4	8	9	10	11	11	2	7	12	17	22	27	32	37	42	47	52	
780	68	0	0	2	11	12	11	0	5	10	15	20	25	30	35	40	45	50	
781	69	0	0	2	6	7	11	58	63	68	73	78	83	88	93	98	103	108	
782	69	0	0	4	4	5	6	7	11	56	61	66	71	76	81	86	91	96	101	106	
783	70	0	0	2	2	3	6	3	13	23	33	43	53	
784	70	0	0	2	5	6	6	1	11	21	31	41	51	
785	71	0	0	4	2	3	4	5	11	58	63	68	73	78	83	88	93	98	103	108	
786	71	0	0	4	9	10	11	12	11	57	62	67	72	77	82	87	92	97	102	107	
787	72	0	0	4	1	2	3	4	11	4	9	14	19	24	29	34	39	44	49	54	
788	72	0	0	4	10	11	12	13	11	3	8	13	18	23	28	33	38	43	48	53	
789	73	0	0	2	2	3	6	55	65	75	85	95	105	
790	73	0	0	4	3	4	5	6	6	56	66	76	86	96	106	
791	74	0	0	2	15	16	6	2	12	22	32	42	52	
792	74	0	0	2	1	2	6	4	14	24	34	44	54	
793	74	0	0	4	3	4	5	6	6	3	13	23	33	43	53	
794	75	0	0	2	11	12	11	2	7	12	17	22	27	32	37	42	47	52	
795	76	0	0	2	6	7	5	64	74	84	94	104	
796	77	0	0	4	1	2	3	4	11	56	61	66	71	76	81	86	91	96	101	106	
797	78	0	0	4	13	14	15	16	6	55	65	75	85	95	105	
798	78	0	0	4	2	3	4	5	6	59	69	79	89	99	109	
799	79	0	0	2	4	5	5	9	19	29	39	49	
800	79	0	0	4	3	4	5	6	5	5	15	25	35	45	
801	80	0	0	4	14	15	16	17	5	6	16	26	36	46	
802	80	0	0	4	12	13	14	15	5	5	15	25	35	45	
803	80	0	0	4	11	12	13	14	5	7	17	27	37	47	
804	81	0	0	4	6	7	8	9	11	56	61	66	71	76	81	86	91	96	101	106	
805	82	0	0	2	2	3	6	56	66	76	86	96	106	
806	83	0	0	4	0	1	2	3	6	4	14	24	34	44	54	
807	84	0	0	2	15	16	5	9	19	29	39	49	
808	85	0	0	4	4	5	6	7	11	59	64	69	74	79	84	89	94	99	104	109	
809	85	0	0	4	3	4	5	6	11	58	63	68	73	78	83	88	93	98	103	108	
810	86	0	0	4	4	5	6	7	5	64	74	84	94	104	
811	86	0	0	2	11	12	5	60	70	80	90	100	
812	87	0	0	2	10	11	5	62	72	82	92	102	
813	87	0	0	4	6	7	8	9	5	64	74	84	94	104	
814	88	0	0	4	3	4	5	6	6	58	68	78	88	98	108	
815	88	0	0	4	7	8	9	10	6	59	69	79	89	99	109	
816	89	0	0	2	7	8	11	55	60	65	70	75	80	85	90	95	100	105	
817	89	0	0	4	1	2	3	4	11	56	61	66	71	76	81	86	91	96	101	106	
818	90	0	0	2	3	4	6	55	65	75	85	95	105	
819	91	0	0	2	10	11	6	0	10	20	30	40	50	
820	91	0	0	2	12	13	6	3	13	23	33	43	53	
821	92	0	0	4	7	8	9	10	5	6	16	26	36	46	
822	92	0	0	4	7	8	9	10	5	5	15	25	35	45	
823	93	0	0	2	13	14	5	62	72	82	92	102	
824	93	0	0	4	12	13	14	15	5	60	70	80	90	100	
825	93	0	0	4	13	14	15	16	5	63	73	83	93	103	
826	94	0	0	2	5	6	6	2	12	22	32	42	52	
827	94	0	0	2	14	15	6	3	13	23	33	43	53	
828	95	0	0	4	11	12	13	14	11	3	8	13	18	23	28	33	38	43	48	53	
829	95	0	0	2	1	2	11	0	5	10	15	20	25	30	35	40	45	50	
830	96	0	0	4	3	4	5	6	6	3	13	23	33	43	53	
831	96	0	0	4	14	15	16	17	6	0	10	20	30	40	50	
832	96	0	0	2	1	2	6	4	14	24	34	44	54	
833	96	0	0	2	15	16	6	1	11	21	31	41	51	
834	97	0	0	4	2	3	4	5	11	2	7	12	17	22	27	32	37	42	47	52	
835	97	0	0	2	9	10	11	0	5	10	15	20	25	30	35	40	45	50	
836	98	0	0	2	16	17	6	58	68	78	88	98	108	
837	99	1	0	4	2	3	4	5	6	4	14	24	34	44	54	
838	99	1	0	4	3	4	5	6	6	2	12	22	32	42	52	
839	100	0	0	4	12	13	14	15	11	59	64	69	74	79	84	89	94	99	104	109	
840	100	0	0	2	10	11	11	57	62	67	72	77	82	87	92	97	102	107	
841	100	0	0	4	8	9	10	11	11	56	61	66	71	76	81	86	91	96	101	106	
842	101	0	0	4	14	15	16	17	6	58	68	78	88	98	108	
843	102	0	0	4	7	8	9	10	5	8	18	28	38	48	
844	102	0	0	2	15	16	5	6	16	26	36	46	
845	103	0	0	2	4	5	5	9	19	29	39	49	
846	103	0	0	4	0	1	2	3	5	6	16	26	36	46	
847	104	0	0	2	10	11	11	55	60	65	70	75	80	85	90	95	100	105	
848	105	0	0	4	4	5	6	7	11	59	64	69	74	79	84	89	94	99	104	109	
849	106	0	0	4	5	6	7	8	5	5	15	25	35	45	
850	107	0	0	4	3	4	5	6	6	55	65	75	85	95	105	
851	107	0	0	2	4	5	6	56	66	76	86	96	106	
852	108	0	0	2	1	2	6	56	66	76	86	96	106	
853	109	0	0	4	13	14	15	16	6	55	65	75	85	95	105	
854	110	0	0	2	10	11	11	4	9	14	19	24	29	34	39	44	49	54	
855	111	0	0	2	11	12	6	56	66	76	86	96	106	
856	112	0	0	4	9	10	11	12	11	58	63	68	73	78	83	88	93	98	103	108	
857	113	0	0	4	2	3	4	5	6	57	67	77	87	97	107	
858	114	0	0	4	5	6	7	8	11	55	60	65	70	75	80	85	90	95	100	105	
859	115	0	0	2	9	10	11	58	63	68	73	78	83	88	93	98	103	108	
860	115	0	0	2	12	13	11	55	60	65	70	75	80	85	90	95	100	105	
861	115	0	0	4	6	7	8	9	11	59	64	69	74	79	84	89	94	99	104	109	
862	116	0	0	4	13	14	15	16	11	0	5	10	15	20	25	30	35	40	45	50	
863	116	0	0	4	6	7	8	9	11	3	8	13	18	23	28	33	38	43	48	53	
864	117	0	0	2	4	5	6	57	67	77	87	97	107	
865	118	0	0	4	5	6	7	8	6	4	14	24	34	44	54	
866	118	0	0	2	15	16	6	2	12	22	32	42	52	
867	119	0	0	2	5	6	5	60	70	80	90	100	
868	119	0	0	2	10	11	5	63	73	83	93	103	
869	120	0	0	4	1	2	3	4	5	63	73	83	93	103	
870	120	0	0	2	1	2	5	64	74	84	94	104	
871	121	0	0	4	11	12	13	14	6	57	67	77	87	97	107	
872	122	0	0	2	15	16	5	6	16	26	36	46	
873	123	0	0	4	14	15	16	17	11	57	62	67	72	77	82	87	92	97	102	107	
874	124	0	0	4	11	12	13	14	6	59	69	79	89	99	109	
875	124	0	0	2	9	10	6	55	65	75	85	95	105	
876	125	0	0	2	15	16	11	1	6	11	16	21	26	31	36	41	46	51	
877	126	0	0	2	9	10	6	55	65	75	85	95	105	
878	126	0	0	4	5	6	7	8	6	58	68	78	88	98	108	
879	127	0	0	2	7	8	11	59	64	69	74	79	84	89	94	99	104	109	
880	127	0	0	2	11	12	11	58	63	68	73	78	83	88	93	98	103	108	
881	127	0	0	2	15	16	11	57	62	67	72	77	82	87	92	97	102	107	
882	127	0	0	4	14	15	16	17	11	55	60	65	70	75	80	85	90	95	100	105	
883	128	0	0	2	4	5	11	2	7	12	17	22	27	32	37	42	47	52	
884	129	0	0	4	0	1	2	3	6	56	66	76	86	96	106	
885	129	0	0	2	6	7	6	59	69	79	89	99	109	
886	130	0	0	4	12	13	14	15	11	4	9	14	19	24	29	34	39	44	49	54	
887	131	0	0	2	6	7	5	9	19	29	39	49	
888	131	0	0	4	0	1	2	3	5	8	18	28	38	48	
889	132	0	0	4	9	10	11	12	11	58	63	68	73	78	83	88	93	98	103	108	
890	132	0	0	4	12	13	14	15	11	56	61	66	71	76	81	86	91	96	101	106	
891	133	1	0	4	12	13	14	15	5	6	16	26	36	46	
892	133	1	0	4	11	12	13	14	5	8	18	28	38	48	
893	134	0	0	4	14	15	16	17	5	5	15	25	35	45	
894	134	0	0	4	10	11	12	13	5	6	16	26	36	46	
895	135	0	0	4	13	14	15	16	6	0	10	20	30	40	50	
896	136	0	0	4	9	10	11	12	11	57	62	67	72	77	82	87	92	97	102	107	
897	136	0	0	2	10	11	11	58	63	68	73	78	83	88	93	98	103	108	
898	137	0	0	2	2	3	11	3	8	13	18	23	28	33	38	43	48	53	
899	138	0	0	4	14	15	16	17	6	55	65	75	85	95	105	
900	139	0	0	2	2	3	5	62	72	82	92	102	
901	139	0	0	2	2	3	5	61	71	81	91	101	
902	140	0	0	2	16	17	5	61	71	81	91	101	
903	140	0	0	4	13	14	15	16	5	64	74	84	94	104	
904	140	0	0	4	2	3	4	5	5	63	73	83	93	103	
905	141	0	0	4	9	10	11	12	11	58	63	68	73	78	83	88	93	98	103	108	
906	142	0	0	2	10	11	6	58	68	78	88	98	108	
907	143	0	0	4	13	14	15	16	6	4	14	24	34	44	54	
908	143	0	0	2	7	8	6	2	12	22	32	42	52	
909	144	0	0	2	10	11	11	56	61	66	71	76	81	86	91	96	101	106	
910	145	0	0	4	3	4	5	6	6	56	66	76	86	96	106	
911	145	0	0	4	9	10	11	12	6	55	65	75	85	95	105	
912	146	0	0	4	10	11	12	13	6	4	14	24	34	44	54	
913	147	0	0	4	2	3	4	5	5	8	18	28	38	48	
914	148	0	0	4	1	2	3	4	5	9	19	29	39	49	
915	149	0	0	2	9	10	6	59	69	79	89	99	109	
916	149	0	0	2	13	14	6	55	65	75	85	95	105	
917	149	0	0	2	15	16	6	58	68	78	88	98	108	
918	149	0	0	2	15	16	6	56	66	76	86	96	106	
919	150	0	0	2	14	15	6	55	65	75	85	95	105	
920	151	0	0	2	12	13	5	63	73	83	93	103	
921	151	0	0	2	14	15	5	64	74	84	94	104	
922	151	0	0	4	5	6	7	8	5	60	70	80	90	100	
923	152	0	0	4	12	13	14	15	5	64	74	84	94	104	
924	152	0	0	4	2	3	4	5	5	60	70	80	90	100	
925	153	0	0	2	10	11	11	1	6	11	16	21	26	31	36	41	46	51	
926	153	0	0	4	11	12	13	14	11	2	7	12	17	22	27	32	37	42	47	52	
927	153	0	0	4	0	1	2	3	11	4	9	14	19	24	29	34	39	44	49	54	
928	154	0	0	4	10	11	12	13	6	59	69	79	89	99	109	
929	154	0	0	2	14	15	6	58	68	78	88	98	108	
930	155	0	0	2	6	7	11	55	60	65	70	75	80	85	90	95	100	105	
931	155	0	0	2	2	3	11	59	64	69	74	79	84	89	94	99	104	109	
932	156	0	0	4	12	13	14	15	5	63	73	83	93	103	
933	156	0	0	4	13	14	15	16	5	60	70	80	90	100	
934	157	0	0	2	9	10	6	57	67	77	87	97	107	
935	158	0	0	2	14	15	6	3	13	23	33	43	53	
936	159	0	0	2	8	9	6	0	10	20	30	40	50	
937	159	0	0	2	10	11	6	3	13	23	33	43	53	
938	160	1	0	2	15	16	5	6	16	26	36	46	
939	161	0	0	4	12	13	14	15	5	5	15	25	35	45	
940	162	0	0	4	1	2	3	4	6	59	69	79	89	99	109	
941	162	0	0	2	10	11	6	58	68	78	88	98	108	
942	163	0	0	2	8	9	11	4	9	14	19	24	29	34	39	44	49	54	
943	163	0	0	2	8	9	11	3	8	13	18	23	28	33	38	43	48	53	
944	164	0	0	2	4	5	11	57	62	67	72	77	82	87	92	97	102	107	
945	165	0	0	2	7	8	5	9	19	29	39	49	
946	165	0	0	2	14	15	5	5	15	25	35	45	
947	165	0	0	2	9	10	5	7	17	27	37	47	
948	166	0	0	2	11	12	6	3	13	23	33	43	53	
949	167	0	0	2	16	17	6	3	13	23	33	43	53	
950	167	0	0	4	11	12	13	14	6	0	10	20	30	40	50	
951	167	0	0	4	2	3	4	5	6	1	11	21	31	41	51	
952	168	0	0	2	13	14	5	62	72	82	92	102	
953	169	0	0	4	12	13	14	15	5	5	15	25	35	45	
954	169	0	0	2	4	5	5	8	18	28	38	48	
955	170	0	0	4	9	10	11	12	6	2	12	22	32	42	52	
956	171	0	0	4	10	11	12	13	11	58	63	68	73	78	83	88	93	98	103	108	
957	172	0	0	2	5	6	5	5	15	25	35	45	
958	172	0	0	4	7	8	9	10	5	9	19	29	39	49	
959	173	0	0	2	13	14	11	56	61	66	71	76	81	86	91	96	101	106	
960	174	0	0	4	2	3	4	5	11	58	63	68	73	78	83	88	93	98	103	108	
961	174	0	0	4	4	5	6	7	11	55	60	65	70	75	80	85	90	95	100	105	
962	175	0	0	2	3	4	5	5	15	25	35	45	
963	175	0	0	4	8	9	10	11	5	7	17	27	37	47	
964	175	0	0	4	12	13	14	15	5	8	18	28	38	48	
965	176	0	0	4	2	3	4	5	11	57	62	67	72	77	82	87	92	97	102	107	
966	176	0	0	4	0	1	2	3	11	59	64	69	74	79	84	89	94	99	104	109	
967	177	1	0	2	3	4	11	59	64	69	74	79	84	89	94	99	104	109	
968	178	0	0	2	11	12	6	56	66	76	86	96	106	
969	178	0	0	4	4	5	6	7	6	55	65	75	85	95	105	
970	179	0	0	2	8	9	11	1	6	11	16	21	26	31	36	41	46	51	
971	179	0	0	4	14	15	16	17	11	2	7	12	17	22	27	32	37	42	47	52	
972	179	0	0	4	2	3	4	5	11	3	8	13	18	23	28	33	38	43	48	53	
973	179	0	0	2	11	12	11	4	9	14	19	24	29	34	39	44	49	54	
974	180	0	0	2	8	9	5	7	17	27	37	47	
975	180	0	0	4	4	5	6	7	5	8	18	28	38	48	
976	181	0	0	4	0	1	2	3	11	55	60	65	70	75	80	85	90	95	100	105	
977	181	0	0	4	14	15	16	17	11	58	63	68	73	78	83	88	93	98	103	108	
978	182	0	0	4	13	14	15	16	5	7	17	27	37	47	
979	183	0	0	2	9	10	11	1	6	11	16	21	26	31	36	41	46	51	
980	183	0	0	4	12	13	14	15	11	2	7	12	17	22	27	32	37	42	47	52	
981	184	0	0	4	12	13	14	15	11	2	7	12	17	22	27	32	37	42	47	52	
982	184	0	0	2	12	13	11	4	9	14	19	24	29	34	39	44	49	54	
983	185	0	0	2	15	16	5	5	15	25	35	45	
984	185	0	0	4	11	12	13	14	5	9	19	29	39	49	
985	186	1	0	4	14	15	16	17	5	60	70	80	90	100	
986	186	1	0	2	1	2	5	61	71	81	91	101	
987	186	1	0	2	2	3	5	62	72	82	92	102	
988	187	0	0	2	7	8	5	62	72	82	92	102	
989	187	0	0	4	10	11	12	13	5	64	74	84	94	104	
990	188	0	0	2	11	12	5	64	74	84	94	104	
991	188	0	0	2	7	8	5	62	72	82	92	102	
992	188	0	0	4	8	9	10	11	5	63	73	83	93	103	
993	188	0	0	2	4	5	5	60	70	80	90	100	
994	189	0	0	4	8	9	10	11	11	57	62	67	72	77	82	87	92	97	102	107	
995	189	0	0	4	6	7	8	9	11	58	63	68	73	78	83	88	93	98	103	108	
996	190	0	0	4	0	1	2	3	5	60	70	80	90	100	
997	190	0	0	4	1	2	3	4	5	61	71	81	91	101	
998	190	0	0	4	8	9	10	11	5	64	74	84	94	104	
999	190	0	0	4	11	12	13	14	5	62	72	82	92	102	
1000	191	0	0	2	11	12	5	7	17	27	37	47	
1001	191	0	0	2	5	6	5	5	15	25	35	45	
1002	192	0	0	4	12	13	14	15	5	61	71	81	91	101	
1003	193	0	0	4	2	3	4	5	11	56	61	66	71	76	81	86	91	96	101	106	
1004	193	0	0	2	16	17	11	55	60	65	70	75	80	85	90	95	100	105	
1005	194	0	0	4	3	4	5	6	6	56	66	76	86	96	106	
1006	194	0	0	2	4	5	6	59	69	79	89	99	109	
1007	195	0	0	4	8	9	10	11	11	57	62	67	72	77	82	87	92	97	102	107	
1008	196	0	0	2	13	14	6	56	66	76	86	96	106	
1009	197	0	0	4	13	14	15	16	6	58	68	78	88	98	108	
1010	198	0	0	4	13	14	15	16	5	61	71	81	91	101	
1011	199	1	0	2	2	3	11	4	9	14	19	24	29	34	39	44	49	54	
1012	200	0	0	2	16	17	11	56	61	66	71	76	81	86	91	96	101	106	
1013	201	0	0	2	8	9	6	0	10	20	30	40	50	
1014	201	0	0	4	10	11	12	13	6	1	11	21	31	41	51	
1015	202	0	0	2	1	2	11	4	9	14	19	24	29	34	39	44	49	54	
1016	203	0	0	2	2	3	11	56	61	66	71	76	81	86	91	96	101	106	
1017	204	0	0	4	9	10	11	12	5	5	15	25	35	45	
1018	204	0	0	4	4	5	6	7	5	7	17	27	37	47	
1019	205	0	0	4	5	6	7	8	11	2	7	12	17	22	27	32	37	42	47	52	
1020	206	0	0	4	4	5	6	7	6	55	65	75	85	95	105	
1021	207	0	0	2	0	1	5	63	73	83	93	103	
1022	207	0	0	4	3	4	5	6	5	64	74	84	94	104	
1023	207	0	0	2	9	10	5	60	70	80	90	100	
1024	207	0	0	2	14	15	5	62	72	82	92	102	
1025	208	0	0	4	6	7	8	9	5	62	72	82	92	102	
1026	209	0	0	4	13	14	15	16	5	6	16	26	36	46	
1027	209	0	0	2	7	8	5	9	19	29	39	49	
1028	209	0	0	4	7	8	9	10	5	8	18	28	38	48	
1029	209	0	0	2	0	1	5	5	15	25	35	45	
1030	210	0	0	4	2	3	4	5	6	0	10	20	30	40	50	
1031	211	0	0	4	9	10	11	12	5	63	73	83	93	103	
1032	212	0	0	4	4	5	6	7	5	8	18	28	38	48	
1033	212	0	0	2	13	14	5	7	17	27	37	47	
1034	212	0	0	4	13	14	15	16	5	6	16	26	36	46	
1035	212	0	0	2	6	7	5	9	19	29	39	49	
1036	213	0	0	4	7	8	9	10	6	4	14	24	34	44	54	
1037	214	0	0	4	11	12	13	14	6	55	65	75	85	95	105	
1038	215	0	0	2	12	13	6	3	13	23	33	43	53	
1039	215	0	0	2	6	7	6	1	11	21	31	41	51	
1040	216	0	0	4	8	9	10	11	5	62	72	82	92	102	
1041	216	0	0	4	3	4	5	6	5	64	74	84	94	104	
1042	217	0	0	2	0	1	6	1	11	21	31	41	51	
1043	217	0	0	2	7	8	6	0	10	20	30	40	50	
1044	217	0	0	4	13	14	15	16	6	4	14	24	34	44	54	
1045	218	0	0	4	11	12	13	14	6	3	13	23	33	43	53	
1046	219	0	0	4	8	9	10	11	6	55	65	75	85	95	105	
1047	220	0	0	2	7	8	6	2	12	22	32	42	52	
1048	221	0	0	4	7	8	9	10	6	1	11	21	31	41	51	
1049	221	0	0	2	12	13	6	0	10	20	30	40	50	
1050	222	1	0	4	8	9	10	11	11	55	60	65	70	75	80	85	90	95	100	105	
1051	223	0	0	4	12	13	14	15	5	62	72	82	92	102	
1052	223	0	0	2	7	8	5	64	74	84	94	104	
1053	224	1	0	2	4	5	11	55	60	65	70	75	80	85	90	95	100	105	
1054	224	1	0	4	7	8	9	10	11	57	62	67	72	77	82	87	92	97	102	107	
1055	225	0	0	4	3	4	5	6	6	1	11	21	31	41	51	
1056	226	0	0	2	6	7	5	6	16	26	36	46	
1057	227	0	0	2	9	10	11	4	9	14	19	24	29	34	39	44	49	54	
1058	227	0	0	2	11	12	11	2	7	12	17	22	27	32	37	42	47	52	
1059	228	0	0	4	0	1	2	3	6	55	65	75	85	95	105	
1060	229	0	0	2	11	12	11	55	60	65	70	75	80	85	90	95	100	105	
1061	230	0	0	2	3	4	5	7	17	27	37	47	
1062	230	0	0	2	3	4	5	6	16	26	36	46	
1063	231	0	0	2	1	2	6	59	69	79	89	99	109	
1064	231	0	0	2	3	4	6	58	68	78	88	98	108	
1065	231	0	0	2	5	6	6	56	66	76	86	96	106	
1066	231	0	0	2	15	16	6	55	65	75	85	95	105	
1067	232	0	0	4	14	15	16	17	6	2	12	22	32	42	52	
1068	232	0	0	2	3	4	6	3	13	23	33	43	53	
1069	233	0	0	2	5	6	6	57	67	77	87	97	107	
1070	233	0	0	4	14	15	16	17	6	59	69	79	89	99	109	
1071	234	0	0	4	4	5	6	7	6	57	67	77	87	97	107	
1072	235	0	0	2	6	7	11	4	9	14	19	24	29	34	39	44	49	54	
1073	236	0	0	4	8	9	10	11	5	5	15	25	35	45	
1074	236	0	0	2	16	17	5	8	18	28	38	48	
1075	236	0	0	2	2	3	5	9	19	29	39	49	
1076	236	0	0	4	10	11	12	13	5	6	16	26	36	46	
1077	237	0	0	2	14	15	5	6	16	26	36	46	
1078	237	0	0	2	5	6	5	7	17	27	37	47	
1079	238	0	0	4	4	5	6	7	11	55	60	65	70	75	80	85	90	95	100	105	
1080	238	0	0	2	10	11	11	57	62	67	72	77	82	87	92	97	102	107	
1081	238	0	0	4	6	7	8	9	11	58	63	68	73	78	83	88	93	98	103	108	
1082	239	0	0	4	7	8	9	10	5	8	18	28	38	48	
1083	239	0	0	4	13	14	15	16	5	5	15	25	35	45	
1084	240	0	0	2	12	13	5	62	72	82	92	102	
1085	240	0	0	4	7	8	9	10	5	63	73	83	93	103	
1086	241	1	0	4	9	10	11	12	5	8	18	28	38	48	
1087	241	1	0	2	14	15	5	6	16	26	36	46	
1088	242	0	0	4	6	7	8	9	6	56	66	76	86	96	106	
1089	243	0	0	4	8	9	10	11	5	9	19	29	39	49	
1090	244	0	0	2	6	7	11	59	64	69	74	79	84	89	94	99	104	109	
1091	245	0	0	4	14	15	16	17	5	9	19	29	39	49	
1092	245	0	0	4	12	13	14	15	5	8	18	28	38	48	
1093	245	0	0	4	11	12	13	14	5	6	16	26	36	46	
1094	245	0	0	4	10	11	12	13	5	7	17	27	37	47	
1095	246	0	0	2	13	14	11	59	64	69	74	79	84	89	94	99	104	109	
1096	247	0	0	2	11	12	6	2	12	22	32	42	52	
1097	247	0	0	4	4	5	6	7	6	0	10	20	30	40	50	
1098	248	0	0	2	15	16	5	9	19	29	39	49	
1099	248	0	0	4	0	1	2	3	5	7	17	27	37	47	
1100	249	0	0	2	15	16	6	2	12	22	32	42	52	
1101	250	0	0	4	2	3	4	5	6	1	11	21	31	41	51	
1102	250	0	0	2	16	17	6	2	12	22	32	42	52	
1103	251	0	0	2	5	6	11	56	61	66	71	76	81	86	91	96	101	106	
1104	251	0	0	2	3	4	11	59	64	69	74	79	84	89	94	99	104	109	
1105	251	0	0	2	2	3	11	57	62	67	72	77	82	87	92	97	102	107	
1106	251	0	0	4	13	14	15	16	11	58	63	68	73	78	83	88	93	98	103	108	
1107	252	0	0	4	6	7	8	9	6	59	69	79	89	99	109	
1108	253	0	0	4	14	15	16	17	5	6	16	26	36	46	
1109	253	0	0	4	0	1	2	3	5	5	15	25	35	45	
1110	254	0	0	2	4	5	11	57	62	67	72	77	82	87	92	97	102	107	
1111	254	0	0	2	5	6	11	58	63	68	73	78	83	88	93	98	103	108	
1112	254	0	0	4	0	1	2	3	11	55	60	65	70	75	80	85	90	95	100	105	
1113	255	0	0	2	13	14	11	59	64	69	74	79	84	89	94	99	104	109	
1114	255	0	0	2	1	2	11	57	62	67	72	77	82	87	92	97	102	107	
1115	256	0	0	4	5	6	7	8	5	6	16	26	36	46	
1116	257	0	0	2	3	4	11	57	62	67	72	77	82	87	92	97	102	107	
1117	258	0	0	2	6	7	6	55	65	75	85	95	105	
1118	259	0	0	4	13	14	15	16	11	56	61	66	71	76	81	86	91	96	101	106	
1119	259	0	0	2	10	11	11	55	60	65	70	75	80	85	90	95	100	105	
1120	259	0	0	4	8	9	10	11	11	57	62	67	72	77	82	87	92	97	102	107	
1121	259	0	0	4	13	14	15	16	11	58	63	68	73	78	83	88	93	98	103	108	
1122	260	0	0	2	1	2	5	63	73	83	93	103	
1123	260	0	0	4	6	7	8	9	5	61	71	81	91	101	
1124	261	0	0	4	14	15	16	17	5	64	74	84	94	104	
1125	261	0	0	2	4	5	5	62	72	82	92	102	
1126	262	0	0	2	2	3	6	1	11	21	31	41	51	
1127	262	0	0	4	3	4	5	6	6	4	14	24	34	44	54	
1128	263	0	0	2	5	6	6	4	14	24	34	44	54	
1129	263	0	0	2	12	13	6	0	10	20	30	40	50	
1130	264	1	0	2	12	13	5	6	16	26	36	46	
1131	265	1	0	4	3	4	5	6	5	60	70	80	90	100	
1132	265	1	0	2	16	17	5	62	72	82	92	102	
1133	266	0	0	2	11	12	11	57	62	67	72	77	82	87	92	97	102	107	
1134	266	0	0	4	13	14	15	16	11	59	64	69	74	79	84	89	94	99	104	109	
1135	267	0	0	2	14	15	6	0	10	20	30	40	50	
1136	267	0	0	4	9	10	11	12	6	3	13	23	33	43	53	
1137	267	0	0	4	7	8	9	10	6	1	11	21	31	41	51	
1138	267	0	0	2	8	9	6	2	12	22	32	42	52	
1139	268	0	0	2	6	7	5	64	74	84	94	104	
1140	269	0	0	4	12	13	14	15	5	63	73	83	93	103	
1141	269	0	0	2	13	14	5	61	71	81	91	101	
1142	270	0	0	4	8	9	10	11	6	57	67	77	87	97	107	
1143	271	0	0	2	14	15	6	0	10	20	30	40	50	
1144	271	0	0	2	12	13	6	2	12	22	32	42	52	
1145	272	0	0	2	4	5	6	56	66	76	86	96	106	
1146	273	0	0	4	6	7	8	9	5	60	70	80	90	100	
1147	273	0	0	2	12	13	5	61	71	81	91	101	
1148	274	0	0	4	2	3	4	5	6	58	68	78	88	98	108	
1149	274	0	0	4	5	6	7	8	6	55	65	75	85	95	105	
1150	275	0	0	4	10	11	12	13	5	61	71	81	91	101	
1151	276	0	0	2	4	5	5	9	19	29	39	49	
1152	276	0	0	4	12	13	14	15	5	8	18	28	38	48	
1153	277	0	0	2	8	9	6	4	14	24	34	44	54	
1154	278	0	0	4	9	10	11	12	11	2	7	12	17	22	27	32	37	42	47	52	
1155	279	0	0	2	9	10	6	55	65	75	85	95	105	
1156	279	0	0	2	14	15	6	57	67	77	87	97	107	
1157	280	0	0	2	4	5	5	5	15	25	35	45	
1158	281	0	0	2	1	2	6	4	14	24	34	44	54	
1159	282	0	0	4	13	14	15	16	5	8	18	28	38	48	
1160	282	0	0	2	2	3	5	7	17	27	37	47	
1161	283	0	0	4	0	1	2	3	6	57	67	77	87	97	107	
1162	284	1	0	2	13	14	6	58	68	78	88	98	108	
1163	284	1	0	4	3	4	5	6	6	57	67	77	87	97	107	
1164	285	0	0	4	1	2	3	4	6	1	11	21	31	41	51	
1165	285	0	0	2	4	5	6	2	12	22	32	42	52	
1166	286	0	0	2	16	17	5	64	74	84	94	104	
1167	287	0	0	4	4	5	6	7	11	3	8	13	18	23	28	33	38	43	48	53	
1168	287	0	0	4	9	10	11	12	11	4	9	14	19	24	29	34	39	44	49	54	
1169	288	1	0	4	1	2	3	4	11	4	9	14	19	24	29	34	39	44	49	54	
1170	288	1	0	2	2	3	11	1	6	11	16	21	26	31	36	41	46	51	
1171	288	1	0	2	5	6	11	0	5	10	15	20	25	30	35	40	45	50	
1172	288	1	0	2	16	17	11	2	7	12	17	22	27	32	37	42	47	52	
1173	289	0	0	2	3	4	11	4	9	14	19	24	29	34	39	44	49	54	
1174	289	0	0	2	9	10	11	1	6	11	16	21	26	31	36	41	46	51	
1175	289	0	0	4	3	4	5	6	11	2	7	12	17	22	27	32	37	42	47	52	
1176	289	0	0	2	1	2	11	3	8	13	18	23	28	33	38	43	48	53	
1177	290	0	0	4	2	3	4	5	11	1	6	11	16	21	26	31	36	41	46	51	
1178	291	0	0	2	9	10	11	58	63	68	73	78	83	88	93	98	103	108	
1179	292	0	0	2	5	6	5	64	74	84	94	104	
1180	293	0	0	2	10	11	11	4	9	14	19	24	29	34	39	44	49	54	
1181	293	0	0	4	9	10	11	12	11	2	7	12	17	22	27	32	37	42	47	52	
1182	294	0	0	2	2	3	5	5	15	25	35	45	
1183	295	0	0	4	13	14	15	16	6	57	67	77	87	97	107	
1184	295	0	0	2	2	3	6	58	68	78	88	98	108	
1185	295	0	0	4	4	5	6	7	6	59	69	79	89	99	109	
1186	295	0	0	2	3	4	6	55	65	75	85	95	105	
1187	296	0	0	4	11	12	13	14	11	0	5	10	15	20	25	30	35	40	45	50	
1188	296	0	0	2	11	12	11	3	8	13	18	23	28	33	38	43	48	53	
1189	297	0	0	2	15	16	11	59	64	69	74	79	84	89	94	99	104	109	
1190	298	0	0	2	6	7	11	56	61	66	71	76	81	86	91	96	101	106	
1191	298	0	0	2	12	13	11	58	63	68	73	78	83	88	93	98	103	108	
1192	299	0	0	4	13	14	15	16	6	58	68	78	88	98	108	
1193	299	0	0	4	9	10	11	12	6	56	66	76	86	96	106	

