413
0	0	0	1	42	
1	1	0	1	1245	
2	3	0	24	721	722	723	724	725	726	727	728	729	730	731	732	733	734	735	736	737	738	739	740	741	742	743	744	
3	4	0	7	1157	1158	1159	1160	1161	1162	1163	
4	6	0	12	615	616	617	618	619	620	621	622	623	624	625	626	
5	11	0	1	720	
6	12	0	24	391	392	393	394	395	396	397	398	399	400	401	402	403	404	405	406	407	408	409	410	411	412	413	414	
7	13	0	1	1123	
8	14	0	1	835	
9	16	0	21	150	151	152	153	154	155	156	157	158	159	160	161	162	163	164	165	166	167	168	169	170	
10	17	0	3	844	845	846	
11	18	0	1	227	
12	19	0	21	93	94	95	96	97	98	99	100	101	102	103	104	105	106	107	108	109	110	111	112	113	
13	25	0	1	867	
14	27	0	24	1215	1216	1217	1218	1219	1220	1221	1222	1223	1224	1225	1226	1227	1228	1229	1230	1231	1232	1233	1234	1235	1236	1237	1238	
15	30	0	3	1246	1247	1248	
16	31	0	3	301	302	303	
17	32	0	1	1213	
18	33	0	21	304	305	306	307	308	309	310	311	312	313	314	315	316	317	318	319	320	321	322	323	324	
19	35	0	1	1334	
20	36	0	12	1250	1251	1252	1253	1254	1255	1256	1257	1258	1259	1260	1261	
21	38	0	1	606	
22	40	0	1	298	
23	41	0	3	1331	1332	1333	
24	42	0	1	11	
25	43	0	1	952	
26	45	0	1	12	
27	46	0	24	391	392	393	394	395	396	397	398	399	400	401	402	403	404	405	406	407	408	409	410	411	412	413	414	
28	47	0	3	709	710	711	
29	49	0	12	1080	1081	1082	1083	1084	1085	1086	1087	1088	1089	1090	1091	
30	50	0	1	1105	
31	55	0	1	1153	
32	56	0	1	1309	
33	58	0	1	571	
34	61	0	9	1204	1205	1206	1207	1208	1209	1210	1211	1212	
35	62	0	1	1371	
36	64	0	24	746	747	748	749	750	751	752	753	754	755	756	757	758	759	760	761	762	763	764	765	766	767	768	769	
37	65	0	1	848	
38	66	0	24	582	583	584	585	586	587	588	589	590	591	592	593	594	595	596	597	598	599	600	601	602	603	604	605	
39	69	0	1	44	
40	70	0	1	1156	
41	73	0	1	521	
42	75	0	1	840	
43	77	0	24	582	583	584	585	586	587	588	589	590	591	592	593	594	595	596	597	598	599	600	601	602	603	604	605	
44	78	0	1	225	
45	79	0	9	1204	1205	1206	1207	1208	1209	1210	1211	1212	
46	80	0	1	171	
47	82	0	24	746	747	748	749	750	751	752	753	754	755	756	757	758	759	760	761	762	763	764	765	766	767	768	769	
48	83	0	21	332	333	334	335	336	337	338	339	340	341	342	343	344	345	346	347	348	349	350	351	352	
49	86	0	24	1285	1286	1287	1288	1289	1290	1291	1292	1293	1294	1295	1296	1297	1298	1299	1300	1301	1302	1303	1304	1305	1306	1307	1308	
50	89	0	1	1092	
51	91	0	21	466	467	468	469	470	471	472	473	474	475	476	477	478	479	480	481	482	483	484	485	486	
52	93	0	21	1181	1182	1183	1184	1185	1186	1187	1188	1189	1190	1191	1192	1193	1194	1195	1196	1197	1198	1199	1200	1201	
53	94	0	9	366	367	368	369	370	371	372	373	374	
54	95	0	7	953	954	955	956	957	958	959	
55	96	0	1	1143	
56	98	0	1	1	
57	99	0	1	494	
58	101	0	24	1285	1286	1287	1288	1289	1290	1291	1292	1293	1294	1295	1296	1297	1298	1299	1300	1301	1302	1303	1304	1305	1306	1307	1308	
59	103	0	15	74	75	76	77	78	79	80	81	82	83	84	85	86	87	88	
60	105	0	24	1285	1286	1287	1288	1289	1290	1291	1292	1293	1294	1295	1296	1297	1298	1299	1300	1301	1302	1303	1304	1305	1306	1307	1308	
61	107	0	3	375	376	377	
62	108	0	1	1132	
63	110	0	1	691	
64	111	0	24	782	783	784	785	786	787	788	789	790	791	792	793	794	795	796	797	798	799	800	801	802	803	804	805	
65	113	0	1	198	
66	114	0	15	1108	1109	1110	1111	1112	1113	1114	1115	1116	1117	1118	1119	1120	1121	1122	
67	115	0	1	941	
68	116	0	15	1310	1311	1312	1313	1314	1315	1316	1317	1318	1319	1320	1321	1322	1323	1324	
69	120	0	1	1203	
70	122	0	24	441	442	443	444	445	446	447	448	449	450	451	452	453	454	455	456	457	458	459	460	461	462	463	464	
71	123	0	1	614	
72	125	0	24	746	747	748	749	750	751	752	753	754	755	756	757	758	759	760	761	762	763	764	765	766	767	768	769	
73	128	0	1	1342	
74	129	0	1	492	
75	130	0	21	52	53	54	55	56	57	58	59	60	61	62	63	64	65	66	67	68	69	70	71	72	
76	133	0	1	1329	
77	134	0	15	251	252	253	254	255	256	257	258	259	260	261	262	263	264	265	
78	135	0	3	489	490	491	
79	136	0	1	719	
80	137	0	3	1282	1283	1284	
81	145	0	1	690	
82	149	0	1	951	
83	151	0	3	37	38	39	
84	155	0	24	200	201	202	203	204	205	206	207	208	209	210	211	212	213	214	215	216	217	218	219	220	221	222	223	
85	156	0	15	1263	1264	1265	1266	1267	1268	1269	1270	1271	1272	1273	1274	1275	1276	1277	
86	157	0	15	13	14	15	16	17	18	19	20	21	22	23	24	25	26	27	
87	159	0	21	93	94	95	96	97	98	99	100	101	102	103	104	105	106	107	108	109	110	111	112	113	
88	160	0	1	1124	
89	161	0	18	665	666	667	668	669	670	671	672	673	674	675	676	677	678	679	680	681	682	
90	164	0	1	1155	
91	166	0	1	887	
92	169	0	15	1061	1062	1063	1064	1065	1066	1067	1068	1069	1070	1071	1072	1073	1074	1075	
93	172	0	1	888	
94	173	0	15	74	75	76	77	78	79	80	81	82	83	84	85	86	87	88	
95	176	0	24	628	629	630	631	632	633	634	635	636	637	638	639	640	641	642	643	644	645	646	647	648	649	650	651	
96	177	0	1	627	
97	179	0	21	93	94	95	96	97	98	99	100	101	102	103	104	105	106	107	108	109	110	111	112	113	
98	183	0	1	1164	
99	186	0	3	542	543	544	
100	187	0	21	466	467	468	469	470	471	472	473	474	475	476	477	478	479	480	481	482	483	484	485	486	
101	188	0	9	366	367	368	369	370	371	372	373	374	
102	189	0	21	986	987	988	989	990	991	992	993	994	995	996	997	998	999	1000	1001	1002	1003	1004	1005	1006	
103	191	0	15	868	869	870	871	872	873	874	875	876	877	878	879	880	881	882	
104	193	0	12	286	287	288	289	290	291	292	293	294	295	296	297	
105	194	0	3	973	974	975	
106	196	0	15	868	869	870	871	872	873	874	875	876	877	878	879	880	881	882	
107	198	0	21	332	333	334	335	336	337	338	339	340	341	342	343	344	345	346	347	348	349	350	351	352	
108	199	0	15	251	252	253	254	255	256	257	258	259	260	261	262	263	264	265	
109	201	0	21	52	53	54	55	56	57	58	59	60	61	62	63	64	65	66	67	68	69	70	71	72	
110	206	0	15	1108	1109	1110	1111	1112	1113	1114	1115	1116	1117	1118	1119	1120	1121	1122	
111	207	0	15	902	903	904	905	906	907	908	909	910	911	912	913	914	915	916	
112	209	0	1	1374	
113	211	0	15	849	850	851	852	853	854	855	856	857	858	859	860	861	862	863	
114	212	0	24	417	418	419	420	421	422	423	424	425	426	427	428	429	430	431	432	433	434	435	436	437	438	439	440	
115	214	0	15	74	75	76	77	78	79	80	81	82	83	84	85	86	87	88	
116	216	0	24	1346	1347	1348	1349	1350	1351	1352	1353	1354	1355	1356	1357	1358	1359	1360	1361	1362	1363	1364	1365	1366	1367	1368	1369	
117	218	0	1	701	
118	220	0	1	1180	
119	221	0	1	864	
120	224	0	12	1015	1016	1017	1018	1019	1020	1021	1022	1023	1024	1025	1026	
121	226	0	24	200	201	202	203	204	205	206	207	208	209	210	211	212	213	214	215	216	217	218	219	220	221	222	223	
122	229	0	21	229	230	231	232	233	234	235	236	237	238	239	240	241	242	243	244	245	246	247	248	249	
123	230	0	21	93	94	95	96	97	98	99	100	101	102	103	104	105	106	107	108	109	110	111	112	113	
124	232	0	1	114	
125	235	0	1	1013	
126	237	0	1	1060	
127	240	0	24	1346	1347	1348	1349	1350	1351	1352	1353	1354	1355	1356	1357	1358	1359	1360	1361	1362	1363	1364	1365	1366	1367	1368	1369	
128	241	0	1	1375	
129	244	0	3	836	837	838	
130	245	0	7	495	496	497	498	499	500	501	
131	247	0	7	2	3	4	5	6	7	8	
132	248	0	1	41	
133	249	0	1	390	
134	251	0	1	1049	
135	253	0	21	1181	1182	1183	1184	1185	1186	1187	1188	1189	1190	1191	1192	1193	1194	1195	1196	1197	1198	1199	1200	1201	
136	257	0	1	520	
137	258	0	24	200	201	202	203	204	205	206	207	208	209	210	211	212	213	214	215	216	217	218	219	220	221	222	223	
138	260	0	1	299	
139	261	0	1	173	
140	262	0	15	503	504	505	506	507	508	509	510	511	512	513	514	515	516	517	
141	263	0	12	1093	1094	1095	1096	1097	1098	1099	1100	1101	1102	1103	1104	
142	266	0	7	944	945	946	947	948	949	950	
143	268	0	1	0	
144	269	0	1	465	
145	271	0	15	849	850	851	852	853	854	855	856	857	858	859	860	861	862	863	
146	276	0	12	1167	1168	1169	1170	1171	1172	1173	1174	1175	1176	1177	1178	
147	278	0	21	304	305	306	307	308	309	310	311	312	313	314	315	316	317	318	319	320	321	322	323	324	
148	279	0	1	652	
149	280	0	15	13	14	15	16	17	18	19	20	21	22	23	24	25	26	27	
150	281	0	1	540	
151	282	0	1	92	
152	283	0	1	1127	
153	285	0	1	269	
154	286	0	15	251	252	253	254	255	256	257	258	259	260	261	262	263	264	265	
155	287	0	3	705	706	707	
156	290	0	1	488	
157	291	0	1	1010	
158	295	0	1	1202	
159	297	0	24	582	583	584	585	586	587	588	589	590	591	592	593	594	595	596	597	598	599	600	601	602	603	604	605	
160	299	0	1	9	
161	301	0	1	704	
162	304	0	7	693	694	695	696	697	698	699	
163	305	0	1	1125	
164	307	0	1	937	
165	312	0	7	270	271	272	273	274	275	276	
166	315	0	1	1011	
167	316	0	1	692	
168	317	0	1	1131	
169	318	0	21	1181	1182	1183	1184	1185	1186	1187	1188	1189	1190	1191	1192	1193	1194	1195	1196	1197	1198	1199	1200	1201	
170	320	0	21	466	467	468	469	470	471	472	473	474	475	476	477	478	479	480	481	482	483	484	485	486	
171	322	0	21	304	305	306	307	308	309	310	311	312	313	314	315	316	317	318	319	320	321	322	323	324	
172	323	0	3	683	684	685	
173	326	0	1	89	
174	327	0	1	526	
175	328	0	1	1243	
176	330	0	1	1009	
177	331	0	12	545	546	547	548	549	550	551	552	553	554	555	556	
178	332	0	3	884	885	886	
179	337	0	12	545	546	547	548	549	550	551	552	553	554	555	556	
180	338	0	24	1346	1347	1348	1349	1350	1351	1352	1353	1354	1355	1356	1357	1358	1359	1360	1361	1362	1363	1364	1365	1366	1367	1368	1369	
181	339	0	24	1215	1216	1217	1218	1219	1220	1221	1222	1223	1224	1225	1226	1227	1228	1229	1230	1231	1232	1233	1234	1235	1236	1237	1238	
182	340	0	21	115	116	117	118	119	120	121	122	123	124	125	126	127	128	129	130	131	132	133	134	135	
183	341	0	1	942	
184	342	0	24	782	783	784	785	786	787	788	789	790	791	792	793	794	795	796	797	798	799	800	801	802	803	804	805	
185	343	0	1	197	
186	345	0	1	918	
187	347	0	12	1250	1251	1252	1253	1254	1255	1256	1257	1258	1259	1260	1261	
188	349	0	1	1058	
189	350	0	9	653	654	655	656	657	658	659	660	661	
190	352	0	1	960	
191	354	0	1	1214	
192	356	0	12	615	616	617	618	619	620	621	622	623	624	625	626	
193	358	0	12	528	529	530	531	532	533	534	535	536	537	538	539	
194	360	0	3	1128	1129	1130	
195	361	0	7	574	575	576	577	578	579	580	
196	362	0	24	1215	1216	1217	1218	1219	1220	1221	1222	1223	1224	1225	1226	1227	1228	1229	1230	1231	1232	1233	1234	1235	1236	1237	1238	
197	364	0	1	559	
198	366	0	15	503	504	505	506	507	508	509	510	511	512	513	514	515	516	517	
199	368	0	21	115	116	117	118	119	120	121	122	123	124	125	126	127	128	129	130	131	132	133	134	135	
200	369	0	9	772	773	774	775	776	777	778	779	780	
201	371	0	24	721	722	723	724	725	726	727	728	729	730	731	732	733	734	735	736	737	738	739	740	741	742	743	744	
202	373	0	1	1345	
203	375	0	1	839	
204	376	0	1	387	
205	377	0	1	226	
206	378	0	1	502	
207	379	0	24	628	629	630	631	632	633	634	635	636	637	638	639	640	641	642	643	644	645	646	647	648	649	650	651	
208	380	0	24	782	783	784	785	786	787	788	789	790	791	792	793	794	795	796	797	798	799	800	801	802	803	804	805	
209	381	0	1	708	
210	382	0	24	582	583	584	585	586	587	588	589	590	591	592	593	594	595	596	597	598	599	600	601	602	603	604	605	
211	384	0	1	518	
212	386	0	21	229	230	231	232	233	234	235	236	237	238	239	240	241	242	243	244	245	246	247	248	249	
213	387	0	1	1007	
214	388	0	1	1262	
215	389	0	24	417	418	419	420	421	422	423	424	425	426	427	428	429	430	431	432	433	434	435	436	437	438	439	440	
216	390	0	1	703	
217	391	0	1	1154	
218	393	0	24	721	722	723	724	725	726	727	728	729	730	731	732	733	734	735	736	737	738	739	740	741	742	743	744	
219	398	0	1	581	
220	399	0	24	441	442	443	444	445	446	447	448	449	450	451	452	453	454	455	456	457	458	459	460	461	462	463	464	
221	400	0	21	986	987	988	989	990	991	992	993	994	995	996	997	998	999	1000	1001	1002	1003	1004	1005	1006	
222	403	0	24	391	392	393	394	395	396	397	398	399	400	401	402	403	404	405	406	407	408	409	410	411	412	413	414	
223	404	0	15	868	869	870	871	872	873	874	875	876	877	878	879	880	881	882	
224	405	0	24	417	418	419	420	421	422	423	424	425	426	427	428	429	430	431	432	433	434	435	436	437	438	439	440	
225	406	0	24	200	201	202	203	204	205	206	207	208	209	210	211	212	213	214	215	216	217	218	219	220	221	222	223	
226	407	0	1	285	
227	408	0	21	1027	1028	1029	1030	1031	1032	1033	1034	1035	1036	1037	1038	1039	1040	1041	1042	1043	1044	1045	1046	1047	
228	409	0	1	519	
229	412	0	1	487	
230	414	0	15	1310	1311	1312	1313	1314	1315	1316	1317	1318	1319	1320	1321	1322	1323	1324	
231	418	0	1	938	
232	420	0	18	665	666	667	668	669	670	671	672	673	674	675	676	677	678	679	680	681	682	
233	421	0	9	28	29	30	31	32	33	34	35	36	
234	422	0	7	1136	1137	1138	1139	1140	1141	1142	
235	425	0	15	13	14	15	16	17	18	19	20	21	22	23	24	25	26	27	
236	428	0	1	1152	
237	430	0	7	380	381	382	383	384	385	386	
238	431	0	1	891	
239	432	0	1	224	
240	434	0	1	73	
241	436	0	1	1373	
242	439	0	7	920	921	922	923	924	925	926	
243	440	0	21	986	987	988	989	990	991	992	993	994	995	996	997	998	999	1000	1001	1002	1003	1004	1005	1006	
244	445	0	1	558	
245	446	0	1	1078	
246	447	0	24	441	442	443	444	445	446	447	448	449	450	451	452	453	454	455	456	457	458	459	460	461	462	463	464	
247	448	0	1	943	
248	449	0	9	928	929	930	931	932	933	934	935	936	
249	450	0	15	1108	1109	1110	1111	1112	1113	1114	1115	1116	1117	1118	1119	1120	1121	1122	
250	452	0	1	883	
251	457	0	1	557	
252	458	0	21	150	151	152	153	154	155	156	157	158	159	160	161	162	163	164	165	166	167	168	169	170	
253	459	0	21	304	305	306	307	308	309	310	311	312	313	314	315	316	317	318	319	320	321	322	323	324	
254	460	0	1	1244	
255	462	0	1	689	
256	464	0	15	503	504	505	506	507	508	509	510	511	512	513	514	515	516	517	
257	467	0	1	199	
258	468	0	1	1050	
259	471	0	1	889	
260	472	0	1	1059	
261	474	0	1	1325	
262	475	0	15	806	807	808	809	810	811	812	813	814	815	816	817	818	819	820	
263	476	0	24	1215	1216	1217	1218	1219	1220	1221	1222	1223	1224	1225	1226	1227	1228	1229	1230	1231	1232	1233	1234	1235	1236	1237	1238	
264	479	0	1	865	
265	480	0	15	1061	1062	1063	1064	1065	1066	1067	1068	1069	1070	1071	1072	1073	1074	1075	
266	481	0	7	607	608	609	610	611	612	613	
267	482	0	1	781	
268	484	0	12	961	962	963	964	965	966	967	968	969	970	971	972	
269	485	0	1	939	
270	486	0	1	228	
271	487	0	1	379	
272	488	0	1	570	
273	490	0	1	1079	
274	491	0	1	1107	
275	493	0	1	700	
276	496	0	3	983	984	985	
277	498	0	1	573	
278	503	0	7	143	144	145	146	147	148	149	
279	504	0	1	1343	
280	506	0	21	52	53	54	55	56	57	58	59	60	61	62	63	64	65	66	67	68	69	70	71	72	
281	507	0	9	928	929	930	931	932	933	934	935	936	
282	508	0	7	45	46	47	48	49	50	51	
283	509	0	3	1279	1280	1281	
284	513	0	1	572	
285	514	0	12	353	354	355	356	357	358	359	360	361	362	363	364	
286	517	0	24	628	629	630	631	632	633	634	635	636	637	638	639	640	641	642	643	644	645	646	647	648	649	650	651	
287	518	0	1	866	
288	520	0	7	136	137	138	139	140	141	142	
289	521	0	15	1061	1062	1063	1064	1065	1066	1067	1068	1069	1070	1071	1072	1073	1074	1075	
290	524	0	24	1346	1347	1348	1349	1350	1351	1352	1353	1354	1355	1356	1357	1358	1359	1360	1361	1362	1363	1364	1365	1366	1367	1368	1369	
291	526	0	9	28	29	30	31	32	33	34	35	36	
292	527	0	1	1372	
293	530	0	12	1080	1081	1082	1083	1084	1085	1086	1087	1088	1089	1090	1091	
294	531	0	1	686	
295	533	0	1	300	
296	534	0	3	1239	1240	1241	
297	537	0	21	466	467	468	469	470	471	472	473	474	475	476	477	478	479	480	481	482	483	484	485	486	
298	538	0	18	665	666	667	668	669	670	671	672	673	674	675	676	677	678	679	680	681	682	
299	539	0	1	541	
300	541	0	21	332	333	334	335	336	337	338	339	340	341	342	343	344	345	346	347	348	349	350	351	352	
301	542	0	1	771	
302	543	0	21	115	116	117	118	119	120	121	122	123	124	125	126	127	128	129	130	131	132	133	134	135	
303	545	0	1	43	
304	547	0	7	1335	1336	1337	1338	1339	1340	1341	
305	549	0	1	663	
306	550	0	9	561	562	563	564	565	566	567	568	569	
307	554	0	1	1278	
308	555	0	1	940	
309	558	0	9	772	773	774	775	776	777	778	779	780	
310	560	0	1	378	
311	562	0	9	561	562	563	564	565	566	567	568	569	
312	564	0	1	1014	
313	565	0	15	1263	1264	1265	1266	1267	1268	1269	1270	1271	1272	1273	1274	1275	1276	1277	
314	566	0	1	662	
315	572	0	21	332	333	334	335	336	337	338	339	340	341	342	343	344	345	346	347	348	349	350	351	352	
316	573	0	1	1106	
317	574	0	15	902	903	904	905	906	907	908	909	910	911	912	913	914	915	916	
318	575	0	7	182	183	184	185	186	187	188	
319	579	0	24	391	392	393	394	395	396	397	398	399	400	401	402	403	404	405	406	407	408	409	410	411	412	413	414	
320	580	0	9	653	654	655	656	657	658	659	660	661	
321	581	0	1	91	
322	582	0	1	388	
323	583	0	1	1166	
324	587	0	12	1167	1168	1169	1170	1171	1172	1173	1174	1175	1176	1177	1178	
325	589	0	24	721	722	723	724	725	726	727	728	729	730	731	732	733	734	735	736	737	738	739	740	741	742	743	744	
326	590	0	1	847	
327	591	0	15	806	807	808	809	810	811	812	813	814	815	816	817	818	819	820	
328	592	0	1	1179	
329	593	0	24	746	747	748	749	750	751	752	753	754	755	756	757	758	759	760	761	762	763	764	765	766	767	768	769	
330	595	0	12	961	962	963	964	965	966	967	968	969	970	971	972	
331	600	0	12	1015	1016	1017	1018	1019	1020	1021	1022	1023	1024	1025	1026	
332	603	0	3	266	267	268	
333	605	0	12	1093	1094	1095	1096	1097	1098	1099	1100	1101	1102	1103	1104	
334	606	0	1	1076	
335	608	0	1	40	
336	609	0	24	782	783	784	785	786	787	788	789	790	791	792	793	794	795	796	797	798	799	800	801	802	803	804	805	
337	610	0	21	150	151	152	153	154	155	156	157	158	159	160	161	162	163	164	165	166	167	168	169	170	
338	612	0	1	917	
339	613	0	24	1285	1286	1287	1288	1289	1290	1291	1292	1293	1294	1295	1296	1297	1298	1299	1300	1301	1302	1303	1304	1305	1306	1307	1308	
340	614	0	1	770	
341	615	0	1	687	
342	618	0	1	277	
343	620	0	1	250	
344	621	0	3	1133	1134	1135	
345	623	0	1	1048	
346	624	0	12	353	354	355	356	357	358	359	360	361	362	363	364	
347	625	0	21	115	116	117	118	119	120	121	122	123	124	125	126	127	128	129	130	131	132	133	134	135	
348	626	0	1	416	
349	629	0	1	10	
350	630	0	21	1027	1028	1029	1030	1031	1032	1033	1034	1035	1036	1037	1038	1039	1040	1041	1042	1043	1044	1045	1046	1047	
351	634	0	1	1249	
352	635	0	1	1330	
353	636	0	15	1310	1311	1312	1313	1314	1315	1316	1317	1318	1319	1320	1321	1322	1323	1324	
354	639	0	7	189	190	191	192	193	194	195	
355	641	0	15	1263	1264	1265	1266	1267	1268	1269	1270	1271	1272	1273	1274	1275	1276	1277	
356	644	0	12	286	287	288	289	290	291	292	293	294	295	296	297	
357	647	0	1	522	
358	648	0	7	976	977	978	979	980	981	982	
359	650	0	21	1181	1182	1183	1184	1185	1186	1187	1188	1189	1190	1191	1192	1193	1194	1195	1196	1197	1198	1199	1200	1201	
360	652	0	1	527	
361	653	0	1	493	
362	655	0	1	196	
363	656	0	24	441	442	443	444	445	446	447	448	449	450	451	452	453	454	455	456	457	458	459	460	461	462	463	464	
364	659	0	7	325	326	327	328	329	330	331	
365	661	0	1	927	
366	664	0	7	895	896	897	898	899	900	901	
367	665	0	1	1344	
368	666	0	1	1165	
369	668	0	24	417	418	419	420	421	422	423	424	425	426	427	428	429	430	431	432	433	434	435	436	437	438	439	440	
370	671	0	15	806	807	808	809	810	811	812	813	814	815	816	817	818	819	820	
371	673	0	7	828	829	830	831	832	833	834	
372	676	0	21	986	987	988	989	990	991	992	993	994	995	996	997	998	999	1000	1001	1002	1003	1004	1005	1006	
373	678	0	7	278	279	280	281	282	283	284	
374	680	0	21	1027	1028	1029	1030	1031	1032	1033	1034	1035	1036	1037	1038	1039	1040	1041	1042	1043	1044	1045	1046	1047	
375	682	0	15	902	903	904	905	906	907	908	909	910	911	912	913	914	915	916	
376	683	0	21	52	53	54	55	56	57	58	59	60	61	62	63	64	65	66	67	68	69	70	71	72	
377	685	0	3	523	524	525	
378	686	0	1	365	
379	688	0	3	1326	1327	1328	
380	692	0	1	890	
381	693	0	1	415	
382	696	0	21	150	151	152	153	154	155	156	157	158	159	160	161	162	163	164	165	166	167	168	169	170	
383	697	0	1	181	
384	698	0	1	745	
385	699	0	15	849	850	851	852	853	854	855	856	857	858	859	860	861	862	863	
386	700	0	7	712	713	714	715	716	717	718	
387	701	0	7	1145	1146	1147	1148	1149	1150	1151	
388	703	0	24	628	629	630	631	632	633	634	635	636	637	638	639	640	641	642	643	644	645	646	647	648	649	650	651	
389	704	0	1	1077	
390	706	0	1	389	
391	709	0	1	702	
392	710	0	3	841	842	843	
393	712	0	1	688	
394	715	0	7	1051	1052	1053	1054	1055	1056	1057	
395	717	0	21	229	230	231	232	233	234	235	236	237	238	239	240	241	242	243	244	245	246	247	248	249	
396	720	0	1	1126	
397	723	0	1	919	
398	724	0	7	174	175	176	177	178	179	180	
399	725	0	1	1242	
400	726	0	1	560	
401	730	0	1	1008	
402	731	0	1	664	
403	734	0	1	90	
404	735	0	21	229	230	231	232	233	234	235	236	237	238	239	240	241	242	243	244	245	246	247	248	249	
405	737	0	12	528	529	530	531	532	533	534	535	536	537	538	539	
406	738	0	1	172	
407	739	0	7	821	822	823	824	825	826	827	
408	743	0	21	1027	1028	1029	1030	1031	1032	1033	1034	1035	1036	1037	1038	1039	1040	1041	1042	1043	1044	1045	1046	1047	
409	744	0	1	1370	
410	745	0	1	1012	
411	747	0	3	892	893	894	
412	749	0	1	1144	
