472	372	100
0	0	2	11	1	0	
1	1	1	11	1	1	
2	1	1	22	2	1	2	
3	1	1	11	1	2	
4	2	1	11	1	3	
5	3	1	6	1	4	
6	4	1	11	1	5	
7	4	1	22	2	5	6	
8	4	1	33	3	5	6	7	
9	4	1	22	2	5	7	
10	4	1	11	1	6	
11	4	1	22	2	6	7	
12	4	1	11	1	7	
13	5	1	10	1	8	
14	5	1	20	2	8	9	
15	5	1	10	1	9	
16	6	1	5	1	10	
17	6	1	10	2	10	11	
18	6	1	15	3	10	11	12	
19	6	1	5	1	11	
20	6	1	10	2	11	12	
21	6	1	15	3	11	12	13	
22	6	1	5	1	12	
23	6	1	10	2	12	13	
24	6	1	15	3	12	13	14	
25	6	1	5	1	13	
26	6	1	10	2	13	14	
27	6	1	15	3	13	14	15	
28	6	1	5	1	14	
29	6	1	10	2	14	15	
30	6	1	5	1	15	
31	7	2	12	1	16	
32	8	2	11	1	17	
33	9	1	10	1	18	
34	10	2	11	1	19	
35	11	2	6	1	20	
36	12	2	6	1	21	
37	13	1	11	1	22	
38	14	2	6	1	23	
39	15	1	5	1	24	
40	16	1	5	1	25	
41	16	1	10	2	25	26	
42	16	1	5	1	26	
43	17	2	11	1	27	
44	18	1	5	1	28	
45	18	1	10	2	28	29	
46	18	1	15	3	28	29	30	
47	18	1	5	1	29	
48	18	1	10	2	29	30	
49	18	1	15	3	29	30	31	
50	18	1	5	1	30	
51	18	1	10	2	30	31	
52	18	1	15	3	30	31	32	
53	18	1	5	1	31	
54	18	1	10	2	31	32	
55	18	1	15	3	31	32	33	
56	18	1	5	1	32	
57	18	1	10	2	32	33	
58	18	1	15	3	32	33	34	
59	18	1	5	1	33	
60	18	1	10	2	33	34	
61	18	1	5	1	34	
62	19	2	12	1	35	
63	19	2	24	2	35	36	
64	19	2	30	3	35	36	37	
65	19	2	18	2	35	37	
66	19	2	12	1	36	
67	19	2	18	2	36	37	
68	19	2	6	1	37	
69	20	2	11	1	38	
70	20	2	22	2	38	39	
71	20	2	33	3	38	39	40	
72	20	2	11	1	39	
73	20	2	22	2	39	40	
74	20	2	33	3	39	40	41	
75	20	2	11	1	40	
76	20	2	22	2	40	41	
77	20	2	33	3	40	41	42	
78	20	2	11	1	41	
79	20	2	22	2	41	42	
80	20	2	33	3	41	42	43	
81	20	2	11	1	42	
82	20	2	22	2	42	43	
83	20	2	11	1	43	
84	21	2	5	1	44	
85	21	2	20	2	44	45	
86	21	2	30	3	44	45	46	
87	21	2	15	2	44	46	
88	21	2	15	1	45	
89	21	2	25	2	45	46	
90	21	2	10	1	46	
91	22	1	5	1	47	
92	22	1	10	2	47	48	
93	22	1	5	1	48	
94	23	1	5	1	49	
95	24	1	11	1	50	
96	25	2	15	1	51	
97	26	1	12	1	52	
98	26	1	18	2	52	53	
99	26	1	6	1	53	
100	27	1	11	1	54	
101	28	1	11	1	55	
102	28	1	22	2	55	56	
103	28	1	11	1	56	
104	29	1	6	1	57	
105	29	1	12	2	57	58	
106	29	1	18	3	57	58	59	
107	29	1	12	2	57	59	
108	29	1	6	1	58	
109	29	1	12	2	58	59	
110	29	1	6	1	59	
111	30	1	10	1	60	
112	30	1	20	2	60	61	
113	30	1	10	1	61	
114	31	1	11	1	62	
115	32	2	11	1	63	
116	32	2	22	2	63	64	
117	32	2	33	3	63	64	65	
118	32	2	11	1	64	
119	32	2	22	2	64	65	
120	32	2	33	3	64	65	66	
121	32	2	11	1	65	
122	32	2	22	2	65	66	
123	32	2	33	3	65	66	67	
124	32	2	11	1	66	
125	32	2	22	2	66	67	
126	32	2	33	3	66	67	68	
127	32	2	11	1	67	
128	32	2	22	2	67	68	
129	32	2	33	3	67	68	69	
130	32	2	11	1	68	
131	32	2	22	2	68	69	
132	32	2	33	3	68	69	70	
133	32	2	11	1	69	
134	32	2	22	2	69	70	
135	32	2	11	1	70	
136	33	2	5	1	71	
137	34	2	6	1	72	
138	35	2	6	1	73	
139	36	2	6	1	74	
140	37	1	22	1	75	
141	38	1	6	1	76	
142	38	1	12	2	76	77	
143	38	1	18	3	76	77	78	
144	38	1	6	1	77	
145	38	1	12	2	77	78	
146	38	1	18	3	77	78	79	
147	38	1	6	1	78	
148	38	1	12	2	78	79	
149	38	1	18	3	78	79	80	
150	38	1	6	1	79	
151	38	1	12	2	79	80	
152	38	1	6	1	80	
153	39	2	22	1	81	
154	40	2	5	1	82	
155	41	2	11	1	83	
156	42	2	5	1	84	
157	42	2	10	2	84	85	
158	42	2	5	1	85	
159	43	2	5	1	86	
160	43	2	10	2	86	87	
161	43	2	15	3	86	87	88	
162	43	2	5	1	87	
163	43	2	10	2	87	88	
164	43	2	15	3	87	88	89	
165	43	2	5	1	88	
166	43	2	10	2	88	89	
167	43	2	15	3	88	89	90	
168	43	2	5	1	89	
169	43	2	10	2	89	90	
170	43	2	15	3	89	90	91	
171	43	2	5	1	90	
172	43	2	10	2	90	91	
173	43	2	5	1	91	
174	44	1	11	1	92	
175	44	1	22	2	92	93	
176	44	1	44	3	92	93	94	
177	44	1	33	2	92	94	
178	44	1	11	1	93	
179	44	1	33	2	93	94	
180	44	1	22	1	94	
181	45	1	6	1	95	
182	46	1	6	1	96	
183	47	1	11	1	97	
184	48	2	6	1	98	
185	49	1	22	1	99	
186	50	2	12	1	100	
187	51	2	6	1	101	
188	52	2	5	1	102	
189	53	2	6	1	103	
190	54	2	6	1	104	
191	55	1	5	1	105	
192	56	2	6	1	106	
193	56	2	18	2	106	107	
194	56	2	24	3	106	107	108	
195	56	2	12	2	106	108	
196	56	2	12	1	107	
197	56	2	18	2	107	108	
198	56	2	6	1	108	
199	57	2	33	1	109	
200	58	1	5	1	110	
201	59	1	12	1	111	
202	59	1	18	2	111	112	
203	59	1	6	1	112	
204	60	2	6	1	113	
205	60	2	18	2	113	114	
206	60	2	24	3	113	114	115	
207	60	2	12	2	113	115	
208	60	2	12	1	114	
209	60	2	18	2	114	115	
210	60	2	6	1	115	
211	61	1	10	1	116	
212	62	1	6	1	117	
213	62	1	12	2	117	118	
214	62	1	18	3	117	118	119	
215	62	1	6	1	118	
216	62	1	12	2	118	119	
217	62	1	18	3	118	119	120	
218	62	1	6	1	119	
219	62	1	12	2	119	120	
220	62	1	6	1	120	
221	63	2	12	1	121	
222	63	2	24	2	121	122	
223	63	2	12	1	122	
224	64	1	5	1	123	
225	64	1	10	2	123	124	
226	64	1	15	3	123	124	125	
227	64	1	5	1	124	
228	64	1	10	2	124	125	
229	64	1	15	3	124	125	126	
230	64	1	5	1	125	
231	64	1	10	2	125	126	
232	64	1	15	3	125	126	127	
233	64	1	5	1	126	
234	64	1	10	2	126	127	
235	64	1	5	1	127	
236	65	1	11	1	128	
237	66	1	11	1	129	
238	67	2	5	1	130	
239	68	2	11	1	131	
240	68	2	22	2	131	132	
241	68	2	33	3	131	132	133	
242	68	2	22	2	131	133	
243	68	2	11	1	132	
244	68	2	22	2	132	133	
245	68	2	11	1	133	
246	69	1	22	1	134	
247	70	2	11	1	135	
248	70	2	22	2	135	136	
249	70	2	33	3	135	136	137	
250	70	2	11	1	136	
251	70	2	22	2	136	137	
252	70	2	33	3	136	137	138	
253	70	2	11	1	137	
254	70	2	22	2	137	138	
255	70	2	33	3	137	138	139	
256	70	2	11	1	138	
257	70	2	22	2	138	139	
258	70	2	33	3	138	139	140	
259	70	2	11	1	139	
260	70	2	22	2	139	140	
261	70	2	33	3	139	140	141	
262	70	2	11	1	140	
263	70	2	22	2	140	141	
264	70	2	11	1	141	
265	71	2	5	1	142	
266	71	2	10	2	142	143	
267	71	2	5	1	143	
268	72	2	6	1	144	
269	72	2	18	2	144	145	
270	72	2	12	1	145	
271	73	2	6	1	146	
272	74	1	6	1	147	
273	75	2	10	1	148	
274	76	2	10	1	149	
275	77	2	10	1	150	
276	78	2	11	1	151	
277	79	2	6	1	152	
278	80	2	5	1	153	
279	81	2	11	1	154	
280	82	2	10	1	155	
281	83	2	6	1	156	
282	83	2	12	2	156	157	
283	83	2	18	3	156	157	158	
284	83	2	6	1	157	
285	83	2	12	2	157	158	
286	83	2	18	3	157	158	159	
287	83	2	6	1	158	
288	83	2	12	2	158	159	
289	83	2	18	3	158	159	160	
290	83	2	6	1	159	
291	83	2	12	2	159	160	
292	83	2	18	3	159	160	161	
293	83	2	6	1	160	
294	83	2	12	2	160	161	
295	83	2	6	1	161	
296	84	1	10	1	162	
297	85	1	11	1	163	
298	85	1	22	2	163	164	
299	85	1	33	3	163	164	165	
300	85	1	11	1	164	
301	85	1	22	2	164	165	
302	85	1	33	3	164	165	166	
303	85	1	11	1	165	
304	85	1	22	2	165	166	
305	85	1	33	3	165	166	167	
306	85	1	11	1	166	
307	85	1	22	2	166	167	
308	85	1	33	3	166	167	168	
309	85	1	11	1	167	
310	85	1	22	2	167	168	
311	85	1	11	1	168	
312	86	1	5	1	169	
313	87	1	5	1	170	
314	88	2	6	1	171	
315	89	2	12	1	172	
316	90	2	5	1	173	
317	90	2	15	2	173	174	
318	90	2	10	1	174	
319	91	2	5	1	175	
320	92	2	12	1	176	
321	92	2	18	2	176	177	
322	92	2	6	1	177	
323	93	1	5	1	178	
324	93	1	10	2	178	179	
325	93	1	15	3	178	179	180	
326	93	1	5	1	179	
327	93	1	10	2	179	180	
328	93	1	15	3	179	180	181	
329	93	1	5	1	180	
330	93	1	10	2	180	181	
331	93	1	15	3	180	181	182	
332	93	1	5	1	181	
333	93	1	10	2	181	182	
334	93	1	15	3	181	182	183	
335	93	1	5	1	182	
336	93	1	10	2	182	183	
337	93	1	15	3	182	183	184	
338	93	1	5	1	183	
339	93	1	10	2	183	184	
340	93	1	15	3	183	184	185	
341	93	1	5	1	184	
342	93	1	10	2	184	185	
343	93	1	15	3	184	185	186	
344	93	1	5	1	185	
345	93	1	10	2	185	186	
346	93	1	5	1	186	
347	94	1	6	1	187	
348	94	1	12	2	187	188	
349	94	1	6	1	188	
350	95	2	5	1	189	
351	95	2	10	2	189	190	
352	95	2	15	3	189	190	191	
353	95	2	5	1	190	
354	95	2	10	2	190	191	
355	95	2	15	3	190	191	192	
356	95	2	5	1	191	
357	95	2	10	2	191	192	
358	95	2	15	3	191	192	193	
359	95	2	5	1	192	
360	95	2	10	2	192	193	
361	95	2	15	3	192	193	194	
362	95	2	5	1	193	
363	95	2	10	2	193	194	
364	95	2	15	3	193	194	195	
365	95	2	5	1	194	
366	95	2	10	2	194	195	
367	95	2	5	1	195	
368	96	1	6	1	196	
369	97	1	12	1	197	
370	98	2	5	1	198	
371	99	2	5	1	199	
372	0	2	11	1	200
373	1	1	11	1	201
374	2	1	33	2	202	203
375	3	1	6	1	204
376	4	1	22	1	205
377	5	1	15	2	206	207
378	6	1	30	4	208	209	210	211
379	7	2	18	2	212	213
380	8	2	22	2	214	215
381	9	1	10	2	216	217
382	10	2	22	2	218	219
383	11	2	6	1	220
384	12	2	6	1	221
385	13	1	11	1	222
386	14	2	18	2	223	224
387	15	1	5	1	225
388	16	1	5	1	226
389	17	2	33	2	227	228
390	18	1	40	4	229	230	231	232
391	19	2	12	1	233
392	20	2	66	4	234	235	236	237
393	21	2	15	2	238	239
394	22	1	5	1	240
395	23	1	15	2	241	242
396	24	1	11	1	243
397	25	2	15	2	244	245
398	26	1	12	2	246	247
399	27	1	44	2	248	249
400	28	1	22	1	250
401	29	1	18	2	251	252
402	30	1	15	2	253	254
403	31	1	11	1	255
404	32	2	44	3	256	257	258
405	33	2	15	2	259	260
406	34	2	24	2	261	262
407	35	2	12	1	263
408	36	2	12	1	264
409	37	1	33	2	265	266
410	38	1	36	4	267	268	269	270
411	39	2	11	1	271
412	40	2	15	2	272	273
413	41	2	11	1	274
414	42	2	5	1	275
415	43	2	20	3	276	277	278
416	44	1	33	2	279	280
417	45	1	18	2	281	282
418	46	1	12	1	283
419	47	1	11	1	284
420	48	2	6	1	285
421	49	1	44	2	286	287
422	50	2	18	2	288	289
423	51	2	18	2	290	291
424	52	2	5	1	292
425	53	2	12	1	293
426	54	2	6	1	294
427	55	1	10	2	295	296
428	56	2	12	1	297
429	57	2	11	1	298
430	58	1	10	1	299
431	59	1	12	1	300
432	60	2	6	1	301
433	61	1	5	1	302
434	62	1	30	4	303	304	305	306
435	63	2	12	1	307
436	64	1	20	4	308	309	310	311
437	65	1	33	2	312	313
438	66	1	11	1	314
439	67	2	15	2	315	316
440	68	2	22	1	317
441	69	1	33	2	318	319
442	70	2	55	3	320	321	322
443	71	2	5	1	323
444	72	2	6	1	324
445	73	2	24	2	325	326
446	74	1	18	2	327	328
447	75	2	10	1	329
448	76	2	10	1	330
449	77	2	20	2	331	332
450	78	2	33	2	333	334
451	79	2	6	1	335
452	80	2	10	2	336	337
453	81	2	33	2	338	339
454	82	2	5	1	340
455	83	2	24	3	341	342	343
456	84	1	15	2	344	345
457	85	1	55	4	346	347	348	349
458	86	1	5	1	350
459	87	1	15	2	351	352
460	88	2	6	1	353
461	89	2	18	2	354	355
462	90	2	5	1	356
463	91	2	10	1	357
464	92	2	18	2	358	359
465	93	1	35	4	360	361	362	363
466	94	1	18	2	364	365
467	95	2	25	4	366	367	368	369
468	96	1	12	2	370	371
469	97	1	18	2	372	373
470	98	2	10	1	374
471	99	2	15	2	375	376
