641	541	100
0	0	1	11	1	0	
1	1	1	11	1	1	
2	2	1	5	1	2	
3	2	1	15	2	2	3	
4	2	1	20	3	2	3	4	
5	2	1	10	2	2	4	
6	2	1	10	1	3	
7	2	1	15	2	3	4	
8	2	1	5	1	4	
9	3	1	6	1	5	
10	4	1	22	1	6	
11	5	1	11	1	7	
12	6	1	11	1	8	
13	7	2	11	1	9	
14	7	2	22	2	9	10	
15	7	2	33	3	9	10	11	
16	7	2	11	1	10	
17	7	2	22	2	10	11	
18	7	2	33	3	10	11	12	
19	7	2	11	1	11	
20	7	2	22	2	11	12	
21	7	2	33	3	11	12	13	
22	7	2	11	1	12	
23	7	2	22	2	12	13	
24	7	2	33	3	12	13	14	
25	7	2	11	1	13	
26	7	2	22	2	13	14	
27	7	2	11	1	14	
28	8	1	11	1	15	
29	8	1	22	2	15	16	
30	8	1	33	3	15	16	17	
31	8	1	11	1	16	
32	8	1	22	2	16	17	
33	8	1	33	3	16	17	18	
34	8	1	11	1	17	
35	8	1	22	2	17	18	
36	8	1	11	1	18	
37	9	1	22	1	19	
38	9	1	33	2	19	20	
39	9	1	11	1	20	
40	10	2	10	1	21	
41	11	2	22	1	22	
42	12	2	5	1	23	
43	13	2	11	1	24	
44	14	1	5	1	25	
45	15	2	22	1	26	
46	15	2	33	2	26	27	
47	15	2	44	3	26	27	28	
48	15	2	33	2	26	28	
49	15	2	11	1	27	
50	15	2	22	2	27	28	
51	15	2	11	1	28	
52	16	1	6	1	29	
53	16	1	12	2	29	30	
54	16	1	18	3	29	30	31	
55	16	1	6	1	30	
56	16	1	12	2	30	31	
57	16	1	18	3	30	31	32	
58	16	1	6	1	31	
59	16	1	12	2	31	32	
60	16	1	18	3	31	32	33	
61	16	1	6	1	32	
62	16	1	12	2	32	33	
63	16	1	18	3	32	33	34	
64	16	1	6	1	33	
65	16	1	12	2	33	34	
66	16	1	18	3	33	34	35	
67	16	1	6	1	34	
68	16	1	12	2	34	35	
69	16	1	18	3	34	35	36	
70	16	1	6	1	35	
71	16	1	12	2	35	36	
72	16	1	6	1	36	
73	17	2	11	1	37	
74	18	1	5	1	38	
75	18	1	10	2	38	39	
76	18	1	15	3	38	39	40	
77	18	1	5	1	39	
78	18	1	10	2	39	40	
79	18	1	15	3	39	40	41	
80	18	1	5	1	40	
81	18	1	10	2	40	41	
82	18	1	15	3	40	41	42	
83	18	1	5	1	41	
84	18	1	10	2	41	42	
85	18	1	15	3	41	42	43	
86	18	1	5	1	42	
87	18	1	10	2	42	43	
88	18	1	5	1	43	
89	19	2	11	1	44	
90	20	1	11	1	45	
91	21	2	11	1	46	
92	22	2	5	1	47	
93	23	2	6	1	48	
94	23	2	12	2	48	49	
95	23	2	18	3	48	49	50	
96	23	2	6	1	49	
97	23	2	12	2	49	50	
98	23	2	18	3	49	50	51	
99	23	2	6	1	50	
100	23	2	12	2	50	51	
101	23	2	18	3	50	51	52	
102	23	2	6	1	51	
103	23	2	12	2	51	52	
104	23	2	18	3	51	52	53	
105	23	2	6	1	52	
106	23	2	12	2	52	53	
107	23	2	18	3	52	53	54	
108	23	2	6	1	53	
109	23	2	12	2	53	54	
110	23	2	18	3	53	54	55	
111	23	2	6	1	54	
112	23	2	12	2	54	55	
113	23	2	6	1	55	
114	24	1	10	1	56	
115	25	1	6	1	57	
116	25	1	12	2	57	58	
117	25	1	18	3	57	58	59	
118	25	1	6	1	58	
119	25	1	12	2	58	59	
120	25	1	18	3	58	59	60	
121	25	1	6	1	59	
122	25	1	12	2	59	60	
123	25	1	18	3	59	60	61	
124	25	1	6	1	60	
125	25	1	12	2	60	61	
126	25	1	18	3	60	61	62	
127	25	1	6	1	61	
128	25	1	12	2	61	62	
129	25	1	18	3	61	62	63	
130	25	1	6	1	62	
131	25	1	12	2	62	63	
132	25	1	18	3	62	63	64	
133	25	1	6	1	63	
134	25	1	12	2	63	64	
135	25	1	6	1	64	
136	26	2	22	1	65	
137	26	2	33	2	65	66	
138	26	2	55	3	65	66	67	
139	26	2	44	2	65	67	
140	26	2	11	1	66	
141	26	2	33	2	66	67	
142	26	2	22	1	67	
143	27	1	11	1	68	
144	27	1	22	2	68	69	
145	27	1	33	3	68	69	70	
146	27	1	22	2	68	70	
147	27	1	11	1	69	
148	27	1	22	2	69	70	
149	27	1	11	1	70	
150	28	2	5	1	71	
151	28	2	10	2	71	72	
152	28	2	15	3	71	72	73	
153	28	2	5	1	72	
154	28	2	10	2	72	73	
155	28	2	15	3	72	73	74	
156	28	2	5	1	73	
157	28	2	10	2	73	74	
158	28	2	15	3	73	74	75	
159	28	2	5	1	74	
160	28	2	10	2	74	75	
161	28	2	15	3	74	75	76	
162	28	2	5	1	75	
163	28	2	10	2	75	76	
164	28	2	15	3	75	76	77	
165	28	2	5	1	76	
166	28	2	10	2	76	77	
167	28	2	15	3	76	77	78	
168	28	2	5	1	77	
169	28	2	10	2	77	78	
170	28	2	5	1	78	
171	29	1	6	1	79	
172	30	2	12	1	80	
173	31	2	5	1	81	
174	32	2	11	1	82	
175	32	2	33	2	82	83	
176	32	2	66	3	82	83	84	
177	32	2	44	2	82	84	
178	32	2	22	1	83	
179	32	2	55	2	83	84	
180	32	2	33	1	84	
181	33	2	11	1	85	
182	34	1	12	1	86	
183	34	1	18	2	86	87	
184	34	1	24	3	86	87	88	
185	34	1	18	2	86	88	
186	34	1	6	1	87	
187	34	1	12	2	87	88	
188	34	1	6	1	88	
189	35	1	5	1	89	
190	35	1	10	2	89	90	
191	35	1	15	3	89	90	91	
192	35	1	10	2	89	91	
193	35	1	5	1	90	
194	35	1	10	2	90	91	
195	35	1	5	1	91	
196	36	1	11	1	92	
197	37	1	5	1	93	
198	38	1	11	1	94	
199	39	1	6	1	95	
200	40	1	5	1	96	
201	40	1	10	2	96	97	
202	40	1	15	3	96	97	98	
203	40	1	5	1	97	
204	40	1	10	2	97	98	
205	40	1	15	3	97	98	99	
206	40	1	5	1	98	
207	40	1	10	2	98	99	
208	40	1	15	3	98	99	100	
209	40	1	5	1	99	
210	40	1	10	2	99	100	
211	40	1	15	3	99	100	101	
212	40	1	5	1	100	
213	40	1	10	2	100	101	
214	40	1	15	3	100	101	102	
215	40	1	5	1	101	
216	40	1	10	2	101	102	
217	40	1	15	3	101	102	103	
218	40	1	5	1	102	
219	40	1	10	2	102	103	
220	40	1	15	3	102	103	104	
221	40	1	5	1	103	
222	40	1	10	2	103	104	
223	40	1	5	1	104	
224	41	2	12	1	105	
225	42	1	11	1	106	
226	43	1	6	1	107	
227	44	2	6	1	108	
228	45	1	11	1	109	
229	46	1	6	1	110	
230	46	1	12	2	110	111	
231	46	1	18	3	110	111	112	
232	46	1	6	1	111	
233	46	1	12	2	111	112	
234	46	1	18	3	111	112	113	
235	46	1	6	1	112	
236	46	1	12	2	112	113	
237	46	1	18	3	112	113	114	
238	46	1	6	1	113	
239	46	1	12	2	113	114	
240	46	1	18	3	113	114	115	
241	46	1	6	1	114	
242	46	1	12	2	114	115	
243	46	1	18	3	114	115	116	
244	46	1	6	1	115	
245	46	1	12	2	115	116	
246	46	1	18	3	115	116	117	
247	46	1	6	1	116	
248	46	1	12	2	116	117	
249	46	1	6	1	117	
250	47	2	22	1	118	
251	48	1	11	1	119	
252	48	1	22	2	119	120	
253	48	1	33	3	119	120	121	
254	48	1	11	1	120	
255	48	1	22	2	120	121	
256	48	1	33	3	120	121	122	
257	48	1	11	1	121	
258	48	1	22	2	121	122	
259	48	1	33	3	121	122	123	
260	48	1	11	1	122	
261	48	1	22	2	122	123	
262	48	1	33	3	122	123	124	
263	48	1	11	1	123	
264	48	1	22	2	123	124	
265	48	1	11	1	124	
266	49	1	6	1	125	
267	49	1	12	2	125	126	
268	49	1	6	1	126	
269	50	2	12	1	127	
270	51	2	6	1	128	
271	51	2	12	2	128	129	
272	51	2	18	3	128	129	130	
273	51	2	12	2	128	130	
274	51	2	6	1	129	
275	51	2	12	2	129	130	
276	51	2	6	1	130	
277	52	2	6	1	131	
278	53	2	11	1	132	
279	53	2	22	2	132	133	
280	53	2	44	3	132	133	134	
281	53	2	33	2	132	134	
282	53	2	11	1	133	
283	53	2	33	2	133	134	
284	53	2	22	1	134	
285	54	1	11	1	135	
286	55	2	5	1	136	
287	55	2	10	2	136	137	
288	55	2	15	3	136	137	138	
289	55	2	5	1	137	
290	55	2	10	2	137	138	
291	55	2	15	3	137	138	139	
292	55	2	5	1	138	
293	55	2	10	2	138	139	
294	55	2	15	3	138	139	140	
295	55	2	5	1	139	
296	55	2	10	2	139	140	
297	55	2	5	1	140	
298	56	2	11	1	141	
299	57	2	6	1	142	
300	58	1	22	1	143	
301	59	1	5	1	144	
302	59	1	10	2	144	145	
303	59	1	5	1	145	
304	60	2	11	1	146	
305	60	2	22	2	146	147	
306	60	2	33	3	146	147	148	
307	60	2	11	1	147	
308	60	2	22	2	147	148	
309	60	2	33	3	147	148	149	
310	60	2	11	1	148	
311	60	2	22	2	148	149	
312	60	2	33	3	148	149	150	
313	60	2	11	1	149	
314	60	2	22	2	149	150	
315	60	2	33	3	149	150	151	
316	60	2	11	1	150	
317	60	2	22	2	150	151	
318	60	2	33	3	150	151	152	
319	60	2	11	1	151	
320	60	2	22	2	151	152	
321	60	2	33	3	151	152	153	
322	60	2	11	1	152	
323	60	2	22	2	152	153	
324	60	2	11	1	153	
325	61	2	11	1	154	
326	61	2	33	2	154	155	
327	61	2	44	3	154	155	156	
328	61	2	22	2	154	156	
329	61	2	22	1	155	
330	61	2	33	2	155	156	
331	61	2	11	1	156	
332	62	1	6	1	157	
333	62	1	12	2	157	158	
334	62	1	18	3	157	158	159	
335	62	1	6	1	158	
336	62	1	12	2	158	159	
337	62	1	18	3	158	159	160	
338	62	1	6	1	159	
339	62	1	12	2	159	160	
340	62	1	18	3	159	160	161	
341	62	1	6	1	160	
342	62	1	12	2	160	161	
343	62	1	18	3	160	161	162	
344	62	1	6	1	161	
345	62	1	12	2	161	162	
346	62	1	18	3	161	162	163	
347	62	1	6	1	162	
348	62	1	12	2	162	163	
349	62	1	18	3	162	163	164	
350	62	1	6	1	163	
351	62	1	12	2	163	164	
352	62	1	6	1	164	
353	63	2	11	1	165	
354	63	2	22	2	165	166	
355	63	2	33	3	165	166	167	
356	63	2	11	1	166	
357	63	2	22	2	166	167	
358	63	2	33	3	166	167	168	
359	63	2	11	1	167	
360	63	2	22	2	167	168	
361	63	2	33	3	167	168	169	
362	63	2	11	1	168	
363	63	2	22	2	168	169	
364	63	2	11	1	169	
365	64	2	6	1	170	
366	65	2	6	1	171	
367	65	2	12	2	171	172	
368	65	2	18	3	171	172	173	
369	65	2	6	1	172	
370	65	2	12	2	172	173	
371	65	2	18	3	172	173	174	
372	65	2	6	1	173	
373	65	2	12	2	173	174	
374	65	2	6	1	174	
375	66	2	6	1	175	
376	66	2	12	2	175	176	
377	66	2	6	1	176	
378	67	2	12	1	177	
379	68	1	11	1	178	
380	69	2	6	1	179	
381	69	2	12	2	179	180	
382	69	2	18	3	179	180	181	
383	69	2	12	2	179	181	
384	69	2	6	1	180	
385	69	2	12	2	180	181	
386	69	2	6	1	181	
387	70	1	11	1	182	
388	71	2	5	1	183	
389	72	2	12	1	184	
390	73	2	10	1	185	
391	74	2	6	1	186	
392	74	2	12	2	186	187	
393	74	2	18	3	186	187	188	
394	74	2	6	1	187	
395	74	2	12	2	187	188	
396	74	2	18	3	187	188	189	
397	74	2	6	1	188	
398	74	2	12	2	188	189	
399	74	2	18	3	188	189	190	
400	74	2	6	1	189	
401	74	2	12	2	189	190	
402	74	2	18	3	189	190	191	
403	74	2	6	1	190	
404	74	2	12	2	190	191	
405	74	2	18	3	190	191	192	
406	74	2	6	1	191	
407	74	2	12	2	191	192	
408	74	2	18	3	191	192	193	
409	74	2	6	1	192	
410	74	2	12	2	192	193	
411	74	2	18	3	192	193	194	
412	74	2	6	1	193	
413	74	2	12	2	193	194	
414	74	2	6	1	194	
415	75	1	5	1	195	
416	76	2	6	1	196	
417	77	2	6	1	197	
418	77	2	12	2	197	198	
419	77	2	18	3	197	198	199	
420	77	2	6	1	198	
421	77	2	12	2	198	199	
422	77	2	18	3	198	199	200	
423	77	2	6	1	199	
424	77	2	12	2	199	200	
425	77	2	18	3	199	200	201	
426	77	2	6	1	200	
427	77	2	12	2	200	201	
428	77	2	18	3	200	201	202	
429	77	2	6	1	201	
430	77	2	12	2	201	202	
431	77	2	18	3	201	202	203	
432	77	2	6	1	202	
433	77	2	12	2	202	203	
434	77	2	18	3	202	203	204	
435	77	2	6	1	203	
436	77	2	12	2	203	204	
437	77	2	18	3	203	204	205	
438	77	2	6	1	204	
439	77	2	12	2	204	205	
440	77	2	6	1	205	
441	78	1	6	1	206	
442	78	1	12	2	206	207	
443	78	1	18	3	206	207	208	
444	78	1	6	1	207	
445	78	1	12	2	207	208	
446	78	1	18	3	207	208	209	
447	78	1	6	1	208	
448	78	1	12	2	208	209	
449	78	1	18	3	208	209	210	
450	78	1	6	1	209	
451	78	1	12	2	209	210	
452	78	1	18	3	209	210	211	
453	78	1	6	1	210	
454	78	1	12	2	210	211	
455	78	1	18	3	210	211	212	
456	78	1	6	1	211	
457	78	1	12	2	211	212	
458	78	1	18	3	211	212	213	
459	78	1	6	1	212	
460	78	1	12	2	212	213	
461	78	1	18	3	212	213	214	
462	78	1	6	1	213	
463	78	1	12	2	213	214	
464	78	1	6	1	214	
465	79	1	5	1	215	
466	80	2	11	1	216	
467	80	2	22	2	216	217	
468	80	2	33	3	216	217	218	
469	80	2	11	1	217	
470	80	2	22	2	217	218	
471	80	2	33	3	217	218	219	
472	80	2	11	1	218	
473	80	2	22	2	218	219	
474	80	2	33	3	218	219	220	
475	80	2	11	1	219	
476	80	2	22	2	219	220	
477	80	2	33	3	219	220	221	
478	80	2	11	1	220	
479	80	2	22	2	220	221	
480	80	2	33	3	220	221	222	
481	80	2	11	1	221	
482	80	2	22	2	221	222	
483	80	2	33	3	221	222	223	
484	80	2	11	1	222	
485	80	2	22	2	222	223	
486	80	2	11	1	223	
487	81	1	5	1	224	
488	82	2	11	1	225	
489	83	2	5	1	226	
490	83	2	10	2	226	227	
491	83	2	5	1	227	
492	84	1	11	1	228	
493	85	1	11	1	229	
494	86	2	11	1	230	
495	87	2	6	1	231	
496	87	2	12	2	231	232	
497	87	2	18	3	231	232	233	
498	87	2	12	2	231	233	
499	87	2	6	1	232	
500	87	2	12	2	232	233	
501	87	2	6	1	233	
502	88	2	12	1	234	
503	89	2	6	1	235	
504	89	2	12	2	235	236	
505	89	2	18	3	235	236	237	
506	89	2	6	1	236	
507	89	2	12	2	236	237	
508	89	2	18	3	236	237	238	
509	89	2	6	1	237	
510	89	2	12	2	237	238	
511	89	2	18	3	237	238	239	
512	89	2	6	1	238	
513	89	2	12	2	238	239	
514	89	2	18	3	238	239	240	
515	89	2	6	1	239	
516	89	2	12	2	239	240	
517	89	2	6	1	240	
518	90	2	11	1	241	
519	91	1	5	1	242	
520	92	1	10	1	243	
521	93	2	11	1	244	
522	94	1	22	1	245	
523	95	2	11	1	246	
524	95	2	22	2	246	247	
525	95	2	11	1	247	
526	96	2	5	1	248	
527	97	2	10	1	249	
528	98	1	6	1	250	
529	98	1	12	2	250	251	
530	98	1	18	3	250	251	252	
531	98	1	6	1	251	
532	98	1	12	2	251	252	
533	98	1	18	3	251	252	253	
534	98	1	6	1	252	
535	98	1	12	2	252	253	
536	98	1	18	3	252	253	254	
537	98	1	6	1	253	
538	98	1	12	2	253	254	
539	98	1	6	1	254	
540	99	1	5	1	255	
541	0	1	33	2	256	257
542	1	1	11	1	258
543	2	1	5	1	259
544	3	1	24	2	260	261
545	4	1	11	1	262
546	5	1	11	1	263
547	6	1	11	1	264
548	7	2	44	3	265	266	267
549	8	1	44	3	268	269	270
550	9	1	22	1	271
551	10	2	20	2	272	273
552	11	2	22	1	274
553	12	2	10	2	275	276
554	13	2	11	1	277
555	14	1	10	2	278	279
556	15	2	11	1	280
557	16	1	36	3	281	282	283
558	17	2	33	2	284	285
559	18	1	25	4	286	287	288	289
560	19	2	11	1	290
561	20	1	33	2	291	292
562	21	2	11	1	293
563	22	2	20	2	294	295
564	23	2	36	4	296	297	298	299
565	24	1	10	1	300
566	25	1	36	4	301	302	303	304
567	26	2	22	2	305	306
568	27	1	22	2	307	308
569	28	2	40	4	309	310	311	312
570	29	1	18	2	313	314
571	30	2	12	1	315
572	31	2	20	2	316	317
573	32	2	11	1	318
574	33	2	33	2	319	320
575	34	1	12	1	321
576	35	1	10	1	322
577	36	1	22	1	323
578	37	1	5	1	324
579	38	1	11	1	325
580	39	1	6	1	326
581	40	1	30	4	327	328	329	330
582	41	2	18	2	331	332
583	42	1	11	1	333
584	43	1	6	1	334
585	44	2	12	2	335	336
586	45	1	11	1	337
587	46	1	24	4	338	339	340	341
588	47	2	44	2	342	343
589	48	1	44	3	344	345	346
590	49	1	6	1	347
591	50	2	18	2	348	349
592	51	2	12	1	350
593	52	2	12	2	351	352
594	53	2	33	2	353	354
595	54	1	22	2	355	356
596	55	2	20	3	357	358	359
597	56	2	33	2	360	361
598	57	2	6	1	362
599	58	1	22	1	363
600	59	1	10	1	364
601	60	2	44	3	365	366	367
602	61	2	11	1	368
603	62	1	24	3	369	370	371
604	63	2	55	4	372	373	374	375
605	64	2	6	1	376
606	65	2	30	3	377	378	379
607	66	2	12	2	380	381
608	67	2	24	2	382	383
609	68	1	11	1	384
610	69	2	6	1	385
611	70	1	44	2	386	387
612	71	2	15	2	388	389
613	72	2	18	2	390	391
614	73	2	10	2	392	393
615	74	2	18	3	394	395	396
616	75	1	5	1	397
617	76	2	12	1	398
618	77	2	36	3	399	400	401
619	78	1	30	4	402	403	404	405
620	79	1	10	1	406
621	80	2	55	3	407	408	409
622	81	1	15	2	410	411
623	82	2	11	1	412
624	83	2	15	2	413	414
625	84	1	33	2	415	416
626	85	1	22	1	417
627	86	2	44	2	418	419
628	87	2	18	2	420	421
629	88	2	18	2	422	423
630	89	2	30	3	424	425	426
631	90	2	33	2	427	428
632	91	1	15	2	429	430
633	92	1	20	2	431	432
634	93	2	22	1	433
635	94	1	22	1	434
636	95	2	44	2	435	436
637	96	2	10	2	437	438
638	97	2	10	2	439	440
639	98	1	36	4	441	442	443	444
640	99	1	20	2	445	446
