439	339	100
0	0	2	11	1	0	
1	0	2	22	2	0	1	
2	0	2	33	3	0	1	2	
3	0	2	22	2	0	2	
4	0	2	11	1	1	
5	0	2	22	2	1	2	
6	0	2	11	1	2	
7	1	1	6	1	3	
8	1	1	12	2	3	4	
9	1	1	18	3	3	4	5	
10	1	1	6	1	4	
11	1	1	12	2	4	5	
12	1	1	18	3	4	5	6	
13	1	1	6	1	5	
14	1	1	12	2	5	6	
15	1	1	6	1	6	
16	2	1	5	1	7	
17	2	1	10	2	7	8	
18	2	1	15	3	7	8	9	
19	2	1	10	2	7	9	
20	2	1	5	1	8	
21	2	1	10	2	8	9	
22	2	1	5	1	9	
23	3	2	11	1	10	
24	4	1	5	1	11	
25	5	1	11	1	12	
26	6	2	22	1	13	
27	6	2	44	2	13	14	
28	6	2	55	3	13	14	15	
29	6	2	33	2	13	15	
30	6	2	22	1	14	
31	6	2	33	2	14	15	
32	6	2	11	1	15	
33	7	2	6	1	16	
34	8	1	5	1	17	
35	9	1	22	1	18	
36	10	2	15	1	19	
37	11	2	15	1	20	
38	12	1	12	1	21	
39	13	1	10	1	22	
40	14	2	5	1	23	
41	15	1	6	1	24	
42	16	1	11	1	25	
43	17	2	5	1	26	
44	18	2	6	1	27	
45	18	2	12	2	27	28	
46	18	2	18	3	27	28	29	
47	18	2	6	1	28	
48	18	2	12	2	28	29	
49	18	2	18	3	28	29	30	
50	18	2	6	1	29	
51	18	2	12	2	29	30	
52	18	2	18	3	29	30	31	
53	18	2	6	1	30	
54	18	2	12	2	30	31	
55	18	2	18	3	30	31	32	
56	18	2	6	1	31	
57	18	2	12	2	31	32	
58	18	2	18	3	31	32	33	
59	18	2	6	1	32	
60	18	2	12	2	32	33	
61	18	2	18	3	32	33	34	
62	18	2	6	1	33	
63	18	2	12	2	33	34	
64	18	2	18	3	33	34	35	
65	18	2	6	1	34	
66	18	2	12	2	34	35	
67	18	2	6	1	35	
68	19	2	5	1	36	
69	19	2	10	2	36	37	
70	19	2	15	3	36	37	38	
71	19	2	10	2	36	38	
72	19	2	5	1	37	
73	19	2	10	2	37	38	
74	19	2	5	1	38	
75	20	1	5	1	39	
76	21	2	11	1	40	
77	22	1	6	1	41	
78	23	1	6	1	42	
79	24	1	6	1	43	
80	25	1	6	1	44	
81	26	2	5	1	45	
82	27	1	12	1	46	
83	27	1	18	2	46	47	
84	27	1	24	3	46	47	48	
85	27	1	18	2	46	48	
86	27	1	6	1	47	
87	27	1	12	2	47	48	
88	27	1	6	1	48	
89	28	1	6	1	49	
90	28	1	12	2	49	50	
91	28	1	6	1	50	
92	29	1	11	1	51	
93	30	2	6	1	52	
94	31	1	5	1	53	
95	32	2	6	1	54	
96	33	2	5	1	55	
97	33	2	10	2	55	56	
98	33	2	5	1	56	
99	34	1	22	1	57	
100	35	1	11	1	58	
101	35	1	22	2	58	59	
102	35	1	33	3	58	59	60	
103	35	1	11	1	59	
104	35	1	22	2	59	60	
105	35	1	33	3	59	60	61	
106	35	1	11	1	60	
107	35	1	22	2	60	61	
108	35	1	33	3	60	61	62	
109	35	1	11	1	61	
110	35	1	22	2	61	62	
111	35	1	33	3	61	62	63	
112	35	1	11	1	62	
113	35	1	22	2	62	63	
114	35	1	33	3	62	63	64	
115	35	1	11	1	63	
116	35	1	22	2	63	64	
117	35	1	11	1	64	
118	36	1	12	1	65	
119	36	1	18	2	65	66	
120	36	1	30	3	65	66	67	
121	36	1	24	2	65	67	
122	36	1	6	1	66	
123	36	1	18	2	66	67	
124	36	1	12	1	67	
125	37	1	12	1	68	
126	38	1	5	1	69	
127	38	1	10	2	69	70	
128	38	1	15	3	69	70	71	
129	38	1	5	1	70	
130	38	1	10	2	70	71	
131	38	1	15	3	70	71	72	
132	38	1	5	1	71	
133	38	1	10	2	71	72	
134	38	1	15	3	71	72	73	
135	38	1	5	1	72	
136	38	1	10	2	72	73	
137	38	1	15	3	72	73	74	
138	38	1	5	1	73	
139	38	1	10	2	73	74	
140	38	1	5	1	74	
141	39	1	6	1	75	
142	40	2	6	1	76	
143	41	1	6	1	77	
144	41	1	12	2	77	78	
145	41	1	18	3	77	78	79	
146	41	1	12	2	77	79	
147	41	1	6	1	78	
148	41	1	12	2	78	79	
149	41	1	6	1	79	
150	42	2	6	1	80	
151	43	1	5	1	81	
152	43	1	10	2	81	82	
153	43	1	5	1	82	
154	44	1	11	1	83	
155	44	1	22	2	83	84	
156	44	1	11	1	84	
157	45	2	5	1	85	
158	45	2	10	2	85	86	
159	45	2	5	1	86	
160	46	1	11	1	87	
161	47	1	12	1	88	
162	48	1	6	1	89	
163	49	2	11	1	90	
164	49	2	22	2	90	91	
165	49	2	11	1	91	
166	50	2	5	1	92	
167	51	1	11	1	93	
168	52	1	5	1	94	
169	53	1	22	1	95	
170	53	1	33	2	95	96	
171	53	1	44	3	95	96	97	
172	53	1	33	2	95	97	
173	53	1	11	1	96	
174	53	1	22	2	96	97	
175	53	1	11	1	97	
176	54	2	12	1	98	
177	54	2	18	2	98	99	
178	54	2	6	1	99	
179	55	1	11	1	100	
180	55	1	22	2	100	101	
181	55	1	33	3	100	101	102	
182	55	1	11	1	101	
183	55	1	22	2	101	102	
184	55	1	33	3	101	102	103	
185	55	1	11	1	102	
186	55	1	22	2	102	103	
187	55	1	33	3	102	103	104	
188	55	1	11	1	103	
189	55	1	22	2	103	104	
190	55	1	11	1	104	
191	56	2	5	1	105	
192	57	1	6	1	106	
193	57	1	12	2	106	107	
194	57	1	6	1	107	
195	58	1	11	1	108	
196	58	1	22	2	108	109	
197	58	1	33	3	108	109	110	
198	58	1	11	1	109	
199	58	1	22	2	109	110	
200	58	1	33	3	109	110	111	
201	58	1	11	1	110	
202	58	1	22	2	110	111	
203	58	1	33	3	110	111	112	
204	58	1	11	1	111	
205	58	1	22	2	111	112	
206	58	1	11	1	112	
207	59	1	11	1	113	
208	59	1	22	2	113	114	
209	59	1	33	3	113	114	115	
210	59	1	11	1	114	
211	59	1	22	2	114	115	
212	59	1	33	3	114	115	116	
213	59	1	11	1	115	
214	59	1	22	2	115	116	
215	59	1	33	3	115	116	117	
216	59	1	11	1	116	
217	59	1	22	2	116	117	
218	59	1	33	3	116	117	118	
219	59	1	11	1	117	
220	59	1	22	2	117	118	
221	59	1	33	3	117	118	119	
222	59	1	11	1	118	
223	59	1	22	2	118	119	
224	59	1	33	3	118	119	120	
225	59	1	11	1	119	
226	59	1	22	2	119	120	
227	59	1	33	3	119	120	121	
228	59	1	11	1	120	
229	59	1	22	2	120	121	
230	59	1	11	1	121	
231	60	1	5	1	122	
232	60	1	10	2	122	123	
233	60	1	15	3	122	123	124	
234	60	1	10	2	122	124	
235	60	1	5	1	123	
236	60	1	10	2	123	124	
237	60	1	5	1	124	
238	61	1	10	1	125	
239	62	1	6	1	126	
240	62	1	12	2	126	127	
241	62	1	18	3	126	127	128	
242	62	1	12	2	126	128	
243	62	1	6	1	127	
244	62	1	12	2	127	128	
245	62	1	6	1	128	
246	63	1	5	1	129	
247	64	2	5	1	130	
248	65	1	6	1	131	
249	66	2	6	1	132	
250	66	2	12	2	132	133	
251	66	2	18	3	132	133	134	
252	66	2	12	2	132	134	
253	66	2	6	1	133	
254	66	2	12	2	133	134	
255	66	2	6	1	134	
256	67	1	5	1	135	
257	68	1	5	1	136	
258	68	1	10	2	136	137	
259	68	1	15	3	136	137	138	
260	68	1	10	2	136	138	
261	68	1	5	1	137	
262	68	1	10	2	137	138	
263	68	1	5	1	138	
264	69	1	5	1	139	
265	70	1	22	1	140	
266	71	1	10	1	141	
267	72	2	6	1	142	
268	73	2	12	1	143	
269	74	1	6	1	144	
270	75	1	6	1	145	
271	76	2	6	1	146	
272	76	2	18	2	146	147	
273	76	2	12	1	147	
274	77	1	12	1	148	
275	78	1	5	1	149	
276	79	1	10	1	150	
277	80	1	5	1	151	
278	81	1	5	1	152	
279	82	1	5	1	153	
280	83	2	5	1	154	
281	83	2	10	2	154	155	
282	83	2	20	3	154	155	156	
283	83	2	15	2	154	156	
284	83	2	5	1	155	
285	83	2	15	2	155	156	
286	83	2	10	1	156	
287	84	2	6	1	157	
288	85	1	11	1	158	
289	85	1	22	2	158	159	
290	85	1	11	1	159	
291	86	2	12	1	160	
292	87	1	11	1	161	
293	87	1	33	2	161	162	
294	87	1	22	1	162	
295	88	1	12	1	163	
296	89	1	5	1	164	
297	90	2	5	1	165	
298	90	2	10	2	165	166	
299	90	2	15	3	165	166	167	
300	90	2	10	2	165	167	
301	90	2	5	1	166	
302	90	2	10	2	166	167	
303	90	2	5	1	167	
304	91	2	11	1	168	
305	92	1	11	1	169	
306	93	2	6	1	170	
307	94	2	11	1	171	
308	94	2	22	2	171	172	
309	94	2	33	3	171	172	173	
310	94	2	11	1	172	
311	94	2	22	2	172	173	
312	94	2	33	3	172	173	174	
313	94	2	11	1	173	
314	94	2	22	2	173	174	
315	94	2	33	3	173	174	175	
316	94	2	11	1	174	
317	94	2	22	2	174	175	
318	94	2	33	3	174	175	176	
319	94	2	11	1	175	
320	94	2	22	2	175	176	
321	94	2	33	3	175	176	177	
322	94	2	11	1	176	
323	94	2	22	2	176	177	
324	94	2	33	3	176	177	178	
325	94	2	11	1	177	
326	94	2	22	2	177	178	
327	94	2	11	1	178	
328	95	2	12	1	179	
329	95	2	18	2	179	180	
330	95	2	24	3	179	180	181	
331	95	2	18	2	179	181	
332	95	2	6	1	180	
333	95	2	12	2	180	181	
334	95	2	6	1	181	
335	96	1	5	1	182	
336	97	2	6	1	183	
337	98	2	12	1	184	
338	99	2	6	1	185	
339	0	2	11	1	186
340	1	1	48	4	187	188	189	190
341	2	1	15	2	191	192
342	3	2	44	2	193	194
343	4	1	10	2	195	196
344	5	1	22	1	197
345	6	2	11	1	198
346	7	2	12	1	199
347	8	1	5	1	200
348	9	1	22	1	201
349	10	2	10	1	202
350	11	2	15	2	203	204
351	12	1	6	1	205
352	13	1	20	2	206	207
353	14	2	20	2	208	209
354	15	1	12	1	210
355	16	1	11	1	211
356	17	2	10	1	212
357	18	2	24	3	213	214	215
358	19	2	5	1	216
359	20	1	15	2	217	218
360	21	2	33	2	219	220
361	22	1	12	1	221
362	23	1	12	1	222
363	24	1	18	2	223	224
364	25	1	6	1	225
365	26	2	10	1	226
366	27	1	12	2	227	228
367	28	1	18	2	229	230
368	29	1	22	1	231
369	30	2	12	1	232
370	31	1	10	1	233
371	32	2	6	1	234
372	33	2	15	2	235	236
373	34	1	22	1	237
374	35	1	77	4	238	239	240	241
375	36	1	6	1	242
376	37	1	12	1	243
377	38	1	35	4	244	245	246	247
378	39	1	6	1	248
379	40	2	12	2	249	250
380	41	1	12	1	251
381	42	2	12	2	252	253
382	43	1	5	1	254
383	44	1	22	1	255
384	45	2	15	2	256	257
385	46	1	11	1	258
386	47	1	12	1	259
387	48	1	12	1	260
388	49	2	44	2	261	262
389	50	2	10	2	263	264
390	51	1	22	1	265
391	52	1	15	2	266	267
392	53	1	11	1	268
393	54	2	18	2	269	270
394	55	1	66	3	271	272	273
395	56	2	10	1	274
396	57	1	6	1	275
397	58	1	44	3	276	277	278
398	59	1	66	4	279	280	281	282
399	60	1	5	1	283
400	61	1	10	2	284	285
401	62	1	6	1	286
402	63	1	15	2	287	288
403	64	2	20	2	289	290
404	65	1	18	2	291	292
405	66	2	12	1	293
406	67	1	10	2	294	295
407	68	1	5	1	296
408	69	1	10	1	297
409	70	1	33	2	298	299
410	71	1	15	2	300	301
411	72	2	12	1	302
412	73	2	12	2	303	304
413	74	1	18	2	305	306
414	75	1	18	2	307	308
415	76	2	6	1	309
416	77	1	6	1	310
417	78	1	10	1	311
418	79	1	15	2	312	313
419	80	1	20	2	314	315
420	81	1	20	2	316	317
421	82	1	15	2	318	319
422	83	2	10	2	320	321
423	84	2	12	1	322
424	85	1	22	1	323
425	86	2	12	1	324
426	87	1	11	1	325
427	88	1	12	1	326
428	89	1	15	2	327	328
429	90	2	10	1	329
430	91	2	11	1	330
431	92	1	11	1	331
432	93	2	18	2	332	333
433	94	2	55	3	334	335	336
434	95	2	12	2	337	338
435	96	1	10	1	339
436	97	2	6	1	340
437	98	2	18	2	341	342
438	99	2	12	1	343
