581	481	100
0	0	2	12	1	0	
1	1	1	6	1	1	
2	1	1	12	2	1	2	
3	1	1	6	1	2	
4	2	1	12	1	3	
5	3	1	5	1	4	
6	4	1	10	1	5	
7	5	2	5	1	6	
8	6	1	12	1	7	
9	7	2	5	1	8	
10	7	2	10	2	8	9	
11	7	2	15	3	8	9	10	
12	7	2	5	1	9	
13	7	2	10	2	9	10	
14	7	2	15	3	9	10	11	
15	7	2	5	1	10	
16	7	2	10	2	10	11	
17	7	2	5	1	11	
18	8	2	6	1	12	
19	8	2	12	2	12	13	
20	8	2	24	3	12	13	14	
21	8	2	18	2	12	14	
22	8	2	6	1	13	
23	8	2	18	2	13	14	
24	8	2	12	1	14	
25	9	2	11	1	15	
26	10	1	5	1	16	
27	11	2	11	1	17	
28	12	1	6	1	18	
29	13	2	11	1	19	
30	13	2	22	2	19	20	
31	13	2	33	3	19	20	21	
32	13	2	11	1	20	
33	13	2	22	2	20	21	
34	13	2	33	3	20	21	22	
35	13	2	11	1	21	
36	13	2	22	2	21	22	
37	13	2	33	3	21	22	23	
38	13	2	11	1	22	
39	13	2	22	2	22	23	
40	13	2	33	3	22	23	24	
41	13	2	11	1	23	
42	13	2	22	2	23	24	
43	13	2	11	1	24	
44	14	1	6	1	25	
45	15	1	11	1	26	
46	15	1	22	2	26	27	
47	15	1	11	1	27	
48	16	2	6	1	28	
49	17	2	6	1	29	
50	18	1	5	1	30	
51	19	1	12	1	31	
52	19	1	18	2	31	32	
53	19	1	6	1	32	
54	20	2	12	1	33	
55	21	1	12	1	34	
56	22	1	6	1	35	
57	22	1	12	2	35	36	
58	22	1	18	3	35	36	37	
59	22	1	6	1	36	
60	22	1	12	2	36	37	
61	22	1	18	3	36	37	38	
62	22	1	6	1	37	
63	22	1	12	2	37	38	
64	22	1	18	3	37	38	39	
65	22	1	6	1	38	
66	22	1	12	2	38	39	
67	22	1	18	3	38	39	40	
68	22	1	6	1	39	
69	22	1	12	2	39	40	
70	22	1	6	1	40	
71	23	2	11	1	41	
72	23	2	22	2	41	42	
73	23	2	33	3	41	42	43	
74	23	2	11	1	42	
75	23	2	22	2	42	43	
76	23	2	33	3	42	43	44	
77	23	2	11	1	43	
78	23	2	22	2	43	44	
79	23	2	33	3	43	44	45	
80	23	2	11	1	44	
81	23	2	22	2	44	45	
82	23	2	33	3	44	45	46	
83	23	2	11	1	45	
84	23	2	22	2	45	46	
85	23	2	11	1	46	
86	24	2	5	1	47	
87	24	2	10	2	47	48	
88	24	2	15	3	47	48	49	
89	24	2	5	1	48	
90	24	2	10	2	48	49	
91	24	2	15	3	48	49	50	
92	24	2	5	1	49	
93	24	2	10	2	49	50	
94	24	2	15	3	49	50	51	
95	24	2	5	1	50	
96	24	2	10	2	50	51	
97	24	2	15	3	50	51	52	
98	24	2	5	1	51	
99	24	2	10	2	51	52	
100	24	2	15	3	51	52	53	
101	24	2	5	1	52	
102	24	2	10	2	52	53	
103	24	2	5	1	53	
104	25	2	6	1	54	
105	26	1	5	1	55	
106	27	2	11	1	56	
107	28	2	11	1	57	
108	28	2	22	2	57	58	
109	28	2	33	3	57	58	59	
110	28	2	11	1	58	
111	28	2	22	2	58	59	
112	28	2	33	3	58	59	60	
113	28	2	11	1	59	
114	28	2	22	2	59	60	
115	28	2	33	3	59	60	61	
116	28	2	11	1	60	
117	28	2	22	2	60	61	
118	28	2	33	3	60	61	62	
119	28	2	11	1	61	
120	28	2	22	2	61	62	
121	28	2	33	3	61	62	63	
122	28	2	11	1	62	
123	28	2	22	2	62	63	
124	28	2	33	3	62	63	64	
125	28	2	11	1	63	
126	28	2	22	2	63	64	
127	28	2	11	1	64	
128	29	1	5	1	65	
129	30	2	11	1	66	
130	31	2	11	1	67	
131	31	2	22	2	67	68	
132	31	2	44	3	67	68	69	
133	31	2	33	2	67	69	
134	31	2	11	1	68	
135	31	2	33	2	68	69	
136	31	2	22	1	69	
137	32	2	22	1	70	
138	33	2	11	1	71	
139	34	1	6	1	72	
140	35	1	11	1	73	
141	35	1	22	2	73	74	
142	35	1	33	3	73	74	75	
143	35	1	22	2	73	75	
144	35	1	11	1	74	
145	35	1	22	2	74	75	
146	35	1	11	1	75	
147	36	2	5	1	76	
148	36	2	10	2	76	77	
149	36	2	15	3	76	77	78	
150	36	2	10	2	76	78	
151	36	2	5	1	77	
152	36	2	10	2	77	78	
153	36	2	5	1	78	
154	37	2	5	1	79	
155	38	2	22	1	80	
156	39	1	5	1	81	
157	40	2	5	1	82	
158	40	2	10	2	82	83	
159	40	2	15	3	82	83	84	
160	40	2	5	1	83	
161	40	2	10	2	83	84	
162	40	2	15	3	83	84	85	
163	40	2	5	1	84	
164	40	2	10	2	84	85	
165	40	2	15	3	84	85	86	
166	40	2	5	1	85	
167	40	2	10	2	85	86	
168	40	2	5	1	86	
169	41	2	22	1	87	
170	42	2	22	1	88	
171	42	2	33	2	88	89	
172	42	2	55	3	88	89	90	
173	42	2	44	2	88	90	
174	42	2	11	1	89	
175	42	2	33	2	89	90	
176	42	2	22	1	90	
177	43	1	12	1	91	
178	44	1	5	1	92	
179	44	1	10	2	92	93	
180	44	1	15	3	92	93	94	
181	44	1	5	1	93	
182	44	1	10	2	93	94	
183	44	1	15	3	93	94	95	
184	44	1	5	1	94	
185	44	1	10	2	94	95	
186	44	1	15	3	94	95	96	
187	44	1	5	1	95	
188	44	1	10	2	95	96	
189	44	1	15	3	95	96	97	
190	44	1	5	1	96	
191	44	1	10	2	96	97	
192	44	1	15	3	96	97	98	
193	44	1	5	1	97	
194	44	1	10	2	97	98	
195	44	1	5	1	98	
196	45	1	11	1	99	
197	46	2	12	1	100	
198	47	1	11	1	101	
199	48	2	5	1	102	
200	49	1	11	1	103	
201	50	2	11	1	104	
202	51	2	10	1	105	
203	51	2	15	2	105	106	
204	51	2	5	1	106	
205	52	1	22	1	107	
206	52	1	44	2	107	108	
207	52	1	55	3	107	108	109	
208	52	1	33	2	107	109	
209	52	1	22	1	108	
210	52	1	33	2	108	109	
211	52	1	11	1	109	
212	53	1	6	1	110	
213	53	1	12	2	110	111	
214	53	1	18	3	110	111	112	
215	53	1	12	2	110	112	
216	53	1	6	1	111	
217	53	1	12	2	111	112	
218	53	1	6	1	112	
219	54	1	12	1	113	
220	55	2	11	1	114	
221	56	1	5	1	115	
222	57	2	10	1	116	
223	57	2	15	2	116	117	
224	57	2	5	1	117	
225	58	2	5	1	118	
226	59	2	11	1	119	
227	60	1	11	1	120	
228	60	1	22	2	120	121	
229	60	1	33	3	120	121	122	
230	60	1	11	1	121	
231	60	1	22	2	121	122	
232	60	1	33	3	121	122	123	
233	60	1	11	1	122	
234	60	1	22	2	122	123	
235	60	1	11	1	123	
236	61	2	5	1	124	
237	61	2	10	2	124	125	
238	61	2	15	3	124	125	126	
239	61	2	5	1	125	
240	61	2	10	2	125	126	
241	61	2	15	3	125	126	127	
242	61	2	5	1	126	
243	61	2	10	2	126	127	
244	61	2	15	3	126	127	128	
245	61	2	5	1	127	
246	61	2	10	2	127	128	
247	61	2	15	3	127	128	129	
248	61	2	5	1	128	
249	61	2	10	2	128	129	
250	61	2	15	3	128	129	130	
251	61	2	5	1	129	
252	61	2	10	2	129	130	
253	61	2	15	3	129	130	131	
254	61	2	5	1	130	
255	61	2	10	2	130	131	
256	61	2	5	1	131	
257	62	1	5	1	132	
258	62	1	10	2	132	133	
259	62	1	15	3	132	133	134	
260	62	1	5	1	133	
261	62	1	10	2	133	134	
262	62	1	15	3	133	134	135	
263	62	1	5	1	134	
264	62	1	10	2	134	135	
265	62	1	15	3	134	135	136	
266	62	1	5	1	135	
267	62	1	10	2	135	136	
268	62	1	15	3	135	136	137	
269	62	1	5	1	136	
270	62	1	10	2	136	137	
271	62	1	15	3	136	137	138	
272	62	1	5	1	137	
273	62	1	10	2	137	138	
274	62	1	15	3	137	138	139	
275	62	1	5	1	138	
276	62	1	10	2	138	139	
277	62	1	15	3	138	139	140	
278	62	1	5	1	139	
279	62	1	10	2	139	140	
280	62	1	5	1	140	
281	63	2	5	1	141	
282	64	1	11	1	142	
283	64	1	22	2	142	143	
284	64	1	33	3	142	143	144	
285	64	1	11	1	143	
286	64	1	22	2	143	144	
287	64	1	33	3	143	144	145	
288	64	1	11	1	144	
289	64	1	22	2	144	145	
290	64	1	33	3	144	145	146	
291	64	1	11	1	145	
292	64	1	22	2	145	146	
293	64	1	33	3	145	146	147	
294	64	1	11	1	146	
295	64	1	22	2	146	147	
296	64	1	33	3	146	147	148	
297	64	1	11	1	147	
298	64	1	22	2	147	148	
299	64	1	11	1	148	
300	65	1	22	1	149	
301	66	1	12	1	150	
302	66	1	24	2	150	151	
303	66	1	30	3	150	151	152	
304	66	1	18	2	150	152	
305	66	1	12	1	151	
306	66	1	18	2	151	152	
307	66	1	6	1	152	
308	67	1	5	1	153	
309	67	1	10	2	153	154	
310	67	1	15	3	153	154	155	
311	67	1	10	2	153	155	
312	67	1	5	1	154	
313	67	1	10	2	154	155	
314	67	1	5	1	155	
315	68	1	11	1	156	
316	69	2	5	1	157	
317	69	2	10	2	157	158	
318	69	2	5	1	158	
319	70	1	12	1	159	
320	71	1	6	1	160	
321	72	1	10	1	161	
322	73	2	11	1	162	
323	74	2	6	1	163	
324	74	2	12	2	163	164	
325	74	2	18	3	163	164	165	
326	74	2	6	1	164	
327	74	2	12	2	164	165	
328	74	2	18	3	164	165	166	
329	74	2	6	1	165	
330	74	2	12	2	165	166	
331	74	2	18	3	165	166	167	
332	74	2	6	1	166	
333	74	2	12	2	166	167	
334	74	2	18	3	166	167	168	
335	74	2	6	1	167	
336	74	2	12	2	167	168	
337	74	2	6	1	168	
338	75	2	5	1	169	
339	75	2	10	2	169	170	
340	75	2	15	3	169	170	171	
341	75	2	5	1	170	
342	75	2	10	2	170	171	
343	75	2	15	3	170	171	172	
344	75	2	5	1	171	
345	75	2	10	2	171	172	
346	75	2	5	1	172	
347	76	2	10	1	173	
348	76	2	20	2	173	174	
349	76	2	25	3	173	174	175	
350	76	2	15	2	173	175	
351	76	2	10	1	174	
352	76	2	15	2	174	175	
353	76	2	5	1	175	
354	77	2	6	1	176	
355	78	1	12	1	177	
356	78	1	18	2	177	178	
357	78	1	30	3	177	178	179	
358	78	1	24	2	177	179	
359	78	1	6	1	178	
360	78	1	18	2	178	179	
361	78	1	12	1	179	
362	79	1	5	1	180	
363	80	2	12	1	181	
364	81	1	6	1	182	
365	81	1	12	2	182	183	
366	81	1	18	3	182	183	184	
367	81	1	6	1	183	
368	81	1	12	2	183	184	
369	81	1	18	3	183	184	185	
370	81	1	6	1	184	
371	81	1	12	2	184	185	
372	81	1	18	3	184	185	186	
373	81	1	6	1	185	
374	81	1	12	2	185	186	
375	81	1	18	3	185	186	187	
376	81	1	6	1	186	
377	81	1	12	2	186	187	
378	81	1	18	3	186	187	188	
379	81	1	6	1	187	
380	81	1	12	2	187	188	
381	81	1	18	3	187	188	189	
382	81	1	6	1	188	
383	81	1	12	2	188	189	
384	81	1	6	1	189	
385	82	1	5	1	190	
386	83	1	11	1	191	
387	84	2	5	1	192	
388	84	2	10	2	192	193	
389	84	2	15	3	192	193	194	
390	84	2	5	1	193	
391	84	2	10	2	193	194	
392	84	2	15	3	193	194	195	
393	84	2	5	1	194	
394	84	2	10	2	194	195	
395	84	2	5	1	195	
396	85	1	12	1	196	
397	86	1	22	1	197	
398	87	1	11	1	198	
399	87	1	22	2	198	199	
400	87	1	11	1	199	
401	88	2	11	1	200	
402	89	1	6	1	201	
403	89	1	12	2	201	202	
404	89	1	18	3	201	202	203	
405	89	1	6	1	202	
406	89	1	12	2	202	203	
407	89	1	18	3	202	203	204	
408	89	1	6	1	203	
409	89	1	12	2	203	204	
410	89	1	18	3	203	204	205	
411	89	1	6	1	204	
412	89	1	12	2	204	205	
413	89	1	18	3	204	205	206	
414	89	1	6	1	205	
415	89	1	12	2	205	206	
416	89	1	18	3	205	206	207	
417	89	1	6	1	206	
418	89	1	12	2	206	207	
419	89	1	18	3	206	207	208	
420	89	1	6	1	207	
421	89	1	12	2	207	208	
422	89	1	18	3	207	208	209	
423	89	1	6	1	208	
424	89	1	12	2	208	209	
425	89	1	6	1	209	
426	90	1	6	1	210	
427	91	1	5	1	211	
428	92	1	6	1	212	
429	92	1	12	2	212	213	
430	92	1	18	3	212	213	214	
431	92	1	6	1	213	
432	92	1	12	2	213	214	
433	92	1	18	3	213	214	215	
434	92	1	6	1	214	
435	92	1	12	2	214	215	
436	92	1	18	3	214	215	216	
437	92	1	6	1	215	
438	92	1	12	2	215	216	
439	92	1	6	1	216	
440	93	2	22	1	217	
441	94	1	5	1	218	
442	95	2	5	1	219	
443	95	2	10	2	219	220	
444	95	2	15	3	219	220	221	
445	95	2	5	1	220	
446	95	2	10	2	220	221	
447	95	2	15	3	220	221	222	
448	95	2	5	1	221	
449	95	2	10	2	221	222	
450	95	2	15	3	221	222	223	
451	95	2	5	1	222	
452	95	2	10	2	222	223	
453	95	2	5	1	223	
454	96	2	5	1	224	
455	97	1	5	1	225	
456	98	2	6	1	226	
457	99	1	11	1	227	
458	99	1	22	2	227	228	
459	99	1	33	3	227	228	229	
460	99	1	11	1	228	
461	99	1	22	2	228	229	
462	99	1	33	3	228	229	230	
463	99	1	11	1	229	
464	99	1	22	2	229	230	
465	99	1	33	3	229	230	231	
466	99	1	11	1	230	
467	99	1	22	2	230	231	
468	99	1	33	3	230	231	232	
469	99	1	11	1	231	
470	99	1	22	2	231	232	
471	99	1	33	3	231	232	233	
472	99	1	11	1	232	
473	99	1	22	2	232	233	
474	99	1	33	3	232	233	234	
475	99	1	11	1	233	
476	99	1	22	2	233	234	
477	99	1	33	3	233	234	235	
478	99	1	11	1	234	
479	99	1	22	2	234	235	
480	99	1	11	1	235	
481	0	2	24	2	236	237
482	1	1	12	2	238	239
483	2	1	12	1	240
484	3	1	10	2	241	242
485	4	1	15	2	243	244
486	5	2	10	2	245	246
487	6	1	6	1	247
488	7	2	20	3	248	249	250
489	8	2	18	2	251	252
490	9	2	22	1	253
491	10	1	5	1	254
492	11	2	33	2	255	256
493	12	1	18	2	257	258
494	13	2	77	4	259	260	261	262
495	14	1	6	1	263
496	15	1	11	1	264
497	16	2	12	1	265
498	17	2	6	1	266
499	18	1	15	2	267	268
500	19	1	12	1	269
501	20	2	12	2	270	271
502	21	1	12	1	272
503	22	1	30	3	273	274	275
504	23	2	55	3	276	277	278
505	24	2	25	3	279	280	281
506	25	2	12	1	282
507	26	1	10	1	283
508	27	2	22	1	284
509	28	2	66	4	285	286	287	288
510	29	1	10	1	289
511	30	2	22	1	290
512	31	2	33	2	291	292
513	32	2	22	1	293
514	33	2	44	2	294	295
515	34	1	12	2	296	297
516	35	1	33	2	298	299
517	36	2	5	1	300
518	37	2	5	1	301
519	38	2	11	1	302
520	39	1	10	2	303	304
521	40	2	30	4	305	306	307	308
522	41	2	22	2	309	310
523	42	2	33	2	311	312
524	43	1	12	1	313
525	44	1	25	3	314	315	316
526	45	1	22	2	317	318
527	46	2	12	2	319	320
528	47	1	22	1	321
529	48	2	15	2	322	323
530	49	1	44	2	324	325
531	50	2	33	2	326	327
532	51	2	15	2	328	329
533	52	1	22	1	330
534	53	1	6	1	331
535	54	1	12	2	332	333
536	55	2	44	2	334	335
537	56	1	10	1	336
538	57	2	5	1	337
539	58	2	10	1	338
540	59	2	44	2	339	340
541	60	1	44	3	341	342	343
542	61	2	20	4	344	345	346	347
543	62	1	25	3	348	349	350
544	63	2	10	2	351	352
545	64	1	44	4	353	354	355	356
546	65	1	33	2	357	358
547	66	1	24	2	359	360
548	67	1	20	2	361	362
549	68	1	11	1	363
550	69	2	15	2	364	365
551	70	1	12	2	366	367
552	71	1	12	1	368
553	72	1	10	1	369
554	73	2	44	2	370	371
555	74	2	18	3	372	373	374
556	75	2	25	4	375	376	377	378
557	76	2	15	2	379	380
558	77	2	18	2	381	382
559	78	1	6	1	383
560	79	1	10	1	384
561	80	2	12	1	385
562	81	1	42	4	386	387	388	389
563	82	1	10	2	390	391
564	83	1	22	1	392
565	84	2	15	3	393	394	395
566	85	1	12	1	396
567	86	1	22	1	397
568	87	1	11	1	398
569	88	2	44	2	399	400
570	89	1	30	3	401	402	403
571	90	1	6	1	404
572	91	1	5	1	405
573	92	1	18	3	406	407	408
574	93	2	33	2	409	410
575	94	1	5	1	411
576	95	2	25	3	412	413	414
577	96	2	10	1	415
578	97	1	5	1	416
579	98	2	24	2	417	418
580	99	1	44	3	419	420	421
