250
9
6
0
Tutor0 	 0 	 0 	 120 	 0 	 120 	 0 	 3 	 0 	 3 	 0 	 0 	 1 	 0 	 0 	 0 	 0 	 0 	 0 	 1 	 1 	 1 	 1 	 1 	 1 	 0 	  	 5 	 16 	 53 	 92 	 77 	 51
Tutor1 	 1 	 0 	 120 	 0 	 120 	 0 	 3 	 0 	 3 	 0 	 0 	 0 	 0 	 1 	 0 	 0 	 0 	 0 	 1 	 1 	 1 	 1 	 1 	 1 	 1 	 96 	  	 1 	 33
Tutor2 	 2 	 0 	 120 	 0 	 120 	 0 	 3 	 0 	 3 	 0 	 0 	 0 	 0 	 0 	 0 	 0 	 1 	 0 	 1 	 1 	 1 	 1 	 1 	 1 	 0 	  	 2 	 4 	 38
Tutor3 	 3 	 0 	 120 	 0 	 120 	 0 	 3 	 0 	 3 	 0 	 0 	 0 	 0 	 1 	 0 	 0 	 0 	 0 	 1 	 1 	 1 	 1 	 1 	 1 	 0 	  	 0
Tutor4 	 4 	 0 	 120 	 0 	 120 	 0 	 3 	 0 	 3 	 1 	 0 	 0 	 1 	 0 	 0 	 0 	 0 	 0 	 1 	 1 	 1 	 1 	 1 	 1 	 0 	  	 3 	 46 	 76 	 26
Tutor5 	 5 	 0 	 120 	 0 	 120 	 0 	 3 	 0 	 3 	 0 	 0 	 0 	 1 	 0 	 0 	 0 	 0 	 0 	 1 	 1 	 1 	 1 	 1 	 1 	 1 	 8 	  	 5 	 21 	 71 	 40 	 74 	 46
Tutor6 	 6 	 0 	 120 	 0 	 120 	 0 	 3 	 0 	 3 	 0 	 0 	 0 	 0 	 1 	 0 	 1 	 0 	 0 	 1 	 1 	 1 	 1 	 1 	 1 	 0 	  	 1 	 24
Tutor7 	 7 	 0 	 120 	 0 	 120 	 0 	 3 	 0 	 3 	 0 	 0 	 0 	 1 	 0 	 0 	 1 	 0 	 0 	 1 	 1 	 1 	 1 	 1 	 1 	 0 	  	 4 	 72 	 8 	 6 	 86
Tutor8 	 8 	 0 	 120 	 0 	 120 	 0 	 3 	 0 	 3 	 0 	 0 	 0 	 0 	 0 	 0 	 1 	 1 	 0 	 1 	 1 	 1 	 1 	 1 	 1 	 0 	  	 0
Tutor9 	 9 	 0 	 120 	 0 	 120 	 0 	 3 	 0 	 3 	 0 	 1 	 0 	 0 	 0 	 0 	 0 	 0 	 0 	 1 	 1 	 1 	 1 	 1 	 1 	 1 	 54 	  	 4 	 36 	 1 	 34 	 62
Tutor10 	 10 	 0 	 120 	 0 	 120 	 0 	 3 	 0 	 3 	 0 	 0 	 0 	 0 	 0 	 1 	 0 	 1 	 0 	 1 	 1 	 1 	 1 	 1 	 1 	 1 	 109 	  	 2 	 87 	 40
Tutor11 	 11 	 0 	 120 	 0 	 120 	 0 	 3 	 0 	 3 	 0 	 0 	 0 	 0 	 0 	 0 	 1 	 0 	 0 	 1 	 1 	 1 	 1 	 1 	 1 	 1 	 11 	  	 0
Tutor12 	 12 	 0 	 120 	 0 	 120 	 0 	 3 	 0 	 3 	 0 	 0 	 0 	 0 	 0 	 0 	 0 	 1 	 0 	 1 	 1 	 1 	 1 	 1 	 1 	 1 	 107 	  	 2 	 67 	 21
Tutor13 	 13 	 0 	 120 	 0 	 120 	 0 	 3 	 0 	 3 	 0 	 0 	 0 	 1 	 1 	 0 	 0 	 0 	 1 	 1 	 1 	 1 	 1 	 1 	 1 	 1 	 27 	  	 6 	 64 	 52 	 74 	 42 	 34 	 24
Tutor14 	 14 	 0 	 120 	 0 	 120 	 0 	 3 	 0 	 3 	 0 	 0 	 0 	 0 	 1 	 1 	 0 	 0 	 0 	 1 	 1 	 1 	 1 	 1 	 1 	 1 	 35 	  	 5 	 44 	 21 	 14 	 27 	 59
Tutor15 	 15 	 0 	 120 	 0 	 120 	 0 	 3 	 0 	 3 	 0 	 0 	 0 	 0 	 0 	 1 	 0 	 0 	 0 	 1 	 1 	 1 	 1 	 1 	 1 	 1 	 50 	  	 0
Tutor16 	 16 	 0 	 120 	 0 	 120 	 0 	 3 	 0 	 3 	 0 	 1 	 1 	 0 	 0 	 0 	 0 	 0 	 0 	 1 	 1 	 1 	 1 	 1 	 1 	 0 	  	 0
Tutor17 	 17 	 0 	 120 	 0 	 120 	 0 	 3 	 0 	 3 	 0 	 0 	 0 	 1 	 1 	 1 	 0 	 0 	 0 	 1 	 1 	 1 	 1 	 1 	 1 	 0 	  	 5 	 73 	 81 	 63 	 54 	 16
Tutor18 	 18 	 0 	 120 	 0 	 120 	 0 	 3 	 0 	 3 	 0 	 0 	 0 	 0 	 0 	 0 	 0 	 1 	 0 	 1 	 1 	 1 	 1 	 1 	 1 	 0 	  	 6 	 31 	 53 	 30 	 37 	 78 	 90
Tutor19 	 19 	 0 	 120 	 0 	 120 	 0 	 3 	 0 	 3 	 0 	 0 	 1 	 0 	 0 	 1 	 0 	 1 	 1 	 1 	 1 	 1 	 1 	 1 	 1 	 0 	  	 6 	 75 	 99 	 73 	 94 	 41 	 31
Tutor20 	 20 	 0 	 120 	 0 	 120 	 0 	 3 	 0 	 3 	 0 	 0 	 0 	 0 	 0 	 1 	 0 	 0 	 0 	 1 	 1 	 1 	 1 	 1 	 1 	 1 	 4 	  	 4 	 3 	 51 	 1 	 87
Tutor21 	 21 	 0 	 120 	 0 	 120 	 0 	 3 	 0 	 3 	 0 	 1 	 0 	 0 	 0 	 0 	 0 	 1 	 0 	 1 	 1 	 1 	 1 	 1 	 1 	 0 	  	 5 	 12 	 57 	 99 	 42 	 96
Tutor22 	 22 	 0 	 120 	 0 	 120 	 0 	 3 	 0 	 3 	 0 	 0 	 1 	 0 	 1 	 1 	 1 	 0 	 0 	 1 	 1 	 1 	 1 	 1 	 1 	 1 	 88 	  	 5 	 43 	 78 	 75 	 36 	 5
Tutor23 	 23 	 0 	 120 	 0 	 120 	 0 	 3 	 0 	 3 	 0 	 0 	 0 	 1 	 0 	 0 	 0 	 0 	 0 	 1 	 1 	 1 	 1 	 1 	 1 	 0 	  	 2 	 4 	 33
Tutor24 	 24 	 0 	 120 	 0 	 120 	 0 	 3 	 0 	 3 	 0 	 0 	 0 	 0 	 0 	 1 	 0 	 0 	 0 	 1 	 1 	 1 	 1 	 1 	 1 	 0 	  	 3 	 50 	 2 	 56
Tutor25 	 25 	 0 	 120 	 0 	 120 	 0 	 3 	 0 	 3 	 0 	 0 	 1 	 0 	 0 	 1 	 0 	 0 	 0 	 1 	 1 	 1 	 1 	 1 	 1 	 0 	  	 2 	 76 	 74
Tutor26 	 26 	 0 	 120 	 0 	 120 	 0 	 3 	 0 	 3 	 0 	 0 	 0 	 0 	 0 	 0 	 0 	 0 	 0 	 1 	 1 	 1 	 1 	 1 	 1 	 0 	  	 3 	 35 	 91 	 70
Tutor27 	 27 	 0 	 120 	 0 	 120 	 0 	 3 	 0 	 3 	 0 	 0 	 0 	 0 	 0 	 1 	 0 	 1 	 0 	 1 	 1 	 1 	 1 	 1 	 1 	 0 	  	 5 	 73 	 92 	 26 	 35 	 63
Tutor28 	 28 	 0 	 120 	 0 	 120 	 0 	 3 	 0 	 3 	 1 	 0 	 0 	 0 	 0 	 0 	 0 	 0 	 0 	 1 	 1 	 1 	 1 	 1 	 1 	 0 	  	 3 	 84 	 34 	 22
Tutor29 	 29 	 0 	 120 	 0 	 120 	 0 	 3 	 0 	 3 	 0 	 0 	 0 	 0 	 0 	 0 	 0 	 0 	 0 	 1 	 1 	 1 	 1 	 1 	 1 	 1 	 79 	  	 4 	 55 	 40 	 86 	 53
Tutor30 	 30 	 0 	 120 	 0 	 120 	 0 	 3 	 0 	 3 	 1 	 0 	 0 	 0 	 0 	 1 	 0 	 0 	 0 	 1 	 1 	 1 	 1 	 1 	 1 	 0 	  	 2 	 98 	 93
Tutor31 	 31 	 0 	 120 	 0 	 120 	 0 	 3 	 0 	 3 	 0 	 0 	 1 	 0 	 0 	 0 	 0 	 1 	 0 	 1 	 1 	 1 	 1 	 1 	 1 	 0 	  	 1 	 69
Tutor32 	 32 	 0 	 120 	 0 	 120 	 0 	 3 	 0 	 3 	 0 	 1 	 0 	 0 	 0 	 0 	 1 	 0 	 0 	 1 	 1 	 1 	 1 	 1 	 1 	 1 	 3 	  	 3 	 25 	 64 	 82
Tutor33 	 33 	 0 	 120 	 0 	 120 	 0 	 3 	 0 	 3 	 0 	 0 	 1 	 0 	 0 	 0 	 1 	 0 	 0 	 1 	 1 	 1 	 1 	 1 	 1 	 1 	 76 	  	 3 	 47 	 22 	 44
Tutor34 	 34 	 0 	 120 	 0 	 120 	 0 	 3 	 0 	 3 	 0 	 1 	 1 	 1 	 0 	 0 	 1 	 0 	 0 	 1 	 1 	 1 	 1 	 1 	 1 	 1 	 91 	  	 4 	 33 	 78 	 17 	 85
Tutor35 	 35 	 0 	 120 	 0 	 120 	 0 	 3 	 0 	 3 	 0 	 1 	 0 	 1 	 0 	 0 	 0 	 0 	 0 	 1 	 1 	 1 	 1 	 1 	 1 	 1 	 37 	  	 1 	 10
Tutor36 	 36 	 0 	 120 	 0 	 120 	 0 	 3 	 0 	 3 	 0 	 0 	 0 	 0 	 0 	 0 	 0 	 0 	 0 	 1 	 1 	 1 	 1 	 1 	 1 	 1 	 45 	  	 1 	 57
Tutor37 	 37 	 0 	 120 	 0 	 120 	 0 	 3 	 0 	 3 	 0 	 0 	 0 	 0 	 0 	 0 	 1 	 0 	 0 	 1 	 1 	 1 	 1 	 1 	 1 	 0 	  	 2 	 19 	 82
Tutor38 	 38 	 0 	 120 	 0 	 120 	 0 	 3 	 0 	 3 	 0 	 0 	 0 	 0 	 0 	 0 	 0 	 0 	 1 	 1 	 1 	 1 	 1 	 1 	 1 	 0 	  	 1 	 81
Tutor39 	 39 	 0 	 120 	 0 	 120 	 0 	 3 	 0 	 3 	 0 	 0 	 1 	 0 	 0 	 0 	 0 	 0 	 1 	 1 	 1 	 1 	 1 	 1 	 1 	 0 	  	 0
Tutor40 	 40 	 0 	 120 	 0 	 120 	 0 	 3 	 0 	 3 	 0 	 0 	 0 	 0 	 0 	 0 	 0 	 1 	 0 	 1 	 1 	 1 	 1 	 1 	 1 	 0 	  	 0
Tutor41 	 41 	 0 	 120 	 0 	 120 	 0 	 3 	 0 	 3 	 0 	 0 	 1 	 0 	 0 	 0 	 1 	 0 	 0 	 1 	 1 	 1 	 1 	 1 	 1 	 1 	 105 	  	 0
Tutor42 	 42 	 0 	 120 	 0 	 120 	 0 	 3 	 0 	 3 	 1 	 0 	 0 	 0 	 1 	 1 	 0 	 0 	 0 	 1 	 1 	 1 	 1 	 1 	 1 	 1 	 60 	  	 0
Tutor43 	 43 	 0 	 120 	 0 	 120 	 0 	 3 	 0 	 3 	 0 	 0 	 0 	 0 	 0 	 1 	 0 	 1 	 0 	 1 	 1 	 1 	 1 	 1 	 1 	 1 	 71 	  	 3 	 84 	 78 	 79
Tutor44 	 44 	 0 	 120 	 0 	 120 	 0 	 3 	 0 	 3 	 0 	 0 	 0 	 0 	 0 	 0 	 0 	 1 	 1 	 1 	 1 	 1 	 1 	 1 	 1 	 1 	 5 	  	 0
Tutor45 	 45 	 0 	 120 	 0 	 120 	 0 	 3 	 0 	 3 	 0 	 0 	 0 	 0 	 0 	 0 	 0 	 0 	 1 	 1 	 1 	 1 	 1 	 1 	 1 	 1 	 80 	  	 2 	 32 	 39
Tutor46 	 46 	 0 	 120 	 0 	 120 	 0 	 3 	 0 	 3 	 0 	 0 	 0 	 0 	 0 	 1 	 0 	 0 	 0 	 1 	 1 	 1 	 1 	 1 	 1 	 1 	 78 	  	 2 	 44 	 14
Tutor47 	 47 	 0 	 120 	 0 	 120 	 0 	 3 	 0 	 3 	 0 	 1 	 0 	 0 	 0 	 0 	 0 	 0 	 0 	 1 	 1 	 1 	 1 	 1 	 1 	 1 	 39 	  	 6 	 98 	 37 	 38 	 10 	 73 	 3
Tutor48 	 48 	 0 	 120 	 0 	 120 	 0 	 3 	 0 	 3 	 1 	 0 	 0 	 0 	 0 	 0 	 0 	 0 	 1 	 1 	 1 	 1 	 1 	 1 	 1 	 1 	 36 	  	 3 	 58 	 67 	 65
Tutor49 	 49 	 0 	 120 	 0 	 120 	 0 	 3 	 0 	 3 	 0 	 0 	 0 	 0 	 0 	 0 	 0 	 1 	 0 	 1 	 1 	 1 	 1 	 1 	 1 	 1 	 17 	  	 6 	 46 	 28 	 69 	 66 	 70 	 38
Tutor50 	 50 	 0 	 120 	 0 	 120 	 0 	 3 	 0 	 3 	 0 	 0 	 0 	 1 	 0 	 0 	 0 	 0 	 0 	 1 	 1 	 1 	 1 	 1 	 1 	 1 	 101 	  	 5 	 29 	 42 	 46 	 11 	 58
Tutor51 	 51 	 0 	 120 	 0 	 120 	 0 	 3 	 0 	 3 	 0 	 0 	 1 	 0 	 0 	 0 	 1 	 0 	 0 	 1 	 1 	 1 	 1 	 1 	 1 	 1 	 89 	  	 2 	 73 	 50
Tutor52 	 52 	 0 	 120 	 0 	 120 	 0 	 3 	 0 	 3 	 1 	 1 	 0 	 0 	 1 	 0 	 1 	 0 	 0 	 1 	 1 	 1 	 1 	 1 	 1 	 0 	  	 3 	 38 	 88 	 14
Tutor53 	 53 	 0 	 120 	 0 	 120 	 0 	 3 	 0 	 3 	 0 	 0 	 0 	 0 	 1 	 1 	 0 	 1 	 0 	 1 	 1 	 1 	 1 	 1 	 1 	 0 	  	 5 	 25 	 88 	 79 	 38 	 40
Tutor54 	 54 	 0 	 120 	 0 	 120 	 0 	 3 	 0 	 3 	 0 	 0 	 0 	 0 	 1 	 0 	 1 	 1 	 0 	 1 	 1 	 1 	 1 	 1 	 1 	 0 	  	 5 	 33 	 98 	 30 	 82 	 27
Tutor55 	 55 	 0 	 120 	 0 	 120 	 0 	 3 	 0 	 3 	 0 	 0 	 1 	 0 	 0 	 0 	 0 	 0 	 0 	 1 	 1 	 1 	 1 	 1 	 1 	 0 	  	 5 	 82 	 87 	 21 	 31 	 19
Tutor56 	 56 	 0 	 120 	 0 	 120 	 0 	 3 	 0 	 3 	 0 	 0 	 0 	 0 	 0 	 0 	 0 	 0 	 0 	 1 	 1 	 1 	 1 	 1 	 1 	 1 	 23 	  	 6 	 21 	 92 	 36 	 2 	 9 	 85
Tutor57 	 57 	 0 	 120 	 0 	 120 	 0 	 3 	 0 	 3 	 1 	 0 	 0 	 0 	 0 	 0 	 0 	 0 	 0 	 1 	 1 	 1 	 1 	 1 	 1 	 0 	  	 1 	 85
Tutor58 	 58 	 0 	 120 	 0 	 120 	 0 	 3 	 0 	 3 	 0 	 0 	 1 	 1 	 0 	 0 	 0 	 0 	 0 	 1 	 1 	 1 	 1 	 1 	 1 	 1 	 95 	  	 5 	 19 	 22 	 66 	 18 	 70
Tutor59 	 59 	 0 	 120 	 0 	 120 	 0 	 3 	 0 	 3 	 0 	 0 	 0 	 1 	 0 	 0 	 1 	 1 	 0 	 1 	 1 	 1 	 1 	 1 	 1 	 0 	  	 1 	 1
Tutor60 	 60 	 0 	 120 	 0 	 120 	 0 	 3 	 0 	 3 	 1 	 0 	 0 	 1 	 1 	 1 	 0 	 0 	 1 	 1 	 1 	 1 	 1 	 1 	 1 	 0 	  	 1 	 33
Tutor61 	 61 	 0 	 120 	 0 	 120 	 0 	 3 	 0 	 3 	 1 	 0 	 0 	 0 	 0 	 0 	 1 	 0 	 0 	 1 	 1 	 1 	 1 	 1 	 1 	 1 	 69 	  	 2 	 52 	 53
Tutor62 	 62 	 0 	 120 	 0 	 120 	 0 	 3 	 0 	 3 	 0 	 1 	 0 	 0 	 1 	 0 	 1 	 0 	 0 	 1 	 1 	 1 	 1 	 1 	 1 	 1 	 57 	  	 6 	 98 	 17 	 7 	 3 	 66 	 89
Tutor63 	 63 	 0 	 120 	 0 	 120 	 0 	 3 	 0 	 3 	 0 	 0 	 0 	 1 	 0 	 0 	 0 	 1 	 0 	 1 	 1 	 1 	 1 	 1 	 1 	 0 	  	 5 	 74 	 53 	 1 	 8 	 99
Tutor64 	 64 	 0 	 120 	 0 	 120 	 0 	 3 	 0 	 3 	 0 	 0 	 1 	 0 	 0 	 1 	 0 	 0 	 0 	 1 	 1 	 1 	 1 	 1 	 1 	 0 	  	 4 	 26 	 11 	 48 	 56
Tutor65 	 65 	 0 	 120 	 0 	 120 	 0 	 3 	 0 	 3 	 0 	 1 	 0 	 0 	 1 	 0 	 0 	 0 	 1 	 1 	 1 	 1 	 1 	 1 	 1 	 1 	 122 	  	 4 	 67 	 79 	 46 	 78
Tutor66 	 66 	 0 	 120 	 0 	 120 	 0 	 3 	 0 	 3 	 0 	 0 	 0 	 0 	 0 	 0 	 0 	 0 	 1 	 1 	 1 	 1 	 1 	 1 	 1 	 0 	  	 5 	 17 	 32 	 74 	 84 	 24
Tutor67 	 67 	 0 	 120 	 0 	 120 	 0 	 3 	 0 	 3 	 0 	 0 	 0 	 0 	 0 	 0 	 0 	 0 	 0 	 1 	 1 	 1 	 1 	 1 	 1 	 0 	  	 5 	 84 	 89 	 67 	 25 	 82
Tutor68 	 68 	 0 	 120 	 0 	 120 	 0 	 3 	 0 	 3 	 0 	 0 	 0 	 0 	 0 	 0 	 1 	 0 	 0 	 1 	 1 	 1 	 1 	 1 	 1 	 1 	 7 	  	 0
Tutor69 	 69 	 0 	 120 	 0 	 120 	 0 	 3 	 0 	 3 	 0 	 0 	 0 	 0 	 1 	 1 	 0 	 0 	 0 	 1 	 1 	 1 	 1 	 1 	 1 	 0 	  	 0
Tutor70 	 70 	 0 	 120 	 0 	 120 	 0 	 3 	 0 	 3 	 0 	 0 	 0 	 0 	 1 	 1 	 0 	 0 	 1 	 1 	 1 	 1 	 1 	 1 	 1 	 0 	  	 6 	 44 	 2 	 14 	 33 	 11 	 74
Tutor71 	 71 	 0 	 120 	 0 	 120 	 0 	 3 	 0 	 3 	 0 	 0 	 1 	 0 	 0 	 1 	 0 	 1 	 1 	 1 	 1 	 1 	 1 	 1 	 1 	 1 	 20 	  	 4 	 89 	 75 	 13 	 40
Tutor72 	 72 	 0 	 120 	 0 	 120 	 0 	 3 	 0 	 3 	 0 	 0 	 0 	 0 	 0 	 0 	 0 	 0 	 0 	 1 	 1 	 1 	 1 	 1 	 1 	 0 	  	 6 	 45 	 40 	 76 	 8 	 80 	 3
Tutor73 	 73 	 0 	 120 	 0 	 120 	 0 	 3 	 0 	 3 	 0 	 0 	 0 	 0 	 0 	 0 	 0 	 0 	 1 	 1 	 1 	 1 	 1 	 1 	 1 	 1 	 121 	  	 4 	 72 	 0 	 35 	 87
Tutor74 	 74 	 0 	 120 	 0 	 120 	 0 	 3 	 0 	 3 	 1 	 0 	 0 	 0 	 0 	 1 	 0 	 0 	 0 	 1 	 1 	 1 	 1 	 1 	 1 	 0 	  	 5 	 90 	 77 	 98 	 46 	 4
Tutor75 	 75 	 0 	 120 	 0 	 120 	 0 	 3 	 0 	 3 	 0 	 1 	 0 	 1 	 1 	 0 	 0 	 0 	 0 	 1 	 1 	 1 	 1 	 1 	 1 	 0 	  	 1 	 91
Tutor76 	 76 	 0 	 120 	 0 	 120 	 0 	 3 	 0 	 3 	 0 	 1 	 1 	 0 	 0 	 0 	 0 	 0 	 0 	 1 	 1 	 1 	 1 	 1 	 1 	 1 	 99 	  	 2 	 52 	 76
Tutor77 	 77 	 0 	 120 	 0 	 120 	 0 	 3 	 0 	 3 	 0 	 0 	 0 	 0 	 0 	 0 	 0 	 0 	 0 	 1 	 1 	 1 	 1 	 1 	 1 	 0 	  	 6 	 31 	 28 	 32 	 47 	 94 	 0
Tutor78 	 78 	 0 	 120 	 0 	 120 	 0 	 3 	 0 	 3 	 0 	 1 	 0 	 0 	 0 	 0 	 0 	 0 	 0 	 1 	 1 	 1 	 1 	 1 	 1 	 1 	 15 	  	 4 	 56 	 18 	 84 	 30
Tutor79 	 79 	 0 	 120 	 0 	 120 	 0 	 3 	 0 	 3 	 1 	 0 	 0 	 0 	 0 	 0 	 0 	 0 	 1 	 1 	 1 	 1 	 1 	 1 	 1 	 0 	  	 3 	 17 	 86 	 85
Tutor80 	 80 	 0 	 120 	 0 	 120 	 0 	 3 	 0 	 3 	 1 	 0 	 1 	 0 	 0 	 0 	 0 	 0 	 0 	 1 	 1 	 1 	 1 	 1 	 1 	 0 	  	 1 	 58
Tutor81 	 81 	 0 	 120 	 0 	 120 	 0 	 3 	 0 	 3 	 0 	 1 	 0 	 0 	 1 	 0 	 0 	 0 	 0 	 1 	 1 	 1 	 1 	 1 	 1 	 0 	  	 2 	 29 	 3
Tutor82 	 82 	 0 	 120 	 0 	 120 	 0 	 3 	 0 	 3 	 1 	 0 	 1 	 0 	 0 	 0 	 1 	 0 	 0 	 1 	 1 	 1 	 1 	 1 	 1 	 0 	  	 6 	 16 	 19 	 22 	 0 	 24 	 80
Tutor83 	 83 	 0 	 120 	 0 	 120 	 0 	 3 	 0 	 3 	 0 	 0 	 0 	 1 	 0 	 0 	 0 	 0 	 0 	 1 	 1 	 1 	 1 	 1 	 1 	 1 	 44 	  	 6 	 39 	 83 	 28 	 96 	 81 	 27
Tutor84 	 84 	 0 	 120 	 0 	 120 	 0 	 3 	 0 	 3 	 0 	 0 	 0 	 1 	 0 	 1 	 0 	 0 	 0 	 1 	 1 	 1 	 1 	 1 	 1 	 1 	 66 	  	 4 	 15 	 52 	 46 	 20
Tutor85 	 85 	 0 	 120 	 0 	 120 	 0 	 3 	 0 	 3 	 1 	 1 	 0 	 0 	 0 	 0 	 0 	 0 	 0 	 1 	 1 	 1 	 1 	 1 	 1 	 0 	  	 6 	 40 	 70 	 32 	 15 	 66 	 63
Tutor86 	 86 	 0 	 120 	 0 	 120 	 0 	 3 	 0 	 3 	 0 	 0 	 0 	 0 	 0 	 0 	 1 	 0 	 0 	 1 	 1 	 1 	 1 	 1 	 1 	 0 	  	 5 	 27 	 95 	 28 	 50 	 21
Tutor87 	 87 	 0 	 120 	 0 	 120 	 0 	 3 	 0 	 3 	 0 	 0 	 0 	 0 	 0 	 0 	 0 	 0 	 0 	 1 	 1 	 1 	 1 	 1 	 1 	 0 	  	 5 	 13 	 60 	 11 	 86 	 90
Tutor88 	 88 	 0 	 120 	 0 	 120 	 0 	 3 	 0 	 3 	 1 	 0 	 1 	 1 	 0 	 0 	 0 	 1 	 0 	 1 	 1 	 1 	 1 	 1 	 1 	 0 	  	 2 	 89 	 90
Tutor89 	 89 	 0 	 120 	 0 	 120 	 0 	 3 	 0 	 3 	 0 	 0 	 0 	 0 	 1 	 0 	 0 	 0 	 0 	 1 	 1 	 1 	 1 	 1 	 1 	 0 	  	 5 	 66 	 12 	 97 	 63 	 10
Tutor90 	 90 	 0 	 120 	 0 	 120 	 0 	 3 	 0 	 3 	 1 	 0 	 0 	 0 	 0 	 0 	 0 	 0 	 0 	 1 	 1 	 1 	 1 	 1 	 1 	 0 	  	 2 	 17 	 93
Tutor91 	 91 	 0 	 120 	 0 	 120 	 0 	 3 	 0 	 3 	 0 	 1 	 1 	 0 	 0 	 0 	 0 	 1 	 0 	 1 	 1 	 1 	 1 	 1 	 1 	 1 	 111 	  	 5 	 31 	 16 	 6 	 77 	 91
Tutor92 	 92 	 0 	 120 	 0 	 120 	 0 	 3 	 0 	 3 	 0 	 1 	 0 	 0 	 0 	 0 	 0 	 0 	 1 	 1 	 1 	 1 	 1 	 1 	 1 	 0 	  	 4 	 45 	 50 	 30 	 82
Tutor93 	 93 	 0 	 120 	 0 	 120 	 0 	 3 	 0 	 3 	 0 	 0 	 0 	 0 	 1 	 0 	 0 	 0 	 0 	 1 	 1 	 1 	 1 	 1 	 1 	 0 	  	 6 	 48 	 80 	 23 	 88 	 83 	 70
Tutor94 	 94 	 0 	 120 	 0 	 120 	 0 	 3 	 0 	 3 	 1 	 0 	 0 	 0 	 0 	 0 	 1 	 1 	 1 	 1 	 1 	 1 	 1 	 1 	 1 	 0 	  	 5 	 73 	 31 	 6 	 87 	 91
Tutor95 	 95 	 0 	 120 	 0 	 120 	 0 	 3 	 0 	 3 	 1 	 1 	 0 	 0 	 1 	 0 	 0 	 0 	 0 	 1 	 1 	 1 	 1 	 1 	 1 	 0 	  	 5 	 73 	 60 	 29 	 40 	 42
Tutor96 	 96 	 0 	 120 	 0 	 120 	 0 	 3 	 0 	 3 	 1 	 0 	 0 	 0 	 0 	 0 	 0 	 1 	 1 	 1 	 1 	 1 	 1 	 1 	 1 	 0 	  	 1 	 59
Tutor97 	 97 	 0 	 120 	 0 	 120 	 0 	 3 	 0 	 3 	 0 	 0 	 0 	 0 	 0 	 0 	 0 	 0 	 0 	 1 	 1 	 1 	 1 	 1 	 1 	 0 	  	 4 	 66 	 45 	 88 	 63
Tutor98 	 98 	 0 	 120 	 0 	 120 	 0 	 3 	 0 	 3 	 0 	 0 	 0 	 0 	 0 	 0 	 0 	 0 	 0 	 1 	 1 	 1 	 1 	 1 	 1 	 0 	  	 2 	 21 	 85
Tutor99 	 99 	 0 	 120 	 0 	 120 	 0 	 3 	 0 	 3 	 0 	 0 	 1 	 0 	 0 	 0 	 1 	 0 	 1 	 1 	 1 	 1 	 1 	 1 	 1 	 0 	  	 2 	 94 	 74
Tutor100 	 100 	 0 	 120 	 0 	 120 	 0 	 3 	 0 	 3 	 0 	 0 	 1 	 0 	 1 	 1 	 1 	 0 	 0 	 1 	 1 	 1 	 1 	 1 	 1 	 1 	 46 	  	 0
Tutor101 	 101 	 0 	 120 	 0 	 120 	 0 	 3 	 0 	 3 	 0 	 0 	 0 	 0 	 0 	 0 	 0 	 0 	 0 	 1 	 1 	 1 	 1 	 1 	 1 	 0 	  	 4 	 31 	 19 	 44 	 22
Tutor102 	 102 	 0 	 120 	 0 	 120 	 0 	 3 	 0 	 3 	 0 	 0 	 0 	 0 	 0 	 0 	 1 	 0 	 1 	 1 	 1 	 1 	 1 	 1 	 1 	 1 	 59 	  	 2 	 5 	 33
Tutor103 	 103 	 0 	 120 	 0 	 120 	 0 	 3 	 0 	 3 	 0 	 1 	 0 	 0 	 1 	 0 	 0 	 0 	 0 	 1 	 1 	 1 	 1 	 1 	 1 	 0 	  	 4 	 43 	 13 	 6 	 25
Tutor104 	 104 	 0 	 120 	 0 	 120 	 0 	 3 	 0 	 3 	 0 	 0 	 1 	 0 	 0 	 0 	 0 	 0 	 0 	 1 	 1 	 1 	 1 	 1 	 1 	 1 	 93 	  	 1 	 29
Tutor105 	 105 	 0 	 120 	 0 	 120 	 0 	 3 	 0 	 3 	 0 	 1 	 0 	 0 	 0 	 0 	 1 	 0 	 1 	 1 	 1 	 1 	 1 	 1 	 1 	 0 	  	 6 	 18 	 7 	 81 	 88 	 89 	 56
Tutor106 	 106 	 0 	 120 	 0 	 120 	 0 	 3 	 0 	 3 	 0 	 0 	 0 	 1 	 0 	 0 	 1 	 0 	 0 	 1 	 1 	 1 	 1 	 1 	 1 	 1 	 31 	  	 1 	 27
Tutor107 	 107 	 0 	 120 	 0 	 120 	 0 	 3 	 0 	 3 	 1 	 1 	 0 	 0 	 1 	 0 	 0 	 0 	 0 	 1 	 1 	 1 	 1 	 1 	 1 	 1 	 2 	  	 0
Tutor108 	 108 	 0 	 120 	 0 	 120 	 0 	 3 	 0 	 3 	 0 	 0 	 0 	 0 	 0 	 1 	 0 	 1 	 0 	 1 	 1 	 1 	 1 	 1 	 1 	 0 	  	 4 	 78 	 30 	 83 	 48
Tutor109 	 109 	 0 	 120 	 0 	 120 	 0 	 3 	 0 	 3 	 0 	 0 	 0 	 0 	 0 	 1 	 0 	 0 	 0 	 1 	 1 	 1 	 1 	 1 	 1 	 0 	  	 6 	 36 	 4 	 10 	 7 	 43 	 79
Tutor110 	 110 	 0 	 120 	 0 	 120 	 0 	 3 	 0 	 3 	 1 	 0 	 0 	 0 	 0 	 0 	 0 	 0 	 0 	 1 	 1 	 1 	 1 	 1 	 1 	 0 	  	 1 	 14
Tutor111 	 111 	 0 	 120 	 0 	 120 	 0 	 3 	 0 	 3 	 0 	 1 	 0 	 0 	 0 	 0 	 0 	 0 	 0 	 1 	 1 	 1 	 1 	 1 	 1 	 0 	  	 0
Tutor112 	 112 	 0 	 120 	 0 	 120 	 0 	 3 	 0 	 3 	 0 	 0 	 1 	 1 	 0 	 0 	 0 	 0 	 0 	 1 	 1 	 1 	 1 	 1 	 1 	 0 	  	 3 	 18 	 38 	 73
Tutor113 	 113 	 0 	 120 	 0 	 120 	 0 	 3 	 0 	 3 	 0 	 1 	 0 	 0 	 0 	 1 	 0 	 0 	 0 	 1 	 1 	 1 	 1 	 1 	 1 	 1 	 118 	  	 1 	 68
Tutor114 	 114 	 0 	 120 	 0 	 120 	 0 	 3 	 0 	 3 	 1 	 0 	 0 	 0 	 1 	 0 	 0 	 0 	 0 	 1 	 1 	 1 	 1 	 1 	 1 	 0 	  	 1 	 93
Tutor115 	 115 	 0 	 120 	 0 	 120 	 0 	 3 	 0 	 3 	 0 	 0 	 0 	 0 	 0 	 0 	 0 	 0 	 1 	 1 	 1 	 1 	 1 	 1 	 1 	 1 	 18 	  	 1 	 10
Tutor116 	 116 	 0 	 120 	 0 	 120 	 0 	 3 	 0 	 3 	 0 	 0 	 0 	 0 	 0 	 0 	 0 	 0 	 0 	 1 	 1 	 1 	 1 	 1 	 1 	 0 	  	 5 	 90 	 18 	 61 	 30 	 4
Tutor117 	 117 	 0 	 120 	 0 	 120 	 0 	 3 	 0 	 3 	 1 	 0 	 0 	 1 	 0 	 0 	 1 	 0 	 0 	 1 	 1 	 1 	 1 	 1 	 1 	 1 	 62 	  	 3 	 40 	 94 	 31
Tutor118 	 118 	 0 	 120 	 0 	 120 	 0 	 3 	 0 	 3 	 0 	 1 	 0 	 0 	 0 	 0 	 1 	 0 	 0 	 1 	 1 	 1 	 1 	 1 	 1 	 0 	  	 0
Tutor119 	 119 	 0 	 120 	 0 	 120 	 0 	 3 	 0 	 3 	 0 	 1 	 0 	 0 	 1 	 0 	 0 	 0 	 0 	 1 	 1 	 1 	 1 	 1 	 1 	 0 	  	 1 	 10
Tutor120 	 120 	 0 	 120 	 0 	 120 	 0 	 3 	 0 	 3 	 0 	 0 	 1 	 1 	 0 	 1 	 0 	 0 	 0 	 1 	 1 	 1 	 1 	 1 	 1 	 1 	 114 	  	 5 	 6 	 84 	 20 	 97 	 51
Tutor121 	 121 	 0 	 120 	 0 	 120 	 0 	 3 	 0 	 3 	 0 	 0 	 0 	 1 	 0 	 0 	 1 	 0 	 0 	 1 	 1 	 1 	 1 	 1 	 1 	 1 	 34 	  	 5 	 37 	 23 	 65 	 11 	 24
Tutor122 	 122 	 0 	 120 	 0 	 120 	 0 	 3 	 0 	 3 	 0 	 1 	 0 	 1 	 0 	 0 	 0 	 0 	 1 	 1 	 1 	 1 	 1 	 1 	 1 	 1 	 112 	  	 3 	 11 	 85 	 41
Tutor123 	 123 	 0 	 120 	 0 	 120 	 0 	 3 	 0 	 3 	 1 	 0 	 0 	 0 	 0 	 1 	 0 	 0 	 1 	 1 	 1 	 1 	 1 	 1 	 1 	 1 	 16 	  	 2 	 23 	 30
Tutor124 	 124 	 0 	 120 	 0 	 120 	 0 	 3 	 0 	 3 	 0 	 0 	 0 	 0 	 1 	 1 	 0 	 1 	 0 	 1 	 1 	 1 	 1 	 1 	 1 	 0 	  	 6 	 83 	 80 	 50 	 48 	 23 	 40
Tutor125 	 125 	 0 	 120 	 0 	 120 	 0 	 3 	 0 	 3 	 0 	 0 	 0 	 1 	 1 	 0 	 0 	 0 	 0 	 1 	 1 	 1 	 1 	 1 	 1 	 0 	  	 3 	 79 	 81 	 11
Tutor126 	 126 	 0 	 120 	 0 	 120 	 0 	 3 	 0 	 3 	 0 	 0 	 1 	 0 	 0 	 0 	 0 	 1 	 1 	 1 	 1 	 1 	 1 	 1 	 1 	 1 	 32 	  	 2 	 13 	 46
Tutor127 	 127 	 0 	 120 	 0 	 120 	 0 	 3 	 0 	 3 	 0 	 0 	 1 	 0 	 0 	 0 	 0 	 1 	 0 	 1 	 1 	 1 	 1 	 1 	 1 	 1 	 65 	  	 0
Tutor128 	 128 	 0 	 120 	 0 	 120 	 0 	 3 	 0 	 3 	 0 	 0 	 0 	 0 	 0 	 0 	 0 	 1 	 0 	 1 	 1 	 1 	 1 	 1 	 1 	 0 	  	 4 	 61 	 40 	 3 	 79
Tutor129 	 129 	 0 	 120 	 0 	 120 	 0 	 3 	 0 	 3 	 1 	 0 	 1 	 0 	 0 	 0 	 0 	 0 	 0 	 1 	 1 	 1 	 1 	 1 	 1 	 0 	  	 2 	 31 	 94
Tutor130 	 130 	 0 	 120 	 0 	 120 	 0 	 3 	 0 	 3 	 0 	 0 	 0 	 0 	 1 	 0 	 1 	 0 	 0 	 1 	 1 	 1 	 1 	 1 	 1 	 0 	  	 2 	 46 	 79
Tutor131 	 131 	 0 	 120 	 0 	 120 	 0 	 3 	 0 	 3 	 1 	 0 	 0 	 0 	 0 	 0 	 0 	 0 	 0 	 1 	 1 	 1 	 1 	 1 	 1 	 0 	  	 0
Tutor132 	 132 	 0 	 120 	 0 	 120 	 0 	 3 	 0 	 3 	 0 	 0 	 0 	 0 	 0 	 0 	 0 	 1 	 1 	 1 	 1 	 1 	 1 	 1 	 1 	 0 	  	 4 	 70 	 95 	 14 	 58
Tutor133 	 133 	 0 	 120 	 0 	 120 	 0 	 3 	 0 	 3 	 0 	 0 	 1 	 0 	 0 	 0 	 0 	 1 	 0 	 1 	 1 	 1 	 1 	 1 	 1 	 1 	 42 	  	 0
Tutor134 	 134 	 0 	 120 	 0 	 120 	 0 	 3 	 0 	 3 	 0 	 0 	 0 	 0 	 0 	 0 	 1 	 0 	 0 	 1 	 1 	 0 	 0 	 0 	 0 	 1 	 104 	  	 4 	 3 	 11 	 89 	 17
Tutor135 	 135 	 0 	 120 	 0 	 120 	 0 	 3 	 0 	 3 	 0 	 0 	 0 	 0 	 0 	 1 	 0 	 0 	 0 	 1 	 1 	 1 	 1 	 1 	 1 	 1 	 26 	  	 5 	 87 	 18 	 89 	 71 	 26
Tutor136 	 136 	 0 	 120 	 0 	 120 	 0 	 3 	 0 	 3 	 0 	 0 	 0 	 0 	 0 	 0 	 0 	 0 	 0 	 1 	 1 	 1 	 1 	 1 	 1 	 0 	  	 4 	 76 	 0 	 2 	 7
Tutor137 	 137 	 0 	 120 	 0 	 120 	 0 	 3 	 0 	 3 	 0 	 0 	 0 	 0 	 1 	 0 	 0 	 0 	 0 	 1 	 1 	 1 	 1 	 1 	 1 	 0 	  	 4 	 65 	 20 	 98 	 86
Tutor138 	 138 	 0 	 120 	 0 	 120 	 0 	 3 	 0 	 3 	 0 	 0 	 0 	 0 	 0 	 0 	 0 	 0 	 1 	 1 	 1 	 1 	 1 	 1 	 1 	 1 	 74 	  	 6 	 32 	 13 	 81 	 79 	 6 	 97
Tutor139 	 139 	 0 	 120 	 0 	 120 	 0 	 3 	 0 	 3 	 0 	 0 	 0 	 1 	 0 	 0 	 0 	 0 	 0 	 1 	 1 	 1 	 1 	 1 	 1 	 1 	 10 	  	 2 	 75 	 16
Tutor140 	 140 	 0 	 120 	 0 	 120 	 0 	 3 	 0 	 3 	 0 	 1 	 0 	 0 	 0 	 0 	 0 	 0 	 0 	 1 	 1 	 1 	 1 	 1 	 1 	 0 	  	 6 	 34 	 79 	 6 	 52 	 66 	 14
Tutor141 	 141 	 0 	 120 	 0 	 120 	 0 	 3 	 0 	 3 	 1 	 0 	 0 	 0 	 1 	 0 	 0 	 0 	 1 	 1 	 1 	 1 	 1 	 1 	 1 	 1 	 19 	  	 3 	 29 	 64 	 49
Tutor142 	 142 	 0 	 120 	 0 	 120 	 0 	 3 	 0 	 3 	 1 	 0 	 0 	 0 	 0 	 0 	 0 	 0 	 0 	 1 	 1 	 1 	 1 	 1 	 1 	 0 	  	 0
Tutor143 	 143 	 0 	 120 	 0 	 120 	 0 	 3 	 0 	 3 	 1 	 0 	 0 	 0 	 1 	 0 	 0 	 0 	 0 	 1 	 1 	 1 	 1 	 1 	 1 	 1 	 38 	  	 5 	 21 	 37 	 81 	 46 	 26
Tutor144 	 144 	 0 	 120 	 0 	 120 	 0 	 3 	 0 	 3 	 0 	 0 	 0 	 0 	 0 	 0 	 0 	 0 	 1 	 1 	 1 	 1 	 1 	 1 	 1 	 0 	  	 3 	 36 	 70 	 3
Tutor145 	 145 	 0 	 120 	 0 	 120 	 0 	 3 	 0 	 3 	 0 	 0 	 0 	 0 	 0 	 0 	 0 	 1 	 0 	 1 	 1 	 1 	 1 	 1 	 1 	 1 	 117 	  	 4 	 5 	 23 	 14 	 8
Tutor146 	 146 	 0 	 120 	 0 	 120 	 0 	 3 	 0 	 3 	 0 	 0 	 0 	 0 	 0 	 1 	 0 	 0 	 0 	 1 	 1 	 1 	 1 	 1 	 1 	 0 	  	 5 	 95 	 20 	 57 	 23 	 73
Tutor147 	 147 	 0 	 120 	 0 	 120 	 0 	 3 	 0 	 3 	 0 	 0 	 0 	 0 	 0 	 0 	 0 	 0 	 0 	 1 	 1 	 1 	 1 	 1 	 1 	 1 	 48 	  	 2 	 32 	 25
Tutor148 	 148 	 0 	 120 	 0 	 120 	 0 	 3 	 0 	 3 	 1 	 0 	 0 	 0 	 0 	 0 	 0 	 0 	 0 	 1 	 1 	 1 	 1 	 1 	 1 	 1 	 73 	  	 1 	 75
Tutor149 	 149 	 0 	 120 	 0 	 120 	 0 	 3 	 0 	 3 	 0 	 1 	 0 	 1 	 0 	 1 	 0 	 0 	 0 	 1 	 1 	 1 	 1 	 1 	 1 	 1 	 30 	  	 0
Tutor150 	 150 	 0 	 120 	 0 	 120 	 0 	 3 	 0 	 3 	 0 	 0 	 0 	 1 	 0 	 1 	 0 	 0 	 0 	 1 	 1 	 1 	 1 	 1 	 1 	 1 	 28 	  	 5 	 71 	 32 	 83 	 66 	 58
Tutor151 	 151 	 0 	 120 	 0 	 120 	 0 	 3 	 0 	 3 	 0 	 0 	 1 	 0 	 0 	 0 	 1 	 0 	 0 	 1 	 1 	 1 	 1 	 1 	 1 	 1 	 103 	  	 5 	 16 	 68 	 62 	 87 	 11
Tutor152 	 152 	 0 	 120 	 0 	 120 	 0 	 3 	 0 	 3 	 0 	 0 	 1 	 0 	 0 	 0 	 0 	 0 	 0 	 1 	 1 	 1 	 1 	 1 	 1 	 1 	 72 	  	 5 	 2 	 22 	 88 	 64 	 11
Tutor153 	 153 	 0 	 120 	 0 	 120 	 0 	 3 	 0 	 3 	 0 	 0 	 0 	 0 	 0 	 0 	 0 	 0 	 0 	 1 	 1 	 1 	 1 	 1 	 1 	 1 	 113 	  	 0
Tutor154 	 154 	 0 	 120 	 0 	 120 	 0 	 3 	 0 	 3 	 0 	 0 	 1 	 1 	 1 	 0 	 0 	 0 	 0 	 1 	 1 	 1 	 1 	 1 	 1 	 0 	  	 0
Tutor155 	 155 	 0 	 120 	 0 	 120 	 0 	 3 	 0 	 3 	 1 	 0 	 1 	 0 	 0 	 0 	 0 	 0 	 0 	 1 	 1 	 1 	 1 	 1 	 1 	 0 	  	 2 	 54 	 80
Tutor156 	 156 	 0 	 120 	 0 	 120 	 0 	 3 	 0 	 3 	 0 	 1 	 0 	 0 	 1 	 0 	 0 	 1 	 0 	 1 	 1 	 1 	 1 	 1 	 1 	 0 	  	 3 	 72 	 6 	 28
Tutor157 	 157 	 0 	 120 	 0 	 120 	 0 	 3 	 0 	 3 	 0 	 1 	 0 	 0 	 0 	 0 	 1 	 1 	 0 	 1 	 1 	 1 	 1 	 1 	 1 	 1 	 53 	  	 0
Tutor158 	 158 	 0 	 120 	 0 	 120 	 0 	 3 	 0 	 3 	 1 	 0 	 0 	 1 	 0 	 0 	 0 	 1 	 0 	 1 	 1 	 1 	 1 	 1 	 1 	 1 	 1 	  	 6 	 72 	 25 	 54 	 82 	 31 	 22
Tutor159 	 159 	 0 	 120 	 0 	 120 	 0 	 3 	 0 	 3 	 0 	 0 	 0 	 1 	 1 	 1 	 1 	 0 	 0 	 1 	 1 	 0 	 0 	 0 	 0 	 0 	  	 6 	 31 	 18 	 64 	 88 	 26 	 74
Tutor160 	 160 	 0 	 120 	 0 	 120 	 0 	 3 	 0 	 3 	 0 	 1 	 0 	 0 	 0 	 1 	 0 	 1 	 0 	 1 	 1 	 1 	 1 	 1 	 1 	 0 	  	 6 	 8 	 94 	 29 	 2 	 72 	 79
Tutor161 	 161 	 0 	 120 	 0 	 120 	 0 	 3 	 0 	 3 	 0 	 0 	 1 	 0 	 0 	 0 	 0 	 0 	 0 	 1 	 1 	 1 	 1 	 1 	 1 	 1 	 22 	  	 6 	 22 	 73 	 55 	 71 	 66 	 41
Tutor162 	 162 	 0 	 120 	 0 	 120 	 0 	 3 	 0 	 3 	 0 	 1 	 0 	 0 	 1 	 0 	 1 	 0 	 0 	 1 	 1 	 1 	 1 	 1 	 1 	 0 	  	 2 	 23 	 5
Tutor163 	 163 	 0 	 120 	 0 	 120 	 0 	 3 	 0 	 3 	 0 	 1 	 1 	 0 	 0 	 0 	 0 	 0 	 0 	 1 	 1 	 1 	 1 	 1 	 1 	 1 	 83 	  	 6 	 2 	 25 	 7 	 28 	 44 	 32
Tutor164 	 164 	 0 	 120 	 0 	 120 	 0 	 3 	 0 	 3 	 0 	 0 	 0 	 0 	 0 	 0 	 1 	 0 	 0 	 1 	 1 	 1 	 1 	 1 	 1 	 0 	  	 2 	 16 	 93
Tutor165 	 165 	 0 	 120 	 0 	 120 	 0 	 3 	 0 	 3 	 0 	 0 	 0 	 0 	 0 	 1 	 0 	 0 	 0 	 1 	 1 	 1 	 1 	 1 	 1 	 1 	 0 	  	 0
Tutor166 	 166 	 0 	 120 	 0 	 120 	 0 	 3 	 0 	 3 	 0 	 0 	 1 	 0 	 1 	 0 	 0 	 1 	 1 	 1 	 1 	 1 	 1 	 1 	 1 	 1 	 115 	  	 5 	 22 	 61 	 18 	 43 	 38
Tutor167 	 167 	 0 	 120 	 0 	 120 	 0 	 3 	 0 	 3 	 1 	 0 	 0 	 0 	 0 	 1 	 1 	 0 	 0 	 1 	 1 	 1 	 1 	 1 	 1 	 0 	  	 5 	 45 	 68 	 30 	 17 	 67
Tutor168 	 168 	 0 	 120 	 0 	 120 	 0 	 3 	 0 	 3 	 0 	 1 	 0 	 0 	 0 	 0 	 0 	 0 	 0 	 1 	 1 	 1 	 1 	 1 	 1 	 0 	  	 2 	 42 	 64
Tutor169 	 169 	 0 	 120 	 0 	 120 	 0 	 3 	 0 	 3 	 1 	 0 	 0 	 0 	 1 	 0 	 0 	 0 	 0 	 1 	 1 	 1 	 1 	 1 	 1 	 0 	  	 0
Tutor170 	 170 	 0 	 120 	 0 	 120 	 0 	 3 	 0 	 3 	 1 	 0 	 1 	 0 	 0 	 1 	 0 	 0 	 0 	 1 	 1 	 1 	 1 	 1 	 1 	 0 	  	 6 	 52 	 29 	 79 	 14 	 71 	 92
Tutor171 	 171 	 0 	 120 	 0 	 120 	 0 	 3 	 0 	 3 	 0 	 0 	 0 	 0 	 0 	 0 	 0 	 0 	 0 	 1 	 1 	 1 	 1 	 1 	 1 	 0 	  	 3 	 42 	 79 	 76
Tutor172 	 172 	 0 	 120 	 0 	 120 	 0 	 3 	 0 	 3 	 1 	 0 	 0 	 0 	 0 	 0 	 1 	 0 	 0 	 1 	 1 	 1 	 1 	 1 	 1 	 1 	 25 	  	 1 	 79
Tutor173 	 173 	 0 	 120 	 0 	 120 	 0 	 3 	 0 	 3 	 0 	 0 	 0 	 0 	 0 	 0 	 0 	 0 	 0 	 1 	 1 	 1 	 1 	 1 	 1 	 0 	  	 1 	 35
Tutor174 	 174 	 0 	 120 	 0 	 120 	 0 	 3 	 0 	 3 	 0 	 1 	 0 	 0 	 0 	 0 	 0 	 0 	 0 	 1 	 1 	 1 	 1 	 1 	 1 	 1 	 40 	  	 3 	 29 	 3 	 25
Tutor175 	 175 	 0 	 120 	 0 	 120 	 0 	 3 	 0 	 3 	 1 	 0 	 0 	 0 	 0 	 0 	 0 	 1 	 0 	 1 	 1 	 1 	 1 	 1 	 1 	 1 	 100 	  	 5 	 69 	 94 	 30 	 52 	 67
Tutor176 	 176 	 0 	 120 	 0 	 120 	 0 	 3 	 0 	 3 	 0 	 0 	 0 	 0 	 0 	 0 	 1 	 0 	 0 	 1 	 1 	 1 	 1 	 1 	 1 	 0 	  	 3 	 56 	 74 	 81
Tutor177 	 177 	 0 	 120 	 0 	 120 	 0 	 3 	 0 	 3 	 1 	 0 	 0 	 0 	 0 	 0 	 0 	 0 	 0 	 1 	 1 	 1 	 1 	 1 	 1 	 1 	 90 	  	 2 	 90 	 14
Tutor178 	 178 	 0 	 120 	 0 	 120 	 0 	 3 	 0 	 3 	 0 	 0 	 0 	 0 	 0 	 0 	 0 	 0 	 0 	 1 	 1 	 1 	 1 	 1 	 1 	 0 	  	 2 	 28 	 91
Tutor179 	 179 	 0 	 120 	 0 	 120 	 0 	 3 	 0 	 3 	 0 	 0 	 0 	 0 	 0 	 1 	 0 	 0 	 0 	 1 	 1 	 1 	 1 	 1 	 1 	 0 	  	 6 	 90 	 23 	 64 	 45 	 81 	 55
Tutor180 	 180 	 0 	 120 	 0 	 120 	 0 	 3 	 0 	 3 	 0 	 0 	 0 	 0 	 0 	 0 	 0 	 0 	 0 	 1 	 1 	 1 	 1 	 1 	 1 	 0 	  	 2 	 77 	 85
Tutor181 	 181 	 0 	 120 	 0 	 120 	 0 	 3 	 0 	 3 	 0 	 0 	 0 	 0 	 0 	 0 	 0 	 0 	 0 	 1 	 1 	 1 	 1 	 1 	 1 	 1 	 47 	  	 1 	 6
Tutor182 	 182 	 0 	 120 	 0 	 120 	 0 	 3 	 0 	 3 	 0 	 0 	 0 	 0 	 0 	 0 	 1 	 1 	 0 	 1 	 1 	 1 	 1 	 1 	 1 	 1 	 70 	  	 3 	 28 	 75 	 3
Tutor183 	 183 	 0 	 120 	 0 	 120 	 0 	 3 	 0 	 3 	 0 	 1 	 0 	 1 	 0 	 1 	 0 	 0 	 0 	 1 	 1 	 0 	 0 	 0 	 0 	 1 	 81 	  	 5 	 0 	 83 	 31 	 51 	 20
Tutor184 	 184 	 0 	 120 	 0 	 120 	 0 	 3 	 0 	 3 	 0 	 0 	 1 	 0 	 0 	 0 	 0 	 1 	 0 	 1 	 1 	 1 	 1 	 1 	 1 	 1 	 124 	  	 3 	 15 	 59 	 0
Tutor185 	 185 	 0 	 120 	 0 	 120 	 0 	 3 	 0 	 3 	 1 	 0 	 0 	 0 	 0 	 0 	 0 	 0 	 0 	 1 	 1 	 1 	 1 	 1 	 1 	 1 	 13 	  	 4 	 42 	 7 	 43 	 44
Tutor186 	 186 	 0 	 120 	 0 	 120 	 0 	 3 	 0 	 3 	 0 	 0 	 0 	 1 	 1 	 0 	 0 	 0 	 0 	 1 	 1 	 1 	 1 	 1 	 1 	 1 	 51 	  	 3 	 80 	 64 	 7
Tutor187 	 187 	 0 	 120 	 0 	 120 	 0 	 3 	 0 	 3 	 1 	 0 	 0 	 0 	 0 	 0 	 0 	 1 	 1 	 1 	 1 	 1 	 1 	 1 	 1 	 0 	  	 5 	 33 	 31 	 75 	 86 	 13
Tutor188 	 188 	 0 	 120 	 0 	 120 	 0 	 3 	 0 	 3 	 1 	 1 	 0 	 0 	 0 	 1 	 0 	 1 	 0 	 1 	 1 	 1 	 1 	 1 	 1 	 0 	  	 3 	 33 	 67 	 8
Tutor189 	 189 	 0 	 120 	 0 	 120 	 0 	 3 	 0 	 3 	 1 	 0 	 0 	 1 	 1 	 0 	 1 	 0 	 0 	 1 	 1 	 1 	 1 	 1 	 1 	 0 	  	 4 	 74 	 76 	 0 	 60
Tutor190 	 190 	 0 	 120 	 0 	 120 	 0 	 3 	 0 	 3 	 1 	 0 	 0 	 0 	 0 	 0 	 1 	 0 	 0 	 1 	 1 	 1 	 1 	 1 	 1 	 1 	 9 	  	 5 	 69 	 36 	 89 	 87 	 55
Tutor191 	 191 	 0 	 120 	 0 	 120 	 0 	 3 	 0 	 3 	 1 	 0 	 0 	 0 	 0 	 0 	 0 	 0 	 0 	 1 	 1 	 1 	 1 	 1 	 1 	 0 	  	 6 	 18 	 72 	 20 	 42 	 29 	 3
Tutor192 	 192 	 0 	 120 	 0 	 120 	 0 	 3 	 0 	 3 	 0 	 0 	 0 	 0 	 1 	 0 	 0 	 0 	 0 	 1 	 1 	 1 	 1 	 1 	 1 	 1 	 21 	  	 1 	 46
Tutor193 	 193 	 0 	 120 	 0 	 120 	 0 	 3 	 0 	 3 	 0 	 0 	 0 	 0 	 0 	 1 	 0 	 1 	 1 	 1 	 1 	 1 	 1 	 1 	 1 	 1 	 61 	  	 3 	 26 	 52 	 60
Tutor194 	 194 	 0 	 120 	 0 	 120 	 0 	 3 	 0 	 3 	 0 	 0 	 0 	 1 	 0 	 0 	 0 	 1 	 0 	 1 	 1 	 1 	 1 	 1 	 1 	 0 	  	 6 	 89 	 22 	 17 	 5 	 36 	 24
Tutor195 	 195 	 0 	 120 	 0 	 120 	 0 	 3 	 0 	 3 	 0 	 0 	 0 	 0 	 0 	 0 	 0 	 0 	 0 	 1 	 1 	 1 	 1 	 1 	 1 	 1 	 52 	  	 4 	 57 	 0 	 90 	 74
Tutor196 	 196 	 0 	 120 	 0 	 120 	 0 	 3 	 0 	 3 	 1 	 0 	 1 	 0 	 0 	 0 	 0 	 0 	 0 	 1 	 1 	 1 	 1 	 1 	 1 	 0 	  	 2 	 92 	 55
Tutor197 	 197 	 0 	 120 	 0 	 120 	 0 	 3 	 0 	 3 	 1 	 0 	 1 	 0 	 0 	 0 	 0 	 0 	 0 	 1 	 1 	 1 	 1 	 1 	 1 	 1 	 43 	  	 2 	 64 	 53
Tutor198 	 198 	 0 	 120 	 0 	 120 	 0 	 3 	 0 	 3 	 0 	 1 	 0 	 0 	 0 	 0 	 0 	 0 	 1 	 1 	 1 	 1 	 1 	 1 	 1 	 0 	  	 1 	 43
Tutor199 	 199 	 0 	 120 	 0 	 120 	 0 	 3 	 0 	 3 	 0 	 0 	 1 	 0 	 0 	 0 	 0 	 0 	 0 	 1 	 1 	 1 	 1 	 1 	 1 	 1 	 56 	  	 5 	 0 	 70 	 15 	 18 	 75
Tutor200 	 200 	 0 	 120 	 0 	 120 	 0 	 3 	 0 	 3 	 0 	 0 	 0 	 1 	 0 	 0 	 0 	 0 	 0 	 1 	 1 	 1 	 1 	 1 	 1 	 0 	  	 2 	 17 	 46
Tutor201 	 201 	 0 	 120 	 0 	 120 	 0 	 3 	 0 	 3 	 0 	 0 	 1 	 0 	 0 	 0 	 0 	 0 	 0 	 1 	 1 	 1 	 1 	 1 	 1 	 1 	 14 	  	 4 	 11 	 3 	 70 	 7
Tutor202 	 202 	 0 	 120 	 0 	 120 	 0 	 3 	 0 	 3 	 0 	 0 	 0 	 0 	 0 	 0 	 0 	 0 	 0 	 1 	 1 	 1 	 1 	 1 	 1 	 1 	 116 	  	 4 	 96 	 45 	 9 	 80
Tutor203 	 203 	 0 	 120 	 0 	 120 	 0 	 3 	 0 	 3 	 0 	 1 	 0 	 0 	 0 	 0 	 0 	 0 	 0 	 1 	 1 	 1 	 1 	 1 	 1 	 1 	 84 	  	 2 	 33 	 4
Tutor204 	 204 	 0 	 120 	 0 	 120 	 0 	 3 	 0 	 3 	 0 	 0 	 0 	 0 	 1 	 0 	 1 	 0 	 0 	 1 	 1 	 1 	 1 	 1 	 1 	 0 	  	 4 	 25 	 72 	 36 	 83
Tutor205 	 205 	 0 	 120 	 0 	 120 	 0 	 3 	 0 	 3 	 0 	 0 	 0 	 0 	 0 	 0 	 0 	 0 	 0 	 1 	 1 	 1 	 1 	 1 	 1 	 0 	  	 3 	 5 	 84 	 43
Tutor206 	 206 	 0 	 120 	 0 	 120 	 0 	 3 	 0 	 3 	 0 	 0 	 1 	 1 	 0 	 0 	 1 	 0 	 0 	 1 	 1 	 1 	 1 	 1 	 1 	 1 	 123 	  	 1 	 97
Tutor207 	 207 	 0 	 120 	 0 	 120 	 0 	 3 	 0 	 3 	 0 	 0 	 0 	 0 	 0 	 0 	 0 	 1 	 0 	 1 	 1 	 1 	 1 	 1 	 1 	 1 	 92 	  	 1 	 60
Tutor208 	 208 	 0 	 120 	 0 	 120 	 0 	 3 	 0 	 3 	 0 	 0 	 0 	 0 	 0 	 0 	 1 	 0 	 1 	 1 	 1 	 1 	 1 	 1 	 1 	 1 	 87 	  	 0
Tutor209 	 209 	 0 	 120 	 0 	 120 	 0 	 3 	 0 	 3 	 0 	 0 	 0 	 0 	 0 	 0 	 1 	 1 	 0 	 1 	 1 	 1 	 1 	 1 	 1 	 1 	 98 	  	 3 	 61 	 88 	 1
Tutor210 	 210 	 0 	 120 	 0 	 120 	 0 	 3 	 0 	 3 	 0 	 0 	 0 	 1 	 0 	 0 	 0 	 0 	 1 	 1 	 1 	 1 	 1 	 1 	 1 	 0 	  	 5 	 81 	 60 	 77 	 11 	 65
Tutor211 	 211 	 0 	 120 	 0 	 120 	 0 	 3 	 0 	 3 	 0 	 1 	 1 	 0 	 0 	 0 	 0 	 0 	 0 	 1 	 1 	 1 	 1 	 1 	 1 	 1 	 119 	  	 2 	 66 	 56
Tutor212 	 212 	 0 	 120 	 0 	 120 	 0 	 3 	 0 	 3 	 0 	 0 	 1 	 1 	 0 	 0 	 0 	 1 	 1 	 1 	 1 	 1 	 1 	 1 	 1 	 0 	  	 5 	 84 	 55 	 32 	 40 	 91
Tutor213 	 213 	 0 	 120 	 0 	 120 	 0 	 3 	 0 	 3 	 0 	 0 	 1 	 1 	 0 	 1 	 0 	 0 	 0 	 1 	 1 	 1 	 1 	 1 	 1 	 1 	 24 	  	 1 	 76
Tutor214 	 214 	 0 	 120 	 0 	 120 	 0 	 3 	 0 	 3 	 1 	 1 	 0 	 0 	 0 	 0 	 0 	 0 	 0 	 1 	 1 	 1 	 1 	 1 	 1 	 0 	  	 0
Tutor215 	 215 	 0 	 120 	 0 	 120 	 0 	 3 	 0 	 3 	 1 	 0 	 0 	 0 	 0 	 0 	 0 	 1 	 0 	 1 	 1 	 1 	 1 	 1 	 1 	 1 	 6 	  	 2 	 81 	 94
Tutor216 	 216 	 0 	 120 	 0 	 120 	 0 	 3 	 0 	 3 	 0 	 1 	 0 	 0 	 0 	 0 	 0 	 0 	 0 	 1 	 1 	 1 	 1 	 1 	 1 	 1 	 64 	  	 4 	 52 	 1 	 44 	 75
Tutor217 	 217 	 0 	 120 	 0 	 120 	 0 	 3 	 0 	 3 	 0 	 0 	 0 	 0 	 1 	 0 	 1 	 0 	 0 	 1 	 1 	 1 	 1 	 1 	 1 	 1 	 49 	  	 1 	 72
Tutor218 	 218 	 0 	 120 	 0 	 120 	 0 	 3 	 0 	 3 	 0 	 0 	 0 	 1 	 0 	 0 	 0 	 0 	 0 	 1 	 1 	 1 	 1 	 1 	 1 	 0 	  	 5 	 5 	 68 	 23 	 14 	 26
Tutor219 	 219 	 0 	 120 	 0 	 120 	 0 	 3 	 0 	 3 	 0 	 1 	 1 	 0 	 0 	 0 	 0 	 0 	 0 	 1 	 1 	 1 	 1 	 1 	 1 	 0 	  	 5 	 73 	 60 	 41 	 29 	 18
Tutor220 	 220 	 0 	 120 	 0 	 120 	 0 	 3 	 0 	 3 	 0 	 0 	 0 	 0 	 0 	 0 	 0 	 0 	 0 	 1 	 1 	 1 	 1 	 1 	 1 	 1 	 108 	  	 5 	 71 	 75 	 0 	 1 	 41
Tutor221 	 221 	 0 	 120 	 0 	 120 	 0 	 3 	 0 	 3 	 1 	 0 	 0 	 1 	 1 	 1 	 0 	 0 	 0 	 1 	 1 	 1 	 1 	 1 	 1 	 1 	 82 	  	 6 	 35 	 16 	 55 	 52 	 84 	 46
Tutor222 	 222 	 0 	 120 	 0 	 120 	 0 	 3 	 0 	 3 	 0 	 1 	 0 	 0 	 0 	 0 	 0 	 0 	 0 	 1 	 1 	 1 	 1 	 1 	 1 	 1 	 85 	  	 6 	 46 	 47 	 15 	 32 	 80 	 21
Tutor223 	 223 	 0 	 120 	 0 	 120 	 0 	 3 	 0 	 3 	 0 	 1 	 0 	 0 	 0 	 0 	 0 	 0 	 0 	 1 	 1 	 1 	 1 	 1 	 1 	 0 	  	 2 	 64 	 95
Tutor224 	 224 	 0 	 120 	 0 	 120 	 0 	 3 	 0 	 3 	 0 	 0 	 0 	 0 	 0 	 1 	 0 	 0 	 1 	 1 	 1 	 1 	 1 	 1 	 1 	 1 	 106 	  	 2 	 3 	 25
Tutor225 	 225 	 0 	 120 	 0 	 120 	 0 	 3 	 0 	 3 	 0 	 0 	 0 	 0 	 0 	 1 	 0 	 0 	 0 	 1 	 1 	 1 	 1 	 1 	 1 	 0 	  	 5 	 54 	 56 	 67 	 37 	 70
Tutor226 	 226 	 0 	 120 	 0 	 120 	 0 	 3 	 0 	 3 	 0 	 0 	 0 	 0 	 0 	 0 	 0 	 1 	 0 	 1 	 1 	 1 	 1 	 1 	 1 	 1 	 33 	  	 3 	 4 	 44 	 1
Tutor227 	 227 	 0 	 120 	 0 	 120 	 0 	 3 	 0 	 3 	 0 	 0 	 0 	 0 	 0 	 0 	 0 	 0 	 0 	 1 	 1 	 1 	 1 	 1 	 1 	 1 	 55 	  	 5 	 64 	 47 	 69 	 90 	 72
Tutor228 	 228 	 0 	 120 	 0 	 120 	 0 	 3 	 0 	 3 	 0 	 0 	 0 	 1 	 0 	 0 	 0 	 0 	 1 	 1 	 1 	 1 	 1 	 1 	 1 	 1 	 75 	  	 3 	 21 	 24 	 72
Tutor229 	 229 	 0 	 120 	 0 	 120 	 0 	 3 	 0 	 3 	 0 	 0 	 0 	 0 	 0 	 0 	 1 	 0 	 0 	 1 	 1 	 1 	 1 	 1 	 1 	 1 	 41 	  	 2 	 51 	 85
Tutor230 	 230 	 0 	 120 	 0 	 120 	 0 	 3 	 0 	 3 	 0 	 0 	 1 	 0 	 1 	 1 	 0 	 0 	 0 	 1 	 1 	 1 	 1 	 1 	 1 	 1 	 120 	  	 3 	 32 	 13 	 50
Tutor231 	 231 	 0 	 120 	 0 	 120 	 0 	 3 	 0 	 3 	 1 	 0 	 0 	 0 	 0 	 0 	 0 	 0 	 0 	 1 	 1 	 1 	 1 	 1 	 1 	 1 	 86 	  	 0
Tutor232 	 232 	 0 	 120 	 0 	 120 	 0 	 3 	 0 	 3 	 0 	 0 	 0 	 0 	 0 	 0 	 0 	 0 	 0 	 1 	 1 	 1 	 1 	 1 	 1 	 1 	 63 	  	 3 	 9 	 31 	 6
Tutor233 	 233 	 0 	 120 	 0 	 120 	 0 	 3 	 0 	 3 	 1 	 0 	 0 	 0 	 0 	 1 	 1 	 0 	 0 	 1 	 1 	 1 	 1 	 1 	 1 	 1 	 97 	  	 0
Tutor234 	 234 	 0 	 120 	 0 	 120 	 0 	 3 	 0 	 3 	 1 	 0 	 0 	 0 	 1 	 0 	 0 	 0 	 0 	 1 	 1 	 1 	 1 	 1 	 1 	 0 	  	 0
Tutor235 	 235 	 0 	 120 	 0 	 120 	 0 	 3 	 0 	 3 	 1 	 0 	 0 	 0 	 0 	 0 	 0 	 0 	 0 	 1 	 1 	 1 	 1 	 1 	 1 	 0 	  	 0
Tutor236 	 236 	 0 	 120 	 0 	 120 	 0 	 3 	 0 	 3 	 0 	 0 	 0 	 0 	 0 	 1 	 0 	 0 	 0 	 1 	 1 	 1 	 1 	 1 	 1 	 0 	  	 0
Tutor237 	 237 	 0 	 120 	 0 	 120 	 0 	 3 	 0 	 3 	 0 	 0 	 0 	 1 	 0 	 0 	 0 	 0 	 0 	 1 	 1 	 1 	 1 	 1 	 1 	 1 	 67 	  	 6 	 63 	 70 	 55 	 95 	 11 	 81
Tutor238 	 238 	 0 	 120 	 0 	 120 	 0 	 3 	 0 	 3 	 0 	 0 	 1 	 0 	 0 	 0 	 0 	 0 	 0 	 1 	 1 	 1 	 1 	 1 	 1 	 1 	 77 	  	 1 	 75
Tutor239 	 239 	 0 	 120 	 0 	 120 	 0 	 3 	 0 	 3 	 0 	 1 	 0 	 0 	 0 	 0 	 0 	 0 	 1 	 1 	 1 	 1 	 1 	 1 	 1 	 0 	  	 3 	 60 	 9 	 80
Tutor240 	 240 	 0 	 120 	 0 	 120 	 0 	 3 	 0 	 3 	 0 	 0 	 0 	 0 	 1 	 1 	 0 	 0 	 0 	 1 	 1 	 1 	 1 	 1 	 1 	 0 	  	 6 	 95 	 16 	 33 	 13 	 73 	 43
Tutor241 	 241 	 0 	 120 	 0 	 120 	 0 	 3 	 0 	 3 	 0 	 0 	 0 	 0 	 0 	 0 	 0 	 1 	 1 	 1 	 1 	 1 	 1 	 1 	 1 	 1 	 58 	  	 5 	 82 	 66 	 0 	 87 	 14
Tutor242 	 242 	 0 	 120 	 0 	 120 	 0 	 3 	 0 	 3 	 0 	 0 	 0 	 0 	 0 	 0 	 0 	 0 	 0 	 1 	 1 	 1 	 1 	 1 	 1 	 1 	 29 	  	 1 	 31
Tutor243 	 243 	 0 	 120 	 0 	 120 	 0 	 3 	 0 	 3 	 0 	 0 	 0 	 1 	 0 	 0 	 0 	 0 	 0 	 1 	 1 	 1 	 1 	 1 	 1 	 0 	  	 6 	 21 	 85 	 23 	 98 	 30 	 99
Tutor244 	 244 	 0 	 120 	 0 	 120 	 0 	 3 	 0 	 3 	 1 	 0 	 0 	 0 	 0 	 0 	 1 	 0 	 0 	 1 	 1 	 1 	 1 	 1 	 1 	 1 	 94 	  	 5 	 11 	 70 	 57 	 74 	 50
Tutor245 	 245 	 0 	 120 	 0 	 120 	 0 	 3 	 0 	 3 	 0 	 1 	 0 	 0 	 0 	 1 	 1 	 0 	 0 	 1 	 1 	 1 	 1 	 1 	 1 	 1 	 68 	  	 3 	 75 	 44 	 68
Tutor246 	 246 	 0 	 120 	 0 	 120 	 0 	 3 	 0 	 3 	 0 	 1 	 0 	 1 	 0 	 0 	 0 	 0 	 0 	 1 	 1 	 1 	 1 	 1 	 1 	 1 	 102 	  	 2 	 23 	 2
Tutor247 	 247 	 0 	 120 	 0 	 120 	 0 	 3 	 0 	 3 	 0 	 0 	 1 	 0 	 1 	 0 	 1 	 1 	 0 	 1 	 1 	 1 	 1 	 1 	 1 	 0 	  	 6 	 34 	 84 	 35 	 47 	 42 	 64
Tutor248 	 248 	 0 	 120 	 0 	 120 	 0 	 3 	 0 	 3 	 0 	 0 	 0 	 1 	 1 	 0 	 0 	 0 	 1 	 1 	 1 	 1 	 1 	 1 	 1 	 1 	 12 	  	 3 	 17 	 2 	 40
Tutor249 	 249 	 0 	 120 	 0 	 120 	 0 	 3 	 0 	 3 	 1 	 0 	 0 	 0 	 0 	 0 	 0 	 0 	 0 	 1 	 1 	 0 	 0 	 0 	 0 	 1 	 110 	  	 1 	 52
