149
0	4	0	21	150	151	152	153	154	155	156	157	158	159	160	161	162	163	164	165	166	167	168	169	170	
1	6	0	1	299	
2	8	0	21	229	230	231	232	233	234	235	236	237	238	239	240	241	242	243	244	245	246	247	248	249	
3	11	0	7	174	175	176	177	178	179	180	
4	13	0	3	375	376	377	
5	16	0	1	41	
6	17	0	1	12	
7	18	0	21	229	230	231	232	233	234	235	236	237	238	239	240	241	242	243	244	245	246	247	248	249	
8	19	0	1	415	
9	21	0	1	298	
10	22	0	21	466	467	468	469	470	471	472	473	474	475	476	477	478	479	480	481	482	483	484	485	486	
11	24	0	1	502	
12	25	0	1	0	
13	26	0	1	224	
14	27	0	1	487	
15	28	0	21	115	116	117	118	119	120	121	122	123	124	125	126	127	128	129	130	131	132	133	134	135	
16	29	0	1	90	
17	30	0	1	92	
18	31	0	21	115	116	117	118	119	120	121	122	123	124	125	126	127	128	129	130	131	132	133	134	135	
19	32	0	1	43	
20	34	0	1	390	
21	37	0	7	380	381	382	383	384	385	386	
22	40	0	24	391	392	393	394	395	396	397	398	399	400	401	402	403	404	405	406	407	408	409	410	411	412	413	414	
23	41	0	21	93	94	95	96	97	98	99	100	101	102	103	104	105	106	107	108	109	110	111	112	113	
24	42	0	24	200	201	202	203	204	205	206	207	208	209	210	211	212	213	214	215	216	217	218	219	220	221	222	223	
25	43	0	1	488	
26	46	0	15	74	75	76	77	78	79	80	81	82	83	84	85	86	87	88	
27	47	0	1	379	
28	48	0	1	518	
29	51	0	1	91	
30	53	0	24	417	418	419	420	421	422	423	424	425	426	427	428	429	430	431	432	433	434	435	436	437	438	439	440	
31	54	0	21	304	305	306	307	308	309	310	311	312	313	314	315	316	317	318	319	320	321	322	323	324	
32	58	0	1	89	
33	59	0	21	466	467	468	469	470	471	472	473	474	475	476	477	478	479	480	481	482	483	484	485	486	
34	60	0	24	391	392	393	394	395	396	397	398	399	400	401	402	403	404	405	406	407	408	409	410	411	412	413	414	
35	61	0	1	389	
36	62	0	1	378	
37	63	0	24	417	418	419	420	421	422	423	424	425	426	427	428	429	430	431	432	433	434	435	436	437	438	439	440	
38	64	0	1	493	
39	67	0	21	332	333	334	335	336	337	338	339	340	341	342	343	344	345	346	347	348	349	350	351	352	
40	68	0	15	503	504	505	506	507	508	509	510	511	512	513	514	515	516	517	
41	69	0	24	441	442	443	444	445	446	447	448	449	450	451	452	453	454	455	456	457	458	459	460	461	462	463	464	
42	73	0	9	366	367	368	369	370	371	372	373	374	
43	74	0	1	522	
44	75	0	21	304	305	306	307	308	309	310	311	312	313	314	315	316	317	318	319	320	321	322	323	324	
45	80	0	15	503	504	505	506	507	508	509	510	511	512	513	514	515	516	517	
46	82	0	21	93	94	95	96	97	98	99	100	101	102	103	104	105	106	107	108	109	110	111	112	113	
47	83	0	3	301	302	303	
48	85	0	1	42	
49	86	0	21	115	116	117	118	119	120	121	122	123	124	125	126	127	128	129	130	131	132	133	134	135	
50	87	0	3	523	524	525	
51	88	0	1	9	
52	89	0	1	181	
53	90	0	21	466	467	468	469	470	471	472	473	474	475	476	477	478	479	480	481	482	483	484	485	486	
54	93	0	21	466	467	468	469	470	471	472	473	474	475	476	477	478	479	480	481	482	483	484	485	486	
55	94	0	1	225	
56	95	0	1	492	
57	100	0	7	278	279	280	281	282	283	284	
58	101	0	21	52	53	54	55	56	57	58	59	60	61	62	63	64	65	66	67	68	69	70	71	72	
59	102	0	1	250	
60	103	0	21	304	305	306	307	308	309	310	311	312	313	314	315	316	317	318	319	320	321	322	323	324	
61	104	0	3	266	267	268	
62	105	0	21	332	333	334	335	336	337	338	339	340	341	342	343	344	345	346	347	348	349	350	351	352	
63	107	0	21	150	151	152	153	154	155	156	157	158	159	160	161	162	163	164	165	166	167	168	169	170	
64	108	0	15	13	14	15	16	17	18	19	20	21	22	23	24	25	26	27	
65	109	0	1	199	
66	110	0	7	270	271	272	273	274	275	276	
67	111	0	12	353	354	355	356	357	358	359	360	361	362	363	364	
68	113	0	1	387	
69	115	0	21	150	151	152	153	154	155	156	157	158	159	160	161	162	163	164	165	166	167	168	169	170	
70	116	0	1	416	
71	117	0	9	28	29	30	31	32	33	34	35	36	
72	118	0	1	285	
73	119	0	21	93	94	95	96	97	98	99	100	101	102	103	104	105	106	107	108	109	110	111	112	113	
74	120	0	24	200	201	202	203	204	205	206	207	208	209	210	211	212	213	214	215	216	217	218	219	220	221	222	223	
75	121	0	1	171	
76	122	0	7	325	326	327	328	329	330	331	
77	123	0	1	1	
78	125	0	1	527	
79	126	0	1	269	
80	127	0	1	172	
81	129	0	7	143	144	145	146	147	148	149	
82	130	0	15	503	504	505	506	507	508	509	510	511	512	513	514	515	516	517	
83	131	0	1	300	
84	132	0	21	93	94	95	96	97	98	99	100	101	102	103	104	105	106	107	108	109	110	111	112	113	
85	134	0	1	196	
86	136	0	9	28	29	30	31	32	33	34	35	36	
87	139	0	24	200	201	202	203	204	205	206	207	208	209	210	211	212	213	214	215	216	217	218	219	220	221	222	223	
88	141	0	1	11	
89	142	0	15	13	14	15	16	17	18	19	20	21	22	23	24	25	26	27	
90	143	0	1	521	
91	144	0	15	74	75	76	77	78	79	80	81	82	83	84	85	86	87	88	
92	147	0	1	520	
93	148	0	3	489	490	491	
94	150	0	1	227	
95	151	0	12	528	529	530	531	532	533	534	535	536	537	538	539	
96	153	0	21	332	333	334	335	336	337	338	339	340	341	342	343	344	345	346	347	348	349	350	351	352	
97	154	0	24	441	442	443	444	445	446	447	448	449	450	451	452	453	454	455	456	457	458	459	460	461	462	463	464	
98	157	0	15	251	252	253	254	255	256	257	258	259	260	261	262	263	264	265	
99	159	0	7	182	183	184	185	186	187	188	
100	161	0	1	40	
101	162	0	1	228	
102	164	0	12	286	287	288	289	290	291	292	293	294	295	296	297	
103	166	0	21	115	116	117	118	119	120	121	122	123	124	125	126	127	128	129	130	131	132	133	134	135	
104	167	0	1	277	
105	168	0	24	417	418	419	420	421	422	423	424	425	426	427	428	429	430	431	432	433	434	435	436	437	438	439	440	
106	169	0	3	37	38	39	
107	171	0	1	197	
108	173	0	7	136	137	138	139	140	141	142	
109	174	0	1	519	
110	175	0	21	304	305	306	307	308	309	310	311	312	313	314	315	316	317	318	319	320	321	322	323	324	
111	176	0	7	2	3	4	5	6	7	8	
112	177	0	7	495	496	497	498	499	500	501	
113	179	0	1	226	
114	181	0	1	465	
115	183	0	1	10	
116	186	0	24	417	418	419	420	421	422	423	424	425	426	427	428	429	430	431	432	433	434	435	436	437	438	439	440	
117	189	0	12	528	529	530	531	532	533	534	535	536	537	538	539	
118	190	0	21	229	230	231	232	233	234	235	236	237	238	239	240	241	242	243	244	245	246	247	248	249	
119	191	0	1	198	
120	194	0	21	52	53	54	55	56	57	58	59	60	61	62	63	64	65	66	67	68	69	70	71	72	
121	196	0	15	74	75	76	77	78	79	80	81	82	83	84	85	86	87	88	
122	197	0	24	441	442	443	444	445	446	447	448	449	450	451	452	453	454	455	456	457	458	459	460	461	462	463	464	
123	199	0	1	365	
124	202	0	24	391	392	393	394	395	396	397	398	399	400	401	402	403	404	405	406	407	408	409	410	411	412	413	414	
125	204	0	15	251	252	253	254	255	256	257	258	259	260	261	262	263	264	265	
126	205	0	12	286	287	288	289	290	291	292	293	294	295	296	297	
127	206	0	7	45	46	47	48	49	50	51	
128	207	0	24	441	442	443	444	445	446	447	448	449	450	451	452	453	454	455	456	457	458	459	460	461	462	463	464	
129	208	0	15	251	252	253	254	255	256	257	258	259	260	261	262	263	264	265	
130	209	0	21	52	53	54	55	56	57	58	59	60	61	62	63	64	65	66	67	68	69	70	71	72	
131	211	0	7	189	190	191	192	193	194	195	
132	212	0	21	150	151	152	153	154	155	156	157	158	159	160	161	162	163	164	165	166	167	168	169	170	
133	214	0	1	540	
134	219	0	21	229	230	231	232	233	234	235	236	237	238	239	240	241	242	243	244	245	246	247	248	249	
135	220	0	1	44	
136	222	0	1	114	
137	223	0	1	494	
138	225	0	1	388	
139	228	0	1	73	
140	230	0	9	366	367	368	369	370	371	372	373	374	
141	232	0	1	526	
142	235	0	24	391	392	393	394	395	396	397	398	399	400	401	402	403	404	405	406	407	408	409	410	411	412	413	414	
143	236	0	12	353	354	355	356	357	358	359	360	361	362	363	364	
144	239	0	21	52	53	54	55	56	57	58	59	60	61	62	63	64	65	66	67	68	69	70	71	72	
145	240	0	15	13	14	15	16	17	18	19	20	21	22	23	24	25	26	27	
146	242	0	24	200	201	202	203	204	205	206	207	208	209	210	211	212	213	214	215	216	217	218	219	220	221	222	223	
147	244	0	21	332	333	334	335	336	337	338	339	340	341	342	343	344	345	346	347	348	349	350	351	352	
148	246	0	1	173	
