380	206	174
0
0 	 0 	 0 	 4 	 2 	 13 	 14 	 6 	 2 	 12 	 22 	 32 	 42 	 52
1 	 0 	 0 	 2 	 2 	 14 	 15 	 6 	 4 	 14 	 24 	 34 	 44 	 54
2 	 0 	 0 	 10 	 4 	 10 	 11 	 12 	 13 	 6 	 0 	 10 	 20 	 30 	 40 	 50
3 	 1 	 0 	 1 	 2 	 12 	 13 	 6 	 1 	 11 	 21 	 31 	 41 	 51
4 	 2 	 0 	 3 	 2 	 14 	 15 	 11 	 0 	 5 	 10 	 15 	 20 	 25 	 30 	 35 	 40 	 45 	 50
5 	 3 	 0 	 5 	 2 	 10 	 11 	 6 	 2 	 12 	 22 	 32 	 42 	 52
6 	 3 	 0 	 8 	 2 	 15 	 16 	 6 	 4 	 14 	 24 	 34 	 44 	 54
7 	 3 	 0 	 5 	 2 	 3 	 4 	 6 	 1 	 11 	 21 	 31 	 41 	 51
8 	 4 	 0 	 2 	 2 	 0 	 1 	 5 	 63 	 73 	 83 	 93 	 103
9 	 5 	 0 	 9 	 2 	 13 	 14 	 5 	 9 	 19 	 29 	 39 	 49
10 	 6 	 0 	 8 	 2 	 11 	 12 	 11 	 4 	 9 	 14 	 19 	 24 	 29 	 34 	 39 	 44 	 49 	 54
11 	 6 	 0 	 9 	 2 	 7 	 8 	 11 	 2 	 7 	 12 	 17 	 22 	 27 	 32 	 37 	 42 	 47 	 52
12 	 6 	 0 	 9 	 2 	 16 	 17 	 11 	 0 	 5 	 10 	 15 	 20 	 25 	 30 	 35 	 40 	 45 	 50
13 	 7 	 0 	 6 	 2 	 11 	 12 	 11 	 58 	 63 	 68 	 73 	 78 	 83 	 88 	 93 	 98 	 103 	 108
14 	 8 	 0 	 1 	 2 	 16 	 17 	 5 	 9 	 19 	 29 	 39 	 49
15 	 9 	 0 	 5 	 2 	 13 	 14 	 5 	 64 	 74 	 84 	 94 	 104
16 	 10 	 0 	 6 	 2 	 7 	 8 	 11 	 2 	 7 	 12 	 17 	 22 	 27 	 32 	 37 	 42 	 47 	 52
17 	 10 	 0 	 7 	 2 	 15 	 16 	 11 	 0 	 5 	 10 	 15 	 20 	 25 	 30 	 35 	 40 	 45 	 50
18 	 11 	 0 	 6 	 2 	 0 	 1 	 6 	 59 	 69 	 79 	 89 	 99 	 109
19 	 11 	 0 	 2 	 2 	 2 	 3 	 6 	 59 	 69 	 79 	 89 	 99 	 109
20 	 11 	 0 	 5 	 2 	 4 	 5 	 6 	 59 	 69 	 79 	 89 	 99 	 109
21 	 11 	 0 	 6 	 2 	 6 	 7 	 6 	 59 	 69 	 79 	 89 	 99 	 109
22 	 11 	 0 	 4 	 2 	 8 	 9 	 6 	 59 	 69 	 79 	 89 	 99 	 109
23 	 11 	 0 	 2 	 2 	 10 	 11 	 6 	 59 	 69 	 79 	 89 	 99 	 109
24 	 11 	 0 	 2 	 2 	 12 	 13 	 6 	 59 	 69 	 79 	 89 	 99 	 109
25 	 11 	 0 	 3 	 2 	 14 	 15 	 6 	 59 	 69 	 79 	 89 	 99 	 109
26 	 12 	 0 	 4 	 4 	 11 	 12 	 13 	 14 	 11 	 57 	 62 	 67 	 72 	 77 	 82 	 87 	 92 	 97 	 102 	 107
27 	 13 	 0 	 8 	 2 	 5 	 6 	 6 	 59 	 69 	 79 	 89 	 99 	 109
28 	 13 	 0 	 9 	 2 	 7 	 8 	 6 	 59 	 69 	 79 	 89 	 99 	 109
29 	 13 	 0 	 7 	 2 	 9 	 10 	 6 	 59 	 69 	 79 	 89 	 99 	 109
30 	 13 	 0 	 4 	 2 	 11 	 12 	 6 	 59 	 69 	 79 	 89 	 99 	 109
31 	 13 	 0 	 8 	 2 	 13 	 14 	 6 	 59 	 69 	 79 	 89 	 99 	 109
32 	 14 	 0 	 5 	 2 	 2 	 3 	 6 	 2 	 12 	 22 	 32 	 42 	 52
33 	 15 	 0 	 4 	 2 	 1 	 2 	 11 	 59 	 64 	 69 	 74 	 79 	 84 	 89 	 94 	 99 	 104 	 109
34 	 16 	 0 	 9 	 2 	 16 	 17 	 5 	 6 	 16 	 26 	 36 	 46
35 	 16 	 0 	 3 	 4 	 13 	 14 	 15 	 16 	 5 	 8 	 18 	 28 	 38 	 48
36 	 17 	 0 	 7 	 4 	 3 	 4 	 5 	 6 	 5 	 63 	 73 	 83 	 93 	 103
37 	 18 	 0 	 6 	 2 	 2 	 3 	 11 	 57 	 62 	 67 	 72 	 77 	 82 	 87 	 92 	 97 	 102 	 107
38 	 19 	 0 	 9 	 2 	 13 	 14 	 5 	 7 	 17 	 27 	 37 	 47
39 	 20 	 0 	 6 	 2 	 8 	 9 	 11 	 58 	 63 	 68 	 73 	 78 	 83 	 88 	 93 	 98 	 103 	 108
40 	 21 	 0 	 8 	 4 	 6 	 7 	 8 	 9 	 11 	 3 	 8 	 13 	 18 	 23 	 28 	 33 	 38 	 43 	 48 	 53
41 	 22 	 0 	 8 	 2 	 1 	 2 	 6 	 0 	 10 	 20 	 30 	 40 	 50
42 	 22 	 0 	 4 	 2 	 3 	 4 	 6 	 0 	 10 	 20 	 30 	 40 	 50
43 	 22 	 0 	 10 	 2 	 5 	 6 	 6 	 0 	 10 	 20 	 30 	 40 	 50
44 	 22 	 0 	 9 	 2 	 7 	 8 	 6 	 0 	 10 	 20 	 30 	 40 	 50
45 	 22 	 0 	 8 	 2 	 9 	 10 	 6 	 0 	 10 	 20 	 30 	 40 	 50
46 	 22 	 0 	 5 	 2 	 11 	 12 	 6 	 0 	 10 	 20 	 30 	 40 	 50
47 	 23 	 0 	 4 	 2 	 0 	 1 	 6 	 57 	 67 	 77 	 87 	 97 	 107
48 	 23 	 0 	 1 	 2 	 2 	 3 	 6 	 57 	 67 	 77 	 87 	 97 	 107
49 	 23 	 0 	 2 	 2 	 4 	 5 	 6 	 57 	 67 	 77 	 87 	 97 	 107
50 	 23 	 0 	 5 	 2 	 6 	 7 	 6 	 57 	 67 	 77 	 87 	 97 	 107
51 	 23 	 0 	 1 	 2 	 8 	 9 	 6 	 57 	 67 	 77 	 87 	 97 	 107
52 	 23 	 0 	 10 	 2 	 10 	 11 	 6 	 57 	 67 	 77 	 87 	 97 	 107
53 	 23 	 0 	 6 	 2 	 12 	 13 	 6 	 57 	 67 	 77 	 87 	 97 	 107
54 	 23 	 0 	 10 	 2 	 14 	 15 	 6 	 57 	 67 	 77 	 87 	 97 	 107
55 	 23 	 0 	 4 	 2 	 16 	 17 	 6 	 57 	 67 	 77 	 87 	 97 	 107
56 	 24 	 0 	 4 	 2 	 2 	 3 	 11 	 55 	 60 	 65 	 70 	 75 	 80 	 85 	 90 	 95 	 100 	 105
57 	 24 	 0 	 1 	 2 	 4 	 5 	 11 	 55 	 60 	 65 	 70 	 75 	 80 	 85 	 90 	 95 	 100 	 105
58 	 24 	 0 	 3 	 2 	 6 	 7 	 11 	 55 	 60 	 65 	 70 	 75 	 80 	 85 	 90 	 95 	 100 	 105
59 	 24 	 0 	 9 	 2 	 8 	 9 	 11 	 55 	 60 	 65 	 70 	 75 	 80 	 85 	 90 	 95 	 100 	 105
60 	 24 	 0 	 6 	 2 	 10 	 11 	 11 	 55 	 60 	 65 	 70 	 75 	 80 	 85 	 90 	 95 	 100 	 105
61 	 25 	 0 	 7 	 2 	 3 	 4 	 5 	 60 	 70 	 80 	 90 	 100
62 	 25 	 0 	 4 	 4 	 11 	 12 	 13 	 14 	 5 	 64 	 74 	 84 	 94 	 104
63 	 25 	 0 	 1 	 2 	 14 	 15 	 5 	 61 	 71 	 81 	 91 	 101
64 	 26 	 0 	 8 	 4 	 7 	 8 	 9 	 10 	 6 	 59 	 69 	 79 	 89 	 99 	 109
65 	 27 	 0 	 10 	 4 	 13 	 14 	 15 	 16 	 5 	 64 	 74 	 84 	 94 	 104
66 	 27 	 0 	 9 	 2 	 0 	 1 	 5 	 61 	 71 	 81 	 91 	 101
67 	 28 	 0 	 3 	 2 	 11 	 12 	 6 	 55 	 65 	 75 	 85 	 95 	 105
68 	 28 	 0 	 6 	 2 	 16 	 17 	 6 	 56 	 66 	 76 	 86 	 96 	 106
69 	 29 	 0 	 8 	 2 	 10 	 11 	 5 	 6 	 16 	 26 	 36 	 46
70 	 29 	 0 	 7 	 4 	 1 	 2 	 3 	 4 	 5 	 7 	 17 	 27 	 37 	 47
71 	 30 	 0 	 10 	 2 	 11 	 12 	 6 	 58 	 68 	 78 	 88 	 98 	 108
72 	 31 	 0 	 1 	 2 	 8 	 9 	 5 	 63 	 73 	 83 	 93 	 103
73 	 32 	 0 	 6 	 2 	 16 	 17 	 5 	 60 	 70 	 80 	 90 	 100
74 	 33 	 0 	 6 	 4 	 6 	 7 	 8 	 9 	 6 	 58 	 68 	 78 	 88 	 98 	 108
75 	 33 	 0 	 9 	 4 	 12 	 13 	 14 	 15 	 6 	 59 	 69 	 79 	 89 	 99 	 109
76 	 34 	 0 	 9 	 2 	 0 	 1 	 11 	 58 	 63 	 68 	 73 	 78 	 83 	 88 	 93 	 98 	 103 	 108
77 	 34 	 0 	 9 	 2 	 2 	 3 	 11 	 58 	 63 	 68 	 73 	 78 	 83 	 88 	 93 	 98 	 103 	 108
78 	 34 	 0 	 5 	 2 	 4 	 5 	 11 	 58 	 63 	 68 	 73 	 78 	 83 	 88 	 93 	 98 	 103 	 108
79 	 34 	 0 	 6 	 2 	 6 	 7 	 11 	 58 	 63 	 68 	 73 	 78 	 83 	 88 	 93 	 98 	 103 	 108
80 	 34 	 0 	 3 	 2 	 8 	 9 	 11 	 58 	 63 	 68 	 73 	 78 	 83 	 88 	 93 	 98 	 103 	 108
81 	 34 	 0 	 2 	 2 	 10 	 11 	 11 	 58 	 63 	 68 	 73 	 78 	 83 	 88 	 93 	 98 	 103 	 108
82 	 34 	 0 	 2 	 2 	 12 	 13 	 11 	 58 	 63 	 68 	 73 	 78 	 83 	 88 	 93 	 98 	 103 	 108
83 	 34 	 0 	 2 	 2 	 14 	 15 	 11 	 58 	 63 	 68 	 73 	 78 	 83 	 88 	 93 	 98 	 103 	 108
84 	 34 	 0 	 10 	 2 	 16 	 17 	 11 	 58 	 63 	 68 	 73 	 78 	 83 	 88 	 93 	 98 	 103 	 108
85 	 35 	 0 	 7 	 4 	 14 	 15 	 16 	 17 	 5 	 5 	 15 	 25 	 35 	 45
86 	 36 	 0 	 6 	 2 	 7 	 8 	 6 	 58 	 68 	 78 	 88 	 98 	 108
87 	 37 	 0 	 4 	 2 	 14 	 15 	 5 	 6 	 16 	 26 	 36 	 46
88 	 38 	 0 	 2 	 2 	 9 	 10 	 11 	 55 	 60 	 65 	 70 	 75 	 80 	 85 	 90 	 95 	 100 	 105
89 	 39 	 0 	 4 	 4 	 10 	 11 	 12 	 13 	 6 	 3 	 13 	 23 	 33 	 43 	 53
90 	 39 	 0 	 10 	 4 	 2 	 3 	 4 	 5 	 6 	 1 	 11 	 21 	 31 	 41 	 51
91 	 39 	 0 	 3 	 2 	 9 	 10 	 6 	 0 	 10 	 20 	 30 	 40 	 50
92 	 40 	 0 	 9 	 4 	 7 	 8 	 9 	 10 	 5 	 8 	 18 	 28 	 38 	 48
93 	 41 	 0 	 4 	 2 	 0 	 1 	 11 	 55 	 60 	 65 	 70 	 75 	 80 	 85 	 90 	 95 	 100 	 105
94 	 41 	 0 	 9 	 2 	 13 	 14 	 11 	 59 	 64 	 69 	 74 	 79 	 84 	 89 	 94 	 99 	 104 	 109
95 	 42 	 0 	 9 	 4 	 3 	 4 	 5 	 6 	 11 	 57 	 62 	 67 	 72 	 77 	 82 	 87 	 92 	 97 	 102 	 107
96 	 43 	 0 	 6 	 4 	 11 	 12 	 13 	 14 	 11 	 55 	 60 	 65 	 70 	 75 	 80 	 85 	 90 	 95 	 100 	 105
97 	 43 	 0 	 10 	 2 	 15 	 16 	 11 	 56 	 61 	 66 	 71 	 76 	 81 	 86 	 91 	 96 	 101 	 106
98 	 43 	 0 	 8 	 2 	 5 	 6 	 11 	 57 	 62 	 67 	 72 	 77 	 82 	 87 	 92 	 97 	 102 	 107
99 	 44 	 0 	 5 	 2 	 4 	 5 	 5 	 6 	 16 	 26 	 36 	 46
100 	 45 	 0 	 1 	 2 	 11 	 12 	 11 	 57 	 62 	 67 	 72 	 77 	 82 	 87 	 92 	 97 	 102 	 107
101 	 46 	 0 	 10 	 2 	 10 	 11 	 11 	 55 	 60 	 65 	 70 	 75 	 80 	 85 	 90 	 95 	 100 	 105
102 	 46 	 0 	 3 	 4 	 11 	 12 	 13 	 14 	 11 	 59 	 64 	 69 	 74 	 79 	 84 	 89 	 94 	 99 	 104 	 109
103 	 46 	 0 	 10 	 2 	 16 	 17 	 11 	 56 	 61 	 66 	 71 	 76 	 81 	 86 	 91 	 96 	 101 	 106
104 	 47 	 0 	 1 	 2 	 4 	 5 	 6 	 57 	 67 	 77 	 87 	 97 	 107
105 	 48 	 0 	 5 	 2 	 3 	 4 	 5 	 8 	 18 	 28 	 38 	 48
106 	 48 	 0 	 2 	 2 	 5 	 6 	 5 	 8 	 18 	 28 	 38 	 48
107 	 48 	 0 	 6 	 2 	 7 	 8 	 5 	 8 	 18 	 28 	 38 	 48
108 	 48 	 0 	 9 	 2 	 9 	 10 	 5 	 8 	 18 	 28 	 38 	 48
109 	 48 	 0 	 4 	 2 	 11 	 12 	 5 	 8 	 18 	 28 	 38 	 48
110 	 49 	 0 	 7 	 4 	 13 	 14 	 15 	 16 	 6 	 57 	 67 	 77 	 87 	 97 	 107
111 	 50 	 0 	 9 	 4 	 8 	 9 	 10 	 11 	 6 	 55 	 65 	 75 	 85 	 95 	 105
112 	 51 	 0 	 1 	 2 	 10 	 11 	 11 	 55 	 60 	 65 	 70 	 75 	 80 	 85 	 90 	 95 	 100 	 105
113 	 51 	 0 	 8 	 4 	 13 	 14 	 15 	 16 	 11 	 56 	 61 	 66 	 71 	 76 	 81 	 86 	 91 	 96 	 101 	 106
114 	 52 	 0 	 4 	 4 	 10 	 11 	 12 	 13 	 11 	 1 	 6 	 11 	 16 	 21 	 26 	 31 	 36 	 41 	 46 	 51
115 	 53 	 0 	 7 	 4 	 14 	 15 	 16 	 17 	 6 	 2 	 12 	 22 	 32 	 42 	 52
116 	 54 	 0 	 8 	 2 	 1 	 2 	 5 	 61 	 71 	 81 	 91 	 101
117 	 54 	 0 	 9 	 2 	 4 	 5 	 5 	 64 	 74 	 84 	 94 	 104
118 	 55 	 0 	 4 	 4 	 9 	 10 	 11 	 12 	 5 	 62 	 72 	 82 	 92 	 102
119 	 56 	 0 	 3 	 2 	 3 	 4 	 5 	 63 	 73 	 83 	 93 	 103
120 	 57 	 0 	 8 	 2 	 0 	 1 	 6 	 57 	 67 	 77 	 87 	 97 	 107
121 	 57 	 0 	 9 	 2 	 5 	 6 	 6 	 58 	 68 	 78 	 88 	 98 	 108
122 	 57 	 0 	 2 	 2 	 12 	 13 	 6 	 55 	 65 	 75 	 85 	 95 	 105
123 	 58 	 0 	 7 	 2 	 7 	 8 	 11 	 3 	 8 	 13 	 18 	 23 	 28 	 33 	 38 	 43 	 48 	 53
124 	 59 	 0 	 6 	 2 	 1 	 2 	 5 	 64 	 74 	 84 	 94 	 104
125 	 59 	 0 	 7 	 2 	 3 	 4 	 5 	 62 	 72 	 82 	 92 	 102
126 	 60 	 0 	 3 	 2 	 9 	 10 	 6 	 56 	 66 	 76 	 86 	 96 	 106
127 	 60 	 0 	 10 	 2 	 9 	 10 	 6 	 55 	 65 	 75 	 85 	 95 	 105
128 	 60 	 0 	 4 	 2 	 13 	 14 	 6 	 58 	 68 	 78 	 88 	 98 	 108
129 	 61 	 0 	 10 	 4 	 12 	 13 	 14 	 15 	 6 	 55 	 65 	 75 	 85 	 95 	 105
130 	 62 	 0 	 10 	 2 	 16 	 17 	 11 	 58 	 63 	 68 	 73 	 78 	 83 	 88 	 93 	 98 	 103 	 108
131 	 63 	 0 	 7 	 2 	 11 	 12 	 5 	 61 	 71 	 81 	 91 	 101
132 	 64 	 0 	 9 	 2 	 0 	 1 	 6 	 3 	 13 	 23 	 33 	 43 	 53
133 	 65 	 0 	 8 	 2 	 2 	 3 	 5 	 5 	 15 	 25 	 35 	 45
134 	 66 	 0 	 5 	 2 	 14 	 15 	 6 	 56 	 66 	 76 	 86 	 96 	 106
135 	 66 	 0 	 6 	 2 	 9 	 10 	 6 	 57 	 67 	 77 	 87 	 97 	 107
136 	 66 	 0 	 3 	 2 	 1 	 2 	 6 	 58 	 68 	 78 	 88 	 98 	 108
137 	 67 	 0 	 6 	 2 	 6 	 7 	 5 	 8 	 18 	 28 	 38 	 48
138 	 68 	 0 	 2 	 2 	 5 	 6 	 11 	 59 	 64 	 69 	 74 	 79 	 84 	 89 	 94 	 99 	 104 	 109
139 	 68 	 0 	 8 	 4 	 9 	 10 	 11 	 12 	 11 	 57 	 62 	 67 	 72 	 77 	 82 	 87 	 92 	 97 	 102 	 107
140 	 69 	 0 	 5 	 2 	 6 	 7 	 6 	 57 	 67 	 77 	 87 	 97 	 107
141 	 70 	 0 	 10 	 4 	 5 	 6 	 7 	 8 	 6 	 3 	 13 	 23 	 33 	 43 	 53
142 	 71 	 0 	 1 	 2 	 13 	 14 	 6 	 58 	 68 	 78 	 88 	 98 	 108
143 	 72 	 0 	 7 	 2 	 2 	 3 	 5 	 60 	 70 	 80 	 90 	 100
144 	 72 	 0 	 10 	 2 	 4 	 5 	 5 	 60 	 70 	 80 	 90 	 100
145 	 72 	 0 	 2 	 2 	 6 	 7 	 5 	 60 	 70 	 80 	 90 	 100
146 	 72 	 0 	 5 	 2 	 8 	 9 	 5 	 60 	 70 	 80 	 90 	 100
147 	 72 	 0 	 4 	 2 	 10 	 11 	 5 	 60 	 70 	 80 	 90 	 100
148 	 72 	 0 	 8 	 2 	 12 	 13 	 5 	 60 	 70 	 80 	 90 	 100
149 	 72 	 0 	 9 	 2 	 14 	 15 	 5 	 60 	 70 	 80 	 90 	 100
150 	 72 	 0 	 1 	 2 	 16 	 17 	 5 	 60 	 70 	 80 	 90 	 100
151 	 73 	 0 	 3 	 2 	 3 	 4 	 6 	 58 	 68 	 78 	 88 	 98 	 108
152 	 74 	 0 	 6 	 4 	 12 	 13 	 14 	 15 	 6 	 59 	 69 	 79 	 89 	 99 	 109
153 	 75 	 0 	 5 	 2 	 13 	 14 	 11 	 56 	 61 	 66 	 71 	 76 	 81 	 86 	 91 	 96 	 101 	 106
154 	 75 	 0 	 7 	 2 	 2 	 3 	 11 	 55 	 60 	 65 	 70 	 75 	 80 	 85 	 90 	 95 	 100 	 105
155 	 76 	 0 	 7 	 2 	 5 	 6 	 5 	 6 	 16 	 26 	 36 	 46
156 	 76 	 0 	 3 	 2 	 7 	 8 	 5 	 6 	 16 	 26 	 36 	 46
157 	 76 	 0 	 3 	 2 	 9 	 10 	 5 	 6 	 16 	 26 	 36 	 46
158 	 76 	 0 	 2 	 2 	 11 	 12 	 5 	 6 	 16 	 26 	 36 	 46
159 	 76 	 0 	 5 	 2 	 13 	 14 	 5 	 6 	 16 	 26 	 36 	 46
160 	 77 	 0 	 10 	 2 	 13 	 14 	 5 	 64 	 74 	 84 	 94 	 104
161 	 78 	 0 	 7 	 4 	 10 	 11 	 12 	 13 	 6 	 56 	 66 	 76 	 86 	 96 	 106
162 	 78 	 0 	 6 	 4 	 11 	 12 	 13 	 14 	 6 	 57 	 67 	 77 	 87 	 97 	 107
163 	 78 	 0 	 6 	 2 	 14 	 15 	 6 	 59 	 69 	 79 	 89 	 99 	 109
164 	 79 	 0 	 7 	 2 	 13 	 14 	 6 	 56 	 66 	 76 	 86 	 96 	 106
165 	 80 	 0 	 9 	 2 	 3 	 4 	 6 	 3 	 13 	 23 	 33 	 43 	 53
166 	 81 	 0 	 10 	 2 	 8 	 9 	 5 	 61 	 71 	 81 	 91 	 101
167 	 82 	 0 	 3 	 4 	 5 	 6 	 7 	 8 	 6 	 0 	 10 	 20 	 30 	 40 	 50
168 	 83 	 0 	 7 	 4 	 2 	 3 	 4 	 5 	 5 	 61 	 71 	 81 	 91 	 101
169 	 84 	 0 	 9 	 2 	 1 	 2 	 5 	 63 	 73 	 83 	 93 	 103
170 	 85 	 0 	 4 	 2 	 2 	 3 	 6 	 55 	 65 	 75 	 85 	 95 	 105
171 	 85 	 0 	 2 	 2 	 4 	 5 	 6 	 55 	 65 	 75 	 85 	 95 	 105
172 	 85 	 0 	 5 	 2 	 6 	 7 	 6 	 55 	 65 	 75 	 85 	 95 	 105
173 	 85 	 0 	 6 	 2 	 8 	 9 	 6 	 55 	 65 	 75 	 85 	 95 	 105
174 	 85 	 0 	 4 	 2 	 10 	 11 	 6 	 55 	 65 	 75 	 85 	 95 	 105
175 	 85 	 0 	 3 	 2 	 12 	 13 	 6 	 55 	 65 	 75 	 85 	 95 	 105
176 	 85 	 0 	 2 	 2 	 14 	 15 	 6 	 55 	 65 	 75 	 85 	 95 	 105
177 	 85 	 0 	 8 	 2 	 16 	 17 	 6 	 55 	 65 	 75 	 85 	 95 	 105
178 	 86 	 0 	 1 	 2 	 2 	 3 	 5 	 62 	 72 	 82 	 92 	 102
179 	 87 	 0 	 9 	 2 	 8 	 9 	 5 	 61 	 71 	 81 	 91 	 101
180 	 88 	 0 	 9 	 2 	 4 	 5 	 5 	 64 	 74 	 84 	 94 	 104
181 	 88 	 0 	 3 	 2 	 5 	 6 	 5 	 63 	 73 	 83 	 93 	 103
182 	 89 	 0 	 5 	 2 	 12 	 13 	 5 	 61 	 71 	 81 	 91 	 101
183 	 90 	 0 	 8 	 2 	 16 	 17 	 6 	 57 	 67 	 77 	 87 	 97 	 107
184 	 91 	 0 	 9 	 2 	 11 	 12 	 6 	 0 	 10 	 20 	 30 	 40 	 50
185 	 92 	 0 	 10 	 2 	 10 	 11 	 5 	 62 	 72 	 82 	 92 	 102
186 	 92 	 0 	 4 	 2 	 8 	 9 	 5 	 61 	 71 	 81 	 91 	 101
187 	 92 	 0 	 9 	 2 	 3 	 4 	 5 	 64 	 74 	 84 	 94 	 104
188 	 93 	 0 	 1 	 2 	 0 	 1 	 6 	 57 	 67 	 77 	 87 	 97 	 107
189 	 94 	 0 	 6 	 2 	 6 	 7 	 11 	 0 	 5 	 10 	 15 	 20 	 25 	 30 	 35 	 40 	 45 	 50
190 	 94 	 0 	 6 	 2 	 8 	 9 	 11 	 0 	 5 	 10 	 15 	 20 	 25 	 30 	 35 	 40 	 45 	 50
191 	 94 	 0 	 5 	 2 	 10 	 11 	 11 	 0 	 5 	 10 	 15 	 20 	 25 	 30 	 35 	 40 	 45 	 50
192 	 94 	 0 	 8 	 2 	 12 	 13 	 11 	 0 	 5 	 10 	 15 	 20 	 25 	 30 	 35 	 40 	 45 	 50
193 	 94 	 0 	 2 	 2 	 14 	 15 	 11 	 0 	 5 	 10 	 15 	 20 	 25 	 30 	 35 	 40 	 45 	 50
194 	 95 	 0 	 2 	 2 	 13 	 14 	 11 	 3 	 8 	 13 	 18 	 23 	 28 	 33 	 38 	 43 	 48 	 53
195 	 96 	 0 	 7 	 2 	 14 	 15 	 5 	 7 	 17 	 27 	 37 	 47
196 	 97 	 0 	 9 	 2 	 0 	 1 	 11 	 2 	 7 	 12 	 17 	 22 	 27 	 32 	 37 	 42 	 47 	 52
197 	 98 	 0 	 2 	 2 	 0 	 1 	 5 	 9 	 19 	 29 	 39 	 49
198 	 98 	 0 	 7 	 2 	 2 	 3 	 5 	 9 	 19 	 29 	 39 	 49
199 	 98 	 0 	 5 	 2 	 4 	 5 	 5 	 9 	 19 	 29 	 39 	 49
200 	 98 	 0 	 5 	 2 	 6 	 7 	 5 	 9 	 19 	 29 	 39 	 49
201 	 98 	 0 	 6 	 2 	 8 	 9 	 5 	 9 	 19 	 29 	 39 	 49
202 	 98 	 0 	 4 	 2 	 10 	 11 	 5 	 9 	 19 	 29 	 39 	 49
203 	 98 	 0 	 4 	 2 	 12 	 13 	 5 	 9 	 19 	 29 	 39 	 49
204 	 98 	 0 	 6 	 2 	 14 	 15 	 5 	 9 	 19 	 29 	 39 	 49
205 	 99 	 0 	 4 	 2 	 1 	 2 	 5 	 7 	 17 	 27 	 37 	 47
206	0	0	0	4	2	3	4	5	6	1	11	21	31	41	51	
207	1	0	0	2	2	3	6	2	12	22	32	42	52	
208	1	0	0	4	0	1	2	3	6	0	10	20	30	40	50	
209	2	0	0	4	14	15	16	17	11	4	9	14	19	24	29	34	39	44	49	54	
210	3	0	0	2	3	4	6	3	13	23	33	43	53	
211	4	0	0	2	10	11	5	60	70	80	90	100	
212	5	0	0	4	10	11	12	13	5	5	15	25	35	45	
213	5	0	0	4	1	2	3	4	5	7	17	27	37	47	
214	6	0	0	2	12	13	11	3	8	13	18	23	28	33	38	43	48	53	
215	6	0	0	4	2	3	4	5	11	1	6	11	16	21	26	31	36	41	46	51	
216	7	0	0	4	8	9	10	11	11	59	64	69	74	79	84	89	94	99	104	109	
217	7	0	0	2	9	10	11	55	60	65	70	75	80	85	90	95	100	105	
218	8	0	0	4	12	13	14	15	5	8	18	28	38	48	
219	9	0	0	4	1	2	3	4	5	61	71	81	91	101	
220	9	0	0	4	13	14	15	16	5	62	72	82	92	102	
221	10	0	0	4	13	14	15	16	11	4	9	14	19	24	29	34	39	44	49	54	
222	11	0	0	4	7	8	9	10	6	58	68	78	88	98	108	
223	11	0	0	2	9	10	6	57	67	77	87	97	107	
224	11	0	0	2	3	4	6	55	65	75	85	95	105	
225	11	0	0	4	8	9	10	11	6	56	66	76	86	96	106	
226	12	0	0	2	2	3	11	56	61	66	71	76	81	86	91	96	101	106	
227	12	0	0	4	4	5	6	7	11	58	63	68	73	78	83	88	93	98	103	108	
228	13	0	0	4	6	7	8	9	6	55	65	75	85	95	105	
229	13	0	0	2	9	10	6	56	66	76	86	96	106	
230	13	0	0	4	3	4	5	6	6	58	68	78	88	98	108	
231	14	0	0	4	6	7	8	9	6	4	14	24	34	44	54	
232	15	0	0	4	5	6	7	8	11	57	62	67	72	77	82	87	92	97	102	107	
233	16	0	0	4	5	6	7	8	5	7	17	27	37	47	
234	17	0	0	2	1	2	5	60	70	80	90	100	
235	18	0	0	4	11	12	13	14	11	58	63	68	73	78	83	88	93	98	103	108	
236	19	0	0	4	6	7	8	9	5	5	15	25	35	45	
237	19	0	0	2	7	8	5	9	19	29	39	49	
238	20	0	0	2	12	13	11	55	60	65	70	75	80	85	90	95	100	105	
239	20	0	0	4	10	11	12	13	11	57	62	67	72	77	82	87	92	97	102	107	
240	21	0	0	2	5	6	11	4	9	14	19	24	29	34	39	44	49	54	
241	21	0	0	4	2	3	4	5	11	1	6	11	16	21	26	31	36	41	46	51	
242	22	0	0	2	16	17	6	4	14	24	34	44	54	
243	22	0	0	4	4	5	6	7	6	2	12	22	32	42	52	
244	22	0	0	4	5	6	7	8	6	3	13	23	33	43	53	
245	23	0	0	2	4	5	6	55	65	75	85	95	105	
246	23	0	0	4	12	13	14	15	6	58	68	78	88	98	108	
247	23	0	0	4	9	10	11	12	6	59	69	79	89	99	109	
248	24	0	0	2	3	4	11	57	62	67	72	77	82	87	92	97	102	107	
249	24	0	0	2	4	5	11	58	63	68	73	78	83	88	93	98	103	108	
250	24	0	0	2	4	5	11	59	64	69	74	79	84	89	94	99	104	109	
251	24	0	0	2	15	16	11	56	61	66	71	76	81	86	91	96	101	106	
252	25	0	0	2	11	12	5	63	73	83	93	103	
253	26	0	0	2	10	11	6	56	66	76	86	96	106	
254	27	0	0	2	11	12	5	60	70	80	90	100	
255	27	0	0	4	0	1	2	3	5	62	72	82	92	102	
256	28	0	0	2	6	7	6	58	68	78	88	98	108	
257	29	0	0	4	11	12	13	14	5	5	15	25	35	45	
258	29	0	0	2	15	16	5	9	19	29	39	49	
259	30	0	0	4	12	13	14	15	6	55	65	75	85	95	105	
260	31	0	0	2	16	17	5	61	71	81	91	101	
261	31	0	0	4	10	11	12	13	5	62	72	82	92	102	
262	32	0	0	2	6	7	5	64	74	84	94	104	
263	32	0	0	4	6	7	8	9	5	62	72	82	92	102	
264	33	0	0	4	4	5	6	7	6	57	67	77	87	97	107	
265	34	0	0	2	3	4	11	59	64	69	74	79	84	89	94	99	104	109	
266	34	0	0	2	10	11	11	57	62	67	72	77	82	87	92	97	102	107	
267	34	0	0	4	10	11	12	13	11	55	60	65	70	75	80	85	90	95	100	105	
268	34	0	0	2	0	1	11	56	61	66	71	76	81	86	91	96	101	106	
269	35	0	0	2	16	17	5	9	19	29	39	49	
270	36	0	0	2	7	8	6	55	65	75	85	95	105	
271	37	0	0	4	0	1	2	3	5	8	18	28	38	48	
272	38	0	0	4	5	6	7	8	11	59	64	69	74	79	84	89	94	99	104	109	
273	39	0	0	4	11	12	13	14	6	2	12	22	32	42	52	
274	39	0	0	2	13	14	6	4	14	24	34	44	54	
275	40	0	0	4	11	12	13	14	5	9	19	29	39	49	
276	41	0	0	4	0	1	2	3	11	57	62	67	72	77	82	87	92	97	102	107	
277	42	0	0	2	15	16	11	56	61	66	71	76	81	86	91	96	101	106	
278	42	0	0	4	7	8	9	10	11	58	63	68	73	78	83	88	93	98	103	108	
279	43	0	0	2	13	14	11	59	64	69	74	79	84	89	94	99	104	109	
280	44	0	0	4	8	9	10	11	5	9	19	29	39	49	
281	44	0	0	4	9	10	11	12	5	5	15	25	35	45	
282	45	0	0	2	9	10	11	59	64	69	74	79	84	89	94	99	104	109	
283	45	0	0	4	1	2	3	4	11	56	61	66	71	76	81	86	91	96	101	106	
284	46	0	0	2	15	16	11	57	62	67	72	77	82	87	92	97	102	107	
285	47	0	0	2	11	12	6	59	69	79	89	99	109	
286	47	0	0	2	8	9	6	56	66	76	86	96	106	
287	48	0	0	2	1	2	5	9	19	29	39	49	
288	48	0	0	2	16	17	5	5	15	25	35	45	
289	48	0	0	4	4	5	6	7	5	6	16	26	36	46	
290	49	0	0	4	2	3	4	5	6	56	66	76	86	96	106	
291	49	0	0	4	0	1	2	3	6	55	65	75	85	95	105	
292	50	0	0	2	3	4	6	56	66	76	86	96	106	
293	50	0	0	4	1	2	3	4	6	58	68	78	88	98	108	
294	51	0	0	2	9	10	11	58	63	68	73	78	83	88	93	98	103	108	
295	52	0	0	4	4	5	6	7	11	0	5	10	15	20	25	30	35	40	45	50	
296	52	0	0	2	9	10	11	4	9	14	19	24	29	34	39	44	49	54	
297	53	0	0	2	15	16	6	3	13	23	33	43	53	
298	53	0	0	2	6	7	6	0	10	20	30	40	50	
299	54	0	0	4	7	8	9	10	5	60	70	80	90	100	
300	55	0	0	4	1	2	3	4	5	64	74	84	94	104	
301	55	0	0	4	9	10	11	12	5	61	71	81	91	101	
302	56	0	0	4	0	1	2	3	5	61	71	81	91	101	
303	57	0	0	2	6	7	6	59	69	79	89	99	109	
304	58	0	0	2	14	15	11	0	5	10	15	20	25	30	35	40	45	50	
305	58	0	0	4	2	3	4	5	11	1	6	11	16	21	26	31	36	41	46	51	
306	59	0	0	2	7	8	5	60	70	80	90	100	
307	59	0	0	4	11	12	13	14	5	63	73	83	93	103	
308	60	0	0	4	11	12	13	14	6	59	69	79	89	99	109	
309	60	0	0	2	4	5	6	57	67	77	87	97	107	
310	61	0	0	2	9	10	6	59	69	79	89	99	109	
311	62	0	0	4	14	15	16	17	11	55	60	65	70	75	80	85	90	95	100	105	
312	62	0	0	2	0	1	11	56	61	66	71	76	81	86	91	96	101	106	
313	63	0	0	2	11	12	5	63	73	83	93	103	
314	64	0	0	4	9	10	11	12	6	1	11	21	31	41	51	
315	65	0	0	4	8	9	10	11	5	7	17	27	37	47	
316	65	0	0	2	6	7	5	6	16	26	36	46	
317	66	0	0	2	3	4	6	59	69	79	89	99	109	
318	67	0	0	4	6	7	8	9	5	9	19	29	39	49	
319	68	0	0	4	11	12	13	14	11	56	61	66	71	76	81	86	91	96	101	106	
320	68	0	0	2	8	9	11	55	60	65	70	75	80	85	90	95	100	105	
321	69	0	0	2	10	11	6	55	65	75	85	95	105	
322	70	0	0	2	8	9	6	0	10	20	30	40	50	
323	70	0	0	4	14	15	16	17	6	4	14	24	34	44	54	
324	71	0	0	4	14	15	16	17	6	59	69	79	89	99	109	
325	72	0	0	4	7	8	9	10	5	62	72	82	92	102	
326	72	0	0	2	11	12	5	61	71	81	91	101	
327	72	0	0	4	12	13	14	15	5	63	73	83	93	103	
328	72	0	0	4	13	14	15	16	5	64	74	84	94	104	
329	73	0	0	2	15	16	6	57	67	77	87	97	107	
330	74	0	0	2	1	2	6	55	65	75	85	95	105	
331	74	0	0	4	13	14	15	16	6	57	67	77	87	97	107	
332	75	0	0	2	7	8	11	59	64	69	74	79	84	89	94	99	104	109	
333	75	0	0	2	0	1	11	57	62	67	72	77	82	87	92	97	102	107	
334	76	0	0	2	16	17	5	8	18	28	38	48	
335	76	0	0	2	16	17	5	7	17	27	37	47	
336	76	0	0	2	2	3	5	5	15	25	35	45	
337	76	0	0	2	6	7	5	9	19	29	39	49	
338	77	0	0	4	7	8	9	10	5	60	70	80	90	100	
339	78	0	0	2	12	13	6	58	68	78	88	98	108	
340	78	0	0	2	12	13	6	55	65	75	85	95	105	
341	79	0	0	2	2	3	6	58	68	78	88	98	108	
342	80	0	0	2	3	4	6	2	12	22	32	42	52	
343	81	0	0	2	6	7	5	64	74	84	94	104	
344	82	0	0	4	2	3	4	5	6	3	13	23	33	43	53	
345	82	0	0	4	3	4	5	6	6	4	14	24	34	44	54	
346	83	0	0	2	5	6	5	60	70	80	90	100	
347	84	0	0	2	5	6	5	64	74	84	94	104	
348	84	0	0	2	6	7	5	61	71	81	91	101	
349	85	0	0	2	1	2	6	56	66	76	86	96	106	
350	85	0	0	4	7	8	9	10	6	57	67	77	87	97	107	
351	85	0	0	4	4	5	6	7	6	59	69	79	89	99	109	
352	86	0	0	4	10	11	12	13	5	64	74	84	94	104	
353	86	0	0	4	6	7	8	9	5	60	70	80	90	100	
354	87	0	0	2	13	14	5	60	70	80	90	100	
355	87	0	0	2	11	12	5	64	74	84	94	104	
356	88	0	0	2	15	16	5	61	71	81	91	101	
357	88	0	0	4	8	9	10	11	5	60	70	80	90	100	
358	89	0	0	4	2	3	4	5	5	63	73	83	93	103	
359	90	0	0	4	7	8	9	10	6	56	66	76	86	96	106	
360	90	0	0	2	6	7	6	58	68	78	88	98	108	
361	91	0	0	2	2	3	6	3	13	23	33	43	53	
362	91	0	0	2	9	10	6	4	14	24	34	44	54	
363	92	0	0	2	0	1	5	63	73	83	93	103	
364	93	0	0	2	12	13	6	55	65	75	85	95	105	
365	93	0	0	4	12	13	14	15	6	59	69	79	89	99	109	
366	94	0	0	2	13	14	11	4	9	14	19	24	29	34	39	44	49	54	
367	94	0	0	2	5	6	11	3	8	13	18	23	28	33	38	43	48	53	
368	94	0	0	4	13	14	15	16	11	1	6	11	16	21	26	31	36	41	46	51	
369	94	0	0	4	11	12	13	14	11	2	7	12	17	22	27	32	37	42	47	52	
370	95	0	0	2	6	7	11	4	9	14	19	24	29	34	39	44	49	54	
371	96	0	0	4	9	10	11	12	5	5	15	25	35	45	
372	96	0	0	4	13	14	15	16	5	9	19	29	39	49	
373	97	0	0	2	11	12	11	3	8	13	18	23	28	33	38	43	48	53	
374	97	0	0	2	4	5	11	1	6	11	16	21	26	31	36	41	46	51	
375	98	0	0	4	3	4	5	6	5	6	16	26	36	46	
376	98	0	0	4	13	14	15	16	5	5	15	25	35	45	
377	98	0	0	2	3	4	5	8	18	28	38	48	
378	99	0	0	2	5	6	5	8	18	28	38	48	
379	99	0	0	4	7	8	9	10	5	6	16	26	36	46	

