138
0	2	0	1	380	
1	4	0	1	346	
2	5	0	1	242	
3	9	0	12	417	418	419	420	421	422	423	424	425	426	427	428	
4	10	0	1	224	
5	15	0	18	278	279	280	281	282	283	284	285	286	287	288	289	290	291	292	293	294	295	
6	16	0	1	358	
7	17	0	1	172	
8	19	0	18	392	393	394	395	396	397	398	399	400	401	402	403	404	405	406	407	408	409	
9	20	0	7	61	62	63	64	65	66	67	
10	24	0	1	356	
11	28	0	9	197	198	199	200	201	202	203	204	205	
12	29	0	1	361	
13	33	0	1	357	
14	35	0	1	104	
15	36	0	15	225	226	227	228	229	230	231	232	233	234	235	236	237	238	239	
16	37	0	9	75	76	77	78	79	80	81	82	83	
17	38	0	7	348	349	350	351	352	353	354	
18	40	0	15	85	86	87	88	89	90	91	92	93	94	95	96	97	98	99	
19	41	0	1	355	
20	43	0	7	296	297	298	299	300	301	302	
21	44	0	1	363	
22	45	0	1	362	
23	47	0	21	27	28	29	30	31	32	33	34	35	36	37	38	39	40	41	42	43	44	45	46	47	
24	49	0	1	240	
25	50	0	15	364	365	366	367	368	369	370	371	372	373	374	375	376	377	378	
26	51	0	12	206	207	208	209	210	211	212	213	214	215	216	217	
27	54	0	12	206	207	208	209	210	211	212	213	214	215	216	217	
28	55	0	18	151	152	153	154	155	156	157	158	159	160	161	162	163	164	165	166	167	168	
29	56	0	15	244	245	246	247	248	249	250	251	252	253	254	255	256	257	258	
30	60	0	1	312	
31	62	0	1	193	
32	63	0	18	151	152	153	154	155	156	157	158	159	160	161	162	163	164	165	166	167	168	
33	66	0	3	493	494	495	
34	68	0	1	483	
35	69	0	3	106	107	108	
36	72	0	1	101	
37	74	0	9	51	52	53	54	55	56	57	58	59	
38	75	0	1	0	
39	77	0	24	2	3	4	5	6	7	8	9	10	11	12	13	14	15	16	17	18	19	20	21	22	23	24	25	
40	82	0	9	197	198	199	200	201	202	203	204	205	
41	84	0	1	170	
42	86	0	1	391	
43	88	0	1	277	
44	89	0	24	109	110	111	112	113	114	115	116	117	118	119	120	121	122	123	124	125	126	127	128	129	130	131	132	
45	92	0	1	311	
46	93	0	12	417	418	419	420	421	422	423	424	425	426	427	428	
47	98	0	7	339	340	341	342	343	344	345	
48	99	0	21	27	28	29	30	31	32	33	34	35	36	37	38	39	40	41	42	43	44	45	46	47	
49	102	0	1	347	
50	105	0	7	486	487	488	489	490	491	492	
51	108	0	15	364	365	366	367	368	369	370	371	372	373	374	375	376	377	378	
52	109	0	1	496	
53	110	0	1	485	
54	111	0	21	27	28	29	30	31	32	33	34	35	36	37	38	39	40	41	42	43	44	45	46	47	
55	112	0	21	462	463	464	465	466	467	468	469	470	471	472	473	474	475	476	477	478	479	480	481	482	
56	114	0	1	310	
57	121	0	24	2	3	4	5	6	7	8	9	10	11	12	13	14	15	16	17	18	19	20	21	22	23	24	25	
58	122	0	21	462	463	464	465	466	467	468	469	470	471	472	473	474	475	476	477	478	479	480	481	482	
59	123	0	18	278	279	280	281	282	283	284	285	286	287	288	289	290	291	292	293	294	295	
60	124	0	18	392	393	394	395	396	397	398	399	400	401	402	403	404	405	406	407	408	409	
61	125	0	3	194	195	196	
62	127	0	15	133	134	135	136	137	138	139	140	141	142	143	144	145	146	147	
63	129	0	1	453	
64	130	0	1	103	
65	132	0	18	259	260	261	262	263	264	265	266	267	268	269	270	271	272	273	274	275	276	
66	134	0	1	171	
67	137	0	1	360	
68	141	0	7	303	304	305	306	307	308	309	
69	142	0	18	314	315	316	317	318	319	320	321	322	323	324	325	326	327	328	329	330	331	
70	143	0	1	105	
71	144	0	15	85	86	87	88	89	90	91	92	93	94	95	96	97	98	99	
72	146	0	18	314	315	316	317	318	319	320	321	322	323	324	325	326	327	328	329	330	331	
73	148	0	9	75	76	77	78	79	80	81	82	83	
74	150	0	3	190	191	192	
75	152	0	18	314	315	316	317	318	319	320	321	322	323	324	325	326	327	328	329	330	331	
76	154	0	1	484	
77	155	0	1	452	
78	156	0	7	68	69	70	71	72	73	74	
79	160	0	7	332	333	334	335	336	337	338	
80	161	0	21	462	463	464	465	466	467	468	469	470	471	472	473	474	475	476	477	478	479	480	481	482	
81	165	0	24	109	110	111	112	113	114	115	116	117	118	119	120	121	122	123	124	125	126	127	128	129	130	131	132	
82	167	0	7	438	439	440	441	442	443	444	
83	168	0	18	278	279	280	281	282	283	284	285	286	287	288	289	290	291	292	293	294	295	
84	170	0	7	445	446	447	448	449	450	451	
85	172	0	1	149	
86	174	0	18	259	260	261	262	263	264	265	266	267	268	269	270	271	272	273	274	275	276	
87	175	0	21	27	28	29	30	31	32	33	34	35	36	37	38	39	40	41	42	43	44	45	46	47	
88	176	0	1	437	
89	177	0	1	382	
90	178	0	15	225	226	227	228	229	230	231	232	233	234	235	236	237	238	239	
91	179	0	7	410	411	412	413	414	415	416	
92	180	0	1	102	
93	181	0	1	1	
94	182	0	7	384	385	386	387	388	389	390	
95	183	0	1	454	
96	184	0	9	181	182	183	184	185	186	187	188	189	
97	185	0	15	364	365	366	367	368	369	370	371	372	373	374	375	376	377	378	
98	186	0	1	383	
99	187	0	1	223	
100	188	0	1	222	
101	189	0	1	148	
102	191	0	1	379	
103	192	0	18	259	260	261	262	263	264	265	266	267	268	269	270	271	272	273	274	275	276	
104	194	0	1	100	
105	198	0	24	109	110	111	112	113	114	115	116	117	118	119	120	121	122	123	124	125	126	127	128	129	130	131	132	
106	199	0	3	48	49	50	
107	200	0	1	150	
108	201	0	24	2	3	4	5	6	7	8	9	10	11	12	13	14	15	16	17	18	19	20	21	22	23	24	25	
109	202	0	1	84	
110	203	0	18	392	393	394	395	396	397	398	399	400	401	402	403	404	405	406	407	408	409	
111	204	0	1	241	
112	207	0	1	359	
113	208	0	24	2	3	4	5	6	7	8	9	10	11	12	13	14	15	16	17	18	19	20	21	22	23	24	25	
114	209	0	1	243	
115	211	0	15	85	86	87	88	89	90	91	92	93	94	95	96	97	98	99	
116	212	0	18	151	152	153	154	155	156	157	158	159	160	161	162	163	164	165	166	167	168	
117	216	0	7	430	431	432	433	434	435	436	
118	217	0	1	429	
119	218	0	1	169	
120	219	0	1	313	
121	222	0	15	244	245	246	247	248	249	250	251	252	253	254	255	256	257	258	
122	223	0	15	244	245	246	247	248	249	250	251	252	253	254	255	256	257	258	
123	225	0	1	60	
124	227	0	15	225	226	227	228	229	230	231	232	233	234	235	236	237	238	239	
125	228	0	1	173	
126	232	0	7	455	456	457	458	459	460	461	
127	235	0	21	462	463	464	465	466	467	468	469	470	471	472	473	474	475	476	477	478	479	480	481	482	
128	236	0	1	26	
129	237	0	1	381	
130	240	0	1	221	
131	242	0	9	181	182	183	184	185	186	187	188	189	
132	244	0	7	174	175	176	177	178	179	180	
133	245	0	15	133	134	135	136	137	138	139	140	141	142	143	144	145	146	147	
134	246	0	15	133	134	135	136	137	138	139	140	141	142	143	144	145	146	147	
135	247	0	9	51	52	53	54	55	56	57	58	59	
136	248	0	24	109	110	111	112	113	114	115	116	117	118	119	120	121	122	123	124	125	126	127	128	129	130	131	132	
137	249	0	3	218	219	220	
