346	176	170
0
0 	 0 	 0 	 6 	 2 	 8 	 9 	 11 	 55 	 60 	 65 	 70 	 75 	 80 	 85 	 90 	 95 	 100 	 105
1 	 1 	 0 	 9 	 2 	 8 	 9 	 5 	 61 	 71 	 81 	 91 	 101
2 	 2 	 0 	 6 	 2 	 4 	 5 	 11 	 4 	 9 	 14 	 19 	 24 	 29 	 34 	 39 	 44 	 49 	 54
3 	 3 	 0 	 10 	 4 	 13 	 14 	 15 	 16 	 6 	 1 	 11 	 21 	 31 	 41 	 51
4 	 4 	 0 	 3 	 2 	 11 	 12 	 5 	 6 	 16 	 26 	 36 	 46
5 	 5 	 0 	 6 	 2 	 3 	 4 	 6 	 1 	 11 	 21 	 31 	 41 	 51
6 	 6 	 0 	 4 	 2 	 13 	 14 	 5 	 6 	 16 	 26 	 36 	 46
7 	 7 	 0 	 10 	 2 	 11 	 12 	 5 	 9 	 19 	 29 	 39 	 49
8 	 8 	 0 	 5 	 2 	 1 	 2 	 11 	 56 	 61 	 66 	 71 	 76 	 81 	 86 	 91 	 96 	 101 	 106
9 	 9 	 0 	 7 	 2 	 10 	 11 	 5 	 7 	 17 	 27 	 37 	 47
10 	 10 	 0 	 4 	 2 	 2 	 3 	 5 	 60 	 70 	 80 	 90 	 100
11 	 11 	 0 	 1 	 4 	 3 	 4 	 5 	 6 	 6 	 2 	 12 	 22 	 32 	 42 	 52
12 	 12 	 0 	 1 	 2 	 12 	 13 	 11 	 55 	 60 	 65 	 70 	 75 	 80 	 85 	 90 	 95 	 100 	 105
13 	 13 	 0 	 7 	 2 	 1 	 2 	 5 	 61 	 71 	 81 	 91 	 101
14 	 13 	 0 	 7 	 2 	 3 	 4 	 5 	 61 	 71 	 81 	 91 	 101
15 	 13 	 0 	 6 	 2 	 5 	 6 	 5 	 61 	 71 	 81 	 91 	 101
16 	 13 	 0 	 10 	 2 	 7 	 8 	 5 	 61 	 71 	 81 	 91 	 101
17 	 14 	 0 	 10 	 2 	 14 	 15 	 6 	 55 	 65 	 75 	 85 	 95 	 105
18 	 15 	 0 	 7 	 2 	 0 	 1 	 11 	 3 	 8 	 13 	 18 	 23 	 28 	 33 	 38 	 43 	 48 	 53
19 	 15 	 0 	 10 	 2 	 2 	 3 	 11 	 3 	 8 	 13 	 18 	 23 	 28 	 33 	 38 	 43 	 48 	 53
20 	 15 	 0 	 8 	 2 	 4 	 5 	 11 	 3 	 8 	 13 	 18 	 23 	 28 	 33 	 38 	 43 	 48 	 53
21 	 15 	 0 	 1 	 2 	 6 	 7 	 11 	 3 	 8 	 13 	 18 	 23 	 28 	 33 	 38 	 43 	 48 	 53
22 	 15 	 0 	 1 	 2 	 8 	 9 	 11 	 3 	 8 	 13 	 18 	 23 	 28 	 33 	 38 	 43 	 48 	 53
23 	 15 	 0 	 4 	 2 	 10 	 11 	 11 	 3 	 8 	 13 	 18 	 23 	 28 	 33 	 38 	 43 	 48 	 53
24 	 15 	 0 	 5 	 2 	 12 	 13 	 11 	 3 	 8 	 13 	 18 	 23 	 28 	 33 	 38 	 43 	 48 	 53
25 	 15 	 0 	 5 	 2 	 14 	 15 	 11 	 3 	 8 	 13 	 18 	 23 	 28 	 33 	 38 	 43 	 48 	 53
26 	 15 	 0 	 6 	 2 	 16 	 17 	 11 	 3 	 8 	 13 	 18 	 23 	 28 	 33 	 38 	 43 	 48 	 53
27 	 16 	 0 	 6 	 2 	 1 	 2 	 6 	 2 	 12 	 22 	 32 	 42 	 52
28 	 17 	 0 	 5 	 2 	 10 	 11 	 5 	 9 	 19 	 29 	 39 	 49
29 	 17 	 0 	 1 	 2 	 14 	 15 	 5 	 6 	 16 	 26 	 36 	 46
30 	 18 	 0 	 4 	 4 	 10 	 11 	 12 	 13 	 6 	 4 	 14 	 24 	 34 	 44 	 54
31 	 19 	 0 	 2 	 4 	 10 	 11 	 12 	 13 	 6 	 59 	 69 	 79 	 89 	 99 	 109
32 	 19 	 0 	 4 	 4 	 4 	 5 	 6 	 7 	 6 	 58 	 68 	 78 	 88 	 98 	 108
33 	 20 	 0 	 4 	 2 	 13 	 14 	 5 	 62 	 72 	 82 	 92 	 102
34 	 21 	 0 	 3 	 2 	 1 	 2 	 11 	 3 	 8 	 13 	 18 	 23 	 28 	 33 	 38 	 43 	 48 	 53
35 	 21 	 0 	 2 	 2 	 3 	 4 	 11 	 3 	 8 	 13 	 18 	 23 	 28 	 33 	 38 	 43 	 48 	 53
36 	 21 	 0 	 9 	 2 	 5 	 6 	 11 	 3 	 8 	 13 	 18 	 23 	 28 	 33 	 38 	 43 	 48 	 53
37 	 21 	 0 	 9 	 2 	 7 	 8 	 11 	 3 	 8 	 13 	 18 	 23 	 28 	 33 	 38 	 43 	 48 	 53
38 	 21 	 0 	 7 	 2 	 9 	 10 	 11 	 3 	 8 	 13 	 18 	 23 	 28 	 33 	 38 	 43 	 48 	 53
39 	 21 	 0 	 4 	 2 	 11 	 12 	 11 	 3 	 8 	 13 	 18 	 23 	 28 	 33 	 38 	 43 	 48 	 53
40 	 21 	 0 	 5 	 2 	 13 	 14 	 11 	 3 	 8 	 13 	 18 	 23 	 28 	 33 	 38 	 43 	 48 	 53
41 	 22 	 0 	 9 	 2 	 2 	 3 	 5 	 61 	 71 	 81 	 91 	 101
42 	 22 	 0 	 9 	 2 	 11 	 12 	 5 	 60 	 70 	 80 	 90 	 100
43 	 23 	 0 	 9 	 4 	 3 	 4 	 5 	 6 	 5 	 6 	 16 	 26 	 36 	 46
44 	 24 	 0 	 9 	 2 	 1 	 2 	 11 	 59 	 64 	 69 	 74 	 79 	 84 	 89 	 94 	 99 	 104 	 109
45 	 24 	 0 	 1 	 2 	 13 	 14 	 11 	 58 	 63 	 68 	 73 	 78 	 83 	 88 	 93 	 98 	 103 	 108
46 	 25 	 0 	 4 	 2 	 11 	 12 	 5 	 8 	 18 	 28 	 38 	 48
47 	 26 	 0 	 8 	 2 	 7 	 8 	 6 	 59 	 69 	 79 	 89 	 99 	 109
48 	 26 	 0 	 2 	 2 	 3 	 4 	 6 	 58 	 68 	 78 	 88 	 98 	 108
49 	 27 	 0 	 1 	 2 	 2 	 3 	 6 	 3 	 13 	 23 	 33 	 43 	 53
50 	 28 	 0 	 9 	 2 	 10 	 11 	 5 	 6 	 16 	 26 	 36 	 46
51 	 29 	 0 	 6 	 2 	 2 	 3 	 5 	 62 	 72 	 82 	 92 	 102
52 	 30 	 0 	 9 	 2 	 4 	 5 	 11 	 1 	 6 	 11 	 16 	 21 	 26 	 31 	 36 	 41 	 46 	 51
53 	 30 	 0 	 7 	 2 	 6 	 7 	 11 	 1 	 6 	 11 	 16 	 21 	 26 	 31 	 36 	 41 	 46 	 51
54 	 30 	 0 	 5 	 2 	 8 	 9 	 11 	 1 	 6 	 11 	 16 	 21 	 26 	 31 	 36 	 41 	 46 	 51
55 	 30 	 0 	 1 	 2 	 10 	 11 	 11 	 1 	 6 	 11 	 16 	 21 	 26 	 31 	 36 	 41 	 46 	 51
56 	 31 	 0 	 6 	 4 	 4 	 5 	 6 	 7 	 5 	 61 	 71 	 81 	 91 	 101
57 	 32 	 0 	 10 	 2 	 14 	 15 	 6 	 3 	 13 	 23 	 33 	 43 	 53
58 	 33 	 0 	 2 	 2 	 7 	 8 	 6 	 0 	 10 	 20 	 30 	 40 	 50
59 	 34 	 0 	 6 	 2 	 8 	 9 	 5 	 6 	 16 	 26 	 36 	 46
60 	 35 	 0 	 7 	 4 	 12 	 13 	 14 	 15 	 6 	 58 	 68 	 78 	 88 	 98 	 108
61 	 36 	 0 	 6 	 2 	 3 	 4 	 5 	 8 	 18 	 28 	 38 	 48
62 	 36 	 0 	 9 	 2 	 7 	 8 	 5 	 9 	 19 	 29 	 39 	 49
63 	 36 	 0 	 2 	 2 	 2 	 3 	 5 	 5 	 15 	 25 	 35 	 45
64 	 37 	 0 	 9 	 2 	 3 	 4 	 11 	 57 	 62 	 67 	 72 	 77 	 82 	 87 	 92 	 97 	 102 	 107
65 	 38 	 0 	 7 	 4 	 2 	 3 	 4 	 5 	 5 	 8 	 18 	 28 	 38 	 48
66 	 39 	 0 	 7 	 2 	 3 	 4 	 5 	 8 	 18 	 28 	 38 	 48
67 	 40 	 0 	 5 	 2 	 7 	 8 	 5 	 6 	 16 	 26 	 36 	 46
68 	 40 	 0 	 4 	 2 	 16 	 17 	 5 	 7 	 17 	 27 	 37 	 47
69 	 41 	 0 	 9 	 2 	 5 	 6 	 11 	 3 	 8 	 13 	 18 	 23 	 28 	 33 	 38 	 43 	 48 	 53
70 	 42 	 0 	 10 	 4 	 8 	 9 	 10 	 11 	 6 	 58 	 68 	 78 	 88 	 98 	 108
71 	 43 	 0 	 8 	 2 	 8 	 9 	 11 	 57 	 62 	 67 	 72 	 77 	 82 	 87 	 92 	 97 	 102 	 107
72 	 44 	 0 	 10 	 6 	 0 	 1 	 2 	 3 	 4 	 5 	 6 	 3 	 13 	 23 	 33 	 43 	 53
73 	 45 	 0 	 8 	 2 	 15 	 16 	 5 	 61 	 71 	 81 	 91 	 101
74 	 45 	 0 	 2 	 2 	 5 	 6 	 5 	 60 	 70 	 80 	 90 	 100
75 	 46 	 0 	 2 	 4 	 11 	 12 	 13 	 14 	 6 	 0 	 10 	 20 	 30 	 40 	 50
76 	 47 	 0 	 7 	 2 	 1 	 2 	 11 	 56 	 61 	 66 	 71 	 76 	 81 	 86 	 91 	 96 	 101 	 106
77 	 48 	 0 	 6 	 4 	 5 	 6 	 7 	 8 	 11 	 58 	 63 	 68 	 73 	 78 	 83 	 88 	 93 	 98 	 103 	 108
78 	 48 	 0 	 2 	 4 	 7 	 8 	 9 	 10 	 11 	 55 	 60 	 65 	 70 	 75 	 80 	 85 	 90 	 95 	 100 	 105
79 	 48 	 0 	 6 	 4 	 7 	 8 	 9 	 10 	 11 	 56 	 61 	 66 	 71 	 76 	 81 	 86 	 91 	 96 	 101 	 106
80 	 49 	 0 	 1 	 4 	 10 	 11 	 12 	 13 	 6 	 2 	 12 	 22 	 32 	 42 	 52
81 	 50 	 0 	 8 	 2 	 7 	 8 	 6 	 57 	 67 	 77 	 87 	 97 	 107
82 	 50 	 0 	 3 	 2 	 9 	 10 	 6 	 57 	 67 	 77 	 87 	 97 	 107
83 	 50 	 0 	 9 	 2 	 11 	 12 	 6 	 57 	 67 	 77 	 87 	 97 	 107
84 	 50 	 0 	 4 	 2 	 13 	 14 	 6 	 57 	 67 	 77 	 87 	 97 	 107
85 	 51 	 0 	 4 	 2 	 16 	 17 	 5 	 63 	 73 	 83 	 93 	 103
86 	 51 	 0 	 7 	 4 	 10 	 11 	 12 	 13 	 5 	 62 	 72 	 82 	 92 	 102
87 	 52 	 0 	 7 	 2 	 2 	 3 	 6 	 2 	 12 	 22 	 32 	 42 	 52
88 	 52 	 0 	 9 	 4 	 0 	 1 	 2 	 3 	 6 	 3 	 13 	 23 	 33 	 43 	 53
89 	 53 	 0 	 7 	 2 	 0 	 1 	 5 	 6 	 16 	 26 	 36 	 46
90 	 54 	 0 	 3 	 2 	 11 	 12 	 5 	 63 	 73 	 83 	 93 	 103
91 	 55 	 0 	 10 	 2 	 0 	 1 	 11 	 3 	 8 	 13 	 18 	 23 	 28 	 33 	 38 	 43 	 48 	 53
92 	 55 	 0 	 1 	 2 	 9 	 10 	 11 	 4 	 9 	 14 	 19 	 24 	 29 	 34 	 39 	 44 	 49 	 54
93 	 56 	 0 	 2 	 4 	 10 	 11 	 12 	 13 	 11 	 2 	 7 	 12 	 17 	 22 	 27 	 32 	 37 	 42 	 47 	 52
94 	 57 	 0 	 3 	 2 	 2 	 3 	 5 	 62 	 72 	 82 	 92 	 102
95 	 58 	 0 	 7 	 2 	 12 	 13 	 6 	 55 	 65 	 75 	 85 	 95 	 105
96 	 59 	 0 	 4 	 2 	 0 	 1 	 6 	 1 	 11 	 21 	 31 	 41 	 51
97 	 59 	 0 	 1 	 2 	 2 	 3 	 6 	 0 	 10 	 20 	 30 	 40 	 50
98 	 59 	 0 	 8 	 2 	 0 	 1 	 6 	 3 	 13 	 23 	 33 	 43 	 53
99 	 60 	 0 	 1 	 2 	 12 	 13 	 5 	 7 	 17 	 27 	 37 	 47
100 	 61 	 0 	 2 	 2 	 14 	 15 	 5 	 5 	 15 	 25 	 35 	 45
101 	 62 	 0 	 7 	 2 	 1 	 2 	 5 	 63 	 73 	 83 	 93 	 103
102 	 62 	 0 	 7 	 2 	 3 	 4 	 5 	 63 	 73 	 83 	 93 	 103
103 	 62 	 0 	 5 	 2 	 5 	 6 	 5 	 63 	 73 	 83 	 93 	 103
104 	 62 	 0 	 1 	 2 	 7 	 8 	 5 	 63 	 73 	 83 	 93 	 103
105 	 62 	 0 	 3 	 2 	 9 	 10 	 5 	 63 	 73 	 83 	 93 	 103
106 	 63 	 0 	 5 	 2 	 3 	 4 	 6 	 4 	 14 	 24 	 34 	 44 	 54
107 	 64 	 0 	 1 	 2 	 12 	 13 	 5 	 7 	 17 	 27 	 37 	 47
108 	 65 	 0 	 10 	 4 	 12 	 13 	 14 	 15 	 6 	 58 	 68 	 78 	 88 	 98 	 108
109 	 66 	 0 	 8 	 4 	 7 	 8 	 9 	 10 	 5 	 62 	 72 	 82 	 92 	 102
110 	 67 	 0 	 3 	 2 	 6 	 7 	 11 	 3 	 8 	 13 	 18 	 23 	 28 	 33 	 38 	 43 	 48 	 53
111 	 67 	 0 	 3 	 2 	 8 	 9 	 11 	 0 	 5 	 10 	 15 	 20 	 25 	 30 	 35 	 40 	 45 	 50
112 	 67 	 0 	 9 	 2 	 4 	 5 	 11 	 4 	 9 	 14 	 19 	 24 	 29 	 34 	 39 	 44 	 49 	 54
113 	 68 	 0 	 7 	 2 	 13 	 14 	 11 	 57 	 62 	 67 	 72 	 77 	 82 	 87 	 92 	 97 	 102 	 107
114 	 69 	 0 	 2 	 2 	 15 	 16 	 11 	 4 	 9 	 14 	 19 	 24 	 29 	 34 	 39 	 44 	 49 	 54
115 	 69 	 0 	 4 	 4 	 3 	 4 	 5 	 6 	 11 	 2 	 7 	 12 	 17 	 22 	 27 	 32 	 37 	 42 	 47 	 52
116 	 70 	 0 	 2 	 4 	 10 	 11 	 12 	 13 	 5 	 62 	 72 	 82 	 92 	 102
117 	 71 	 0 	 1 	 2 	 3 	 4 	 5 	 63 	 73 	 83 	 93 	 103
118 	 71 	 0 	 9 	 2 	 5 	 6 	 5 	 63 	 73 	 83 	 93 	 103
119 	 71 	 0 	 9 	 2 	 7 	 8 	 5 	 63 	 73 	 83 	 93 	 103
120 	 71 	 0 	 6 	 2 	 9 	 10 	 5 	 63 	 73 	 83 	 93 	 103
121 	 71 	 0 	 4 	 2 	 11 	 12 	 5 	 63 	 73 	 83 	 93 	 103
122 	 71 	 0 	 9 	 2 	 13 	 14 	 5 	 63 	 73 	 83 	 93 	 103
123 	 72 	 0 	 8 	 2 	 4 	 5 	 11 	 4 	 9 	 14 	 19 	 24 	 29 	 34 	 39 	 44 	 49 	 54
124 	 73 	 0 	 9 	 2 	 5 	 6 	 11 	 2 	 7 	 12 	 17 	 22 	 27 	 32 	 37 	 42 	 47 	 52
125 	 74 	 0 	 7 	 4 	 7 	 8 	 9 	 10 	 11 	 4 	 9 	 14 	 19 	 24 	 29 	 34 	 39 	 44 	 49 	 54
126 	 74 	 0 	 7 	 2 	 12 	 13 	 11 	 0 	 5 	 10 	 15 	 20 	 25 	 30 	 35 	 40 	 45 	 50
127 	 75 	 0 	 9 	 4 	 7 	 8 	 9 	 10 	 5 	 7 	 17 	 27 	 37 	 47
128 	 76 	 0 	 6 	 2 	 1 	 2 	 6 	 2 	 12 	 22 	 32 	 42 	 52
129 	 77 	 0 	 5 	 2 	 6 	 7 	 6 	 58 	 68 	 78 	 88 	 98 	 108
130 	 78 	 0 	 1 	 2 	 16 	 17 	 11 	 58 	 63 	 68 	 73 	 78 	 83 	 88 	 93 	 98 	 103 	 108
131 	 79 	 0 	 1 	 2 	 15 	 16 	 6 	 56 	 66 	 76 	 86 	 96 	 106
132 	 80 	 0 	 4 	 4 	 10 	 11 	 12 	 13 	 11 	 3 	 8 	 13 	 18 	 23 	 28 	 33 	 38 	 43 	 48 	 53
133 	 81 	 0 	 4 	 2 	 1 	 2 	 6 	 2 	 12 	 22 	 32 	 42 	 52
134 	 82 	 0 	 9 	 2 	 1 	 2 	 5 	 7 	 17 	 27 	 37 	 47
135 	 82 	 0 	 1 	 2 	 3 	 4 	 5 	 7 	 17 	 27 	 37 	 47
136 	 82 	 0 	 2 	 2 	 5 	 6 	 5 	 7 	 17 	 27 	 37 	 47
137 	 82 	 0 	 3 	 2 	 7 	 8 	 5 	 7 	 17 	 27 	 37 	 47
138 	 82 	 0 	 7 	 2 	 9 	 10 	 5 	 7 	 17 	 27 	 37 	 47
139 	 82 	 0 	 7 	 2 	 11 	 12 	 5 	 7 	 17 	 27 	 37 	 47
140 	 82 	 0 	 4 	 2 	 13 	 14 	 5 	 7 	 17 	 27 	 37 	 47
141 	 82 	 0 	 5 	 2 	 15 	 16 	 5 	 7 	 17 	 27 	 37 	 47
142 	 83 	 0 	 9 	 4 	 6 	 7 	 8 	 9 	 11 	 59 	 64 	 69 	 74 	 79 	 84 	 89 	 94 	 99 	 104 	 109
143 	 84 	 0 	 7 	 4 	 6 	 7 	 8 	 9 	 6 	 4 	 14 	 24 	 34 	 44 	 54
144 	 84 	 0 	 3 	 2 	 13 	 14 	 6 	 3 	 13 	 23 	 33 	 43 	 53
145 	 84 	 0 	 8 	 2 	 4 	 5 	 6 	 2 	 12 	 22 	 32 	 42 	 52
146 	 85 	 0 	 1 	 2 	 8 	 9 	 5 	 61 	 71 	 81 	 91 	 101
147 	 86 	 0 	 1 	 2 	 10 	 11 	 6 	 0 	 10 	 20 	 30 	 40 	 50
148 	 87 	 0 	 8 	 2 	 4 	 5 	 5 	 6 	 16 	 26 	 36 	 46
149 	 87 	 0 	 7 	 4 	 4 	 5 	 6 	 7 	 5 	 7 	 17 	 27 	 37 	 47
150 	 88 	 0 	 5 	 4 	 14 	 15 	 16 	 17 	 6 	 59 	 69 	 79 	 89 	 99 	 109
151 	 89 	 0 	 2 	 2 	 0 	 1 	 6 	 3 	 13 	 23 	 33 	 43 	 53
152 	 89 	 0 	 9 	 2 	 2 	 3 	 6 	 3 	 13 	 23 	 33 	 43 	 53
153 	 89 	 0 	 10 	 2 	 4 	 5 	 6 	 3 	 13 	 23 	 33 	 43 	 53
154 	 89 	 0 	 4 	 2 	 6 	 7 	 6 	 3 	 13 	 23 	 33 	 43 	 53
155 	 89 	 0 	 10 	 2 	 8 	 9 	 6 	 3 	 13 	 23 	 33 	 43 	 53
156 	 90 	 0 	 2 	 2 	 4 	 5 	 6 	 58 	 68 	 78 	 88 	 98 	 108
157 	 90 	 0 	 4 	 4 	 9 	 10 	 11 	 12 	 6 	 56 	 66 	 76 	 86 	 96 	 106
158 	 91 	 0 	 7 	 2 	 1 	 2 	 11 	 58 	 63 	 68 	 73 	 78 	 83 	 88 	 93 	 98 	 103 	 108
159 	 92 	 0 	 9 	 2 	 7 	 8 	 11 	 0 	 5 	 10 	 15 	 20 	 25 	 30 	 35 	 40 	 45 	 50
160 	 92 	 0 	 2 	 2 	 8 	 9 	 11 	 1 	 6 	 11 	 16 	 21 	 26 	 31 	 36 	 41 	 46 	 51
161 	 93 	 0 	 10 	 4 	 8 	 9 	 10 	 11 	 11 	 58 	 63 	 68 	 73 	 78 	 83 	 88 	 93 	 98 	 103 	 108
162 	 94 	 0 	 4 	 2 	 5 	 6 	 6 	 3 	 13 	 23 	 33 	 43 	 53
163 	 95 	 0 	 10 	 4 	 14 	 15 	 16 	 17 	 5 	 6 	 16 	 26 	 36 	 46
164 	 96 	 0 	 5 	 6 	 3 	 4 	 5 	 6 	 7 	 8 	 6 	 1 	 11 	 21 	 31 	 41 	 51
165 	 96 	 0 	 6 	 2 	 5 	 6 	 6 	 3 	 13 	 23 	 33 	 43 	 53
166 	 97 	 0 	 6 	 2 	 4 	 5 	 11 	 3 	 8 	 13 	 18 	 23 	 28 	 33 	 38 	 43 	 48 	 53
167 	 98 	 0 	 4 	 2 	 2 	 3 	 6 	 55 	 65 	 75 	 85 	 95 	 105
168 	 98 	 0 	 2 	 2 	 4 	 5 	 6 	 55 	 65 	 75 	 85 	 95 	 105
169 	 98 	 0 	 5 	 2 	 6 	 7 	 6 	 55 	 65 	 75 	 85 	 95 	 105
170 	 98 	 0 	 10 	 2 	 8 	 9 	 6 	 55 	 65 	 75 	 85 	 95 	 105
171 	 98 	 0 	 4 	 2 	 10 	 11 	 6 	 55 	 65 	 75 	 85 	 95 	 105
172 	 98 	 0 	 7 	 2 	 12 	 13 	 6 	 55 	 65 	 75 	 85 	 95 	 105
173 	 98 	 0 	 8 	 2 	 14 	 15 	 6 	 55 	 65 	 75 	 85 	 95 	 105
174 	 98 	 0 	 2 	 2 	 16 	 17 	 6 	 55 	 65 	 75 	 85 	 95 	 105
175 	 99 	 0 	 4 	 2 	 7 	 8 	 5 	 5 	 15 	 25 	 35 	 45
176	0	0	0	4	11	12	13	14	11	57	62	67	72	77	82	87	92	97	102	107	
177	0	0	0	4	2	3	4	5	11	59	64	69	74	79	84	89	94	99	104	109	
178	1	0	0	2	16	17	5	64	74	84	94	104	
179	2	0	0	2	2	3	11	0	5	10	15	20	25	30	35	40	45	50	
180	3	0	0	4	5	6	7	8	6	2	12	22	32	42	52	
181	4	0	0	2	3	4	5	8	18	28	38	48	
182	4	0	0	4	2	3	4	5	5	5	15	25	35	45	
183	5	0	0	2	12	13	6	2	12	22	32	42	52	
184	6	0	0	2	10	11	5	8	18	28	38	48	
185	7	0	0	4	13	14	15	16	5	8	18	28	38	48	
186	8	0	0	2	8	9	11	59	64	69	74	79	84	89	94	99	104	109	
187	9	0	0	4	5	6	7	8	5	8	18	28	38	48	
188	9	0	0	2	5	6	5	6	16	26	36	46	
189	10	0	0	2	6	7	5	61	71	81	91	101	
190	10	0	0	2	10	11	5	64	74	84	94	104	
191	11	0	0	2	13	14	6	0	10	20	30	40	50	
192	12	0	0	2	12	13	11	56	61	66	71	76	81	86	91	96	101	106	
193	12	0	0	4	6	7	8	9	11	57	62	67	72	77	82	87	92	97	102	107	
194	13	0	0	2	0	1	5	64	74	84	94	104	
195	13	0	0	4	9	10	11	12	5	63	73	83	93	103	
196	13	0	0	2	2	3	5	60	70	80	90	100	
197	14	0	0	2	5	6	6	56	66	76	86	96	106	
198	15	0	0	2	13	14	11	2	7	12	17	22	27	32	37	42	47	52	
199	15	0	0	2	4	5	11	4	9	14	19	24	29	34	39	44	49	54	
200	15	0	0	4	7	8	9	10	11	1	6	11	16	21	26	31	36	41	46	51	
201	16	0	0	4	13	14	15	16	6	4	14	24	34	44	54	
202	17	0	0	4	5	6	7	8	5	7	17	27	37	47	
203	18	0	0	2	0	1	6	3	13	23	33	43	53	
204	19	0	0	4	13	14	15	16	6	56	66	76	86	96	106	
205	19	0	0	4	2	3	4	5	6	55	65	75	85	95	105	
206	20	0	0	4	9	10	11	12	5	64	74	84	94	104	
207	21	0	0	2	2	3	11	1	6	11	16	21	26	31	36	41	46	51	
208	21	0	0	4	0	1	2	3	11	4	9	14	19	24	29	34	39	44	49	54	
209	21	0	0	2	9	10	11	0	5	10	15	20	25	30	35	40	45	50	
210	22	0	0	2	2	3	5	64	74	84	94	104	
211	23	0	0	4	0	1	2	3	5	8	18	28	38	48	
212	24	0	0	4	9	10	11	12	11	56	61	66	71	76	81	86	91	96	101	106	
213	24	0	0	4	1	2	3	4	11	57	62	67	72	77	82	87	92	97	102	107	
214	25	0	0	2	12	13	5	6	16	26	36	46	
215	26	0	0	2	16	17	6	57	67	77	87	97	107	
216	26	0	0	2	3	4	6	56	66	76	86	96	106	
217	27	0	0	4	14	15	16	17	6	1	11	21	31	41	51	
218	28	0	0	4	6	7	8	9	5	7	17	27	37	47	
219	28	0	0	4	8	9	10	11	5	8	18	28	38	48	
220	29	0	0	4	8	9	10	11	5	60	70	80	90	100	
221	29	0	0	4	7	8	9	10	5	61	71	81	91	101	
222	30	0	0	2	8	9	11	3	8	13	18	23	28	33	38	43	48	53	
223	30	0	0	2	15	16	11	2	7	12	17	22	27	32	37	42	47	52	
224	30	0	0	4	8	9	10	11	11	0	5	10	15	20	25	30	35	40	45	50	
225	30	0	0	4	3	4	5	6	11	4	9	14	19	24	29	34	39	44	49	54	
226	31	0	0	4	2	3	4	5	5	60	70	80	90	100	
227	31	0	0	2	11	12	5	64	74	84	94	104	
228	32	0	0	4	14	15	16	17	6	4	14	24	34	44	54	
229	33	0	0	4	3	4	5	6	6	3	13	23	33	43	53	
230	34	0	0	4	5	6	7	8	5	8	18	28	38	48	
231	35	0	0	2	1	2	6	55	65	75	85	95	105	
232	36	0	0	2	11	12	5	7	17	27	37	47	
233	36	0	0	4	0	1	2	3	5	6	16	26	36	46	
234	37	0	0	4	1	2	3	4	11	58	63	68	73	78	83	88	93	98	103	108	
235	37	0	0	2	11	12	11	56	61	66	71	76	81	86	91	96	101	106	
236	38	0	0	4	1	2	3	4	5	9	19	29	39	49	
237	38	0	0	2	11	12	5	6	16	26	36	46	
238	39	0	0	2	15	16	5	5	15	25	35	45	
239	40	0	0	2	6	7	5	9	19	29	39	49	
240	40	0	0	2	2	3	5	8	18	28	38	48	
241	41	0	0	2	1	2	11	2	7	12	17	22	27	32	37	42	47	52	
242	42	0	0	4	11	12	13	14	6	55	65	75	85	95	105	
243	43	0	0	4	7	8	9	10	11	55	60	65	70	75	80	85	90	95	100	105	
244	44	0	0	2	9	10	6	1	11	21	31	41	51	
245	44	0	0	4	11	12	13	14	6	4	14	24	34	44	54	
246	45	0	0	2	15	16	5	62	72	82	92	102	
247	46	0	0	4	3	4	5	6	6	2	12	22	32	42	52	
248	46	0	0	4	6	7	8	9	6	1	11	21	31	41	51	
249	47	0	0	4	13	14	15	16	11	58	63	68	73	78	83	88	93	98	103	108	
250	47	0	0	2	2	3	11	59	64	69	74	79	84	89	94	99	104	109	
251	48	0	0	2	0	1	11	59	64	69	74	79	84	89	94	99	104	109	
252	48	0	0	4	4	5	6	7	11	57	62	67	72	77	82	87	92	97	102	107	
253	49	0	0	4	3	4	5	6	6	0	10	20	30	40	50	
254	50	0	0	2	12	13	6	59	69	79	89	99	109	
255	50	0	0	2	4	5	6	56	66	76	86	96	106	
256	50	0	0	4	3	4	5	6	6	58	68	78	88	98	108	
257	51	0	0	2	9	10	5	61	71	81	91	101	
258	51	0	0	4	8	9	10	11	5	64	74	84	94	104	
259	52	0	0	4	8	9	10	11	6	4	14	24	34	44	54	
260	53	0	0	4	14	15	16	17	5	8	18	28	38	48	
261	54	0	0	2	2	3	5	60	70	80	90	100	
262	55	0	0	4	9	10	11	12	11	0	5	10	15	20	25	30	35	40	45	50	
263	55	0	0	2	8	9	11	1	6	11	16	21	26	31	36	41	46	51	
264	56	0	0	4	5	6	7	8	11	3	8	13	18	23	28	33	38	43	48	53	
265	56	0	0	2	8	9	11	1	6	11	16	21	26	31	36	41	46	51	
266	57	0	0	4	9	10	11	12	5	64	74	84	94	104	
267	57	0	0	4	7	8	9	10	5	63	73	83	93	103	
268	58	0	0	4	10	11	12	13	6	56	66	76	86	96	106	
269	59	0	0	4	1	2	3	4	6	2	12	22	32	42	52	
270	60	0	0	2	14	15	5	8	18	28	38	48	
271	60	0	0	2	6	7	5	5	15	25	35	45	
272	61	0	0	4	5	6	7	8	5	8	18	28	38	48	
273	62	0	0	4	1	2	3	4	5	62	72	82	92	102	
274	62	0	0	2	13	14	5	60	70	80	90	100	
275	62	0	0	4	0	1	2	3	5	61	71	81	91	101	
276	62	0	0	4	12	13	14	15	5	64	74	84	94	104	
277	63	0	0	4	8	9	10	11	6	1	11	21	31	41	51	
278	63	0	0	2	6	7	6	3	13	23	33	43	53	
279	64	0	0	2	13	14	5	5	15	25	35	45	
280	64	0	0	2	9	10	5	8	18	28	38	48	
281	65	0	0	2	4	5	6	55	65	75	85	95	105	
282	65	0	0	4	4	5	6	7	6	56	66	76	86	96	106	
283	66	0	0	2	2	3	5	61	71	81	91	101	
284	66	0	0	2	8	9	5	63	73	83	93	103	
285	67	0	0	4	12	13	14	15	11	1	6	11	16	21	26	31	36	41	46	51	
286	67	0	0	2	13	14	11	2	7	12	17	22	27	32	37	42	47	52	
287	68	0	0	2	7	8	11	58	63	68	73	78	83	88	93	98	103	108	
288	68	0	0	2	0	1	11	55	60	65	70	75	80	85	90	95	100	105	
289	69	0	0	2	11	12	11	0	5	10	15	20	25	30	35	40	45	50	
290	69	0	0	2	10	11	11	3	8	13	18	23	28	33	38	43	48	53	
291	70	0	0	2	10	11	5	61	71	81	91	101	
292	70	0	0	4	9	10	11	12	5	64	74	84	94	104	
293	71	0	0	4	6	7	8	9	5	60	70	80	90	100	
294	71	0	0	2	16	17	5	64	74	84	94	104	
295	71	0	0	2	15	16	5	62	72	82	92	102	
296	71	0	0	2	1	2	5	61	71	81	91	101	
297	72	0	0	2	7	8	11	1	6	11	16	21	26	31	36	41	46	51	
298	72	0	0	2	5	6	11	3	8	13	18	23	28	33	38	43	48	53	
299	73	0	0	4	5	6	7	8	11	3	8	13	18	23	28	33	38	43	48	53	
300	73	0	0	2	11	12	11	4	9	14	19	24	29	34	39	44	49	54	
301	74	0	0	4	5	6	7	8	11	1	6	11	16	21	26	31	36	41	46	51	
302	74	0	0	2	13	14	11	2	7	12	17	22	27	32	37	42	47	52	
303	75	0	0	2	1	2	5	9	19	29	39	49	
304	76	0	0	2	12	13	6	0	10	20	30	40	50	
305	77	0	0	2	9	10	6	59	69	79	89	99	109	
306	78	0	0	4	5	6	7	8	11	57	62	67	72	77	82	87	92	97	102	107	
307	78	0	0	4	3	4	5	6	11	59	64	69	74	79	84	89	94	99	104	109	
308	79	0	0	4	8	9	10	11	6	55	65	75	85	95	105	
309	80	0	0	2	10	11	11	2	7	12	17	22	27	32	37	42	47	52	
310	81	0	0	4	10	11	12	13	6	0	10	20	30	40	50	
311	81	0	0	2	14	15	6	1	11	21	31	41	51	
312	82	0	0	4	11	12	13	14	5	8	18	28	38	48	
313	82	0	0	4	6	7	8	9	5	9	19	29	39	49	
314	82	0	0	2	14	15	5	6	16	26	36	46	
315	82	0	0	4	5	6	7	8	5	5	15	25	35	45	
316	83	0	0	4	6	7	8	9	11	56	61	66	71	76	81	86	91	96	101	106	
317	83	0	0	2	12	13	11	58	63	68	73	78	83	88	93	98	103	108	
318	84	0	0	2	1	2	6	1	11	21	31	41	51	
319	85	0	0	4	1	2	3	4	5	60	70	80	90	100	
320	85	0	0	2	6	7	5	62	72	82	92	102	
321	86	0	0	4	0	1	2	3	6	2	12	22	32	42	52	
322	86	0	0	4	11	12	13	14	6	1	11	21	31	41	51	
323	87	0	0	2	5	6	5	5	15	25	35	45	
324	88	0	0	2	1	2	6	55	65	75	85	95	105	
325	89	0	0	2	12	13	6	2	12	22	32	42	52	
326	89	0	0	2	1	2	6	0	10	20	30	40	50	
327	89	0	0	2	14	15	6	1	11	21	31	41	51	
328	89	0	0	2	15	16	6	4	14	24	34	44	54	
329	90	0	0	2	5	6	6	59	69	79	89	99	109	
330	90	0	0	2	0	1	6	55	65	75	85	95	105	
331	91	0	0	2	14	15	11	59	64	69	74	79	84	89	94	99	104	109	
332	91	0	0	2	15	16	11	56	61	66	71	76	81	86	91	96	101	106	
333	92	0	0	2	0	1	11	4	9	14	19	24	29	34	39	44	49	54	
334	93	0	0	2	10	11	11	57	62	67	72	77	82	87	92	97	102	107	
335	94	0	0	2	7	8	6	1	11	21	31	41	51	
336	95	0	0	2	9	10	5	5	15	25	35	45	
337	96	0	0	2	15	16	6	2	12	22	32	42	52	
338	96	0	0	4	10	11	12	13	6	4	14	24	34	44	54	
339	97	0	0	4	10	11	12	13	11	4	9	14	19	24	29	34	39	44	49	54	
340	98	0	0	2	3	4	6	59	69	79	89	99	109	
341	98	0	0	4	7	8	9	10	6	56	66	76	86	96	106	
342	98	0	0	2	12	13	6	57	67	77	87	97	107	
343	98	0	0	2	2	3	6	58	68	78	88	98	108	
344	99	0	0	2	1	2	5	7	17	27	37	47	
345	99	0	0	2	16	17	5	6	16	26	36	46	

