250
9
6
0
Tutor0 	 0 	 0 	 120 	 0 	 120 	 0 	 3 	 0 	 3 	 0 	 0 	 0 	 1 	 0 	 1 	 0 	 0 	 0 	 1 	 1 	 1 	 1 	 1 	 1 	 0 	  	 0
Tutor1 	 1 	 0 	 120 	 0 	 120 	 0 	 3 	 0 	 3 	 0 	 0 	 0 	 0 	 0 	 0 	 0 	 0 	 1 	 1 	 1 	 1 	 1 	 1 	 1 	 1 	 89 	  	 3 	 84 	 33 	 58
Tutor2 	 2 	 0 	 120 	 0 	 120 	 0 	 3 	 0 	 3 	 1 	 1 	 1 	 0 	 0 	 0 	 0 	 1 	 0 	 1 	 1 	 1 	 1 	 1 	 1 	 0 	  	 2 	 43 	 51
Tutor3 	 3 	 0 	 120 	 0 	 120 	 0 	 3 	 0 	 3 	 0 	 0 	 1 	 0 	 0 	 1 	 0 	 0 	 1 	 1 	 1 	 1 	 1 	 1 	 1 	 1 	 70 	  	 6 	 44 	 55 	 95 	 2 	 60 	 30
Tutor4 	 4 	 0 	 120 	 0 	 120 	 0 	 3 	 0 	 3 	 0 	 0 	 0 	 0 	 1 	 0 	 0 	 0 	 0 	 1 	 1 	 1 	 1 	 1 	 1 	 1 	 61 	  	 4 	 4 	 91 	 71 	 2
Tutor5 	 5 	 0 	 120 	 0 	 120 	 0 	 3 	 0 	 3 	 0 	 0 	 1 	 0 	 0 	 0 	 1 	 1 	 0 	 1 	 1 	 1 	 1 	 1 	 1 	 0 	  	 0
Tutor6 	 6 	 0 	 120 	 0 	 120 	 0 	 3 	 0 	 3 	 0 	 0 	 0 	 0 	 1 	 0 	 1 	 0 	 0 	 1 	 1 	 1 	 1 	 1 	 1 	 1 	 25 	  	 1 	 3
Tutor7 	 7 	 0 	 120 	 0 	 120 	 0 	 3 	 0 	 3 	 0 	 0 	 0 	 0 	 0 	 0 	 1 	 0 	 0 	 1 	 1 	 1 	 1 	 1 	 1 	 1 	 4 	  	 4 	 34 	 30 	 79 	 53
Tutor8 	 8 	 0 	 120 	 0 	 120 	 0 	 3 	 0 	 3 	 0 	 0 	 0 	 0 	 0 	 0 	 0 	 0 	 0 	 1 	 1 	 1 	 1 	 1 	 1 	 1 	 53 	  	 2 	 6 	 32
Tutor9 	 9 	 0 	 120 	 0 	 120 	 0 	 3 	 0 	 3 	 0 	 1 	 0 	 0 	 0 	 0 	 0 	 0 	 0 	 1 	 1 	 1 	 1 	 1 	 1 	 1 	 116 	  	 4 	 29 	 94 	 12 	 14
Tutor10 	 10 	 0 	 120 	 0 	 120 	 0 	 3 	 0 	 3 	 0 	 0 	 0 	 1 	 0 	 0 	 0 	 1 	 0 	 1 	 1 	 1 	 1 	 1 	 1 	 0 	  	 0
Tutor11 	 11 	 0 	 120 	 0 	 120 	 0 	 3 	 0 	 3 	 0 	 0 	 0 	 0 	 0 	 0 	 1 	 0 	 0 	 1 	 1 	 1 	 1 	 1 	 1 	 0 	  	 6 	 92 	 71 	 2 	 57 	 88 	 61
Tutor12 	 12 	 0 	 120 	 0 	 120 	 0 	 3 	 0 	 3 	 0 	 0 	 0 	 0 	 1 	 0 	 0 	 0 	 0 	 1 	 1 	 1 	 1 	 1 	 1 	 0 	  	 5 	 9 	 24 	 59 	 75 	 2
Tutor13 	 13 	 0 	 120 	 0 	 120 	 0 	 3 	 0 	 3 	 0 	 0 	 0 	 1 	 1 	 1 	 0 	 0 	 1 	 1 	 1 	 1 	 1 	 1 	 1 	 0 	  	 2 	 32 	 57
Tutor14 	 14 	 0 	 120 	 0 	 120 	 0 	 3 	 0 	 3 	 0 	 0 	 0 	 1 	 0 	 0 	 0 	 0 	 0 	 1 	 0 	 0 	 0 	 0 	 0 	 0 	  	 1 	 31
Tutor15 	 15 	 0 	 120 	 0 	 120 	 0 	 3 	 0 	 3 	 1 	 1 	 0 	 0 	 0 	 0 	 0 	 0 	 0 	 1 	 1 	 1 	 1 	 1 	 1 	 0 	  	 1 	 84
Tutor16 	 16 	 0 	 120 	 0 	 120 	 0 	 3 	 0 	 3 	 1 	 0 	 1 	 1 	 0 	 0 	 0 	 0 	 0 	 1 	 1 	 1 	 1 	 1 	 1 	 0 	  	 1 	 54
Tutor17 	 17 	 0 	 120 	 0 	 120 	 0 	 3 	 0 	 3 	 1 	 1 	 0 	 1 	 0 	 0 	 0 	 0 	 1 	 1 	 1 	 1 	 1 	 1 	 1 	 1 	 50 	  	 5 	 75 	 10 	 82 	 91 	 47
Tutor18 	 18 	 0 	 120 	 0 	 120 	 0 	 3 	 0 	 3 	 0 	 0 	 0 	 1 	 0 	 0 	 0 	 0 	 0 	 1 	 1 	 1 	 1 	 1 	 1 	 0 	  	 1 	 83
Tutor19 	 19 	 0 	 120 	 0 	 120 	 0 	 3 	 0 	 3 	 1 	 0 	 0 	 0 	 1 	 1 	 1 	 0 	 0 	 1 	 1 	 1 	 1 	 1 	 1 	 1 	 43 	  	 3 	 93 	 22 	 45
Tutor20 	 20 	 0 	 120 	 0 	 120 	 0 	 3 	 0 	 3 	 0 	 1 	 0 	 1 	 0 	 0 	 0 	 0 	 0 	 1 	 1 	 1 	 1 	 1 	 1 	 1 	 62 	  	 1 	 71
Tutor21 	 21 	 0 	 120 	 0 	 120 	 0 	 3 	 0 	 3 	 0 	 0 	 1 	 0 	 0 	 0 	 1 	 1 	 0 	 1 	 1 	 1 	 1 	 1 	 1 	 1 	 74 	  	 2 	 50 	 34
Tutor22 	 22 	 0 	 120 	 0 	 120 	 0 	 3 	 0 	 3 	 0 	 0 	 0 	 0 	 0 	 1 	 0 	 0 	 1 	 1 	 1 	 1 	 1 	 1 	 1 	 0 	  	 1 	 51
Tutor23 	 23 	 0 	 120 	 0 	 120 	 0 	 3 	 0 	 3 	 0 	 1 	 0 	 0 	 0 	 0 	 1 	 0 	 1 	 1 	 1 	 1 	 1 	 1 	 1 	 0 	  	 5 	 20 	 59 	 49 	 91 	 94
Tutor24 	 24 	 0 	 120 	 0 	 120 	 0 	 3 	 0 	 3 	 0 	 0 	 0 	 0 	 0 	 0 	 0 	 1 	 0 	 1 	 1 	 1 	 1 	 1 	 1 	 1 	 11 	  	 3 	 38 	 35 	 87
Tutor25 	 25 	 0 	 120 	 0 	 120 	 0 	 3 	 0 	 3 	 0 	 0 	 0 	 0 	 1 	 0 	 0 	 0 	 0 	 1 	 1 	 1 	 1 	 1 	 1 	 1 	 32 	  	 3 	 41 	 62 	 5
Tutor26 	 26 	 0 	 120 	 0 	 120 	 0 	 3 	 0 	 3 	 0 	 0 	 0 	 0 	 0 	 1 	 0 	 0 	 0 	 1 	 1 	 1 	 1 	 1 	 1 	 0 	  	 0
Tutor27 	 27 	 0 	 120 	 0 	 120 	 0 	 3 	 0 	 3 	 0 	 0 	 1 	 0 	 1 	 0 	 0 	 0 	 0 	 1 	 1 	 1 	 1 	 1 	 1 	 0 	  	 3 	 92 	 5 	 71
Tutor28 	 28 	 0 	 120 	 0 	 120 	 0 	 3 	 0 	 3 	 0 	 0 	 0 	 0 	 0 	 1 	 0 	 1 	 0 	 1 	 1 	 1 	 1 	 1 	 1 	 0 	  	 6 	 4 	 62 	 51 	 98 	 17 	 3
Tutor29 	 29 	 0 	 120 	 0 	 120 	 0 	 3 	 0 	 3 	 1 	 0 	 0 	 0 	 0 	 0 	 1 	 0 	 0 	 1 	 1 	 1 	 1 	 1 	 1 	 1 	 72 	  	 4 	 30 	 62 	 85 	 39
Tutor30 	 30 	 0 	 120 	 0 	 120 	 0 	 3 	 0 	 3 	 0 	 0 	 0 	 0 	 0 	 0 	 0 	 0 	 0 	 1 	 1 	 1 	 1 	 1 	 1 	 1 	 17 	  	 0
Tutor31 	 31 	 0 	 120 	 0 	 120 	 0 	 3 	 0 	 3 	 0 	 0 	 0 	 1 	 0 	 0 	 0 	 0 	 0 	 1 	 1 	 1 	 1 	 1 	 1 	 1 	 30 	  	 3 	 27 	 66 	 86
Tutor32 	 32 	 0 	 120 	 0 	 120 	 0 	 3 	 0 	 3 	 0 	 0 	 0 	 0 	 0 	 0 	 0 	 0 	 0 	 1 	 1 	 1 	 1 	 1 	 1 	 1 	 136 	  	 5 	 7 	 40 	 53 	 38 	 77
Tutor33 	 33 	 0 	 120 	 0 	 120 	 0 	 3 	 0 	 3 	 0 	 0 	 0 	 1 	 0 	 1 	 0 	 1 	 0 	 1 	 1 	 1 	 1 	 1 	 1 	 0 	  	 0
Tutor34 	 34 	 0 	 120 	 0 	 120 	 0 	 3 	 0 	 3 	 1 	 1 	 0 	 0 	 0 	 0 	 0 	 0 	 0 	 1 	 1 	 1 	 1 	 1 	 1 	 1 	 65 	  	 2 	 62 	 52
Tutor35 	 35 	 0 	 120 	 0 	 120 	 0 	 3 	 0 	 3 	 1 	 1 	 1 	 0 	 0 	 0 	 1 	 0 	 0 	 1 	 1 	 1 	 1 	 1 	 1 	 0 	  	 1 	 41
Tutor36 	 36 	 0 	 120 	 0 	 120 	 0 	 3 	 0 	 3 	 0 	 0 	 0 	 1 	 0 	 0 	 0 	 1 	 0 	 1 	 1 	 1 	 1 	 1 	 1 	 0 	  	 3 	 60 	 9 	 85
Tutor37 	 37 	 0 	 120 	 0 	 120 	 0 	 3 	 0 	 3 	 0 	 0 	 1 	 0 	 1 	 0 	 0 	 0 	 0 	 1 	 1 	 1 	 1 	 1 	 1 	 1 	 8 	  	 3 	 32 	 9 	 93
Tutor38 	 38 	 0 	 120 	 0 	 120 	 0 	 3 	 0 	 3 	 0 	 0 	 1 	 0 	 0 	 0 	 0 	 0 	 0 	 1 	 1 	 1 	 1 	 1 	 1 	 1 	 68 	  	 3 	 42 	 24 	 39
Tutor39 	 39 	 0 	 120 	 0 	 120 	 0 	 3 	 0 	 3 	 0 	 0 	 0 	 0 	 0 	 0 	 0 	 0 	 1 	 1 	 1 	 1 	 1 	 1 	 1 	 0 	  	 6 	 58 	 81 	 47 	 97 	 25 	 34
Tutor40 	 40 	 0 	 120 	 0 	 120 	 0 	 3 	 0 	 3 	 0 	 0 	 0 	 0 	 0 	 0 	 1 	 1 	 0 	 1 	 1 	 1 	 1 	 1 	 1 	 0 	  	 5 	 43 	 32 	 89 	 75 	 50
Tutor41 	 41 	 0 	 120 	 0 	 120 	 0 	 3 	 0 	 3 	 1 	 1 	 0 	 1 	 0 	 1 	 0 	 0 	 0 	 1 	 1 	 1 	 1 	 1 	 1 	 0 	  	 4 	 7 	 79 	 35 	 89
Tutor42 	 42 	 0 	 120 	 0 	 120 	 0 	 3 	 0 	 3 	 0 	 0 	 1 	 0 	 0 	 0 	 1 	 0 	 1 	 1 	 1 	 1 	 1 	 1 	 1 	 0 	  	 3 	 32 	 23 	 51
Tutor43 	 43 	 0 	 120 	 0 	 120 	 0 	 3 	 0 	 3 	 1 	 0 	 1 	 0 	 0 	 0 	 0 	 0 	 0 	 1 	 1 	 1 	 1 	 1 	 1 	 0 	  	 4 	 78 	 57 	 36 	 43
Tutor44 	 44 	 0 	 120 	 0 	 120 	 0 	 3 	 0 	 3 	 0 	 0 	 0 	 0 	 0 	 1 	 0 	 0 	 0 	 1 	 1 	 1 	 1 	 1 	 1 	 1 	 118 	  	 0
Tutor45 	 45 	 0 	 120 	 0 	 120 	 0 	 3 	 0 	 3 	 1 	 0 	 0 	 0 	 0 	 0 	 0 	 0 	 1 	 1 	 1 	 1 	 1 	 1 	 1 	 1 	 139 	  	 6 	 14 	 52 	 36 	 48 	 91 	 83
Tutor46 	 46 	 0 	 120 	 0 	 120 	 0 	 3 	 0 	 3 	 0 	 1 	 0 	 0 	 0 	 0 	 0 	 0 	 1 	 1 	 1 	 1 	 1 	 1 	 1 	 1 	 82 	  	 2 	 95 	 38
Tutor47 	 47 	 0 	 120 	 0 	 120 	 0 	 3 	 0 	 3 	 0 	 0 	 1 	 0 	 1 	 0 	 1 	 1 	 0 	 1 	 1 	 1 	 1 	 1 	 1 	 0 	  	 5 	 21 	 22 	 70 	 78 	 99
Tutor48 	 48 	 0 	 120 	 0 	 120 	 0 	 3 	 0 	 3 	 0 	 1 	 0 	 1 	 0 	 0 	 0 	 0 	 0 	 1 	 1 	 1 	 1 	 1 	 1 	 1 	 121 	  	 2 	 48 	 62
Tutor49 	 49 	 0 	 120 	 0 	 120 	 0 	 3 	 0 	 3 	 0 	 1 	 0 	 0 	 0 	 0 	 0 	 0 	 0 	 1 	 1 	 1 	 1 	 1 	 1 	 0 	  	 1 	 39
Tutor50 	 50 	 0 	 120 	 0 	 120 	 0 	 3 	 0 	 3 	 1 	 1 	 0 	 0 	 1 	 0 	 0 	 0 	 1 	 1 	 1 	 1 	 1 	 1 	 1 	 1 	 40 	  	 5 	 7 	 14 	 62 	 39 	 71
Tutor51 	 51 	 0 	 120 	 0 	 120 	 0 	 3 	 0 	 3 	 0 	 0 	 0 	 1 	 0 	 1 	 0 	 0 	 1 	 1 	 1 	 1 	 1 	 1 	 1 	 0 	  	 2 	 95 	 29
Tutor52 	 52 	 0 	 120 	 0 	 120 	 0 	 3 	 0 	 3 	 0 	 0 	 0 	 0 	 0 	 0 	 0 	 0 	 0 	 1 	 1 	 1 	 1 	 1 	 1 	 0 	  	 5 	 74 	 90 	 94 	 51 	 2
Tutor53 	 53 	 0 	 120 	 0 	 120 	 0 	 3 	 0 	 3 	 0 	 0 	 1 	 0 	 0 	 1 	 0 	 0 	 0 	 1 	 1 	 1 	 1 	 1 	 1 	 1 	 129 	  	 0
Tutor54 	 54 	 0 	 120 	 0 	 120 	 0 	 3 	 0 	 3 	 1 	 0 	 0 	 0 	 0 	 0 	 0 	 0 	 0 	 1 	 1 	 1 	 1 	 1 	 1 	 0 	  	 2 	 85 	 3
Tutor55 	 55 	 0 	 120 	 0 	 120 	 0 	 3 	 0 	 3 	 0 	 0 	 0 	 0 	 0 	 0 	 0 	 0 	 0 	 1 	 1 	 1 	 1 	 1 	 1 	 1 	 84 	  	 2 	 28 	 50
Tutor56 	 56 	 0 	 120 	 0 	 120 	 0 	 3 	 0 	 3 	 1 	 1 	 0 	 0 	 1 	 0 	 1 	 0 	 0 	 1 	 1 	 1 	 1 	 1 	 1 	 1 	 64 	  	 3 	 18 	 55 	 1
Tutor57 	 57 	 0 	 120 	 0 	 120 	 0 	 3 	 0 	 3 	 0 	 0 	 1 	 0 	 1 	 0 	 0 	 0 	 0 	 1 	 1 	 1 	 1 	 1 	 1 	 0 	  	 1 	 6
Tutor58 	 58 	 0 	 120 	 0 	 120 	 0 	 3 	 0 	 3 	 0 	 0 	 0 	 1 	 0 	 0 	 0 	 0 	 0 	 1 	 1 	 1 	 1 	 1 	 1 	 1 	 93 	  	 1 	 13
Tutor59 	 59 	 0 	 120 	 0 	 120 	 0 	 3 	 0 	 3 	 0 	 0 	 0 	 0 	 1 	 1 	 0 	 1 	 1 	 1 	 1 	 1 	 1 	 1 	 1 	 0 	  	 5 	 60 	 13 	 61 	 57 	 86
Tutor60 	 60 	 0 	 120 	 0 	 120 	 0 	 3 	 0 	 3 	 0 	 0 	 0 	 0 	 0 	 0 	 0 	 0 	 0 	 1 	 1 	 1 	 1 	 1 	 1 	 1 	 6 	  	 4 	 21 	 43 	 55 	 87
Tutor61 	 61 	 0 	 120 	 0 	 120 	 0 	 3 	 0 	 3 	 0 	 1 	 0 	 0 	 1 	 0 	 0 	 0 	 0 	 1 	 1 	 1 	 1 	 1 	 1 	 1 	 58 	  	 0
Tutor62 	 62 	 0 	 120 	 0 	 120 	 0 	 3 	 0 	 3 	 0 	 1 	 0 	 0 	 0 	 0 	 0 	 0 	 0 	 1 	 1 	 0 	 0 	 0 	 0 	 1 	 75 	  	 1 	 22
Tutor63 	 63 	 0 	 120 	 0 	 120 	 0 	 3 	 0 	 3 	 0 	 0 	 0 	 0 	 0 	 0 	 1 	 1 	 1 	 1 	 1 	 1 	 1 	 1 	 1 	 1 	 0 	  	 6 	 57 	 61 	 6 	 42 	 1 	 69
Tutor64 	 64 	 0 	 120 	 0 	 120 	 0 	 3 	 0 	 3 	 0 	 0 	 1 	 1 	 0 	 0 	 0 	 0 	 0 	 1 	 1 	 1 	 1 	 1 	 1 	 0 	  	 4 	 78 	 50 	 23 	 13
Tutor65 	 65 	 0 	 120 	 0 	 120 	 0 	 3 	 0 	 3 	 0 	 0 	 0 	 0 	 0 	 0 	 0 	 1 	 0 	 1 	 1 	 1 	 1 	 1 	 1 	 0 	  	 4 	 46 	 14 	 48 	 87
Tutor66 	 66 	 0 	 120 	 0 	 120 	 0 	 3 	 0 	 3 	 0 	 0 	 0 	 0 	 0 	 0 	 1 	 1 	 1 	 1 	 1 	 1 	 1 	 1 	 1 	 1 	 13 	  	 6 	 84 	 83 	 65 	 72 	 24 	 51
Tutor67 	 67 	 0 	 120 	 0 	 120 	 0 	 3 	 0 	 3 	 1 	 1 	 0 	 0 	 1 	 0 	 0 	 0 	 1 	 1 	 1 	 1 	 1 	 1 	 1 	 1 	 26 	  	 1 	 41
Tutor68 	 68 	 0 	 120 	 0 	 120 	 0 	 3 	 0 	 3 	 1 	 1 	 1 	 0 	 1 	 0 	 0 	 0 	 0 	 1 	 1 	 1 	 1 	 1 	 1 	 0 	  	 3 	 1 	 5 	 16
Tutor69 	 69 	 0 	 120 	 0 	 120 	 0 	 3 	 0 	 3 	 1 	 0 	 1 	 0 	 0 	 0 	 0 	 1 	 0 	 1 	 1 	 1 	 1 	 1 	 1 	 1 	 124 	  	 1 	 50
Tutor70 	 70 	 0 	 120 	 0 	 120 	 0 	 3 	 0 	 3 	 1 	 0 	 0 	 0 	 0 	 0 	 0 	 0 	 0 	 1 	 1 	 0 	 0 	 0 	 0 	 0 	  	 6 	 68 	 26 	 69 	 22 	 38 	 93
Tutor71 	 71 	 0 	 120 	 0 	 120 	 0 	 3 	 0 	 3 	 1 	 0 	 0 	 0 	 0 	 0 	 0 	 0 	 0 	 1 	 1 	 1 	 1 	 1 	 1 	 1 	 69 	  	 2 	 61 	 55
Tutor72 	 72 	 0 	 120 	 0 	 120 	 0 	 3 	 0 	 3 	 0 	 0 	 0 	 0 	 0 	 0 	 0 	 0 	 1 	 1 	 1 	 0 	 0 	 0 	 0 	 1 	 92 	  	 2 	 99 	 17
Tutor73 	 73 	 0 	 120 	 0 	 120 	 0 	 3 	 0 	 3 	 0 	 0 	 1 	 0 	 0 	 1 	 0 	 0 	 0 	 1 	 1 	 1 	 1 	 1 	 1 	 1 	 23 	  	 0
Tutor74 	 74 	 0 	 120 	 0 	 120 	 0 	 3 	 0 	 3 	 0 	 1 	 0 	 1 	 0 	 0 	 0 	 0 	 0 	 1 	 1 	 1 	 1 	 1 	 1 	 0 	  	 1 	 71
Tutor75 	 75 	 0 	 120 	 0 	 120 	 0 	 3 	 0 	 3 	 0 	 1 	 0 	 0 	 1 	 0 	 0 	 0 	 1 	 1 	 1 	 1 	 1 	 1 	 1 	 1 	 31 	  	 1 	 7
Tutor76 	 76 	 0 	 120 	 0 	 120 	 0 	 3 	 0 	 3 	 0 	 0 	 0 	 1 	 0 	 0 	 0 	 0 	 0 	 1 	 1 	 1 	 1 	 1 	 1 	 1 	 12 	  	 2 	 33 	 15
Tutor77 	 77 	 0 	 120 	 0 	 120 	 0 	 3 	 0 	 3 	 0 	 0 	 0 	 0 	 0 	 0 	 0 	 0 	 0 	 1 	 1 	 1 	 1 	 1 	 1 	 0 	  	 5 	 30 	 83 	 85 	 87 	 73
Tutor78 	 78 	 0 	 120 	 0 	 120 	 0 	 3 	 0 	 3 	 0 	 1 	 1 	 1 	 0 	 0 	 0 	 0 	 1 	 1 	 1 	 1 	 1 	 1 	 1 	 0 	  	 6 	 31 	 22 	 65 	 1 	 49 	 61
Tutor79 	 79 	 0 	 120 	 0 	 120 	 0 	 3 	 0 	 3 	 0 	 1 	 1 	 0 	 0 	 0 	 0 	 0 	 0 	 1 	 1 	 1 	 1 	 1 	 1 	 0 	  	 4 	 18 	 20 	 84 	 98
Tutor80 	 80 	 0 	 120 	 0 	 120 	 0 	 3 	 0 	 3 	 0 	 1 	 0 	 1 	 0 	 0 	 0 	 0 	 1 	 1 	 1 	 1 	 1 	 1 	 1 	 0 	  	 1 	 11
Tutor81 	 81 	 0 	 120 	 0 	 120 	 0 	 3 	 0 	 3 	 1 	 0 	 0 	 0 	 0 	 0 	 0 	 0 	 0 	 1 	 1 	 1 	 1 	 1 	 1 	 0 	  	 0
Tutor82 	 82 	 0 	 120 	 0 	 120 	 0 	 3 	 0 	 3 	 0 	 0 	 0 	 0 	 0 	 0 	 1 	 0 	 1 	 1 	 1 	 1 	 1 	 1 	 1 	 0 	  	 6 	 88 	 90 	 93 	 19 	 11 	 5
Tutor83 	 83 	 0 	 120 	 0 	 120 	 0 	 3 	 0 	 3 	 0 	 0 	 1 	 0 	 1 	 0 	 0 	 1 	 1 	 1 	 1 	 1 	 1 	 1 	 1 	 1 	 41 	  	 4 	 23 	 60 	 39 	 24
Tutor84 	 84 	 0 	 120 	 0 	 120 	 0 	 3 	 0 	 3 	 0 	 0 	 0 	 1 	 0 	 0 	 0 	 0 	 0 	 1 	 1 	 0 	 0 	 0 	 0 	 0 	  	 6 	 67 	 70 	 62 	 4 	 75 	 98
Tutor85 	 85 	 0 	 120 	 0 	 120 	 0 	 3 	 0 	 3 	 1 	 1 	 0 	 0 	 0 	 1 	 0 	 0 	 0 	 1 	 1 	 1 	 1 	 1 	 1 	 1 	 140 	  	 3 	 66 	 68 	 19
Tutor86 	 86 	 0 	 120 	 0 	 120 	 0 	 3 	 0 	 3 	 0 	 0 	 1 	 0 	 0 	 0 	 1 	 0 	 0 	 1 	 1 	 1 	 1 	 1 	 1 	 0 	  	 1 	 30
Tutor87 	 87 	 0 	 120 	 0 	 120 	 0 	 3 	 0 	 3 	 0 	 0 	 1 	 0 	 0 	 0 	 0 	 0 	 0 	 1 	 1 	 1 	 1 	 1 	 1 	 0 	  	 5 	 54 	 80 	 75 	 97 	 22
Tutor88 	 88 	 0 	 120 	 0 	 120 	 0 	 3 	 0 	 3 	 0 	 0 	 0 	 0 	 0 	 1 	 0 	 0 	 0 	 1 	 1 	 1 	 1 	 1 	 1 	 0 	  	 6 	 5 	 1 	 33 	 16 	 29 	 12
Tutor89 	 89 	 0 	 120 	 0 	 120 	 0 	 3 	 0 	 3 	 1 	 0 	 0 	 1 	 1 	 1 	 0 	 1 	 0 	 1 	 1 	 1 	 1 	 1 	 1 	 0 	  	 0
Tutor90 	 90 	 0 	 120 	 0 	 120 	 0 	 3 	 0 	 3 	 0 	 0 	 0 	 0 	 0 	 0 	 0 	 0 	 0 	 1 	 1 	 1 	 1 	 1 	 1 	 0 	  	 6 	 58 	 1 	 31 	 70 	 46 	 85
Tutor91 	 91 	 0 	 120 	 0 	 120 	 0 	 3 	 0 	 3 	 1 	 0 	 1 	 0 	 0 	 0 	 0 	 0 	 0 	 1 	 1 	 1 	 1 	 1 	 1 	 0 	  	 5 	 72 	 59 	 17 	 37 	 18
Tutor92 	 92 	 0 	 120 	 0 	 120 	 0 	 3 	 0 	 3 	 0 	 0 	 0 	 0 	 0 	 0 	 0 	 1 	 1 	 1 	 1 	 1 	 1 	 1 	 1 	 0 	  	 6 	 37 	 51 	 99 	 9 	 33 	 17
Tutor93 	 93 	 0 	 120 	 0 	 120 	 0 	 3 	 0 	 3 	 0 	 0 	 1 	 0 	 0 	 0 	 0 	 0 	 0 	 1 	 1 	 1 	 1 	 1 	 1 	 1 	 71 	  	 3 	 96 	 59 	 61
Tutor94 	 94 	 0 	 120 	 0 	 120 	 0 	 3 	 0 	 3 	 0 	 1 	 0 	 0 	 0 	 1 	 0 	 0 	 1 	 1 	 1 	 1 	 1 	 1 	 1 	 1 	 130 	  	 5 	 23 	 8 	 22 	 51 	 97
Tutor95 	 95 	 0 	 120 	 0 	 120 	 0 	 3 	 0 	 3 	 0 	 0 	 0 	 0 	 0 	 0 	 0 	 1 	 0 	 1 	 0 	 0 	 0 	 0 	 0 	 1 	 46 	  	 2 	 16 	 29
Tutor96 	 96 	 0 	 120 	 0 	 120 	 0 	 3 	 0 	 3 	 0 	 0 	 0 	 0 	 0 	 0 	 0 	 0 	 0 	 1 	 1 	 1 	 1 	 1 	 1 	 1 	 44 	  	 1 	 93
Tutor97 	 97 	 0 	 120 	 0 	 120 	 0 	 3 	 0 	 3 	 0 	 0 	 1 	 0 	 1 	 0 	 0 	 1 	 0 	 1 	 1 	 1 	 1 	 1 	 1 	 0 	  	 5 	 85 	 89 	 99 	 62 	 12
Tutor98 	 98 	 0 	 120 	 0 	 120 	 0 	 3 	 0 	 3 	 0 	 0 	 1 	 0 	 1 	 1 	 0 	 0 	 0 	 1 	 1 	 1 	 1 	 1 	 1 	 1 	 126 	  	 4 	 10 	 3 	 7 	 68
Tutor99 	 99 	 0 	 120 	 0 	 120 	 0 	 3 	 0 	 3 	 0 	 0 	 0 	 0 	 0 	 0 	 0 	 0 	 0 	 1 	 1 	 1 	 1 	 1 	 1 	 0 	  	 2 	 89 	 77
Tutor100 	 100 	 0 	 120 	 0 	 120 	 0 	 3 	 0 	 3 	 1 	 0 	 0 	 1 	 1 	 0 	 1 	 0 	 0 	 1 	 1 	 1 	 1 	 1 	 1 	 0 	  	 5 	 89 	 68 	 62 	 37 	 44
Tutor101 	 101 	 0 	 120 	 0 	 120 	 0 	 3 	 0 	 3 	 0 	 0 	 0 	 0 	 1 	 0 	 0 	 0 	 1 	 1 	 1 	 1 	 1 	 1 	 1 	 0 	  	 5 	 29 	 34 	 96 	 30 	 3
Tutor102 	 102 	 0 	 120 	 0 	 120 	 0 	 3 	 0 	 3 	 0 	 0 	 1 	 0 	 0 	 0 	 0 	 1 	 0 	 1 	 1 	 1 	 1 	 1 	 1 	 0 	  	 1 	 67
Tutor103 	 103 	 0 	 120 	 0 	 120 	 0 	 3 	 0 	 3 	 0 	 0 	 1 	 0 	 0 	 0 	 0 	 1 	 0 	 1 	 1 	 1 	 1 	 1 	 1 	 0 	  	 5 	 0 	 82 	 43 	 91 	 62
Tutor104 	 104 	 0 	 120 	 0 	 120 	 0 	 3 	 0 	 3 	 1 	 0 	 0 	 0 	 0 	 1 	 0 	 0 	 0 	 1 	 1 	 0 	 0 	 0 	 0 	 1 	 5 	  	 3 	 80 	 73 	 0
Tutor105 	 105 	 0 	 120 	 0 	 120 	 0 	 3 	 0 	 3 	 0 	 0 	 0 	 1 	 0 	 0 	 1 	 0 	 0 	 1 	 1 	 1 	 1 	 1 	 1 	 1 	 45 	  	 3 	 75 	 62 	 31
Tutor106 	 106 	 0 	 120 	 0 	 120 	 0 	 3 	 0 	 3 	 0 	 0 	 0 	 0 	 0 	 1 	 1 	 0 	 1 	 1 	 1 	 1 	 1 	 1 	 1 	 0 	  	 4 	 55 	 18 	 87 	 54
Tutor107 	 107 	 0 	 120 	 0 	 120 	 0 	 3 	 0 	 3 	 0 	 0 	 0 	 0 	 0 	 0 	 1 	 0 	 1 	 1 	 1 	 1 	 1 	 1 	 1 	 1 	 1 	  	 2 	 90 	 85
Tutor108 	 108 	 0 	 120 	 0 	 120 	 0 	 3 	 0 	 3 	 1 	 0 	 0 	 0 	 0 	 0 	 1 	 0 	 0 	 1 	 1 	 1 	 1 	 1 	 1 	 1 	 98 	  	 3 	 53 	 30 	 28
Tutor109 	 109 	 0 	 120 	 0 	 120 	 0 	 3 	 0 	 3 	 0 	 0 	 1 	 0 	 1 	 0 	 1 	 0 	 0 	 1 	 1 	 1 	 1 	 1 	 1 	 0 	  	 3 	 49 	 41 	 88
Tutor110 	 110 	 0 	 120 	 0 	 120 	 0 	 3 	 0 	 3 	 0 	 0 	 0 	 0 	 0 	 1 	 0 	 1 	 1 	 1 	 1 	 1 	 1 	 1 	 1 	 1 	 14 	  	 3 	 74 	 68 	 75
Tutor111 	 111 	 0 	 120 	 0 	 120 	 0 	 3 	 0 	 3 	 1 	 0 	 1 	 0 	 0 	 1 	 0 	 1 	 1 	 1 	 1 	 1 	 1 	 1 	 1 	 1 	 37 	  	 0
Tutor112 	 112 	 0 	 120 	 0 	 120 	 0 	 3 	 0 	 3 	 0 	 0 	 1 	 0 	 0 	 0 	 0 	 1 	 0 	 1 	 1 	 1 	 1 	 1 	 1 	 1 	 49 	  	 0
Tutor113 	 113 	 0 	 120 	 0 	 120 	 0 	 3 	 0 	 3 	 0 	 0 	 0 	 0 	 1 	 0 	 0 	 0 	 0 	 1 	 1 	 1 	 1 	 1 	 1 	 1 	 10 	  	 3 	 92 	 24 	 7
Tutor114 	 114 	 0 	 120 	 0 	 120 	 0 	 3 	 0 	 3 	 0 	 0 	 1 	 0 	 0 	 1 	 0 	 0 	 0 	 1 	 1 	 1 	 1 	 1 	 1 	 1 	 76 	  	 1 	 65
Tutor115 	 115 	 0 	 120 	 0 	 120 	 0 	 3 	 0 	 3 	 0 	 0 	 1 	 0 	 1 	 0 	 0 	 0 	 1 	 1 	 1 	 1 	 1 	 1 	 1 	 1 	 79 	  	 4 	 58 	 95 	 98 	 44
Tutor116 	 116 	 0 	 120 	 0 	 120 	 0 	 3 	 0 	 3 	 0 	 1 	 1 	 1 	 0 	 0 	 0 	 1 	 0 	 1 	 1 	 1 	 1 	 1 	 1 	 0 	  	 1 	 58
Tutor117 	 117 	 0 	 120 	 0 	 120 	 0 	 3 	 0 	 3 	 0 	 0 	 1 	 1 	 1 	 0 	 0 	 0 	 0 	 1 	 1 	 1 	 1 	 1 	 1 	 0 	  	 1 	 19
Tutor118 	 118 	 0 	 120 	 0 	 120 	 0 	 3 	 0 	 3 	 1 	 0 	 0 	 1 	 0 	 1 	 0 	 1 	 0 	 1 	 1 	 1 	 1 	 1 	 1 	 1 	 19 	  	 5 	 50 	 35 	 28 	 74 	 81
Tutor119 	 119 	 0 	 120 	 0 	 120 	 0 	 3 	 0 	 3 	 0 	 1 	 0 	 1 	 0 	 0 	 0 	 0 	 0 	 1 	 1 	 1 	 1 	 1 	 1 	 1 	 107 	  	 6 	 71 	 65 	 60 	 11 	 64 	 61
Tutor120 	 120 	 0 	 120 	 0 	 120 	 0 	 3 	 0 	 3 	 0 	 0 	 0 	 0 	 0 	 0 	 0 	 1 	 1 	 1 	 1 	 1 	 1 	 1 	 1 	 1 	 73 	  	 0
Tutor121 	 121 	 0 	 120 	 0 	 120 	 0 	 3 	 0 	 3 	 0 	 0 	 0 	 0 	 1 	 0 	 0 	 0 	 0 	 1 	 1 	 0 	 0 	 0 	 0 	 0 	  	 1 	 27
Tutor122 	 122 	 0 	 120 	 0 	 120 	 0 	 3 	 0 	 3 	 0 	 0 	 0 	 0 	 0 	 0 	 0 	 0 	 0 	 1 	 1 	 1 	 1 	 1 	 1 	 0 	  	 3 	 25 	 29 	 22
Tutor123 	 123 	 0 	 120 	 0 	 120 	 0 	 3 	 0 	 3 	 0 	 0 	 0 	 0 	 0 	 0 	 0 	 0 	 0 	 1 	 1 	 1 	 1 	 1 	 1 	 1 	 117 	  	 3 	 14 	 65 	 7
Tutor124 	 124 	 0 	 120 	 0 	 120 	 0 	 3 	 0 	 3 	 1 	 0 	 0 	 0 	 1 	 0 	 0 	 0 	 0 	 1 	 1 	 1 	 1 	 1 	 1 	 1 	 85 	  	 6 	 89 	 13 	 16 	 64 	 30 	 18
Tutor125 	 125 	 0 	 120 	 0 	 120 	 0 	 3 	 0 	 3 	 0 	 0 	 0 	 1 	 1 	 0 	 0 	 0 	 0 	 1 	 1 	 1 	 1 	 1 	 1 	 1 	 48 	  	 6 	 44 	 62 	 56 	 42 	 33 	 34
Tutor126 	 126 	 0 	 120 	 0 	 120 	 0 	 3 	 0 	 3 	 0 	 1 	 1 	 0 	 0 	 0 	 0 	 0 	 0 	 1 	 1 	 1 	 1 	 1 	 1 	 0 	  	 0
Tutor127 	 127 	 0 	 120 	 0 	 120 	 0 	 3 	 0 	 3 	 0 	 0 	 0 	 0 	 0 	 0 	 0 	 0 	 1 	 1 	 1 	 1 	 1 	 1 	 1 	 1 	 137 	  	 5 	 63 	 23 	 17 	 79 	 40
Tutor128 	 128 	 0 	 120 	 0 	 120 	 0 	 3 	 0 	 3 	 0 	 0 	 0 	 0 	 1 	 0 	 0 	 0 	 1 	 1 	 1 	 1 	 1 	 1 	 1 	 1 	 87 	  	 0
Tutor129 	 129 	 0 	 120 	 0 	 120 	 0 	 3 	 0 	 3 	 0 	 0 	 0 	 0 	 0 	 0 	 0 	 0 	 0 	 1 	 1 	 1 	 1 	 1 	 1 	 0 	  	 4 	 0 	 64 	 76 	 56
Tutor130 	 130 	 0 	 120 	 0 	 120 	 0 	 3 	 0 	 3 	 0 	 0 	 0 	 0 	 1 	 0 	 1 	 0 	 0 	 1 	 1 	 1 	 1 	 1 	 1 	 0 	  	 5 	 64 	 22 	 63 	 72 	 77
Tutor131 	 131 	 0 	 120 	 0 	 120 	 0 	 3 	 0 	 3 	 0 	 0 	 0 	 0 	 0 	 0 	 1 	 0 	 0 	 1 	 1 	 1 	 1 	 1 	 1 	 1 	 101 	  	 0
Tutor132 	 132 	 0 	 120 	 0 	 120 	 0 	 3 	 0 	 3 	 1 	 0 	 0 	 0 	 1 	 1 	 0 	 0 	 0 	 1 	 1 	 1 	 1 	 1 	 1 	 1 	 21 	  	 6 	 24 	 62 	 36 	 42 	 81 	 58
Tutor133 	 133 	 0 	 120 	 0 	 120 	 0 	 3 	 0 	 3 	 0 	 1 	 0 	 1 	 0 	 0 	 1 	 0 	 0 	 1 	 1 	 1 	 1 	 1 	 1 	 1 	 51 	  	 3 	 35 	 77 	 83
Tutor134 	 134 	 0 	 120 	 0 	 120 	 0 	 3 	 0 	 3 	 0 	 0 	 0 	 0 	 1 	 0 	 1 	 1 	 0 	 1 	 1 	 1 	 1 	 1 	 1 	 1 	 114 	  	 4 	 12 	 63 	 30 	 1
Tutor135 	 135 	 0 	 120 	 0 	 120 	 0 	 3 	 0 	 3 	 0 	 0 	 0 	 0 	 0 	 0 	 0 	 1 	 0 	 1 	 1 	 1 	 1 	 1 	 1 	 1 	 123 	  	 3 	 91 	 34 	 69
Tutor136 	 136 	 0 	 120 	 0 	 120 	 0 	 3 	 0 	 3 	 1 	 1 	 0 	 0 	 0 	 0 	 0 	 0 	 0 	 1 	 1 	 1 	 1 	 1 	 1 	 1 	 55 	  	 5 	 39 	 60 	 41 	 71 	 55
Tutor137 	 137 	 0 	 120 	 0 	 120 	 0 	 3 	 0 	 3 	 1 	 0 	 1 	 0 	 0 	 0 	 0 	 0 	 0 	 1 	 1 	 1 	 1 	 1 	 1 	 1 	 134 	  	 5 	 69 	 87 	 41 	 1 	 54
Tutor138 	 138 	 0 	 120 	 0 	 120 	 0 	 3 	 0 	 3 	 0 	 0 	 0 	 0 	 1 	 0 	 1 	 0 	 0 	 1 	 1 	 1 	 1 	 1 	 1 	 0 	  	 4 	 65 	 97 	 74 	 35
Tutor139 	 139 	 0 	 120 	 0 	 120 	 0 	 3 	 0 	 3 	 0 	 1 	 1 	 0 	 0 	 0 	 0 	 0 	 0 	 1 	 1 	 1 	 1 	 1 	 1 	 0 	  	 3 	 77 	 66 	 78
Tutor140 	 140 	 0 	 120 	 0 	 120 	 0 	 3 	 0 	 3 	 0 	 0 	 1 	 0 	 0 	 0 	 0 	 0 	 0 	 1 	 1 	 1 	 1 	 1 	 1 	 1 	 78 	  	 1 	 34
Tutor141 	 141 	 0 	 120 	 0 	 120 	 0 	 3 	 0 	 3 	 0 	 0 	 0 	 0 	 1 	 1 	 0 	 0 	 0 	 1 	 1 	 1 	 1 	 1 	 1 	 0 	  	 1 	 81
Tutor142 	 142 	 0 	 120 	 0 	 120 	 0 	 3 	 0 	 3 	 0 	 0 	 0 	 0 	 0 	 0 	 0 	 0 	 0 	 1 	 1 	 1 	 1 	 1 	 1 	 1 	 67 	  	 4 	 87 	 45 	 10 	 71
Tutor143 	 143 	 0 	 120 	 0 	 120 	 0 	 3 	 0 	 3 	 0 	 0 	 0 	 0 	 0 	 0 	 0 	 0 	 0 	 1 	 1 	 1 	 1 	 1 	 1 	 0 	  	 5 	 32 	 80 	 82 	 37 	 44
Tutor144 	 144 	 0 	 120 	 0 	 120 	 0 	 3 	 0 	 3 	 1 	 0 	 0 	 0 	 0 	 0 	 0 	 1 	 0 	 1 	 1 	 1 	 1 	 1 	 1 	 1 	 106 	  	 3 	 0 	 76 	 46
Tutor145 	 145 	 0 	 120 	 0 	 120 	 0 	 3 	 0 	 3 	 0 	 0 	 1 	 0 	 0 	 0 	 0 	 0 	 1 	 1 	 1 	 1 	 1 	 1 	 1 	 1 	 59 	  	 2 	 69 	 83
Tutor146 	 146 	 0 	 120 	 0 	 120 	 0 	 3 	 0 	 3 	 1 	 1 	 1 	 0 	 0 	 0 	 0 	 0 	 0 	 1 	 1 	 1 	 1 	 1 	 1 	 1 	 63 	  	 2 	 89 	 9
Tutor147 	 147 	 0 	 120 	 0 	 120 	 0 	 3 	 0 	 3 	 1 	 0 	 0 	 0 	 0 	 0 	 0 	 0 	 0 	 1 	 1 	 1 	 1 	 1 	 1 	 0 	  	 2 	 1 	 74
Tutor148 	 148 	 0 	 120 	 0 	 120 	 0 	 3 	 0 	 3 	 0 	 0 	 1 	 0 	 0 	 0 	 0 	 0 	 1 	 1 	 1 	 1 	 1 	 1 	 1 	 1 	 20 	  	 3 	 23 	 86 	 46
Tutor149 	 149 	 0 	 120 	 0 	 120 	 0 	 3 	 0 	 3 	 0 	 0 	 0 	 1 	 0 	 0 	 0 	 0 	 0 	 1 	 1 	 1 	 1 	 1 	 1 	 0 	  	 2 	 52 	 75
Tutor150 	 150 	 0 	 120 	 0 	 120 	 0 	 3 	 0 	 3 	 0 	 0 	 1 	 0 	 0 	 1 	 0 	 0 	 0 	 1 	 1 	 0 	 0 	 0 	 0 	 0 	  	 1 	 91
Tutor151 	 151 	 0 	 120 	 0 	 120 	 0 	 3 	 0 	 3 	 0 	 1 	 0 	 0 	 0 	 0 	 0 	 0 	 0 	 1 	 1 	 1 	 1 	 1 	 1 	 1 	 60 	  	 2 	 84 	 28
Tutor152 	 152 	 0 	 120 	 0 	 120 	 0 	 3 	 0 	 3 	 1 	 0 	 0 	 1 	 0 	 0 	 0 	 1 	 1 	 1 	 1 	 1 	 1 	 1 	 1 	 1 	 115 	  	 0
Tutor153 	 153 	 0 	 120 	 0 	 120 	 0 	 3 	 0 	 3 	 1 	 0 	 0 	 0 	 0 	 0 	 0 	 0 	 1 	 1 	 1 	 1 	 1 	 1 	 1 	 1 	 56 	  	 6 	 77 	 31 	 55 	 86 	 26 	 27
Tutor154 	 154 	 0 	 120 	 0 	 120 	 0 	 3 	 0 	 3 	 0 	 0 	 0 	 1 	 0 	 0 	 0 	 0 	 0 	 1 	 1 	 1 	 1 	 1 	 1 	 1 	 103 	  	 0
Tutor155 	 155 	 0 	 120 	 0 	 120 	 0 	 3 	 0 	 3 	 0 	 0 	 0 	 1 	 1 	 0 	 1 	 0 	 1 	 1 	 1 	 1 	 1 	 1 	 1 	 1 	 127 	  	 0
Tutor156 	 156 	 0 	 120 	 0 	 120 	 0 	 3 	 0 	 3 	 0 	 1 	 0 	 0 	 1 	 0 	 1 	 0 	 0 	 1 	 1 	 1 	 1 	 1 	 1 	 1 	 34 	  	 1 	 2
Tutor157 	 157 	 0 	 120 	 0 	 120 	 0 	 3 	 0 	 3 	 0 	 0 	 1 	 0 	 0 	 0 	 0 	 1 	 0 	 1 	 1 	 1 	 1 	 1 	 1 	 0 	  	 0
Tutor158 	 158 	 0 	 120 	 0 	 120 	 0 	 3 	 0 	 3 	 0 	 0 	 1 	 0 	 0 	 0 	 1 	 1 	 1 	 1 	 1 	 1 	 1 	 1 	 1 	 0 	  	 0
Tutor159 	 159 	 0 	 120 	 0 	 120 	 0 	 3 	 0 	 3 	 0 	 0 	 0 	 0 	 1 	 1 	 0 	 0 	 1 	 1 	 1 	 1 	 1 	 1 	 1 	 1 	 52 	  	 6 	 32 	 54 	 61 	 58 	 51 	 39
Tutor160 	 160 	 0 	 120 	 0 	 120 	 0 	 3 	 0 	 3 	 1 	 0 	 1 	 0 	 0 	 1 	 0 	 0 	 0 	 1 	 1 	 1 	 1 	 1 	 1 	 0 	  	 1 	 15
Tutor161 	 161 	 0 	 120 	 0 	 120 	 0 	 3 	 0 	 3 	 0 	 0 	 0 	 0 	 0 	 0 	 0 	 0 	 0 	 1 	 1 	 1 	 1 	 1 	 1 	 0 	  	 4 	 54 	 66 	 25 	 97
Tutor162 	 162 	 0 	 120 	 0 	 120 	 0 	 3 	 0 	 3 	 0 	 0 	 0 	 0 	 0 	 0 	 0 	 0 	 0 	 1 	 1 	 0 	 0 	 0 	 0 	 1 	 7 	  	 0
Tutor163 	 163 	 0 	 120 	 0 	 120 	 0 	 3 	 0 	 3 	 0 	 0 	 1 	 0 	 0 	 0 	 1 	 1 	 0 	 1 	 1 	 1 	 1 	 1 	 1 	 1 	 86 	  	 2 	 89 	 75
Tutor164 	 164 	 0 	 120 	 0 	 120 	 0 	 3 	 0 	 3 	 0 	 0 	 1 	 0 	 1 	 0 	 0 	 0 	 0 	 1 	 1 	 1 	 1 	 1 	 1 	 0 	  	 6 	 42 	 73 	 72 	 57 	 16 	 70
Tutor165 	 165 	 0 	 120 	 0 	 120 	 0 	 3 	 0 	 3 	 0 	 0 	 0 	 1 	 1 	 0 	 0 	 0 	 0 	 1 	 1 	 1 	 1 	 1 	 1 	 0 	  	 0
Tutor166 	 166 	 0 	 120 	 0 	 120 	 0 	 3 	 0 	 3 	 0 	 0 	 0 	 0 	 0 	 1 	 0 	 0 	 0 	 1 	 1 	 1 	 1 	 1 	 1 	 1 	 3 	  	 3 	 74 	 7 	 58
Tutor167 	 167 	 0 	 120 	 0 	 120 	 0 	 3 	 0 	 3 	 0 	 1 	 0 	 0 	 0 	 0 	 0 	 1 	 0 	 1 	 1 	 1 	 1 	 1 	 1 	 1 	 125 	  	 0
Tutor168 	 168 	 0 	 120 	 0 	 120 	 0 	 3 	 0 	 3 	 0 	 0 	 0 	 0 	 0 	 0 	 1 	 0 	 0 	 1 	 1 	 1 	 1 	 1 	 1 	 0 	  	 4 	 87 	 63 	 46 	 89
Tutor169 	 169 	 0 	 120 	 0 	 120 	 0 	 3 	 0 	 3 	 0 	 0 	 1 	 1 	 1 	 0 	 0 	 1 	 0 	 1 	 1 	 1 	 1 	 1 	 1 	 1 	 18 	  	 6 	 5 	 41 	 27 	 58 	 22 	 42
Tutor170 	 170 	 0 	 120 	 0 	 120 	 0 	 3 	 0 	 3 	 0 	 0 	 0 	 0 	 0 	 0 	 0 	 0 	 1 	 1 	 1 	 1 	 1 	 1 	 1 	 1 	 66 	  	 2 	 12 	 8
Tutor171 	 171 	 0 	 120 	 0 	 120 	 0 	 3 	 0 	 3 	 0 	 0 	 0 	 0 	 0 	 0 	 0 	 1 	 0 	 1 	 1 	 1 	 1 	 1 	 1 	 1 	 128 	  	 0
Tutor172 	 172 	 0 	 120 	 0 	 120 	 0 	 3 	 0 	 3 	 0 	 0 	 1 	 1 	 0 	 0 	 0 	 0 	 0 	 1 	 1 	 1 	 1 	 1 	 1 	 0 	  	 2 	 70 	 93
Tutor173 	 173 	 0 	 120 	 0 	 120 	 0 	 3 	 0 	 3 	 0 	 0 	 1 	 0 	 1 	 0 	 0 	 0 	 0 	 1 	 1 	 1 	 1 	 1 	 1 	 1 	 141 	  	 0
Tutor174 	 174 	 0 	 120 	 0 	 120 	 0 	 3 	 0 	 3 	 1 	 0 	 0 	 0 	 0 	 0 	 1 	 1 	 0 	 1 	 1 	 1 	 1 	 1 	 1 	 1 	 29 	  	 1 	 14
Tutor175 	 175 	 0 	 120 	 0 	 120 	 0 	 3 	 0 	 3 	 0 	 0 	 0 	 0 	 0 	 0 	 0 	 0 	 1 	 1 	 1 	 1 	 1 	 1 	 1 	 0 	  	 4 	 0 	 2 	 44 	 61
Tutor176 	 176 	 0 	 120 	 0 	 120 	 0 	 3 	 0 	 3 	 0 	 0 	 1 	 0 	 1 	 0 	 1 	 0 	 0 	 1 	 1 	 1 	 1 	 1 	 1 	 0 	  	 4 	 67 	 91 	 52 	 20
Tutor177 	 177 	 0 	 120 	 0 	 120 	 0 	 3 	 0 	 3 	 1 	 0 	 0 	 0 	 0 	 0 	 0 	 1 	 0 	 1 	 1 	 1 	 1 	 1 	 1 	 1 	 133 	  	 5 	 26 	 86 	 54 	 69 	 2
Tutor178 	 178 	 0 	 120 	 0 	 120 	 0 	 3 	 0 	 3 	 0 	 0 	 0 	 0 	 0 	 0 	 0 	 0 	 0 	 1 	 1 	 1 	 1 	 1 	 1 	 0 	  	 4 	 51 	 24 	 86 	 73
Tutor179 	 179 	 0 	 120 	 0 	 120 	 0 	 3 	 0 	 3 	 0 	 0 	 1 	 0 	 0 	 0 	 0 	 0 	 0 	 1 	 1 	 1 	 1 	 1 	 1 	 0 	  	 1 	 77
Tutor180 	 180 	 0 	 120 	 0 	 120 	 0 	 3 	 0 	 3 	 0 	 0 	 0 	 0 	 0 	 0 	 1 	 0 	 0 	 1 	 1 	 1 	 1 	 1 	 1 	 1 	 131 	  	 1 	 40
Tutor181 	 181 	 0 	 120 	 0 	 120 	 0 	 3 	 0 	 3 	 0 	 0 	 0 	 0 	 0 	 0 	 0 	 1 	 0 	 1 	 1 	 0 	 0 	 0 	 0 	 1 	 22 	  	 2 	 10 	 92
Tutor182 	 182 	 0 	 120 	 0 	 120 	 0 	 3 	 0 	 3 	 0 	 1 	 0 	 0 	 0 	 1 	 1 	 0 	 1 	 1 	 1 	 1 	 1 	 1 	 1 	 1 	 35 	  	 4 	 86 	 41 	 19 	 75
Tutor183 	 183 	 0 	 120 	 0 	 120 	 0 	 3 	 0 	 3 	 1 	 0 	 0 	 0 	 0 	 0 	 1 	 1 	 0 	 1 	 1 	 1 	 1 	 1 	 1 	 0 	  	 1 	 33
Tutor184 	 184 	 0 	 120 	 0 	 120 	 0 	 3 	 0 	 3 	 0 	 1 	 0 	 1 	 0 	 1 	 1 	 1 	 0 	 1 	 1 	 1 	 1 	 1 	 1 	 0 	  	 2 	 49 	 82
Tutor185 	 185 	 0 	 120 	 0 	 120 	 0 	 3 	 0 	 3 	 1 	 1 	 0 	 1 	 0 	 0 	 0 	 0 	 0 	 1 	 1 	 1 	 1 	 1 	 1 	 1 	 16 	  	 4 	 39 	 65 	 44 	 24
Tutor186 	 186 	 0 	 120 	 0 	 120 	 0 	 3 	 0 	 3 	 1 	 0 	 0 	 0 	 0 	 0 	 0 	 0 	 0 	 1 	 1 	 1 	 1 	 1 	 1 	 1 	 47 	  	 6 	 11 	 9 	 1 	 99 	 23 	 96
Tutor187 	 187 	 0 	 120 	 0 	 120 	 0 	 3 	 0 	 3 	 1 	 0 	 0 	 0 	 0 	 0 	 1 	 0 	 0 	 1 	 1 	 1 	 1 	 1 	 1 	 1 	 138 	  	 0
Tutor188 	 188 	 0 	 120 	 0 	 120 	 0 	 3 	 0 	 3 	 0 	 0 	 1 	 0 	 0 	 0 	 0 	 0 	 0 	 1 	 1 	 1 	 1 	 1 	 1 	 1 	 81 	  	 0
Tutor189 	 189 	 0 	 120 	 0 	 120 	 0 	 3 	 0 	 3 	 0 	 0 	 1 	 0 	 1 	 0 	 0 	 0 	 1 	 1 	 1 	 1 	 1 	 1 	 1 	 0 	  	 3 	 57 	 64 	 41
Tutor190 	 190 	 0 	 120 	 0 	 120 	 0 	 3 	 0 	 3 	 0 	 0 	 0 	 0 	 0 	 1 	 0 	 1 	 0 	 1 	 1 	 1 	 1 	 1 	 1 	 1 	 100 	  	 4 	 68 	 15 	 46 	 32
Tutor191 	 191 	 0 	 120 	 0 	 120 	 0 	 3 	 0 	 3 	 0 	 0 	 0 	 0 	 0 	 0 	 1 	 1 	 0 	 1 	 1 	 1 	 1 	 1 	 1 	 1 	 27 	  	 4 	 39 	 10 	 30 	 0
Tutor192 	 192 	 0 	 120 	 0 	 120 	 0 	 3 	 0 	 3 	 0 	 0 	 0 	 0 	 0 	 0 	 1 	 0 	 0 	 1 	 1 	 1 	 1 	 1 	 1 	 0 	  	 4 	 55 	 49 	 65 	 7
Tutor193 	 193 	 0 	 120 	 0 	 120 	 0 	 3 	 0 	 3 	 0 	 1 	 0 	 1 	 0 	 1 	 0 	 0 	 0 	 1 	 1 	 1 	 1 	 1 	 1 	 1 	 120 	  	 4 	 48 	 61 	 49 	 23
Tutor194 	 194 	 0 	 120 	 0 	 120 	 0 	 3 	 0 	 3 	 0 	 0 	 0 	 0 	 0 	 0 	 0 	 1 	 1 	 1 	 1 	 1 	 1 	 1 	 1 	 1 	 97 	  	 1 	 73
Tutor195 	 195 	 0 	 120 	 0 	 120 	 0 	 3 	 0 	 3 	 0 	 0 	 0 	 0 	 0 	 0 	 0 	 0 	 1 	 1 	 1 	 1 	 1 	 1 	 1 	 1 	 33 	  	 4 	 85 	 15 	 78 	 81
Tutor196 	 196 	 0 	 120 	 0 	 120 	 0 	 3 	 0 	 3 	 0 	 0 	 0 	 0 	 0 	 1 	 1 	 0 	 1 	 1 	 1 	 1 	 1 	 1 	 1 	 1 	 90 	  	 5 	 60 	 20 	 10 	 89 	 16
Tutor197 	 197 	 0 	 120 	 0 	 120 	 0 	 3 	 0 	 3 	 0 	 1 	 0 	 0 	 0 	 0 	 1 	 0 	 0 	 1 	 1 	 1 	 1 	 1 	 1 	 1 	 104 	  	 2 	 27 	 48
Tutor198 	 198 	 0 	 120 	 0 	 120 	 0 	 3 	 0 	 3 	 0 	 0 	 0 	 0 	 0 	 0 	 0 	 0 	 1 	 1 	 1 	 1 	 1 	 1 	 1 	 1 	 54 	  	 4 	 62 	 77 	 41 	 53
Tutor199 	 199 	 0 	 120 	 0 	 120 	 0 	 3 	 0 	 3 	 0 	 1 	 0 	 0 	 0 	 1 	 0 	 0 	 0 	 1 	 1 	 1 	 1 	 1 	 1 	 0 	  	 1 	 59
Tutor200 	 200 	 0 	 120 	 0 	 120 	 0 	 3 	 0 	 3 	 0 	 1 	 0 	 0 	 0 	 0 	 0 	 0 	 0 	 1 	 1 	 1 	 1 	 1 	 1 	 0 	  	 6 	 29 	 42 	 0 	 6 	 69 	 4
Tutor201 	 201 	 0 	 120 	 0 	 120 	 0 	 3 	 0 	 3 	 0 	 0 	 0 	 0 	 0 	 0 	 1 	 1 	 0 	 1 	 1 	 1 	 1 	 1 	 1 	 0 	  	 6 	 30 	 52 	 54 	 45 	 11 	 27
Tutor202 	 202 	 0 	 120 	 0 	 120 	 0 	 3 	 0 	 3 	 1 	 1 	 1 	 0 	 0 	 0 	 0 	 0 	 0 	 1 	 1 	 1 	 1 	 1 	 1 	 0 	  	 6 	 91 	 85 	 73 	 50 	 77 	 2
Tutor203 	 203 	 0 	 120 	 0 	 120 	 0 	 3 	 0 	 3 	 0 	 0 	 1 	 0 	 0 	 0 	 0 	 0 	 0 	 1 	 1 	 1 	 1 	 1 	 1 	 0 	  	 1 	 3
Tutor204 	 204 	 0 	 120 	 0 	 120 	 0 	 3 	 0 	 3 	 0 	 0 	 0 	 0 	 1 	 1 	 0 	 0 	 0 	 1 	 1 	 1 	 1 	 1 	 1 	 1 	 9 	  	 1 	 52
Tutor205 	 205 	 0 	 120 	 0 	 120 	 0 	 3 	 0 	 3 	 0 	 0 	 0 	 0 	 0 	 0 	 0 	 1 	 0 	 1 	 1 	 1 	 1 	 1 	 1 	 0 	  	 5 	 54 	 24 	 15 	 32 	 93
Tutor206 	 206 	 0 	 120 	 0 	 120 	 0 	 3 	 0 	 3 	 0 	 0 	 1 	 0 	 0 	 1 	 1 	 0 	 0 	 1 	 1 	 1 	 1 	 1 	 1 	 1 	 110 	  	 5 	 9 	 95 	 89 	 80 	 91
Tutor207 	 207 	 0 	 120 	 0 	 120 	 0 	 3 	 0 	 3 	 0 	 0 	 0 	 0 	 1 	 0 	 1 	 0 	 0 	 1 	 1 	 1 	 1 	 1 	 1 	 1 	 39 	  	 2 	 69 	 85
Tutor208 	 208 	 0 	 120 	 0 	 120 	 0 	 3 	 0 	 3 	 0 	 0 	 0 	 0 	 0 	 0 	 0 	 0 	 0 	 1 	 1 	 1 	 1 	 1 	 1 	 0 	  	 1 	 19
Tutor209 	 209 	 0 	 120 	 0 	 120 	 0 	 3 	 0 	 3 	 0 	 0 	 0 	 0 	 0 	 0 	 0 	 0 	 0 	 1 	 1 	 1 	 1 	 1 	 1 	 1 	 113 	  	 2 	 8 	 45
Tutor210 	 210 	 0 	 120 	 0 	 120 	 0 	 3 	 0 	 3 	 0 	 0 	 0 	 0 	 0 	 0 	 0 	 0 	 0 	 1 	 1 	 1 	 1 	 1 	 1 	 1 	 91 	  	 0
Tutor211 	 211 	 0 	 120 	 0 	 120 	 0 	 3 	 0 	 3 	 1 	 0 	 0 	 0 	 0 	 0 	 0 	 1 	 0 	 1 	 1 	 0 	 0 	 0 	 0 	 1 	 80 	  	 1 	 75
Tutor212 	 212 	 0 	 120 	 0 	 120 	 0 	 3 	 0 	 3 	 0 	 0 	 0 	 1 	 0 	 0 	 1 	 0 	 0 	 1 	 1 	 1 	 1 	 1 	 1 	 1 	 132 	  	 2 	 73 	 34
Tutor213 	 213 	 0 	 120 	 0 	 120 	 0 	 3 	 0 	 3 	 0 	 1 	 0 	 0 	 0 	 0 	 0 	 0 	 0 	 1 	 1 	 1 	 1 	 1 	 1 	 1 	 15 	  	 4 	 10 	 66 	 90 	 30
Tutor214 	 214 	 0 	 120 	 0 	 120 	 0 	 3 	 0 	 3 	 1 	 0 	 0 	 0 	 0 	 0 	 0 	 1 	 0 	 1 	 1 	 1 	 1 	 1 	 1 	 1 	 88 	  	 2 	 73 	 64
Tutor215 	 215 	 0 	 120 	 0 	 120 	 0 	 3 	 0 	 3 	 0 	 0 	 0 	 0 	 1 	 0 	 0 	 0 	 0 	 1 	 1 	 1 	 1 	 1 	 1 	 1 	 2 	  	 0
Tutor216 	 216 	 0 	 120 	 0 	 120 	 0 	 3 	 0 	 3 	 1 	 0 	 0 	 0 	 1 	 0 	 0 	 0 	 0 	 1 	 1 	 1 	 1 	 1 	 1 	 1 	 105 	  	 3 	 75 	 37 	 9
Tutor217 	 217 	 0 	 120 	 0 	 120 	 0 	 3 	 0 	 3 	 0 	 0 	 0 	 0 	 0 	 0 	 1 	 0 	 0 	 1 	 1 	 1 	 1 	 1 	 1 	 1 	 38 	  	 3 	 36 	 54 	 66
Tutor218 	 218 	 0 	 120 	 0 	 120 	 0 	 3 	 0 	 3 	 0 	 0 	 0 	 0 	 0 	 0 	 0 	 0 	 0 	 1 	 1 	 1 	 1 	 1 	 1 	 1 	 36 	  	 1 	 62
Tutor219 	 219 	 0 	 120 	 0 	 120 	 0 	 3 	 0 	 3 	 1 	 0 	 0 	 0 	 0 	 0 	 0 	 1 	 0 	 1 	 1 	 1 	 1 	 1 	 1 	 1 	 135 	  	 4 	 58 	 64 	 10 	 70
Tutor220 	 220 	 0 	 120 	 0 	 120 	 0 	 3 	 0 	 3 	 1 	 0 	 0 	 0 	 0 	 0 	 1 	 0 	 0 	 1 	 1 	 1 	 1 	 1 	 1 	 1 	 28 	  	 3 	 13 	 58 	 42
Tutor221 	 221 	 0 	 120 	 0 	 120 	 0 	 3 	 0 	 3 	 1 	 0 	 0 	 0 	 1 	 0 	 0 	 0 	 0 	 1 	 1 	 1 	 1 	 1 	 1 	 0 	  	 4 	 49 	 77 	 15 	 54
Tutor222 	 222 	 0 	 120 	 0 	 120 	 0 	 3 	 0 	 3 	 0 	 0 	 0 	 0 	 0 	 0 	 0 	 0 	 1 	 1 	 1 	 1 	 1 	 1 	 1 	 1 	 119 	  	 4 	 60 	 62 	 70 	 4
Tutor223 	 223 	 0 	 120 	 0 	 120 	 0 	 3 	 0 	 3 	 0 	 0 	 0 	 0 	 0 	 0 	 0 	 0 	 0 	 1 	 1 	 1 	 1 	 1 	 1 	 1 	 94 	  	 0
Tutor224 	 224 	 0 	 120 	 0 	 120 	 0 	 3 	 0 	 3 	 0 	 0 	 0 	 0 	 0 	 0 	 0 	 0 	 0 	 1 	 1 	 1 	 1 	 1 	 1 	 0 	  	 1 	 30
Tutor225 	 225 	 0 	 120 	 0 	 120 	 0 	 3 	 0 	 3 	 0 	 0 	 1 	 0 	 0 	 0 	 1 	 0 	 0 	 1 	 1 	 1 	 1 	 1 	 1 	 1 	 111 	  	 4 	 49 	 5 	 0 	 82
Tutor226 	 226 	 0 	 120 	 0 	 120 	 0 	 3 	 0 	 3 	 1 	 0 	 0 	 0 	 0 	 0 	 0 	 0 	 0 	 1 	 0 	 0 	 0 	 0 	 0 	 0 	  	 4 	 80 	 42 	 76 	 91
Tutor227 	 227 	 0 	 120 	 0 	 120 	 0 	 3 	 0 	 3 	 0 	 0 	 0 	 0 	 0 	 0 	 0 	 1 	 0 	 1 	 1 	 1 	 1 	 1 	 1 	 1 	 96 	  	 0
Tutor228 	 228 	 0 	 120 	 0 	 120 	 0 	 3 	 0 	 3 	 0 	 1 	 0 	 0 	 1 	 0 	 0 	 1 	 0 	 1 	 1 	 1 	 1 	 1 	 1 	 0 	  	 1 	 48
Tutor229 	 229 	 0 	 120 	 0 	 120 	 0 	 3 	 0 	 3 	 0 	 0 	 0 	 1 	 1 	 1 	 1 	 0 	 0 	 1 	 1 	 1 	 1 	 1 	 1 	 1 	 109 	  	 6 	 22 	 95 	 44 	 59 	 56 	 97
Tutor230 	 230 	 0 	 120 	 0 	 120 	 0 	 3 	 0 	 3 	 0 	 0 	 0 	 1 	 0 	 0 	 0 	 0 	 0 	 1 	 1 	 1 	 1 	 1 	 1 	 1 	 99 	  	 0
Tutor231 	 231 	 0 	 120 	 0 	 120 	 0 	 3 	 0 	 3 	 0 	 0 	 0 	 0 	 0 	 0 	 0 	 0 	 0 	 1 	 1 	 1 	 1 	 1 	 1 	 1 	 112 	  	 2 	 62 	 76
Tutor232 	 232 	 0 	 120 	 0 	 120 	 0 	 3 	 0 	 3 	 0 	 0 	 1 	 0 	 0 	 1 	 1 	 1 	 1 	 1 	 1 	 1 	 1 	 1 	 1 	 1 	 83 	  	 2 	 88 	 7
Tutor233 	 233 	 0 	 120 	 0 	 120 	 0 	 3 	 0 	 3 	 1 	 1 	 0 	 0 	 0 	 0 	 1 	 1 	 0 	 1 	 1 	 1 	 1 	 1 	 1 	 0 	  	 6 	 21 	 65 	 8 	 1 	 70 	 85
Tutor234 	 234 	 0 	 120 	 0 	 120 	 0 	 3 	 0 	 3 	 0 	 0 	 0 	 0 	 0 	 0 	 0 	 0 	 1 	 1 	 1 	 1 	 1 	 1 	 1 	 0 	  	 3 	 69 	 57 	 32
Tutor235 	 235 	 0 	 120 	 0 	 120 	 0 	 3 	 0 	 3 	 0 	 0 	 0 	 0 	 0 	 0 	 0 	 1 	 0 	 1 	 1 	 1 	 1 	 1 	 1 	 1 	 95 	  	 4 	 23 	 72 	 16 	 50
Tutor236 	 236 	 0 	 120 	 0 	 120 	 0 	 3 	 0 	 3 	 0 	 0 	 1 	 0 	 0 	 0 	 0 	 0 	 0 	 1 	 1 	 1 	 1 	 1 	 1 	 1 	 108 	  	 0
Tutor237 	 237 	 0 	 120 	 0 	 120 	 0 	 3 	 0 	 3 	 1 	 0 	 0 	 0 	 0 	 1 	 0 	 0 	 0 	 1 	 1 	 1 	 1 	 1 	 1 	 0 	  	 0
Tutor238 	 238 	 0 	 120 	 0 	 120 	 0 	 3 	 0 	 3 	 0 	 0 	 1 	 0 	 0 	 1 	 0 	 0 	 0 	 1 	 1 	 1 	 1 	 1 	 1 	 0 	  	 0
Tutor239 	 239 	 0 	 120 	 0 	 120 	 0 	 3 	 0 	 3 	 0 	 0 	 0 	 0 	 0 	 0 	 0 	 0 	 0 	 1 	 1 	 1 	 1 	 1 	 1 	 1 	 24 	  	 3 	 38 	 9 	 1
Tutor240 	 240 	 0 	 120 	 0 	 120 	 0 	 3 	 0 	 3 	 1 	 0 	 0 	 1 	 0 	 1 	 0 	 0 	 0 	 1 	 1 	 1 	 1 	 1 	 1 	 0 	  	 5 	 35 	 12 	 87 	 92 	 28
Tutor241 	 241 	 0 	 120 	 0 	 120 	 0 	 3 	 0 	 3 	 1 	 0 	 0 	 0 	 0 	 0 	 0 	 0 	 0 	 1 	 1 	 1 	 1 	 1 	 1 	 0 	  	 3 	 81 	 69 	 75
Tutor242 	 242 	 0 	 120 	 0 	 120 	 0 	 3 	 0 	 3 	 0 	 0 	 0 	 1 	 0 	 0 	 1 	 0 	 1 	 1 	 1 	 1 	 1 	 1 	 1 	 1 	 57 	  	 1 	 28
Tutor243 	 243 	 0 	 120 	 0 	 120 	 0 	 3 	 0 	 3 	 1 	 1 	 0 	 0 	 0 	 0 	 0 	 0 	 1 	 1 	 1 	 1 	 1 	 1 	 1 	 1 	 102 	  	 0
Tutor244 	 244 	 0 	 120 	 0 	 120 	 0 	 3 	 0 	 3 	 1 	 0 	 0 	 0 	 0 	 0 	 0 	 0 	 0 	 1 	 1 	 1 	 1 	 1 	 1 	 1 	 42 	  	 5 	 62 	 86 	 63 	 57 	 42
Tutor245 	 245 	 0 	 120 	 0 	 120 	 0 	 3 	 0 	 3 	 0 	 0 	 0 	 0 	 0 	 0 	 0 	 0 	 0 	 1 	 1 	 1 	 1 	 1 	 1 	 0 	  	 5 	 18 	 48 	 21 	 77 	 72
Tutor246 	 246 	 0 	 120 	 0 	 120 	 0 	 3 	 0 	 3 	 0 	 0 	 1 	 0 	 0 	 0 	 0 	 1 	 0 	 1 	 1 	 1 	 1 	 1 	 1 	 0 	  	 2 	 29 	 82
Tutor247 	 247 	 0 	 120 	 0 	 120 	 0 	 3 	 0 	 3 	 0 	 0 	 0 	 1 	 0 	 0 	 1 	 0 	 1 	 1 	 1 	 1 	 1 	 1 	 1 	 0 	  	 1 	 8
Tutor248 	 248 	 0 	 120 	 0 	 120 	 0 	 3 	 0 	 3 	 0 	 0 	 0 	 0 	 0 	 1 	 0 	 0 	 0 	 1 	 1 	 1 	 1 	 1 	 1 	 1 	 77 	  	 4 	 91 	 20 	 98 	 81
Tutor249 	 249 	 0 	 120 	 0 	 120 	 0 	 3 	 0 	 3 	 0 	 0 	 0 	 0 	 0 	 1 	 1 	 1 	 0 	 1 	 1 	 1 	 1 	 1 	 1 	 1 	 122 	  	 2 	 61 	 26
