250
9
6
0
Tutor0 	 0 	 0 	 120 	 0 	 120 	 0 	 3 	 0 	 3 	 0 	 1 	 0 	 0 	 1 	 1 	 0 	 0 	 1 	 1 	 1 	 1 	 1 	 1 	 1 	 0 	  	 0
Tutor1 	 1 	 0 	 120 	 0 	 120 	 0 	 3 	 0 	 3 	 0 	 0 	 0 	 1 	 0 	 0 	 0 	 0 	 0 	 1 	 1 	 1 	 1 	 1 	 1 	 0 	  	 2 	 15 	 75
Tutor2 	 2 	 0 	 120 	 0 	 120 	 0 	 3 	 0 	 3 	 0 	 1 	 0 	 0 	 0 	 0 	 1 	 0 	 0 	 1 	 1 	 1 	 1 	 1 	 1 	 0 	  	 2 	 66 	 63
Tutor3 	 3 	 0 	 120 	 0 	 120 	 0 	 3 	 0 	 3 	 0 	 1 	 0 	 0 	 0 	 0 	 1 	 0 	 0 	 1 	 1 	 1 	 1 	 1 	 1 	 0 	  	 4 	 90 	 53 	 28 	 33
Tutor4 	 4 	 0 	 120 	 0 	 120 	 0 	 3 	 0 	 3 	 0 	 1 	 0 	 0 	 0 	 0 	 0 	 0 	 0 	 1 	 1 	 1 	 1 	 1 	 1 	 1 	 43 	  	 4 	 54 	 23 	 26 	 1
Tutor5 	 5 	 0 	 120 	 0 	 120 	 0 	 3 	 0 	 3 	 0 	 0 	 1 	 0 	 0 	 0 	 0 	 0 	 0 	 1 	 1 	 1 	 1 	 1 	 1 	 0 	  	 0
Tutor6 	 6 	 0 	 120 	 0 	 120 	 0 	 3 	 0 	 3 	 0 	 0 	 0 	 0 	 0 	 0 	 1 	 0 	 1 	 1 	 1 	 1 	 1 	 1 	 1 	 1 	 83 	  	 2 	 79 	 7
Tutor7 	 7 	 0 	 120 	 0 	 120 	 0 	 3 	 0 	 3 	 1 	 0 	 0 	 1 	 0 	 0 	 0 	 1 	 0 	 1 	 1 	 1 	 1 	 1 	 1 	 0 	  	 3 	 40 	 28 	 36
Tutor8 	 8 	 0 	 120 	 0 	 120 	 0 	 3 	 0 	 3 	 0 	 0 	 0 	 0 	 0 	 0 	 0 	 0 	 0 	 1 	 1 	 1 	 1 	 1 	 1 	 1 	 66 	  	 5 	 20 	 18 	 85 	 11 	 52
Tutor9 	 9 	 0 	 120 	 0 	 120 	 0 	 3 	 0 	 3 	 0 	 0 	 0 	 0 	 0 	 0 	 0 	 0 	 0 	 1 	 1 	 1 	 1 	 1 	 1 	 0 	  	 2 	 71 	 78
Tutor10 	 10 	 0 	 120 	 0 	 120 	 0 	 3 	 0 	 3 	 0 	 0 	 0 	 0 	 1 	 1 	 0 	 1 	 0 	 1 	 1 	 1 	 1 	 1 	 1 	 0 	  	 3 	 29 	 26 	 67
Tutor11 	 11 	 0 	 120 	 0 	 120 	 0 	 3 	 0 	 3 	 0 	 0 	 0 	 1 	 0 	 0 	 0 	 0 	 0 	 1 	 1 	 1 	 1 	 1 	 1 	 1 	 49 	  	 4 	 64 	 10 	 76 	 68
Tutor12 	 12 	 0 	 120 	 0 	 120 	 0 	 3 	 0 	 3 	 0 	 0 	 0 	 1 	 0 	 0 	 1 	 1 	 0 	 1 	 1 	 1 	 1 	 1 	 1 	 0 	  	 4 	 85 	 12 	 53 	 41
Tutor13 	 13 	 0 	 120 	 0 	 120 	 0 	 3 	 0 	 3 	 0 	 0 	 0 	 0 	 0 	 0 	 0 	 0 	 0 	 1 	 1 	 1 	 1 	 1 	 1 	 1 	 100 	  	 0
Tutor14 	 14 	 0 	 120 	 0 	 120 	 0 	 3 	 0 	 3 	 0 	 0 	 0 	 0 	 0 	 0 	 0 	 0 	 0 	 1 	 1 	 1 	 1 	 1 	 1 	 0 	  	 2 	 40 	 12
Tutor15 	 15 	 0 	 120 	 0 	 120 	 0 	 3 	 0 	 3 	 0 	 1 	 0 	 0 	 0 	 0 	 0 	 1 	 0 	 1 	 1 	 1 	 1 	 1 	 1 	 0 	  	 3 	 69 	 40 	 95
Tutor16 	 16 	 0 	 120 	 0 	 120 	 0 	 3 	 0 	 3 	 0 	 1 	 0 	 1 	 0 	 1 	 0 	 0 	 0 	 1 	 1 	 1 	 1 	 1 	 1 	 1 	 14 	  	 5 	 6 	 79 	 64 	 96 	 86
Tutor17 	 17 	 0 	 120 	 0 	 120 	 0 	 3 	 0 	 3 	 0 	 1 	 0 	 0 	 0 	 1 	 0 	 0 	 0 	 1 	 1 	 1 	 1 	 1 	 1 	 1 	 6 	  	 6 	 78 	 56 	 13 	 25 	 20 	 33
Tutor18 	 18 	 0 	 120 	 0 	 120 	 0 	 3 	 0 	 3 	 1 	 0 	 0 	 0 	 0 	 0 	 0 	 0 	 0 	 1 	 1 	 1 	 1 	 1 	 1 	 1 	 69 	  	 6 	 53 	 92 	 54 	 85 	 74 	 20
Tutor19 	 19 	 0 	 120 	 0 	 120 	 0 	 3 	 0 	 3 	 0 	 1 	 1 	 0 	 0 	 0 	 1 	 0 	 1 	 1 	 1 	 1 	 1 	 1 	 1 	 1 	 112 	  	 3 	 11 	 24 	 34
Tutor20 	 20 	 0 	 120 	 0 	 120 	 0 	 3 	 0 	 3 	 0 	 0 	 0 	 0 	 0 	 0 	 0 	 0 	 0 	 1 	 1 	 1 	 1 	 1 	 1 	 0 	  	 4 	 90 	 84 	 21 	 92
Tutor21 	 21 	 0 	 120 	 0 	 120 	 0 	 3 	 0 	 3 	 0 	 1 	 1 	 1 	 0 	 0 	 0 	 1 	 0 	 1 	 1 	 0 	 0 	 0 	 0 	 1 	 82 	  	 6 	 41 	 63 	 74 	 70 	 71 	 62
Tutor22 	 22 	 0 	 120 	 0 	 120 	 0 	 3 	 0 	 3 	 0 	 0 	 1 	 1 	 0 	 0 	 0 	 0 	 1 	 1 	 1 	 1 	 1 	 1 	 1 	 1 	 124 	  	 5 	 75 	 77 	 81 	 65 	 60
Tutor23 	 23 	 0 	 120 	 0 	 120 	 0 	 3 	 0 	 3 	 1 	 0 	 0 	 1 	 0 	 0 	 0 	 0 	 0 	 1 	 1 	 1 	 1 	 1 	 1 	 0 	  	 3 	 30 	 82 	 22
Tutor24 	 24 	 0 	 120 	 0 	 120 	 0 	 3 	 0 	 3 	 1 	 0 	 0 	 0 	 0 	 0 	 0 	 0 	 0 	 1 	 1 	 1 	 1 	 1 	 1 	 1 	 134 	  	 6 	 2 	 43 	 11 	 31 	 46 	 59
Tutor25 	 25 	 0 	 120 	 0 	 120 	 0 	 3 	 0 	 3 	 0 	 0 	 0 	 1 	 0 	 0 	 0 	 0 	 0 	 1 	 1 	 1 	 1 	 1 	 1 	 1 	 0 	  	 5 	 10 	 20 	 24 	 70 	 14
Tutor26 	 26 	 0 	 120 	 0 	 120 	 0 	 3 	 0 	 3 	 1 	 0 	 0 	 0 	 0 	 0 	 0 	 0 	 0 	 1 	 1 	 1 	 1 	 1 	 1 	 1 	 61 	  	 2 	 47 	 24
Tutor27 	 27 	 0 	 120 	 0 	 120 	 0 	 3 	 0 	 3 	 0 	 0 	 0 	 0 	 0 	 1 	 0 	 0 	 0 	 1 	 1 	 1 	 1 	 1 	 1 	 1 	 127 	  	 0
Tutor28 	 28 	 0 	 120 	 0 	 120 	 0 	 3 	 0 	 3 	 0 	 1 	 1 	 0 	 0 	 1 	 0 	 0 	 1 	 1 	 1 	 1 	 1 	 1 	 1 	 1 	 36 	  	 4 	 18 	 64 	 45 	 24
Tutor29 	 29 	 0 	 120 	 0 	 120 	 0 	 3 	 0 	 3 	 1 	 0 	 0 	 0 	 1 	 1 	 1 	 0 	 0 	 1 	 1 	 1 	 1 	 1 	 1 	 1 	 28 	  	 5 	 10 	 55 	 67 	 16 	 26
Tutor30 	 30 	 0 	 120 	 0 	 120 	 0 	 3 	 0 	 3 	 0 	 0 	 1 	 1 	 0 	 0 	 0 	 0 	 0 	 1 	 1 	 1 	 1 	 1 	 1 	 1 	 30 	  	 0
Tutor31 	 31 	 0 	 120 	 0 	 120 	 0 	 3 	 0 	 3 	 1 	 0 	 1 	 0 	 0 	 0 	 0 	 0 	 1 	 1 	 1 	 1 	 1 	 1 	 1 	 1 	 39 	  	 1 	 54
Tutor32 	 32 	 0 	 120 	 0 	 120 	 0 	 3 	 0 	 3 	 0 	 0 	 1 	 1 	 0 	 0 	 0 	 0 	 1 	 1 	 1 	 1 	 1 	 1 	 1 	 1 	 16 	  	 4 	 59 	 48 	 5 	 13
Tutor33 	 33 	 0 	 120 	 0 	 120 	 0 	 3 	 0 	 3 	 1 	 1 	 1 	 0 	 0 	 0 	 0 	 0 	 0 	 1 	 1 	 1 	 1 	 1 	 1 	 0 	  	 3 	 77 	 30 	 86
Tutor34 	 34 	 0 	 120 	 0 	 120 	 0 	 3 	 0 	 3 	 0 	 0 	 0 	 0 	 0 	 0 	 1 	 1 	 0 	 1 	 1 	 1 	 1 	 1 	 1 	 1 	 107 	  	 0
Tutor35 	 35 	 0 	 120 	 0 	 120 	 0 	 3 	 0 	 3 	 0 	 0 	 0 	 0 	 0 	 0 	 0 	 0 	 0 	 1 	 1 	 1 	 1 	 1 	 1 	 0 	  	 5 	 33 	 78 	 3 	 51 	 25
Tutor36 	 36 	 0 	 120 	 0 	 120 	 0 	 3 	 0 	 3 	 0 	 0 	 0 	 0 	 0 	 0 	 0 	 0 	 0 	 1 	 1 	 1 	 1 	 1 	 1 	 0 	  	 1 	 59
Tutor37 	 37 	 0 	 120 	 0 	 120 	 0 	 3 	 0 	 3 	 0 	 0 	 0 	 0 	 1 	 1 	 1 	 1 	 0 	 1 	 1 	 1 	 1 	 1 	 1 	 1 	 103 	  	 6 	 96 	 13 	 28 	 94 	 91 	 57
Tutor38 	 38 	 0 	 120 	 0 	 120 	 0 	 3 	 0 	 3 	 0 	 0 	 0 	 1 	 0 	 0 	 0 	 0 	 0 	 1 	 1 	 1 	 1 	 1 	 1 	 0 	  	 1 	 62
Tutor39 	 39 	 0 	 120 	 0 	 120 	 0 	 3 	 0 	 3 	 0 	 0 	 0 	 0 	 0 	 0 	 0 	 0 	 0 	 1 	 1 	 1 	 1 	 1 	 1 	 0 	  	 3 	 54 	 57 	 24
Tutor40 	 40 	 0 	 120 	 0 	 120 	 0 	 3 	 0 	 3 	 0 	 0 	 0 	 0 	 0 	 0 	 0 	 0 	 0 	 1 	 1 	 1 	 1 	 1 	 1 	 1 	 111 	  	 3 	 1 	 63 	 31
Tutor41 	 41 	 0 	 120 	 0 	 120 	 0 	 3 	 0 	 3 	 1 	 0 	 0 	 0 	 0 	 1 	 0 	 0 	 0 	 1 	 1 	 1 	 1 	 1 	 1 	 1 	 32 	  	 3 	 72 	 84 	 9
Tutor42 	 42 	 0 	 120 	 0 	 120 	 0 	 3 	 0 	 3 	 0 	 0 	 0 	 0 	 0 	 1 	 0 	 1 	 0 	 1 	 1 	 1 	 1 	 1 	 1 	 1 	 60 	  	 2 	 89 	 5
Tutor43 	 43 	 0 	 120 	 0 	 120 	 0 	 3 	 0 	 3 	 1 	 0 	 1 	 0 	 0 	 0 	 0 	 0 	 0 	 1 	 1 	 1 	 1 	 1 	 1 	 1 	 128 	  	 6 	 13 	 2 	 57 	 93 	 72 	 84
Tutor44 	 44 	 0 	 120 	 0 	 120 	 0 	 3 	 0 	 3 	 0 	 1 	 0 	 0 	 0 	 0 	 1 	 1 	 0 	 1 	 1 	 1 	 1 	 1 	 1 	 0 	  	 1 	 73
Tutor45 	 45 	 0 	 120 	 0 	 120 	 0 	 3 	 0 	 3 	 1 	 0 	 0 	 0 	 0 	 0 	 0 	 0 	 1 	 1 	 1 	 1 	 1 	 1 	 1 	 0 	  	 5 	 51 	 75 	 94 	 40 	 43
Tutor46 	 46 	 0 	 120 	 0 	 120 	 0 	 3 	 0 	 3 	 1 	 1 	 1 	 0 	 0 	 0 	 0 	 0 	 0 	 1 	 1 	 1 	 1 	 1 	 1 	 1 	 25 	  	 0
Tutor47 	 47 	 0 	 120 	 0 	 120 	 0 	 3 	 0 	 3 	 0 	 0 	 0 	 0 	 0 	 0 	 0 	 1 	 0 	 1 	 1 	 1 	 1 	 1 	 1 	 1 	 102 	  	 5 	 13 	 35 	 78 	 82 	 9
Tutor48 	 48 	 0 	 120 	 0 	 120 	 0 	 3 	 0 	 3 	 0 	 0 	 0 	 0 	 1 	 0 	 0 	 0 	 0 	 1 	 1 	 1 	 1 	 1 	 1 	 1 	 138 	  	 6 	 84 	 20 	 83 	 7 	 50 	 75
Tutor49 	 49 	 0 	 120 	 0 	 120 	 0 	 3 	 0 	 3 	 0 	 0 	 0 	 0 	 1 	 1 	 0 	 0 	 0 	 1 	 1 	 1 	 1 	 1 	 1 	 0 	  	 6 	 4 	 85 	 62 	 54 	 80 	 55
Tutor50 	 50 	 0 	 120 	 0 	 120 	 0 	 3 	 0 	 3 	 0 	 0 	 1 	 1 	 1 	 0 	 0 	 0 	 0 	 1 	 1 	 1 	 1 	 1 	 1 	 0 	  	 0
Tutor51 	 51 	 0 	 120 	 0 	 120 	 0 	 3 	 0 	 3 	 0 	 0 	 0 	 0 	 0 	 0 	 0 	 0 	 1 	 1 	 1 	 1 	 1 	 1 	 1 	 1 	 29 	  	 5 	 73 	 68 	 87 	 80 	 52
Tutor52 	 52 	 0 	 120 	 0 	 120 	 0 	 3 	 0 	 3 	 0 	 0 	 0 	 0 	 0 	 1 	 0 	 0 	 0 	 1 	 1 	 1 	 1 	 1 	 1 	 0 	  	 4 	 75 	 5 	 98 	 20
Tutor53 	 53 	 0 	 120 	 0 	 120 	 0 	 3 	 0 	 3 	 0 	 0 	 1 	 0 	 0 	 0 	 0 	 0 	 1 	 1 	 1 	 1 	 1 	 1 	 1 	 1 	 115 	  	 2 	 66 	 56
Tutor54 	 54 	 0 	 120 	 0 	 120 	 0 	 3 	 0 	 3 	 0 	 0 	 0 	 0 	 1 	 0 	 1 	 0 	 0 	 1 	 1 	 1 	 1 	 1 	 1 	 1 	 89 	  	 1 	 83
Tutor55 	 55 	 0 	 120 	 0 	 120 	 0 	 3 	 0 	 3 	 0 	 0 	 1 	 1 	 0 	 1 	 0 	 0 	 1 	 1 	 1 	 1 	 1 	 1 	 1 	 0 	  	 6 	 87 	 51 	 37 	 1 	 32 	 40
Tutor56 	 56 	 0 	 120 	 0 	 120 	 0 	 3 	 0 	 3 	 0 	 0 	 0 	 0 	 0 	 0 	 0 	 1 	 1 	 1 	 1 	 1 	 1 	 1 	 1 	 0 	  	 5 	 61 	 49 	 46 	 38 	 82
Tutor57 	 57 	 0 	 120 	 0 	 120 	 0 	 3 	 0 	 3 	 0 	 0 	 1 	 0 	 0 	 0 	 0 	 0 	 0 	 1 	 1 	 1 	 1 	 1 	 1 	 0 	  	 3 	 68 	 3 	 90
Tutor58 	 58 	 0 	 120 	 0 	 120 	 0 	 3 	 0 	 3 	 1 	 1 	 0 	 0 	 0 	 0 	 0 	 1 	 1 	 1 	 1 	 1 	 1 	 1 	 1 	 1 	 27 	  	 0
Tutor59 	 59 	 0 	 120 	 0 	 120 	 0 	 3 	 0 	 3 	 0 	 0 	 0 	 1 	 0 	 0 	 0 	 1 	 1 	 1 	 1 	 1 	 1 	 1 	 1 	 1 	 125 	  	 5 	 33 	 10 	 98 	 58 	 7
Tutor60 	 60 	 0 	 120 	 0 	 120 	 0 	 3 	 0 	 3 	 0 	 0 	 0 	 0 	 0 	 1 	 0 	 0 	 0 	 1 	 1 	 1 	 1 	 1 	 1 	 1 	 110 	  	 6 	 87 	 44 	 33 	 19 	 47 	 84
Tutor61 	 61 	 0 	 120 	 0 	 120 	 0 	 3 	 0 	 3 	 0 	 0 	 0 	 0 	 1 	 0 	 0 	 0 	 0 	 1 	 1 	 1 	 1 	 1 	 1 	 1 	 106 	  	 3 	 22 	 49 	 28
Tutor62 	 62 	 0 	 120 	 0 	 120 	 0 	 3 	 0 	 3 	 1 	 0 	 0 	 1 	 1 	 0 	 0 	 0 	 0 	 1 	 1 	 1 	 1 	 1 	 1 	 1 	 101 	  	 6 	 9 	 3 	 8 	 95 	 93 	 15
Tutor63 	 63 	 0 	 120 	 0 	 120 	 0 	 3 	 0 	 3 	 1 	 0 	 0 	 0 	 0 	 1 	 0 	 0 	 0 	 1 	 1 	 1 	 1 	 1 	 1 	 1 	 117 	  	 6 	 84 	 13 	 67 	 53 	 33 	 83
Tutor64 	 64 	 0 	 120 	 0 	 120 	 0 	 3 	 0 	 3 	 0 	 0 	 0 	 0 	 0 	 0 	 0 	 0 	 0 	 1 	 1 	 1 	 1 	 1 	 1 	 1 	 131 	  	 2 	 51 	 31
Tutor65 	 65 	 0 	 120 	 0 	 120 	 0 	 3 	 0 	 3 	 0 	 0 	 0 	 0 	 1 	 0 	 0 	 0 	 0 	 1 	 1 	 1 	 1 	 1 	 1 	 0 	  	 3 	 71 	 33 	 1
Tutor66 	 66 	 0 	 120 	 0 	 120 	 0 	 3 	 0 	 3 	 1 	 1 	 0 	 0 	 0 	 0 	 0 	 0 	 0 	 1 	 1 	 1 	 1 	 1 	 1 	 0 	  	 6 	 39 	 40 	 98 	 24 	 13 	 74
Tutor67 	 67 	 0 	 120 	 0 	 120 	 0 	 3 	 0 	 3 	 0 	 1 	 0 	 0 	 0 	 1 	 0 	 0 	 1 	 1 	 1 	 1 	 1 	 1 	 1 	 1 	 92 	  	 2 	 76 	 90
Tutor68 	 68 	 0 	 120 	 0 	 120 	 0 	 3 	 0 	 3 	 1 	 0 	 0 	 1 	 0 	 0 	 1 	 0 	 0 	 1 	 1 	 1 	 1 	 1 	 1 	 1 	 136 	  	 6 	 11 	 60 	 21 	 53 	 44 	 84
Tutor69 	 69 	 0 	 120 	 0 	 120 	 0 	 3 	 0 	 3 	 1 	 0 	 0 	 0 	 0 	 1 	 1 	 0 	 0 	 1 	 1 	 1 	 1 	 1 	 1 	 1 	 120 	  	 0
Tutor70 	 70 	 0 	 120 	 0 	 120 	 0 	 3 	 0 	 3 	 0 	 1 	 0 	 0 	 0 	 1 	 0 	 0 	 0 	 1 	 1 	 1 	 1 	 1 	 1 	 0 	  	 3 	 58 	 96 	 41
Tutor71 	 71 	 0 	 120 	 0 	 120 	 0 	 3 	 0 	 3 	 0 	 0 	 0 	 1 	 1 	 0 	 0 	 0 	 0 	 1 	 1 	 1 	 1 	 1 	 1 	 0 	  	 1 	 47
Tutor72 	 72 	 0 	 120 	 0 	 120 	 0 	 3 	 0 	 3 	 1 	 1 	 0 	 0 	 0 	 0 	 1 	 0 	 0 	 1 	 1 	 1 	 1 	 1 	 1 	 0 	  	 5 	 8 	 65 	 16 	 44 	 41
Tutor73 	 73 	 0 	 120 	 0 	 120 	 0 	 3 	 0 	 3 	 0 	 1 	 0 	 0 	 0 	 0 	 0 	 0 	 0 	 1 	 1 	 1 	 1 	 1 	 1 	 1 	 98 	  	 0
Tutor74 	 74 	 0 	 120 	 0 	 120 	 0 	 3 	 0 	 3 	 0 	 1 	 0 	 0 	 1 	 0 	 0 	 0 	 0 	 1 	 1 	 1 	 1 	 1 	 1 	 1 	 142 	  	 2 	 38 	 94
Tutor75 	 75 	 0 	 120 	 0 	 120 	 0 	 3 	 0 	 3 	 1 	 1 	 0 	 0 	 0 	 0 	 0 	 1 	 0 	 1 	 1 	 1 	 1 	 1 	 1 	 1 	 86 	  	 6 	 53 	 93 	 94 	 45 	 27 	 88
Tutor76 	 76 	 0 	 120 	 0 	 120 	 0 	 3 	 0 	 3 	 0 	 0 	 0 	 0 	 1 	 0 	 0 	 0 	 1 	 1 	 1 	 1 	 1 	 1 	 1 	 0 	  	 5 	 61 	 41 	 81 	 18 	 26
Tutor77 	 77 	 0 	 120 	 0 	 120 	 0 	 3 	 0 	 3 	 0 	 0 	 0 	 0 	 0 	 0 	 0 	 0 	 0 	 1 	 1 	 1 	 1 	 1 	 1 	 0 	  	 3 	 9 	 60 	 70
Tutor78 	 78 	 0 	 120 	 0 	 120 	 0 	 3 	 0 	 3 	 0 	 0 	 1 	 0 	 0 	 0 	 0 	 0 	 0 	 1 	 1 	 1 	 1 	 1 	 1 	 0 	  	 4 	 28 	 49 	 62 	 89
Tutor79 	 79 	 0 	 120 	 0 	 120 	 0 	 3 	 0 	 3 	 0 	 0 	 0 	 0 	 0 	 0 	 0 	 1 	 1 	 1 	 1 	 1 	 1 	 1 	 1 	 0 	  	 0
Tutor80 	 80 	 0 	 120 	 0 	 120 	 0 	 3 	 0 	 3 	 0 	 0 	 0 	 0 	 0 	 0 	 0 	 0 	 0 	 1 	 1 	 1 	 1 	 1 	 1 	 1 	 137 	  	 2 	 77 	 13
Tutor81 	 81 	 0 	 120 	 0 	 120 	 0 	 3 	 0 	 3 	 1 	 0 	 0 	 0 	 0 	 0 	 0 	 0 	 0 	 1 	 1 	 1 	 1 	 1 	 1 	 0 	  	 2 	 62 	 15
Tutor82 	 82 	 0 	 120 	 0 	 120 	 0 	 3 	 0 	 3 	 0 	 0 	 0 	 0 	 0 	 1 	 0 	 0 	 0 	 1 	 1 	 1 	 1 	 1 	 1 	 1 	 31 	  	 1 	 44
Tutor83 	 83 	 0 	 120 	 0 	 120 	 0 	 3 	 0 	 3 	 0 	 0 	 0 	 1 	 0 	 0 	 0 	 0 	 1 	 1 	 1 	 1 	 1 	 1 	 1 	 1 	 85 	  	 0
Tutor84 	 84 	 0 	 120 	 0 	 120 	 0 	 3 	 0 	 3 	 0 	 0 	 0 	 1 	 0 	 0 	 0 	 0 	 1 	 1 	 1 	 1 	 1 	 1 	 1 	 0 	  	 3 	 8 	 84 	 78
Tutor85 	 85 	 0 	 120 	 0 	 120 	 0 	 3 	 0 	 3 	 0 	 0 	 0 	 0 	 1 	 0 	 1 	 0 	 0 	 1 	 1 	 1 	 1 	 1 	 1 	 1 	 15 	  	 1 	 31
Tutor86 	 86 	 0 	 120 	 0 	 120 	 0 	 3 	 0 	 3 	 0 	 0 	 1 	 0 	 0 	 0 	 0 	 0 	 0 	 1 	 1 	 1 	 1 	 1 	 1 	 1 	 38 	  	 1 	 56
Tutor87 	 87 	 0 	 120 	 0 	 120 	 0 	 3 	 0 	 3 	 0 	 0 	 1 	 0 	 0 	 0 	 0 	 0 	 0 	 1 	 1 	 1 	 1 	 1 	 1 	 1 	 143 	  	 6 	 71 	 69 	 86 	 84 	 37 	 88
Tutor88 	 88 	 0 	 120 	 0 	 120 	 0 	 3 	 0 	 3 	 0 	 0 	 0 	 0 	 0 	 0 	 0 	 0 	 1 	 1 	 1 	 1 	 1 	 1 	 1 	 1 	 3 	  	 3 	 90 	 39 	 52
Tutor89 	 89 	 0 	 120 	 0 	 120 	 0 	 3 	 0 	 3 	 1 	 0 	 0 	 0 	 1 	 0 	 0 	 0 	 0 	 1 	 1 	 1 	 1 	 1 	 1 	 1 	 50 	  	 0
Tutor90 	 90 	 0 	 120 	 0 	 120 	 0 	 3 	 0 	 3 	 1 	 0 	 0 	 0 	 0 	 0 	 0 	 1 	 0 	 1 	 1 	 1 	 1 	 1 	 1 	 1 	 123 	  	 2 	 74 	 13
Tutor91 	 91 	 0 	 120 	 0 	 120 	 0 	 3 	 0 	 3 	 1 	 0 	 0 	 0 	 0 	 0 	 0 	 0 	 0 	 1 	 1 	 1 	 1 	 1 	 1 	 0 	  	 6 	 4 	 64 	 40 	 46 	 62 	 65
Tutor92 	 92 	 0 	 120 	 0 	 120 	 0 	 3 	 0 	 3 	 0 	 0 	 0 	 0 	 0 	 0 	 0 	 0 	 1 	 1 	 1 	 1 	 1 	 1 	 1 	 0 	  	 3 	 81 	 29 	 84
Tutor93 	 93 	 0 	 120 	 0 	 120 	 0 	 3 	 0 	 3 	 0 	 0 	 0 	 0 	 0 	 1 	 0 	 1 	 0 	 1 	 1 	 1 	 1 	 1 	 1 	 1 	 126 	  	 5 	 3 	 90 	 73 	 30 	 76
Tutor94 	 94 	 0 	 120 	 0 	 120 	 0 	 3 	 0 	 3 	 0 	 0 	 0 	 1 	 0 	 0 	 0 	 0 	 1 	 1 	 0 	 0 	 0 	 0 	 0 	 1 	 62 	  	 6 	 89 	 97 	 56 	 37 	 23 	 69
Tutor95 	 95 	 0 	 120 	 0 	 120 	 0 	 3 	 0 	 3 	 0 	 1 	 0 	 0 	 0 	 0 	 0 	 1 	 0 	 1 	 1 	 1 	 1 	 1 	 1 	 1 	 130 	  	 5 	 41 	 44 	 63 	 89 	 49
Tutor96 	 96 	 0 	 120 	 0 	 120 	 0 	 3 	 0 	 3 	 1 	 1 	 1 	 0 	 0 	 0 	 0 	 0 	 0 	 1 	 1 	 1 	 1 	 1 	 1 	 0 	  	 0
Tutor97 	 97 	 0 	 120 	 0 	 120 	 0 	 3 	 0 	 3 	 0 	 0 	 0 	 0 	 0 	 1 	 0 	 1 	 1 	 1 	 1 	 1 	 1 	 1 	 1 	 0 	  	 1 	 57
Tutor98 	 98 	 0 	 120 	 0 	 120 	 0 	 3 	 0 	 3 	 0 	 0 	 1 	 0 	 0 	 0 	 0 	 0 	 0 	 1 	 1 	 1 	 1 	 1 	 1 	 0 	  	 1 	 23
Tutor99 	 99 	 0 	 120 	 0 	 120 	 0 	 3 	 0 	 3 	 0 	 0 	 1 	 0 	 0 	 0 	 0 	 0 	 0 	 1 	 1 	 1 	 1 	 1 	 1 	 0 	  	 4 	 39 	 12 	 29 	 38
Tutor100 	 100 	 0 	 120 	 0 	 120 	 0 	 3 	 0 	 3 	 0 	 0 	 0 	 1 	 0 	 0 	 0 	 0 	 0 	 1 	 1 	 1 	 1 	 1 	 1 	 1 	 78 	  	 6 	 34 	 21 	 72 	 8 	 89 	 69
Tutor101 	 101 	 0 	 120 	 0 	 120 	 0 	 3 	 0 	 3 	 0 	 0 	 0 	 0 	 0 	 0 	 0 	 0 	 0 	 1 	 1 	 1 	 1 	 1 	 1 	 1 	 22 	  	 4 	 88 	 96 	 26 	 10
Tutor102 	 102 	 0 	 120 	 0 	 120 	 0 	 3 	 0 	 3 	 1 	 0 	 0 	 1 	 0 	 0 	 0 	 0 	 0 	 1 	 1 	 1 	 1 	 1 	 1 	 1 	 70 	  	 4 	 66 	 11 	 2 	 46
Tutor103 	 103 	 0 	 120 	 0 	 120 	 0 	 3 	 0 	 3 	 0 	 0 	 0 	 0 	 0 	 0 	 0 	 0 	 0 	 1 	 1 	 1 	 1 	 1 	 1 	 1 	 87 	  	 3 	 23 	 76 	 91
Tutor104 	 104 	 0 	 120 	 0 	 120 	 0 	 3 	 0 	 3 	 0 	 0 	 0 	 1 	 0 	 0 	 0 	 0 	 0 	 1 	 1 	 1 	 1 	 1 	 1 	 1 	 74 	  	 2 	 84 	 53
Tutor105 	 105 	 0 	 120 	 0 	 120 	 0 	 3 	 0 	 3 	 1 	 1 	 0 	 1 	 0 	 0 	 0 	 0 	 0 	 1 	 1 	 1 	 1 	 1 	 1 	 1 	 91 	  	 4 	 32 	 50 	 82 	 26
Tutor106 	 106 	 0 	 120 	 0 	 120 	 0 	 3 	 0 	 3 	 0 	 1 	 0 	 1 	 0 	 0 	 1 	 0 	 0 	 1 	 1 	 1 	 1 	 1 	 1 	 0 	  	 3 	 14 	 29 	 65
Tutor107 	 107 	 0 	 120 	 0 	 120 	 0 	 3 	 0 	 3 	 0 	 1 	 0 	 0 	 0 	 0 	 0 	 0 	 0 	 1 	 1 	 1 	 1 	 1 	 1 	 1 	 44 	  	 0
Tutor108 	 108 	 0 	 120 	 0 	 120 	 0 	 3 	 0 	 3 	 0 	 0 	 0 	 0 	 0 	 0 	 0 	 1 	 0 	 1 	 1 	 1 	 1 	 1 	 1 	 1 	 9 	  	 2 	 91 	 25
Tutor109 	 109 	 0 	 120 	 0 	 120 	 0 	 3 	 0 	 3 	 0 	 0 	 0 	 0 	 1 	 0 	 0 	 0 	 0 	 1 	 1 	 1 	 1 	 1 	 1 	 1 	 56 	  	 4 	 14 	 1 	 96 	 30
Tutor110 	 110 	 0 	 120 	 0 	 120 	 0 	 3 	 0 	 3 	 0 	 1 	 0 	 0 	 0 	 0 	 0 	 0 	 0 	 1 	 1 	 1 	 1 	 1 	 1 	 1 	 76 	  	 1 	 63
Tutor111 	 111 	 0 	 120 	 0 	 120 	 0 	 3 	 0 	 3 	 1 	 0 	 0 	 0 	 0 	 0 	 1 	 1 	 0 	 1 	 1 	 1 	 1 	 1 	 1 	 1 	 96 	  	 1 	 82
Tutor112 	 112 	 0 	 120 	 0 	 120 	 0 	 3 	 0 	 3 	 0 	 0 	 1 	 0 	 0 	 1 	 0 	 0 	 0 	 1 	 1 	 1 	 1 	 1 	 1 	 0 	  	 1 	 37
Tutor113 	 113 	 0 	 120 	 0 	 120 	 0 	 3 	 0 	 3 	 0 	 0 	 1 	 0 	 0 	 0 	 1 	 1 	 1 	 1 	 1 	 1 	 1 	 1 	 1 	 1 	 104 	  	 6 	 35 	 75 	 85 	 1 	 60 	 54
Tutor114 	 114 	 0 	 120 	 0 	 120 	 0 	 3 	 0 	 3 	 0 	 0 	 0 	 0 	 0 	 1 	 0 	 0 	 0 	 1 	 1 	 1 	 1 	 1 	 1 	 0 	  	 1 	 92
Tutor115 	 115 	 0 	 120 	 0 	 120 	 0 	 3 	 0 	 3 	 0 	 1 	 0 	 0 	 0 	 0 	 0 	 1 	 0 	 1 	 1 	 1 	 1 	 1 	 1 	 1 	 42 	  	 2 	 53 	 11
Tutor116 	 116 	 0 	 120 	 0 	 120 	 0 	 3 	 0 	 3 	 0 	 0 	 0 	 0 	 0 	 0 	 0 	 0 	 0 	 1 	 1 	 1 	 1 	 1 	 1 	 1 	 113 	  	 0
Tutor117 	 117 	 0 	 120 	 0 	 120 	 0 	 3 	 0 	 3 	 0 	 0 	 0 	 0 	 0 	 0 	 1 	 0 	 0 	 1 	 1 	 1 	 1 	 1 	 1 	 1 	 11 	  	 6 	 69 	 85 	 84 	 71 	 73 	 98
Tutor118 	 118 	 0 	 120 	 0 	 120 	 0 	 3 	 0 	 3 	 0 	 0 	 1 	 1 	 1 	 0 	 0 	 1 	 0 	 1 	 1 	 1 	 1 	 1 	 1 	 1 	 79 	  	 2 	 93 	 61
Tutor119 	 119 	 0 	 120 	 0 	 120 	 0 	 3 	 0 	 3 	 0 	 0 	 0 	 0 	 0 	 0 	 0 	 1 	 0 	 1 	 1 	 1 	 1 	 1 	 1 	 1 	 33 	  	 2 	 43 	 34
Tutor120 	 120 	 0 	 120 	 0 	 120 	 0 	 3 	 0 	 3 	 1 	 0 	 1 	 1 	 0 	 0 	 0 	 0 	 0 	 1 	 1 	 0 	 0 	 0 	 0 	 1 	 59 	  	 6 	 78 	 1 	 47 	 13 	 69 	 7
Tutor121 	 121 	 0 	 120 	 0 	 120 	 0 	 3 	 0 	 3 	 0 	 0 	 0 	 0 	 0 	 0 	 0 	 1 	 0 	 1 	 1 	 1 	 1 	 1 	 1 	 1 	 46 	  	 6 	 7 	 59 	 44 	 17 	 31 	 67
Tutor122 	 122 	 0 	 120 	 0 	 120 	 0 	 3 	 0 	 3 	 0 	 0 	 0 	 0 	 0 	 0 	 0 	 1 	 0 	 1 	 1 	 1 	 1 	 1 	 1 	 1 	 90 	  	 4 	 66 	 16 	 41 	 15
Tutor123 	 123 	 0 	 120 	 0 	 120 	 0 	 3 	 0 	 3 	 0 	 0 	 0 	 0 	 0 	 0 	 0 	 0 	 1 	 1 	 1 	 1 	 1 	 1 	 1 	 1 	 1 	  	 5 	 99 	 58 	 77 	 87 	 16
Tutor124 	 124 	 0 	 120 	 0 	 120 	 0 	 3 	 0 	 3 	 0 	 0 	 0 	 0 	 0 	 0 	 0 	 0 	 1 	 1 	 1 	 1 	 1 	 1 	 1 	 0 	  	 5 	 6 	 33 	 71 	 81 	 74
Tutor125 	 125 	 0 	 120 	 0 	 120 	 0 	 3 	 0 	 3 	 1 	 0 	 0 	 0 	 0 	 0 	 0 	 0 	 0 	 1 	 1 	 1 	 1 	 1 	 1 	 1 	 145 	  	 0
Tutor126 	 126 	 0 	 120 	 0 	 120 	 0 	 3 	 0 	 3 	 0 	 0 	 0 	 0 	 0 	 1 	 0 	 1 	 0 	 1 	 1 	 1 	 1 	 1 	 1 	 1 	 75 	  	 4 	 39 	 57 	 7 	 90
Tutor127 	 127 	 0 	 120 	 0 	 120 	 0 	 3 	 0 	 3 	 0 	 1 	 0 	 0 	 1 	 0 	 0 	 0 	 0 	 1 	 1 	 1 	 1 	 1 	 1 	 1 	 47 	  	 4 	 15 	 65 	 90 	 57
Tutor128 	 128 	 0 	 120 	 0 	 120 	 0 	 3 	 0 	 3 	 0 	 0 	 0 	 1 	 0 	 0 	 0 	 0 	 0 	 1 	 1 	 1 	 1 	 1 	 1 	 0 	  	 1 	 18
Tutor129 	 129 	 0 	 120 	 0 	 120 	 0 	 3 	 0 	 3 	 0 	 1 	 1 	 0 	 0 	 0 	 0 	 0 	 0 	 1 	 1 	 1 	 1 	 1 	 1 	 1 	 41 	  	 1 	 80
Tutor130 	 130 	 0 	 120 	 0 	 120 	 0 	 3 	 0 	 3 	 0 	 0 	 0 	 0 	 0 	 0 	 1 	 1 	 1 	 1 	 1 	 1 	 1 	 1 	 1 	 1 	 135 	  	 3 	 18 	 63 	 31
Tutor131 	 131 	 0 	 120 	 0 	 120 	 0 	 3 	 0 	 3 	 0 	 0 	 0 	 1 	 0 	 0 	 0 	 1 	 1 	 1 	 1 	 0 	 0 	 0 	 0 	 1 	 84 	  	 2 	 24 	 40
Tutor132 	 132 	 0 	 120 	 0 	 120 	 0 	 3 	 0 	 3 	 0 	 0 	 1 	 0 	 0 	 0 	 0 	 1 	 1 	 1 	 1 	 1 	 1 	 1 	 1 	 1 	 34 	  	 1 	 14
Tutor133 	 133 	 0 	 120 	 0 	 120 	 0 	 3 	 0 	 3 	 0 	 0 	 0 	 0 	 0 	 0 	 0 	 1 	 0 	 1 	 1 	 1 	 1 	 1 	 1 	 0 	  	 5 	 35 	 20 	 53 	 33 	 58
Tutor134 	 134 	 0 	 120 	 0 	 120 	 0 	 3 	 0 	 3 	 0 	 0 	 1 	 0 	 0 	 1 	 0 	 0 	 0 	 1 	 1 	 1 	 1 	 1 	 1 	 1 	 53 	  	 4 	 71 	 54 	 50 	 20
Tutor135 	 135 	 0 	 120 	 0 	 120 	 0 	 3 	 0 	 3 	 0 	 0 	 0 	 0 	 0 	 0 	 0 	 0 	 0 	 1 	 1 	 1 	 1 	 1 	 1 	 0 	  	 1 	 65
Tutor136 	 136 	 0 	 120 	 0 	 120 	 0 	 3 	 0 	 3 	 0 	 0 	 1 	 0 	 0 	 1 	 1 	 1 	 0 	 1 	 1 	 1 	 1 	 1 	 1 	 1 	 10 	  	 5 	 44 	 87 	 7 	 18 	 14
Tutor137 	 137 	 0 	 120 	 0 	 120 	 0 	 3 	 0 	 3 	 1 	 0 	 0 	 0 	 0 	 0 	 0 	 0 	 0 	 1 	 1 	 1 	 1 	 1 	 1 	 0 	  	 3 	 36 	 16 	 82
Tutor138 	 138 	 0 	 120 	 0 	 120 	 0 	 3 	 0 	 3 	 0 	 0 	 0 	 1 	 0 	 0 	 0 	 0 	 0 	 1 	 1 	 1 	 1 	 1 	 1 	 0 	  	 3 	 19 	 30 	 37
Tutor139 	 139 	 0 	 120 	 0 	 120 	 0 	 3 	 0 	 3 	 0 	 0 	 0 	 0 	 0 	 0 	 0 	 1 	 0 	 1 	 1 	 1 	 1 	 1 	 1 	 1 	 57 	  	 1 	 56
Tutor140 	 140 	 0 	 120 	 0 	 120 	 0 	 3 	 0 	 3 	 0 	 0 	 0 	 0 	 0 	 0 	 0 	 0 	 0 	 1 	 1 	 1 	 1 	 1 	 1 	 0 	  	 1 	 77
Tutor141 	 141 	 0 	 120 	 0 	 120 	 0 	 3 	 0 	 3 	 1 	 0 	 1 	 0 	 0 	 0 	 0 	 1 	 0 	 1 	 1 	 1 	 1 	 1 	 1 	 1 	 5 	  	 2 	 47 	 4
Tutor142 	 142 	 0 	 120 	 0 	 120 	 0 	 3 	 0 	 3 	 1 	 0 	 0 	 0 	 0 	 0 	 0 	 0 	 0 	 1 	 1 	 1 	 1 	 1 	 1 	 1 	 7 	  	 0
Tutor143 	 143 	 0 	 120 	 0 	 120 	 0 	 3 	 0 	 3 	 1 	 0 	 0 	 1 	 0 	 1 	 1 	 0 	 1 	 1 	 1 	 1 	 1 	 1 	 1 	 1 	 141 	  	 5 	 58 	 27 	 20 	 92 	 94
Tutor144 	 144 	 0 	 120 	 0 	 120 	 0 	 3 	 0 	 3 	 1 	 0 	 0 	 0 	 1 	 0 	 1 	 0 	 0 	 1 	 1 	 1 	 1 	 1 	 1 	 1 	 24 	  	 5 	 55 	 90 	 78 	 51 	 27
Tutor145 	 145 	 0 	 120 	 0 	 120 	 0 	 3 	 0 	 3 	 0 	 0 	 0 	 0 	 0 	 0 	 0 	 0 	 0 	 1 	 1 	 1 	 1 	 1 	 1 	 0 	  	 3 	 18 	 40 	 12
Tutor146 	 146 	 0 	 120 	 0 	 120 	 0 	 3 	 0 	 3 	 0 	 0 	 0 	 0 	 0 	 1 	 0 	 1 	 0 	 1 	 1 	 1 	 1 	 1 	 1 	 0 	  	 2 	 18 	 20
Tutor147 	 147 	 0 	 120 	 0 	 120 	 0 	 3 	 0 	 3 	 0 	 0 	 0 	 0 	 0 	 0 	 0 	 0 	 0 	 1 	 1 	 1 	 1 	 1 	 1 	 1 	 140 	  	 1 	 10
Tutor148 	 148 	 0 	 120 	 0 	 120 	 0 	 3 	 0 	 3 	 1 	 1 	 0 	 0 	 0 	 0 	 0 	 0 	 0 	 1 	 1 	 1 	 1 	 1 	 1 	 1 	 129 	  	 5 	 13 	 31 	 37 	 51 	 33
Tutor149 	 149 	 0 	 120 	 0 	 120 	 0 	 3 	 0 	 3 	 0 	 0 	 0 	 0 	 1 	 1 	 0 	 0 	 0 	 1 	 1 	 1 	 1 	 1 	 1 	 0 	  	 1 	 39
Tutor150 	 150 	 0 	 120 	 0 	 120 	 0 	 3 	 0 	 3 	 0 	 0 	 0 	 1 	 0 	 0 	 0 	 1 	 0 	 1 	 1 	 1 	 1 	 1 	 1 	 1 	 64 	  	 5 	 42 	 53 	 12 	 46 	 30
Tutor151 	 151 	 0 	 120 	 0 	 120 	 0 	 3 	 0 	 3 	 0 	 0 	 0 	 1 	 1 	 0 	 0 	 0 	 0 	 1 	 1 	 1 	 1 	 1 	 1 	 1 	 147 	  	 5 	 89 	 79 	 99 	 22 	 69
Tutor152 	 152 	 0 	 120 	 0 	 120 	 0 	 3 	 0 	 3 	 1 	 0 	 1 	 1 	 1 	 0 	 0 	 0 	 0 	 1 	 1 	 0 	 0 	 0 	 0 	 0 	  	 0
Tutor153 	 153 	 0 	 120 	 0 	 120 	 0 	 3 	 0 	 3 	 0 	 0 	 0 	 0 	 0 	 0 	 0 	 1 	 1 	 1 	 1 	 1 	 1 	 1 	 1 	 1 	 94 	  	 0
Tutor154 	 154 	 0 	 120 	 0 	 120 	 0 	 3 	 0 	 3 	 0 	 0 	 0 	 0 	 0 	 0 	 0 	 1 	 1 	 1 	 1 	 1 	 1 	 1 	 1 	 1 	 118 	  	 3 	 90 	 14 	 76
Tutor155 	 155 	 0 	 120 	 0 	 120 	 0 	 3 	 0 	 3 	 0 	 0 	 0 	 0 	 1 	 0 	 0 	 0 	 0 	 1 	 1 	 1 	 1 	 1 	 1 	 0 	  	 3 	 99 	 33 	 96
Tutor156 	 156 	 0 	 120 	 0 	 120 	 0 	 3 	 0 	 3 	 0 	 0 	 0 	 0 	 0 	 0 	 0 	 0 	 1 	 1 	 1 	 1 	 1 	 1 	 1 	 0 	  	 5 	 10 	 7 	 43 	 15 	 35
Tutor157 	 157 	 0 	 120 	 0 	 120 	 0 	 3 	 0 	 3 	 0 	 0 	 1 	 0 	 0 	 0 	 0 	 0 	 0 	 1 	 1 	 1 	 1 	 1 	 1 	 1 	 71 	  	 5 	 83 	 80 	 76 	 87 	 72
Tutor158 	 158 	 0 	 120 	 0 	 120 	 0 	 3 	 0 	 3 	 0 	 1 	 1 	 0 	 0 	 0 	 0 	 0 	 0 	 1 	 1 	 1 	 1 	 1 	 1 	 0 	  	 5 	 86 	 37 	 16 	 98 	 34
Tutor159 	 159 	 0 	 120 	 0 	 120 	 0 	 3 	 0 	 3 	 0 	 0 	 1 	 1 	 0 	 0 	 0 	 0 	 0 	 1 	 1 	 1 	 1 	 1 	 1 	 1 	 51 	  	 4 	 75 	 66 	 60 	 48
Tutor160 	 160 	 0 	 120 	 0 	 120 	 0 	 3 	 0 	 3 	 0 	 0 	 0 	 0 	 0 	 0 	 0 	 0 	 0 	 1 	 1 	 1 	 1 	 1 	 1 	 0 	  	 6 	 79 	 98 	 13 	 24 	 92 	 8
Tutor161 	 161 	 0 	 120 	 0 	 120 	 0 	 3 	 0 	 3 	 0 	 0 	 0 	 0 	 0 	 0 	 1 	 0 	 0 	 1 	 1 	 1 	 1 	 1 	 1 	 1 	 13 	  	 5 	 56 	 4 	 6 	 88 	 29
Tutor162 	 162 	 0 	 120 	 0 	 120 	 0 	 3 	 0 	 3 	 0 	 0 	 1 	 0 	 0 	 1 	 0 	 0 	 0 	 1 	 1 	 1 	 1 	 1 	 1 	 1 	 65 	  	 2 	 7 	 48
Tutor163 	 163 	 0 	 120 	 0 	 120 	 0 	 3 	 0 	 3 	 0 	 0 	 1 	 0 	 0 	 0 	 0 	 0 	 0 	 1 	 1 	 1 	 1 	 1 	 1 	 0 	  	 6 	 74 	 33 	 32 	 44 	 63 	 43
Tutor164 	 164 	 0 	 120 	 0 	 120 	 0 	 3 	 0 	 3 	 0 	 0 	 0 	 0 	 0 	 1 	 0 	 1 	 0 	 1 	 1 	 1 	 1 	 1 	 1 	 1 	 80 	  	 1 	 53
Tutor165 	 165 	 0 	 120 	 0 	 120 	 0 	 3 	 0 	 3 	 1 	 0 	 0 	 0 	 0 	 1 	 0 	 1 	 0 	 1 	 1 	 1 	 1 	 1 	 1 	 0 	  	 4 	 16 	 23 	 98 	 59
Tutor166 	 166 	 0 	 120 	 0 	 120 	 0 	 3 	 0 	 3 	 0 	 0 	 0 	 1 	 0 	 0 	 0 	 0 	 0 	 1 	 1 	 1 	 1 	 1 	 1 	 1 	 37 	  	 0
Tutor167 	 167 	 0 	 120 	 0 	 120 	 0 	 3 	 0 	 3 	 0 	 0 	 1 	 0 	 0 	 0 	 1 	 0 	 0 	 1 	 1 	 1 	 1 	 1 	 1 	 1 	 77 	  	 5 	 42 	 8 	 57 	 47 	 84
Tutor168 	 168 	 0 	 120 	 0 	 120 	 0 	 3 	 0 	 3 	 1 	 0 	 1 	 0 	 0 	 0 	 0 	 0 	 0 	 1 	 1 	 1 	 1 	 1 	 1 	 1 	 116 	  	 4 	 72 	 2 	 99 	 25
Tutor169 	 169 	 0 	 120 	 0 	 120 	 0 	 3 	 0 	 3 	 0 	 0 	 0 	 0 	 1 	 0 	 0 	 0 	 0 	 1 	 1 	 1 	 1 	 1 	 1 	 1 	 12 	  	 1 	 91
Tutor170 	 170 	 0 	 120 	 0 	 120 	 0 	 3 	 0 	 3 	 0 	 1 	 1 	 0 	 0 	 0 	 0 	 0 	 0 	 1 	 1 	 1 	 1 	 1 	 1 	 0 	  	 5 	 29 	 37 	 13 	 56 	 67
Tutor171 	 171 	 0 	 120 	 0 	 120 	 0 	 3 	 0 	 3 	 0 	 0 	 0 	 0 	 0 	 1 	 0 	 0 	 0 	 1 	 1 	 1 	 1 	 1 	 1 	 1 	 54 	  	 5 	 86 	 33 	 54 	 71 	 28
Tutor172 	 172 	 0 	 120 	 0 	 120 	 0 	 3 	 0 	 3 	 0 	 0 	 0 	 0 	 0 	 1 	 0 	 0 	 0 	 1 	 1 	 1 	 1 	 1 	 1 	 0 	  	 5 	 24 	 8 	 47 	 28 	 4
Tutor173 	 173 	 0 	 120 	 0 	 120 	 0 	 3 	 0 	 3 	 0 	 0 	 0 	 1 	 0 	 0 	 0 	 0 	 1 	 1 	 1 	 1 	 1 	 1 	 1 	 1 	 40 	  	 5 	 80 	 81 	 59 	 53 	 55
Tutor174 	 174 	 0 	 120 	 0 	 120 	 0 	 3 	 0 	 3 	 0 	 0 	 0 	 0 	 1 	 0 	 0 	 0 	 0 	 1 	 1 	 1 	 1 	 1 	 1 	 1 	 139 	  	 4 	 1 	 13 	 59 	 97
Tutor175 	 175 	 0 	 120 	 0 	 120 	 0 	 3 	 0 	 3 	 1 	 0 	 1 	 1 	 0 	 0 	 1 	 0 	 0 	 1 	 1 	 1 	 1 	 1 	 1 	 1 	 88 	  	 0
Tutor176 	 176 	 0 	 120 	 0 	 120 	 0 	 3 	 0 	 3 	 0 	 0 	 0 	 1 	 1 	 0 	 0 	 0 	 0 	 1 	 1 	 1 	 1 	 1 	 1 	 1 	 2 	  	 4 	 58 	 73 	 99 	 79
Tutor177 	 177 	 0 	 120 	 0 	 120 	 0 	 3 	 0 	 3 	 0 	 0 	 0 	 1 	 0 	 0 	 1 	 0 	 0 	 1 	 1 	 1 	 1 	 1 	 1 	 1 	 133 	  	 1 	 41
Tutor178 	 178 	 0 	 120 	 0 	 120 	 0 	 3 	 0 	 3 	 0 	 1 	 0 	 0 	 0 	 0 	 0 	 0 	 0 	 1 	 1 	 1 	 1 	 1 	 1 	 0 	  	 3 	 41 	 94 	 30
Tutor179 	 179 	 0 	 120 	 0 	 120 	 0 	 3 	 0 	 3 	 1 	 0 	 0 	 0 	 0 	 0 	 0 	 0 	 0 	 1 	 1 	 1 	 1 	 1 	 1 	 1 	 63 	  	 3 	 16 	 3 	 23
Tutor180 	 180 	 0 	 120 	 0 	 120 	 0 	 3 	 0 	 3 	 0 	 1 	 0 	 1 	 1 	 1 	 0 	 0 	 0 	 1 	 1 	 1 	 1 	 1 	 1 	 0 	  	 3 	 35 	 34 	 54
Tutor181 	 181 	 0 	 120 	 0 	 120 	 0 	 3 	 0 	 3 	 0 	 0 	 1 	 0 	 1 	 0 	 1 	 0 	 0 	 1 	 1 	 1 	 1 	 1 	 1 	 1 	 122 	  	 3 	 67 	 86 	 47
Tutor182 	 182 	 0 	 120 	 0 	 120 	 0 	 3 	 0 	 3 	 0 	 0 	 0 	 0 	 0 	 0 	 0 	 1 	 0 	 1 	 1 	 1 	 1 	 1 	 1 	 0 	  	 1 	 18
Tutor183 	 183 	 0 	 120 	 0 	 120 	 0 	 3 	 0 	 3 	 0 	 0 	 0 	 1 	 0 	 0 	 0 	 0 	 0 	 1 	 1 	 1 	 1 	 1 	 1 	 1 	 4 	  	 4 	 46 	 66 	 33 	 21
Tutor184 	 184 	 0 	 120 	 0 	 120 	 0 	 3 	 0 	 3 	 1 	 0 	 0 	 0 	 1 	 1 	 1 	 1 	 0 	 1 	 1 	 1 	 1 	 1 	 1 	 0 	  	 5 	 98 	 38 	 13 	 96 	 57
Tutor185 	 185 	 0 	 120 	 0 	 120 	 0 	 3 	 0 	 3 	 0 	 0 	 0 	 1 	 0 	 0 	 1 	 0 	 0 	 1 	 1 	 1 	 1 	 1 	 1 	 0 	  	 1 	 80
Tutor186 	 186 	 0 	 120 	 0 	 120 	 0 	 3 	 0 	 3 	 0 	 1 	 0 	 0 	 0 	 1 	 0 	 0 	 0 	 1 	 1 	 0 	 0 	 0 	 0 	 1 	 114 	  	 0
Tutor187 	 187 	 0 	 120 	 0 	 120 	 0 	 3 	 0 	 3 	 0 	 0 	 0 	 0 	 1 	 0 	 0 	 0 	 0 	 1 	 1 	 1 	 1 	 1 	 1 	 0 	  	 3 	 1 	 3 	 79
Tutor188 	 188 	 0 	 120 	 0 	 120 	 0 	 3 	 0 	 3 	 0 	 1 	 0 	 1 	 0 	 0 	 0 	 1 	 0 	 1 	 1 	 1 	 1 	 1 	 1 	 0 	  	 2 	 61 	 46
Tutor189 	 189 	 0 	 120 	 0 	 120 	 0 	 3 	 0 	 3 	 1 	 0 	 1 	 0 	 0 	 0 	 1 	 0 	 0 	 1 	 1 	 1 	 1 	 1 	 1 	 1 	 146 	  	 0
Tutor190 	 190 	 0 	 120 	 0 	 120 	 0 	 3 	 0 	 3 	 0 	 0 	 0 	 0 	 0 	 0 	 0 	 0 	 0 	 1 	 1 	 1 	 1 	 1 	 1 	 1 	 68 	  	 6 	 12 	 17 	 0 	 22 	 83 	 70
Tutor191 	 191 	 0 	 120 	 0 	 120 	 0 	 3 	 0 	 3 	 1 	 0 	 1 	 0 	 0 	 0 	 1 	 0 	 1 	 1 	 1 	 1 	 1 	 1 	 1 	 1 	 55 	  	 0
Tutor192 	 192 	 0 	 120 	 0 	 120 	 0 	 3 	 0 	 3 	 1 	 0 	 0 	 1 	 0 	 0 	 0 	 1 	 1 	 1 	 1 	 1 	 1 	 1 	 1 	 0 	  	 6 	 56 	 60 	 13 	 7 	 63 	 2
Tutor193 	 193 	 0 	 120 	 0 	 120 	 0 	 3 	 0 	 3 	 0 	 1 	 0 	 0 	 0 	 0 	 0 	 1 	 0 	 1 	 1 	 1 	 1 	 1 	 1 	 0 	  	 6 	 17 	 76 	 97 	 36 	 55 	 92
Tutor194 	 194 	 0 	 120 	 0 	 120 	 0 	 3 	 0 	 3 	 1 	 0 	 0 	 0 	 1 	 0 	 0 	 0 	 0 	 1 	 1 	 1 	 1 	 1 	 1 	 1 	 21 	  	 5 	 19 	 28 	 5 	 39 	 31
Tutor195 	 195 	 0 	 120 	 0 	 120 	 0 	 3 	 0 	 3 	 0 	 1 	 1 	 0 	 1 	 0 	 1 	 0 	 0 	 1 	 1 	 1 	 1 	 1 	 1 	 0 	  	 2 	 52 	 70
Tutor196 	 196 	 0 	 120 	 0 	 120 	 0 	 3 	 0 	 3 	 0 	 0 	 1 	 0 	 0 	 0 	 1 	 0 	 0 	 1 	 1 	 1 	 1 	 1 	 1 	 1 	 26 	  	 1 	 13
Tutor197 	 197 	 0 	 120 	 0 	 120 	 0 	 3 	 0 	 3 	 0 	 0 	 0 	 0 	 1 	 1 	 0 	 0 	 0 	 1 	 1 	 1 	 1 	 1 	 1 	 1 	 121 	  	 1 	 17
Tutor198 	 198 	 0 	 120 	 0 	 120 	 0 	 3 	 0 	 3 	 0 	 0 	 0 	 0 	 1 	 1 	 0 	 0 	 0 	 1 	 1 	 1 	 1 	 1 	 1 	 0 	  	 1 	 34
Tutor199 	 199 	 0 	 120 	 0 	 120 	 0 	 3 	 0 	 3 	 0 	 0 	 0 	 0 	 0 	 0 	 1 	 0 	 0 	 1 	 1 	 1 	 1 	 1 	 1 	 1 	 97 	  	 5 	 28 	 22 	 88 	 89 	 13
Tutor200 	 200 	 0 	 120 	 0 	 120 	 0 	 3 	 0 	 3 	 0 	 0 	 1 	 1 	 1 	 0 	 1 	 1 	 0 	 1 	 1 	 1 	 1 	 1 	 1 	 0 	  	 0
Tutor201 	 201 	 0 	 120 	 0 	 120 	 0 	 3 	 0 	 3 	 1 	 1 	 1 	 0 	 0 	 0 	 1 	 0 	 0 	 1 	 1 	 1 	 1 	 1 	 1 	 0 	  	 2 	 2 	 59
Tutor202 	 202 	 0 	 120 	 0 	 120 	 0 	 3 	 0 	 3 	 0 	 0 	 0 	 0 	 0 	 0 	 1 	 0 	 1 	 1 	 1 	 1 	 1 	 1 	 1 	 1 	 109 	  	 3 	 58 	 21 	 81
Tutor203 	 203 	 0 	 120 	 0 	 120 	 0 	 3 	 0 	 3 	 0 	 1 	 0 	 0 	 0 	 0 	 0 	 0 	 0 	 1 	 1 	 1 	 1 	 1 	 1 	 0 	  	 1 	 42
Tutor204 	 204 	 0 	 120 	 0 	 120 	 0 	 3 	 0 	 3 	 0 	 0 	 0 	 0 	 0 	 1 	 0 	 0 	 0 	 1 	 1 	 1 	 1 	 1 	 1 	 1 	 72 	  	 2 	 94 	 79
Tutor205 	 205 	 0 	 120 	 0 	 120 	 0 	 3 	 0 	 3 	 1 	 0 	 0 	 0 	 0 	 1 	 0 	 1 	 0 	 1 	 1 	 1 	 1 	 1 	 1 	 1 	 81 	  	 4 	 53 	 15 	 82 	 77
Tutor206 	 206 	 0 	 120 	 0 	 120 	 0 	 3 	 0 	 3 	 1 	 0 	 0 	 0 	 0 	 0 	 0 	 0 	 0 	 1 	 1 	 1 	 1 	 1 	 1 	 1 	 18 	  	 2 	 6 	 5
Tutor207 	 207 	 0 	 120 	 0 	 120 	 0 	 3 	 0 	 3 	 0 	 1 	 0 	 1 	 0 	 0 	 0 	 0 	 1 	 1 	 1 	 1 	 1 	 1 	 1 	 1 	 119 	  	 2 	 62 	 84
Tutor208 	 208 	 0 	 120 	 0 	 120 	 0 	 3 	 0 	 3 	 0 	 0 	 0 	 0 	 1 	 0 	 0 	 1 	 0 	 1 	 1 	 1 	 1 	 1 	 1 	 1 	 73 	  	 6 	 85 	 4 	 83 	 23 	 10 	 55
Tutor209 	 209 	 0 	 120 	 0 	 120 	 0 	 3 	 0 	 3 	 0 	 0 	 0 	 0 	 0 	 1 	 0 	 0 	 0 	 1 	 1 	 1 	 1 	 1 	 1 	 1 	 19 	  	 4 	 76 	 37 	 91 	 80
Tutor210 	 210 	 0 	 120 	 0 	 120 	 0 	 3 	 0 	 3 	 0 	 0 	 0 	 1 	 0 	 0 	 0 	 0 	 0 	 1 	 1 	 1 	 1 	 1 	 1 	 0 	  	 0
Tutor211 	 211 	 0 	 120 	 0 	 120 	 0 	 3 	 0 	 3 	 0 	 0 	 0 	 1 	 0 	 0 	 0 	 0 	 0 	 1 	 1 	 1 	 1 	 1 	 1 	 1 	 52 	  	 5 	 10 	 50 	 74 	 87 	 13
Tutor212 	 212 	 0 	 120 	 0 	 120 	 0 	 3 	 0 	 3 	 0 	 0 	 0 	 0 	 0 	 1 	 0 	 1 	 0 	 1 	 1 	 1 	 1 	 1 	 1 	 1 	 45 	  	 5 	 0 	 86 	 88 	 5 	 84
Tutor213 	 213 	 0 	 120 	 0 	 120 	 0 	 3 	 0 	 3 	 0 	 0 	 0 	 1 	 0 	 1 	 0 	 0 	 0 	 1 	 1 	 1 	 1 	 1 	 1 	 0 	  	 5 	 93 	 85 	 18 	 99 	 11
Tutor214 	 214 	 0 	 120 	 0 	 120 	 0 	 3 	 0 	 3 	 0 	 0 	 0 	 0 	 0 	 0 	 1 	 1 	 0 	 1 	 1 	 1 	 1 	 1 	 1 	 1 	 148 	  	 6 	 87 	 18 	 1 	 17 	 13 	 34
Tutor215 	 215 	 0 	 120 	 0 	 120 	 0 	 3 	 0 	 3 	 0 	 0 	 1 	 0 	 0 	 0 	 0 	 0 	 0 	 1 	 1 	 1 	 1 	 1 	 1 	 0 	  	 6 	 13 	 0 	 95 	 83 	 40 	 54
Tutor216 	 216 	 0 	 120 	 0 	 120 	 0 	 3 	 0 	 3 	 0 	 0 	 1 	 0 	 0 	 0 	 1 	 0 	 0 	 1 	 1 	 1 	 1 	 1 	 1 	 0 	  	 6 	 35 	 89 	 18 	 96 	 73 	 16
Tutor217 	 217 	 0 	 120 	 0 	 120 	 0 	 3 	 0 	 3 	 1 	 0 	 1 	 0 	 1 	 1 	 0 	 1 	 1 	 1 	 1 	 1 	 1 	 1 	 1 	 0 	  	 1 	 85
Tutor218 	 218 	 0 	 120 	 0 	 120 	 0 	 3 	 0 	 3 	 0 	 0 	 0 	 0 	 0 	 0 	 1 	 0 	 0 	 1 	 1 	 1 	 1 	 1 	 1 	 0 	  	 0
Tutor219 	 219 	 0 	 120 	 0 	 120 	 0 	 3 	 0 	 3 	 0 	 0 	 0 	 1 	 1 	 0 	 0 	 0 	 0 	 1 	 1 	 1 	 1 	 1 	 1 	 1 	 67 	  	 0
Tutor220 	 220 	 0 	 120 	 0 	 120 	 0 	 3 	 0 	 3 	 0 	 0 	 1 	 0 	 0 	 0 	 0 	 0 	 0 	 1 	 1 	 1 	 1 	 1 	 1 	 1 	 17 	  	 0
Tutor221 	 221 	 0 	 120 	 0 	 120 	 0 	 3 	 0 	 3 	 0 	 1 	 0 	 0 	 0 	 0 	 1 	 1 	 0 	 1 	 1 	 1 	 1 	 1 	 1 	 0 	  	 4 	 31 	 98 	 83 	 22
Tutor222 	 222 	 0 	 120 	 0 	 120 	 0 	 3 	 0 	 3 	 0 	 1 	 0 	 1 	 1 	 1 	 1 	 0 	 0 	 1 	 1 	 1 	 1 	 1 	 1 	 1 	 35 	  	 5 	 63 	 16 	 69 	 30 	 29
Tutor223 	 223 	 0 	 120 	 0 	 120 	 0 	 3 	 0 	 3 	 0 	 0 	 0 	 0 	 0 	 0 	 1 	 0 	 0 	 1 	 1 	 0 	 0 	 0 	 0 	 1 	 132 	  	 2 	 74 	 23
Tutor224 	 224 	 0 	 120 	 0 	 120 	 0 	 3 	 0 	 3 	 0 	 0 	 0 	 0 	 0 	 0 	 0 	 0 	 0 	 1 	 1 	 1 	 1 	 1 	 1 	 0 	  	 5 	 35 	 10 	 5 	 8 	 66
Tutor225 	 225 	 0 	 120 	 0 	 120 	 0 	 3 	 0 	 3 	 0 	 0 	 0 	 0 	 0 	 0 	 0 	 1 	 0 	 1 	 1 	 1 	 1 	 1 	 1 	 1 	 105 	  	 5 	 19 	 14 	 78 	 12 	 66
Tutor226 	 226 	 0 	 120 	 0 	 120 	 0 	 3 	 0 	 3 	 0 	 0 	 0 	 0 	 1 	 1 	 0 	 1 	 0 	 1 	 1 	 1 	 1 	 1 	 1 	 0 	  	 5 	 26 	 61 	 48 	 12 	 22
Tutor227 	 227 	 0 	 120 	 0 	 120 	 0 	 3 	 0 	 3 	 0 	 0 	 0 	 0 	 0 	 0 	 0 	 0 	 0 	 1 	 1 	 1 	 1 	 1 	 1 	 0 	  	 3 	 0 	 77 	 69
Tutor228 	 228 	 0 	 120 	 0 	 120 	 0 	 3 	 0 	 3 	 0 	 0 	 1 	 0 	 0 	 0 	 0 	 0 	 1 	 1 	 1 	 1 	 1 	 1 	 1 	 1 	 23 	  	 3 	 40 	 59 	 50
Tutor229 	 229 	 0 	 120 	 0 	 120 	 0 	 3 	 0 	 3 	 1 	 0 	 0 	 0 	 0 	 0 	 0 	 0 	 0 	 1 	 1 	 1 	 1 	 1 	 1 	 0 	  	 2 	 49 	 16
Tutor230 	 230 	 0 	 120 	 0 	 120 	 0 	 3 	 0 	 3 	 0 	 0 	 0 	 0 	 0 	 1 	 0 	 1 	 1 	 1 	 1 	 1 	 1 	 1 	 1 	 1 	 99 	  	 3 	 86 	 58 	 61
Tutor231 	 231 	 0 	 120 	 0 	 120 	 0 	 3 	 0 	 3 	 0 	 0 	 1 	 0 	 0 	 0 	 0 	 0 	 0 	 1 	 1 	 1 	 1 	 1 	 1 	 0 	  	 3 	 58 	 77 	 34
Tutor232 	 232 	 0 	 120 	 0 	 120 	 0 	 3 	 0 	 3 	 1 	 1 	 1 	 0 	 1 	 0 	 1 	 0 	 0 	 1 	 1 	 1 	 1 	 1 	 1 	 1 	 144 	  	 3 	 13 	 88 	 82
Tutor233 	 233 	 0 	 120 	 0 	 120 	 0 	 3 	 0 	 3 	 0 	 0 	 0 	 0 	 0 	 0 	 1 	 0 	 0 	 1 	 1 	 1 	 1 	 1 	 1 	 0 	  	 3 	 71 	 95 	 98
Tutor234 	 234 	 0 	 120 	 0 	 120 	 0 	 3 	 0 	 3 	 1 	 0 	 0 	 1 	 0 	 0 	 1 	 0 	 1 	 1 	 1 	 1 	 1 	 1 	 1 	 0 	  	 4 	 89 	 86 	 33 	 73
Tutor235 	 235 	 0 	 120 	 0 	 120 	 0 	 3 	 0 	 3 	 0 	 0 	 0 	 0 	 0 	 0 	 0 	 0 	 0 	 1 	 1 	 1 	 1 	 1 	 1 	 1 	 108 	  	 1 	 1
Tutor236 	 236 	 0 	 120 	 0 	 120 	 0 	 3 	 0 	 3 	 0 	 1 	 0 	 0 	 0 	 0 	 0 	 1 	 0 	 1 	 1 	 1 	 1 	 1 	 1 	 1 	 95 	  	 1 	 21
Tutor237 	 237 	 0 	 120 	 0 	 120 	 0 	 3 	 0 	 3 	 0 	 0 	 0 	 0 	 1 	 0 	 1 	 1 	 1 	 1 	 1 	 1 	 1 	 1 	 1 	 0 	  	 4 	 29 	 94 	 67 	 5
Tutor238 	 238 	 0 	 120 	 0 	 120 	 0 	 3 	 0 	 3 	 0 	 0 	 0 	 1 	 0 	 0 	 1 	 0 	 0 	 1 	 1 	 1 	 1 	 1 	 1 	 0 	  	 1 	 19
Tutor239 	 239 	 0 	 120 	 0 	 120 	 0 	 3 	 0 	 3 	 1 	 0 	 0 	 0 	 0 	 0 	 1 	 0 	 0 	 1 	 1 	 1 	 1 	 1 	 1 	 1 	 20 	  	 1 	 3
Tutor240 	 240 	 0 	 120 	 0 	 120 	 0 	 3 	 0 	 3 	 0 	 0 	 0 	 1 	 0 	 0 	 0 	 0 	 0 	 1 	 1 	 1 	 1 	 1 	 1 	 1 	 8 	  	 2 	 45 	 84
Tutor241 	 241 	 0 	 120 	 0 	 120 	 0 	 3 	 0 	 3 	 0 	 0 	 1 	 0 	 1 	 0 	 1 	 0 	 0 	 1 	 1 	 1 	 1 	 1 	 1 	 0 	  	 6 	 83 	 58 	 84 	 78 	 7 	 10
Tutor242 	 242 	 0 	 120 	 0 	 120 	 0 	 3 	 0 	 3 	 0 	 0 	 0 	 0 	 0 	 1 	 0 	 0 	 0 	 1 	 1 	 1 	 1 	 1 	 1 	 1 	 58 	  	 2 	 53 	 88
Tutor243 	 243 	 0 	 120 	 0 	 120 	 0 	 3 	 0 	 3 	 1 	 0 	 0 	 0 	 1 	 0 	 0 	 0 	 1 	 1 	 1 	 1 	 1 	 1 	 1 	 0 	  	 6 	 65 	 41 	 8 	 16 	 90 	 13
Tutor244 	 244 	 0 	 120 	 0 	 120 	 0 	 3 	 0 	 3 	 0 	 1 	 0 	 0 	 0 	 0 	 0 	 0 	 0 	 1 	 1 	 1 	 1 	 1 	 1 	 1 	 93 	  	 6 	 57 	 81 	 94 	 38 	 1 	 62
Tutor245 	 245 	 0 	 120 	 0 	 120 	 0 	 3 	 0 	 3 	 1 	 0 	 0 	 0 	 1 	 0 	 1 	 0 	 0 	 1 	 1 	 0 	 0 	 0 	 0 	 0 	  	 3 	 19 	 96 	 67
Tutor246 	 246 	 0 	 120 	 0 	 120 	 0 	 3 	 0 	 3 	 0 	 0 	 1 	 0 	 0 	 1 	 0 	 0 	 0 	 1 	 1 	 1 	 1 	 1 	 1 	 1 	 48 	  	 2 	 54 	 62
Tutor247 	 247 	 0 	 120 	 0 	 120 	 0 	 3 	 0 	 3 	 0 	 0 	 0 	 1 	 0 	 0 	 0 	 0 	 0 	 1 	 1 	 1 	 1 	 1 	 1 	 0 	  	 6 	 2 	 8 	 17 	 98 	 11 	 14
Tutor248 	 248 	 0 	 120 	 0 	 120 	 0 	 3 	 0 	 3 	 0 	 0 	 0 	 0 	 0 	 1 	 0 	 0 	 0 	 1 	 1 	 1 	 1 	 1 	 1 	 0 	  	 0
Tutor249 	 249 	 0 	 120 	 0 	 120 	 0 	 3 	 0 	 3 	 1 	 0 	 1 	 0 	 0 	 1 	 0 	 0 	 0 	 1 	 1 	 1 	 1 	 1 	 1 	 0 	  	 1 	 20
