255
0	0	0	21	104	105	106	107	108	109	110	111	112	113	114	115	116	117	118	119	120	121	122	123	124	
1	6	0	1	713	
2	7	0	1	344	
3	9	0	1	72	
4	10	0	7	55	56	57	58	59	60	61	
5	13	0	7	684	685	686	687	688	689	690	
6	15	0	12	629	630	631	632	633	634	635	636	637	638	639	640	
7	16	0	1	842	
8	17	0	1	784	
9	18	0	18	488	489	490	491	492	493	494	495	496	497	498	499	500	501	502	503	504	505	
10	20	0	1	547	
11	25	0	1	740	
12	29	0	1	279	
13	30	0	1	93	
14	31	0	1	101	
15	33	0	24	581	582	583	584	585	586	587	588	589	590	591	592	593	594	595	596	597	598	599	600	601	602	603	604	
16	34	0	21	104	105	106	107	108	109	110	111	112	113	114	115	116	117	118	119	120	121	122	123	124	
17	36	0	7	163	164	165	166	167	168	169	
18	37	0	9	62	63	64	65	66	67	68	69	70	
19	40	0	1	262	
20	42	0	1	131	
21	43	0	1	549	
22	44	0	1	162	
23	45	0	1	841	
24	46	0	18	691	692	693	694	695	696	697	698	699	700	701	702	703	704	705	706	707	708	
25	47	0	3	345	346	347	
26	48	0	15	401	402	403	404	405	406	407	408	409	410	411	412	413	414	415	
27	49	0	24	514	515	516	517	518	519	520	521	522	523	524	525	526	527	528	529	530	531	532	533	534	535	536	537	
28	51	0	1	441	
29	57	0	12	389	390	391	392	393	394	395	396	397	398	399	400	
30	60	0	1	132	
31	63	0	3	540	541	542	
32	64	0	3	281	282	283	
33	65	0	1	280	
34	66	0	3	274	275	276	
35	68	0	12	143	144	145	146	147	148	149	150	151	152	153	154	
36	69	0	21	805	806	807	808	809	810	811	812	813	814	815	816	817	818	819	820	821	822	823	824	825	
37	70	0	15	291	292	293	294	295	296	297	298	299	300	301	302	303	304	305	
38	71	0	1	656	
39	74	0	21	104	105	106	107	108	109	110	111	112	113	114	115	116	117	118	119	120	121	122	123	124	
40	75	0	18	691	692	693	694	695	696	697	698	699	700	701	702	703	704	705	706	707	708	
41	77	0	7	573	574	575	576	577	578	579	
42	81	0	12	81	82	83	84	85	86	87	88	89	90	91	92	
43	83	0	24	514	515	516	517	518	519	520	521	522	523	524	525	526	527	528	529	530	531	532	533	534	535	536	537	
44	84	0	24	461	462	463	464	465	466	467	468	469	470	471	472	473	474	475	476	477	478	479	480	481	482	483	484	
45	86	0	1	425	
46	87	0	1	736	
47	91	0	21	183	184	185	186	187	188	189	190	191	192	193	194	195	196	197	198	199	200	201	202	203	
48	92	0	1	741	
49	94	0	12	550	551	552	553	554	555	556	557	558	559	560	561	
50	95	0	1	38	
51	97	0	1	336	
52	102	0	1	141	
53	104	0	24	514	515	516	517	518	519	520	521	522	523	524	525	526	527	528	529	530	531	532	533	534	535	536	537	
54	105	0	21	183	184	185	186	187	188	189	190	191	192	193	194	195	196	197	198	199	200	201	202	203	
55	107	0	1	308	
56	109	0	1	80	
57	110	0	18	787	788	789	790	791	792	793	794	795	796	797	798	799	800	801	802	803	804	
58	112	0	1	79	
59	115	0	7	245	246	247	248	249	250	251	
60	116	0	1	847	
61	118	0	24	657	658	659	660	661	662	663	664	665	666	667	668	669	670	671	672	673	674	675	676	677	678	679	680	
62	120	0	18	488	489	490	491	492	493	494	495	496	497	498	499	500	501	502	503	504	505	
63	122	0	1	682	
64	123	0	1	786	
65	124	0	1	538	
66	125	0	1	287	
67	127	0	24	312	313	314	315	316	317	318	319	320	321	322	323	324	325	326	327	328	329	330	331	332	333	334	335	
68	128	0	24	221	222	223	224	225	226	227	228	229	230	231	232	233	234	235	236	237	238	239	240	241	242	243	244	
69	129	0	9	772	773	774	775	776	777	778	779	780	
70	131	0	1	485	
71	132	0	18	787	788	789	790	791	792	793	794	795	796	797	798	799	800	801	802	803	804	
72	134	0	1	12	
73	139	0	1	39	
74	140	0	7	622	623	624	625	626	627	628	
75	142	0	12	629	630	631	632	633	634	635	636	637	638	639	640	
76	143	0	1	621	
77	147	0	18	442	443	444	445	446	447	448	449	450	451	452	453	454	455	456	457	458	459	
78	149	0	1	277	
79	151	0	7	506	507	508	509	510	511	512	
80	152	0	24	657	658	659	660	661	662	663	664	665	666	667	668	669	670	671	672	673	674	675	676	677	678	679	680	
81	154	0	1	840	
82	155	0	1	423	
83	156	0	1	182	
84	157	0	1	681	
85	158	0	3	781	782	783	
86	159	0	3	435	436	437	
87	160	0	1	252	
88	162	0	1	460	
89	163	0	7	337	338	339	340	341	342	343	
90	164	0	1	617	
91	165	0	7	94	95	96	97	98	99	100	
92	168	0	1	785	
93	171	0	18	442	443	444	445	446	447	448	449	450	451	452	453	454	455	456	457	458	459	
94	175	0	1	563	
95	177	0	1	580	
96	179	0	1	311	
97	180	0	1	652	
98	183	0	3	128	129	130	
99	184	0	1	715	
100	185	0	1	548	
101	186	0	1	427	
102	190	0	24	657	658	659	660	661	662	663	664	665	666	667	668	669	670	671	672	673	674	675	676	677	678	679	680	
103	191	0	1	254	
104	194	0	1	844	
105	196	0	1	843	
106	197	0	1	102	
107	204	0	18	356	357	358	359	360	361	362	363	364	365	366	367	368	369	370	371	372	373	
108	205	0	1	307	
109	206	0	7	826	827	828	829	830	831	832	
110	208	0	1	7	
111	211	0	7	833	834	835	836	837	838	839	
112	213	0	3	125	126	127	
113	214	0	1	438	
114	215	0	1	716	
115	218	0	1	73	
116	220	0	1	654	
117	221	0	24	312	313	314	315	316	317	318	319	320	321	322	323	324	325	326	327	328	329	330	331	332	333	334	335	
118	223	0	24	312	313	314	315	316	317	318	319	320	321	322	323	324	325	326	327	328	329	330	331	332	333	334	335	
119	225	0	1	655	
120	226	0	1	424	
121	227	0	1	683	
122	228	0	1	564	
123	231	0	9	211	212	213	214	215	216	217	218	219	
124	233	0	7	155	156	157	158	159	160	161	
125	234	0	1	546	
126	237	0	1	846	
127	239	0	24	221	222	223	224	225	226	227	228	229	230	231	232	233	234	235	236	237	238	239	240	241	242	243	244	
128	240	0	7	255	256	257	258	259	260	261	
129	241	0	1	37	
130	244	0	15	40	41	42	43	44	45	46	47	48	49	50	51	52	53	54	
131	245	0	7	264	265	266	267	268	269	270	
132	246	0	7	28	29	30	31	32	33	34	
133	249	0	7	134	135	136	137	138	139	140	
134	250	0	1	755	
135	252	0	18	356	357	358	359	360	361	362	363	364	365	366	367	368	369	370	371	372	373	
136	253	0	1	565	
137	254	0	15	40	41	42	43	44	45	46	47	48	49	50	51	52	53	54	
138	256	0	1	711	
139	257	0	15	13	14	15	16	17	18	19	20	21	22	23	24	25	26	27	
140	259	0	7	566	567	568	569	570	571	572	
141	261	0	24	461	462	463	464	465	466	467	468	469	470	471	472	473	474	475	476	477	478	479	480	481	482	483	484	
142	262	0	12	550	551	552	553	554	555	556	557	558	559	560	561	
143	265	0	1	641	
144	267	0	15	13	14	15	16	17	18	19	20	21	22	23	24	25	26	27	
145	271	0	1	253	
146	272	0	1	712	
147	273	0	1	71	
148	275	0	1	133	
149	278	0	3	284	285	286	
150	279	0	7	745	746	747	748	749	750	751	
151	280	0	3	386	387	388	
152	284	0	1	710	
153	285	0	7	642	643	644	645	646	647	648	
154	287	0	21	805	806	807	808	809	810	811	812	813	814	815	816	817	818	819	820	821	822	823	824	825	
155	293	0	1	439	
156	294	0	3	733	734	735	
157	296	0	1	8	
158	298	0	24	221	222	223	224	225	226	227	228	229	230	231	232	233	234	235	236	237	238	239	240	241	242	243	244	
159	300	0	3	769	770	771	
160	301	0	18	787	788	789	790	791	792	793	794	795	796	797	798	799	800	801	802	803	804	
161	304	0	3	737	738	739	
162	306	0	1	765	
163	307	0	24	581	582	583	584	585	586	587	588	589	590	591	592	593	594	595	596	597	598	599	600	601	602	603	604	
164	308	0	1	263	
165	309	0	1	440	
166	313	0	9	724	725	726	727	728	729	730	731	732	
167	318	0	3	177	178	179	
168	319	0	7	416	417	418	419	420	421	422	
169	320	0	1	74	
170	321	0	9	756	757	758	759	760	761	762	763	764	
171	324	0	1	539	
172	325	0	7	170	171	172	173	174	175	176	
173	327	0	18	442	443	444	445	446	447	448	449	450	451	452	453	454	455	456	457	458	459	
174	329	0	1	845	
175	331	0	1	271	
176	334	0	1	653	
177	342	0	24	312	313	314	315	316	317	318	319	320	321	322	323	324	325	326	327	328	329	330	331	332	333	334	335	
178	343	0	15	40	41	42	43	44	45	46	47	48	49	50	51	52	53	54	
179	346	0	1	619	
180	348	0	21	805	806	807	808	809	810	811	812	813	814	815	816	817	818	819	820	821	822	823	824	825	
181	349	0	1	605	
182	352	0	24	461	462	463	464	465	466	467	468	469	470	471	472	473	474	475	476	477	478	479	480	481	482	483	484	
183	353	0	12	81	82	83	84	85	86	87	88	89	90	91	92	
184	356	0	9	772	773	774	775	776	777	778	779	780	
185	358	0	1	709	
186	359	0	15	401	402	403	404	405	406	407	408	409	410	411	412	413	414	415	
187	367	0	12	143	144	145	146	147	148	149	150	151	152	153	154	
188	370	0	1	615	
189	371	0	3	742	743	744	
190	373	0	3	543	544	545	
191	374	0	1	278	
192	376	0	15	291	292	293	294	295	296	297	298	299	300	301	302	303	304	305	
193	377	0	7	428	429	430	431	432	433	434	
194	378	0	1	487	
195	382	0	1	620	
196	385	0	9	756	757	758	759	760	761	762	763	764	
197	387	0	1	377	
198	389	0	21	805	806	807	808	809	810	811	812	813	814	815	816	817	818	819	820	821	822	823	824	825	
199	390	0	3	288	289	290	
200	391	0	12	389	390	391	392	393	394	395	396	397	398	399	400	
201	397	0	15	291	292	293	294	295	296	297	298	299	300	301	302	303	304	305	
202	402	0	7	349	350	351	352	353	354	355	
203	404	0	1	426	
204	405	0	1	142	
205	406	0	7	204	205	206	207	208	209	210	
206	412	0	3	649	650	651	
207	416	0	1	714	
208	419	0	3	75	76	77	
209	420	0	1	616	
210	421	0	1	306	
211	422	0	1	180	
212	423	0	24	657	658	659	660	661	662	663	664	665	666	667	668	669	670	671	672	673	674	675	676	677	678	679	680	
213	426	0	18	356	357	358	359	360	361	362	363	364	365	366	367	368	369	370	371	372	373	
214	427	0	9	211	212	213	214	215	216	217	218	219	
215	430	0	1	273	
216	431	0	24	461	462	463	464	465	466	467	468	469	470	471	472	473	474	475	476	477	478	479	480	481	482	483	484	
217	432	0	1	309	
218	433	0	7	379	380	381	382	383	384	385	
219	434	0	21	183	184	185	186	187	188	189	190	191	192	193	194	195	196	197	198	199	200	201	202	203	
220	438	0	1	614	
221	440	0	7	717	718	719	720	721	722	723	
222	441	0	7	0	1	2	3	4	5	6	
223	442	0	18	488	489	490	491	492	493	494	495	496	497	498	499	500	501	502	503	504	505	
224	443	0	15	13	14	15	16	17	18	19	20	21	22	23	24	25	26	27	
225	445	0	3	9	10	11	
226	446	0	9	62	63	64	65	66	67	68	69	70	
227	447	0	1	103	
228	448	0	3	374	375	376	
229	450	0	1	378	
230	451	0	1	513	
231	452	0	1	310	
232	453	0	1	348	
233	456	0	1	272	
234	457	0	1	181	
235	458	0	3	766	767	768	
236	459	0	1	618	
237	460	0	21	183	184	185	186	187	188	189	190	191	192	193	194	195	196	197	198	199	200	201	202	203	
238	464	0	1	562	
239	467	0	1	220	
240	468	0	1	613	
241	470	0	3	752	753	754	
242	471	0	1	35	
243	473	0	21	104	105	106	107	108	109	110	111	112	113	114	115	116	117	118	119	120	121	122	123	124	
244	474	0	24	581	582	583	584	585	586	587	588	589	590	591	592	593	594	595	596	597	598	599	600	601	602	603	604	
245	476	0	1	78	
246	478	0	9	724	725	726	727	728	729	730	731	732	
247	481	0	24	581	582	583	584	585	586	587	588	589	590	591	592	593	594	595	596	597	598	599	600	601	602	603	604	
248	484	0	7	606	607	608	609	610	611	612	
249	485	0	15	401	402	403	404	405	406	407	408	409	410	411	412	413	414	415	
250	486	0	1	486	
251	487	0	18	691	692	693	694	695	696	697	698	699	700	701	702	703	704	705	706	707	708	
252	490	0	24	514	515	516	517	518	519	520	521	522	523	524	525	526	527	528	529	530	531	532	533	534	535	536	537	
253	491	0	1	36	
254	495	0	24	221	222	223	224	225	226	227	228	229	230	231	232	233	234	235	236	237	238	239	240	241	242	243	244	
