513
0	0	0	21	745	746	747	748	749	750	751	752	753	754	755	756	757	758	759	760	761	762	763	764	765	
1	1	0	9	1096	1097	1098	1099	1100	1101	1102	1103	1104	
2	2	0	7	942	943	944	945	946	947	948	
3	4	0	1	439	
4	5	0	12	802	803	804	805	806	807	808	809	810	811	812	813	
5	6	0	1	17	
6	7	0	1	1122	
7	8	0	1	1107	
8	10	0	1	73	
9	11	0	12	394	395	396	397	398	399	400	401	402	403	404	405	
10	12	0	9	768	769	770	771	772	773	774	775	776	
11	13	0	21	569	570	571	572	573	574	575	576	577	578	579	580	581	582	583	584	585	586	587	588	589	
12	15	0	1	818	
13	16	0	21	974	975	976	977	978	979	980	981	982	983	984	985	986	987	988	989	990	991	992	993	994	
14	17	0	1	1270	
15	23	0	21	319	320	321	322	323	324	325	326	327	328	329	330	331	332	333	334	335	336	337	338	339	
16	24	0	24	1452	1453	1454	1455	1456	1457	1458	1459	1460	1461	1462	1463	1464	1465	1466	1467	1468	1469	1470	1471	1472	1473	1474	1475	
17	26	0	1	175	
18	28	0	7	496	497	498	499	500	501	502	
19	30	0	1	252	
20	32	0	12	876	877	878	879	880	881	882	883	884	885	886	887	
21	36	0	7	0	1	2	3	4	5	6	
22	38	0	15	464	465	466	467	468	469	470	471	472	473	474	475	476	477	478	
23	39	0	1	355	
24	44	0	21	31	32	33	34	35	36	37	38	39	40	41	42	43	44	45	46	47	48	49	50	51	
25	45	0	3	621	622	623	
26	46	0	1	228	
27	47	0	1	565	
28	48	0	1	1485	
29	49	0	1	52	
30	50	0	1	743	
31	51	0	1	1563	
32	52	0	12	1143	1144	1145	1146	1147	1148	1149	1150	1151	1152	1153	1154	
33	54	0	3	1576	1577	1578	
34	55	0	1	205	
35	59	0	1	74	
36	61	0	12	1143	1144	1145	1146	1147	1148	1149	1150	1151	1152	1153	1154	
37	63	0	1	1105	
38	65	0	1	1370	
39	67	0	3	28	29	30	
40	68	0	1	738	
41	69	0	18	1192	1193	1194	1195	1196	1197	1198	1199	1200	1201	1202	1203	1204	1205	1206	1207	1208	1209	
42	70	0	21	1349	1350	1351	1352	1353	1354	1355	1356	1357	1358	1359	1360	1361	1362	1363	1364	1365	1366	1367	1368	1369	
43	71	0	1	606	
44	75	0	12	1290	1291	1292	1293	1294	1295	1296	1297	1298	1299	1300	1301	
45	76	0	1	143	
46	78	0	1	1546	
47	79	0	1	1555	
48	83	0	1	1418	
49	84	0	1	658	
50	85	0	21	920	921	922	923	924	925	926	927	928	929	930	931	932	933	934	935	936	937	938	939	940	
51	86	0	1	493	
52	87	0	1	1134	
53	88	0	1	1269	
54	96	0	1	1483	
55	97	0	1	1395	
56	98	0	1	1490	
57	100	0	7	998	999	1000	1001	1002	1003	1004	
58	101	0	15	624	625	626	627	628	629	630	631	632	633	634	635	636	637	638	
59	102	0	12	394	395	396	397	398	399	400	401	402	403	404	405	
60	106	0	1	1231	
61	109	0	1	346	
62	111	0	1	875	
63	114	0	1	742	
64	115	0	1	1273	
65	116	0	1	641	
66	117	0	3	598	599	600	
67	118	0	1	511	
68	122	0	1	1138	
69	123	0	1	1512	
70	124	0	24	90	91	92	93	94	95	96	97	98	99	100	101	102	103	104	105	106	107	108	109	110	111	112	113	
71	126	0	1	340	
72	129	0	1	702	
73	130	0	1	1565	
74	132	0	21	371	372	373	374	375	376	377	378	379	380	381	382	383	384	385	386	387	388	389	390	391	
75	134	0	12	876	877	878	879	880	881	882	883	884	885	886	887	
76	135	0	1	1255	
77	140	0	21	407	408	409	410	411	412	413	414	415	416	417	418	419	420	421	422	423	424	425	426	427	
78	141	0	7	1057	1058	1059	1060	1061	1062	1063	
79	142	0	1	767	
80	144	0	3	238	239	240	
81	145	0	7	1282	1283	1284	1285	1286	1287	1288	
82	146	0	24	149	150	151	152	153	154	155	156	157	158	159	160	161	162	163	164	165	166	167	168	169	170	171	172	
83	147	0	3	134	135	136	
84	148	0	1	647	
85	150	0	1	1136	
86	152	0	1	223	
87	154	0	24	440	441	442	443	444	445	446	447	448	449	450	451	452	453	454	455	456	457	458	459	460	461	462	463	
88	158	0	3	815	816	817	
89	159	0	7	1548	1549	1550	1551	1552	1553	1554	
90	160	0	1	196	
91	161	0	1	71	
92	165	0	24	1072	1073	1074	1075	1076	1077	1078	1079	1080	1081	1082	1083	1084	1085	1086	1087	1088	1089	1090	1091	1092	1093	1094	1095	
93	166	0	3	220	221	222	
94	167	0	24	440	441	442	443	444	445	446	447	448	449	450	451	452	453	454	455	456	457	458	459	460	461	462	463	
95	169	0	1	1056	
96	175	0	1	591	
97	176	0	7	198	199	200	201	202	203	204	
98	177	0	1	229	
99	178	0	1	1383	
100	180	0	12	293	294	295	296	297	298	299	300	301	302	303	304	
101	181	0	18	1174	1175	1176	1177	1178	1179	1180	1181	1182	1183	1184	1185	1186	1187	1188	1189	1190	1191	
102	183	0	1	799	
103	184	0	24	90	91	92	93	94	95	96	97	98	99	100	101	102	103	104	105	106	107	108	109	110	111	112	113	
104	186	0	3	1017	1018	1019	
105	188	0	7	694	695	696	697	698	699	700	
106	190	0	15	722	723	724	725	726	727	728	729	730	731	732	733	734	735	736	
107	191	0	1	617	
108	192	0	1	1029	
109	197	0	21	920	921	922	923	924	925	926	927	928	929	930	931	932	933	934	935	936	937	938	939	940	
110	200	0	3	67	68	69	
111	203	0	15	1039	1040	1041	1042	1043	1044	1045	1046	1047	1048	1049	1050	1051	1052	1053	
112	205	0	15	624	625	626	627	628	629	630	631	632	633	634	635	636	637	638	
113	206	0	1	1513	
114	207	0	3	644	645	646	
115	209	0	1	1225	
116	210	0	7	949	950	951	952	953	954	955	
117	212	0	1	1303	
118	214	0	3	595	596	597	
119	215	0	7	9	10	11	12	13	14	15	
120	216	0	9	608	609	610	611	612	613	614	615	616	
121	217	0	1	850	
122	218	0	1	1566	
123	220	0	7	241	242	243	244	245	246	247	
124	221	0	9	1096	1097	1098	1099	1100	1101	1102	1103	1104	
125	222	0	12	293	294	295	296	297	298	299	300	301	302	303	304	
126	223	0	1	314	
127	224	0	7	503	504	505	506	507	508	509	
128	226	0	1	438	
129	227	0	1	1271	
130	228	0	12	802	803	804	805	806	807	808	809	810	811	812	813	
131	230	0	1	693	
132	232	0	1	874	
133	234	0	7	431	432	433	434	435	436	437	
134	235	0	12	1406	1407	1408	1409	1410	1411	1412	1413	1414	1415	1416	1417	
135	238	0	7	963	964	965	966	967	968	969	
136	239	0	1	618	
137	240	0	1	1140	
138	241	0	21	898	899	900	901	902	903	904	905	906	907	908	909	910	911	912	913	914	915	916	917	918	
139	244	0	15	1240	1241	1242	1243	1244	1245	1246	1247	1248	1249	1250	1251	1252	1253	1254	
140	245	0	15	1240	1241	1242	1243	1244	1245	1246	1247	1248	1249	1250	1251	1252	1253	1254	
141	247	0	18	779	780	781	782	783	784	785	786	787	788	789	790	791	792	793	794	795	796	
142	249	0	21	407	408	409	410	411	412	413	414	415	416	417	418	419	420	421	422	423	424	425	426	427	
143	250	0	1	289	
144	251	0	1	1603	
145	255	0	1	1232	
146	256	0	21	267	268	269	270	271	272	273	274	275	276	277	278	279	280	281	282	283	284	285	286	287	
147	257	0	12	1256	1257	1258	1259	1260	1261	1262	1263	1264	1265	1266	1267	
148	259	0	1	1606	
149	261	0	7	1021	1022	1023	1024	1025	1026	1027	
150	264	0	24	1452	1453	1454	1455	1456	1457	1458	1459	1460	1461	1462	1463	1464	1465	1466	1467	1468	1469	1470	1471	1472	1473	1474	1475	
151	265	0	1	657	
152	266	0	9	1374	1375	1376	1377	1378	1379	1380	1381	1382	
153	270	0	21	920	921	922	923	924	925	926	927	928	929	930	931	932	933	934	935	936	937	938	939	940	
154	271	0	21	569	570	571	572	573	574	575	576	577	578	579	580	581	582	583	584	585	586	587	588	589	
155	272	0	21	371	372	373	374	375	376	377	378	379	380	381	382	383	384	385	386	387	388	389	390	391	
156	275	0	12	114	115	116	117	118	119	120	121	122	123	124	125	
157	276	0	1	1272	
158	278	0	12	710	711	712	713	714	715	716	717	718	719	720	721	
159	279	0	3	225	226	227	
160	281	0	12	1005	1006	1007	1008	1009	1010	1011	1012	1013	1014	1015	1016	
161	282	0	3	1227	1228	1229	
162	284	0	1	643	
163	285	0	18	1156	1157	1158	1159	1160	1161	1162	1163	1164	1165	1166	1167	1168	1169	1170	1171	1172	1173	
164	286	0	1	869	
165	287	0	1	176	
166	288	0	21	371	372	373	374	375	376	377	378	379	380	381	382	383	384	385	386	387	388	389	390	391	
167	289	0	1	639	
168	290	0	1	744	
169	292	0	24	823	824	825	826	827	828	829	830	831	832	833	834	835	836	837	838	839	840	841	842	843	844	845	846	
170	293	0	1	607	
171	294	0	1	739	
172	296	0	15	1210	1211	1212	1213	1214	1215	1216	1217	1218	1219	1220	1221	1222	1223	1224	
173	297	0	1	7	
174	299	0	1	642	
175	302	0	21	569	570	571	572	573	574	575	576	577	578	579	580	581	582	583	584	585	586	587	588	589	
176	303	0	1	1419	
177	305	0	1	26	
178	307	0	7	1031	1032	1033	1034	1035	1036	1037	
179	309	0	15	624	625	626	627	628	629	630	631	632	633	634	635	636	637	638	
180	310	0	24	1452	1453	1454	1455	1456	1457	1458	1459	1460	1461	1462	1463	1464	1465	1466	1467	1468	1469	1470	1471	1472	1473	1474	1475	
181	311	0	1	341	
182	312	0	1	601	
183	313	0	15	464	465	466	467	468	469	470	471	472	473	474	475	476	477	478	
184	314	0	7	177	178	179	180	181	182	183	
185	315	0	1	1404	
186	317	0	24	149	150	151	152	153	154	155	156	157	158	159	160	161	162	163	164	165	166	167	168	169	170	171	172	
187	320	0	1	566	
188	321	0	1	1135	
189	322	0	1	260	
190	324	0	1	640	
191	327	0	1	656	
192	329	0	1	368	
193	336	0	3	146	147	148	
194	339	0	3	652	653	654	
195	342	0	1	778	
196	343	0	3	1384	1385	1386	
197	344	0	7	1115	1116	1117	1118	1119	1120	1121	
198	345	0	1	1487	
199	347	0	1	620	
200	348	0	12	114	115	116	117	118	119	120	121	122	123	124	125	
201	349	0	1	800	
202	350	0	3	342	343	344	
203	351	0	21	1525	1526	1527	1528	1529	1530	1531	1532	1533	1534	1535	1536	1537	1538	1539	1540	1541	1542	1543	1544	1545	
204	353	0	1	370	
205	355	0	9	608	609	610	611	612	613	614	615	616	
206	359	0	1	1317	
207	361	0	9	1567	1568	1569	1570	1571	1572	1573	1574	1575	
208	362	0	1	1106	
209	364	0	18	1192	1193	1194	1195	1196	1197	1198	1199	1200	1201	1202	1203	1204	1205	1206	1207	1208	1209	
210	372	0	1	1289	
211	374	0	1	1038	
212	377	0	1	766	
213	378	0	3	489	490	491	
214	381	0	1	741	
215	384	0	1	1558	
216	385	0	9	1374	1375	1376	1377	1378	1379	1380	1381	1382	
217	387	0	1	494	
218	388	0	24	1579	1580	1581	1582	1583	1584	1585	1586	1587	1588	1589	1590	1591	1592	1593	1594	1595	1596	1597	1598	1599	1600	1601	1602	
219	391	0	7	348	349	350	351	352	353	354	
220	394	0	18	513	514	515	516	517	518	519	520	521	522	523	524	525	526	527	528	529	530	
221	395	0	7	1438	1439	1440	1441	1442	1443	1444	
222	397	0	1	188	
223	402	0	1	265	
224	403	0	21	267	268	269	270	271	272	273	274	275	276	277	278	279	280	281	282	283	284	285	286	287	
225	409	0	7	1607	1608	1609	1610	1611	1612	1613	
226	415	0	7	18	19	20	21	22	23	24	
227	416	0	15	722	723	724	725	726	727	728	729	730	731	732	733	734	735	736	
228	418	0	3	1131	1132	1133	
229	419	0	3	971	972	973	
230	420	0	24	1072	1073	1074	1075	1076	1077	1078	1079	1080	1081	1082	1083	1084	1085	1086	1087	1088	1089	1090	1091	1092	1093	1094	1095	
231	425	0	21	920	921	922	923	924	925	926	927	928	929	930	931	932	933	934	935	936	937	938	939	940	
232	426	0	1	288	
233	427	0	1	821	
234	429	0	1	1064	
235	430	0	1	1556	
236	431	0	3	485	486	487	
237	432	0	7	1397	1398	1399	1400	1401	1402	1403	
238	433	0	15	1240	1241	1242	1243	1244	1245	1246	1247	1248	1249	1250	1251	1252	1253	1254	
239	434	0	1	318	
240	435	0	21	1525	1526	1527	1528	1529	1530	1531	1532	1533	1534	1535	1536	1537	1538	1539	1540	1541	1542	1543	1544	1545	
241	438	0	1	701	
242	440	0	1	72	
243	442	0	7	1065	1066	1067	1068	1069	1070	1071	
244	444	0	3	1448	1449	1450	
245	445	0	1	561	
246	449	0	21	974	975	976	977	978	979	980	981	982	983	984	985	986	987	988	989	990	991	992	993	994	
247	451	0	12	1304	1305	1306	1307	1308	1309	1310	1311	1312	1313	1314	1315	
248	452	0	1	567	
249	454	0	1	655	
250	455	0	1	27	
251	456	0	9	548	549	550	551	552	553	554	555	556	
252	460	0	21	1318	1319	1320	1321	1322	1323	1324	1325	1326	1327	1328	1329	1330	1331	1332	1333	1334	1335	1336	1337	1338	
253	461	0	1	1233	
254	462	0	24	149	150	151	152	153	154	155	156	157	158	159	160	161	162	163	164	165	166	167	168	169	170	171	172	
255	463	0	1	219	
256	465	0	1	798	
257	471	0	24	669	670	671	672	673	674	675	676	677	678	679	680	681	682	683	684	685	686	687	688	689	690	691	692	
258	472	0	3	261	262	263	
259	473	0	18	1174	1175	1176	1177	1178	1179	1180	1181	1182	1183	1184	1185	1186	1187	1188	1189	1190	1191	
260	475	0	24	823	824	825	826	827	828	829	830	831	832	833	834	835	836	837	838	839	840	841	842	843	844	845	846	
261	476	0	1	558	
262	477	0	1	861	
263	478	0	1	483	
264	481	0	7	1123	1124	1125	1126	1127	1128	1129	
265	482	0	1	740	
266	485	0	21	407	408	409	410	411	412	413	414	415	416	417	418	419	420	421	422	423	424	425	426	427	
267	487	0	1	1420	
268	489	0	9	548	549	550	551	552	553	554	555	556	
269	491	0	1	1130	
270	495	0	12	356	357	358	359	360	361	362	363	364	365	366	367	
271	499	0	1	666	
272	500	0	3	847	848	849	
273	501	0	12	1290	1291	1292	1293	1294	1295	1296	1297	1298	1299	1300	1301	
274	502	0	1	1230	
275	505	0	18	1156	1157	1158	1159	1160	1161	1162	1163	1164	1165	1166	1167	1168	1169	1170	1171	1172	1173	
276	509	0	21	898	899	900	901	902	903	904	905	906	907	908	909	910	911	912	913	914	915	916	917	918	
277	510	0	1	547	
278	511	0	1	492	
279	514	0	7	1515	1516	1517	1518	1519	1520	1521	
280	522	0	1	568	
281	523	0	1	1405	
282	526	0	1	1268	
283	527	0	3	1237	1238	1239	
284	528	0	1	894	
285	529	0	1	512	
286	530	0	21	267	268	269	270	271	272	273	274	275	276	277	278	279	280	281	282	283	284	285	286	287	
287	531	0	24	440	441	442	443	444	445	446	447	448	449	450	451	452	453	454	455	456	457	458	459	460	461	462	463	
288	532	0	3	1234	1235	1236	
289	535	0	1	1604	
290	539	0	1	174	
291	542	0	1	393	
292	543	0	21	898	899	900	901	902	903	904	905	906	907	908	909	910	911	912	913	914	915	916	917	918	
293	552	0	1	603	
294	553	0	21	407	408	409	410	411	412	413	414	415	416	417	418	419	420	421	422	423	424	425	426	427	
295	554	0	1	557	
296	556	0	15	1210	1211	1212	1213	1214	1215	1216	1217	1218	1219	1220	1221	1222	1223	1224	
297	561	0	1	895	
298	562	0	21	1318	1319	1320	1321	1322	1323	1324	1325	1326	1327	1328	1329	1330	1331	1332	1333	1334	1335	1336	1337	1338	
299	563	0	1	777	
300	564	0	9	538	539	540	541	542	543	544	545	546	
301	566	0	12	206	207	208	209	210	211	212	213	214	215	216	217	
302	567	0	15	464	465	466	467	468	469	470	471	472	473	474	475	476	477	478	
303	570	0	21	1318	1319	1320	1321	1322	1323	1324	1325	1326	1327	1328	1329	1330	1331	1332	1333	1334	1335	1336	1337	1338	
304	573	0	1	864	
305	576	0	21	745	746	747	748	749	750	751	752	753	754	755	756	757	758	759	760	761	762	763	764	765	
306	577	0	1	819	
307	578	0	1	1348	
308	579	0	1	814	
309	580	0	7	1108	1109	1110	1111	1112	1113	1114	
310	584	0	1	897	
311	585	0	1	1155	
312	587	0	18	513	514	515	516	517	518	519	520	521	522	523	524	525	526	527	528	529	530	
313	588	0	7	659	660	661	662	663	664	665	
314	589	0	3	1371	1372	1373	
315	591	0	1	70	
316	593	0	1	1615	
317	594	0	1	560	
318	595	0	1	197	
319	597	0	1	1514	
320	599	0	12	206	207	208	209	210	211	212	213	214	215	216	217	
321	602	0	7	230	231	232	233	234	235	236	
322	604	0	1	1451	
323	606	0	18	779	780	781	782	783	784	785	786	787	788	789	790	791	792	793	794	795	796	
324	610	0	3	137	138	139	
325	611	0	18	1174	1175	1176	1177	1178	1179	1180	1181	1182	1183	1184	1185	1186	1187	1188	1189	1190	1191	
326	612	0	1	737	
327	613	0	1	1421	
328	615	0	1	305	
329	616	0	7	1476	1477	1478	1479	1480	1481	1482	
330	617	0	21	319	320	321	322	323	324	325	326	327	328	329	330	331	332	333	334	335	336	337	338	339	
331	618	0	21	1525	1526	1527	1528	1529	1530	1531	1532	1533	1534	1535	1536	1537	1538	1539	1540	1541	1542	1543	1544	1545	
332	619	0	1	484	
333	620	0	7	253	254	255	256	257	258	259	
334	623	0	24	1072	1073	1074	1075	1076	1077	1078	1079	1080	1081	1082	1083	1084	1085	1086	1087	1088	1089	1090	1091	1092	1093	1094	1095	
335	626	0	1	173	
336	627	0	1	145	
337	630	0	7	531	532	533	534	535	536	537	
338	632	0	1	1523	
339	633	0	21	1349	1350	1351	1352	1353	1354	1355	1356	1357	1358	1359	1360	1361	1362	1363	1364	1365	1366	1367	1368	1369	
340	635	0	1	619	
341	637	0	12	1406	1407	1408	1409	1410	1411	1412	1413	1414	1415	1416	1417	
342	639	0	1	1139	
343	642	0	24	669	670	671	672	673	674	675	676	677	678	679	680	681	682	683	684	685	686	687	688	689	690	691	692	
344	646	0	1	1226	
345	647	0	1	65	
346	650	0	1	604	
347	654	0	21	1349	1350	1351	1352	1353	1354	1355	1356	1357	1358	1359	1360	1361	1362	1363	1364	1365	1366	1367	1368	1369	
348	656	0	15	75	76	77	78	79	80	81	82	83	84	85	86	87	88	89	
349	658	0	1	133	
350	661	0	21	1491	1492	1493	1494	1495	1496	1497	1498	1499	1500	1501	1502	1503	1504	1505	1506	1507	1508	1509	1510	1511	
351	663	0	1	1484	
352	665	0	21	1349	1350	1351	1352	1353	1354	1355	1356	1357	1358	1359	1360	1361	1362	1363	1364	1365	1366	1367	1368	1369	
353	666	0	1	237	
354	667	0	21	1491	1492	1493	1494	1495	1496	1497	1498	1499	1500	1501	1502	1503	1504	1505	1506	1507	1508	1509	1510	1511	
355	668	0	1	488	
356	669	0	1	249	
357	674	0	1	316	
358	675	0	12	1005	1006	1007	1008	1009	1010	1011	1012	1013	1014	1015	1016	
359	677	0	21	1491	1492	1493	1494	1495	1496	1497	1498	1499	1500	1501	1502	1503	1504	1505	1506	1507	1508	1509	1510	1511	
360	678	0	1	896	
361	680	0	1	1486	
362	681	0	21	569	570	571	572	573	574	575	576	577	578	579	580	581	582	583	584	585	586	587	588	589	
363	682	0	1	868	
364	683	0	1	481	
365	685	0	7	189	190	191	192	193	194	195	
366	686	0	24	823	824	825	826	827	828	829	830	831	832	833	834	835	836	837	838	839	840	841	842	843	844	845	846	
367	687	0	1	8	
368	688	0	1	1614	
369	692	0	1	820	
370	693	0	1	347	
371	697	0	1	1522	
372	698	0	1	1141	
373	701	0	15	75	76	77	78	79	80	81	82	83	84	85	86	87	88	89	
374	702	0	21	267	268	269	270	271	272	273	274	275	276	277	278	279	280	281	282	283	284	285	286	287	
375	703	0	1	224	
376	704	0	1	1422	
377	706	0	1	1489	
378	707	0	3	1435	1436	1437	
379	713	0	1	667	
380	718	0	15	722	723	724	725	726	727	728	729	730	731	732	733	734	735	736	
381	722	0	21	1491	1492	1493	1494	1495	1496	1497	1498	1499	1500	1501	1502	1503	1504	1505	1506	1507	1508	1509	1510	1511	
382	723	0	1	1055	
383	724	0	18	513	514	515	516	517	518	519	520	521	522	523	524	525	526	527	528	529	530	
384	725	0	1	369	
385	730	0	24	90	91	92	93	94	95	96	97	98	99	100	101	102	103	104	105	106	107	108	109	110	111	112	113	
386	731	0	1	801	
387	733	0	1	250	
388	735	0	9	1567	1568	1569	1570	1571	1572	1573	1574	1575	
389	736	0	24	440	441	442	443	444	445	446	447	448	449	450	451	452	453	454	455	456	457	458	459	460	461	462	463	
390	739	0	1	1316	
391	745	0	1	1488	
392	746	0	1	1302	
393	747	0	1	218	
394	748	0	1	995	
395	750	0	1	345	
396	751	0	12	710	711	712	713	714	715	716	717	718	719	720	721	
397	754	0	1	430	
398	755	0	21	371	372	373	374	375	376	377	378	379	380	381	382	383	384	385	386	387	388	389	390	391	
399	757	0	3	891	892	893	
400	761	0	3	1445	1446	1447	
401	765	0	15	1039	1040	1041	1042	1043	1044	1045	1046	1047	1048	1049	1050	1051	1052	1053	
402	767	0	15	75	76	77	78	79	80	81	82	83	84	85	86	87	88	89	
403	770	0	1	1137	
404	771	0	15	1039	1040	1041	1042	1043	1044	1045	1046	1047	1048	1049	1050	1051	1052	1053	
405	773	0	7	1341	1342	1343	1344	1345	1346	1347	
406	774	0	1	144	
407	776	0	21	745	746	747	748	749	750	751	752	753	754	755	756	757	758	759	760	761	762	763	764	765	
408	778	0	21	1318	1319	1320	1321	1322	1323	1324	1325	1326	1327	1328	1329	1330	1331	1332	1333	1334	1335	1336	1337	1338	
409	779	0	24	669	670	671	672	673	674	675	676	677	678	679	680	681	682	683	684	685	686	687	688	689	690	691	692	
410	782	0	21	898	899	900	901	902	903	904	905	906	907	908	909	910	911	912	913	914	915	916	917	918	
411	785	0	21	974	975	976	977	978	979	980	981	982	983	984	985	986	987	988	989	990	991	992	993	994	
412	787	0	1	1394	
413	788	0	1	251	
414	790	0	3	185	186	187	
415	792	0	1	1054	
416	800	0	7	306	307	308	309	310	311	312	
417	801	0	15	1210	1211	1212	1213	1214	1215	1216	1217	1218	1219	1220	1221	1222	1223	1224	
418	802	0	1	315	
419	805	0	1	1281	
420	806	0	1	429	
421	809	0	18	779	780	781	782	783	784	785	786	787	788	789	790	791	792	793	794	795	796	
422	811	0	1	25	
423	813	0	1	1605	
424	814	0	1	873	
425	816	0	18	1192	1193	1194	1195	1196	1197	1198	1199	1200	1201	1202	1203	1204	1205	1206	1207	1208	1209	
426	819	0	1	1547	
427	820	0	21	31	32	33	34	35	36	37	38	39	40	41	42	43	44	45	46	47	48	49	50	51	
428	821	0	1	428	
429	824	0	1	668	
430	826	0	1	996	
431	827	0	1	1557	
432	829	0	1	1030	
433	833	0	3	562	563	564	
434	837	0	1	1142	
435	838	0	12	356	357	358	359	360	361	362	363	364	365	366	367	
436	839	0	12	53	54	55	56	57	58	59	60	61	62	63	64	
437	841	0	21	31	32	33	34	35	36	37	38	39	40	41	42	43	44	45	46	47	48	49	50	51	
438	842	0	1	862	
439	843	0	1	482	
440	847	0	3	592	593	594	
441	849	0	3	870	871	872	
442	850	0	24	1579	1580	1581	1582	1583	1584	1585	1586	1587	1588	1589	1590	1591	1592	1593	1594	1595	1596	1597	1598	1599	1600	1601	1602	
443	853	0	1	605	
444	856	0	1	1564	
445	857	0	3	649	650	651	
446	860	0	1	1339	
447	861	0	1	1340	
448	866	0	1	1028	
449	869	0	21	974	975	976	977	978	979	980	981	982	983	984	985	986	987	988	989	990	991	992	993	994	
450	871	0	21	31	32	33	34	35	36	37	38	39	40	41	42	43	44	45	46	47	48	49	50	51	
451	872	0	9	538	539	540	541	542	543	544	545	546	
452	877	0	12	1304	1305	1306	1307	1308	1309	1310	1311	1312	1313	1314	1315	
453	879	0	21	1525	1526	1527	1528	1529	1530	1531	1532	1533	1534	1535	1536	1537	1538	1539	1540	1541	1542	1543	1544	1545	
454	882	0	1	919	
455	883	0	1	264	
456	884	0	1	495	
457	885	0	21	319	320	321	322	323	324	325	326	327	328	329	330	331	332	333	334	335	336	337	338	339	
458	886	0	3	1559	1560	1561	
459	888	0	1	559	
460	890	0	18	1156	1157	1158	1159	1160	1161	1162	1163	1164	1165	1166	1167	1168	1169	1170	1171	1172	1173	
461	892	0	3	888	889	890	
462	893	0	1	941	
463	894	0	1	248	
464	895	0	1	822	
465	896	0	21	745	746	747	748	749	750	751	752	753	754	755	756	757	758	759	760	761	762	763	764	765	
466	897	0	7	1387	1388	1389	1390	1391	1392	1393	
467	898	0	12	1256	1257	1258	1259	1260	1261	1262	1263	1264	1265	1266	1267	
468	899	0	1	16	
469	901	0	1	970	
470	902	0	1	66	
471	907	0	1	184	
472	908	0	1	406	
473	911	0	1	590	
474	912	0	9	1426	1427	1428	1429	1430	1431	1432	1433	1434	
475	918	0	3	290	291	292	
476	919	0	24	1579	1580	1581	1582	1583	1584	1585	1586	1587	1588	1589	1590	1591	1592	1593	1594	1595	1596	1597	1598	1599	1600	1601	1602	
477	925	0	9	1426	1427	1428	1429	1430	1431	1432	1433	1434	
478	927	0	1	602	
479	928	0	1	479	
480	930	0	12	53	54	55	56	57	58	59	60	61	62	63	64	
481	931	0	1	510	
482	937	0	24	1072	1073	1074	1075	1076	1077	1078	1079	1080	1081	1082	1083	1084	1085	1086	1087	1088	1089	1090	1091	1092	1093	1094	1095	
483	940	0	21	319	320	321	322	323	324	325	326	327	328	329	330	331	332	333	334	335	336	337	338	339	
484	942	0	1	797	
485	943	0	9	768	769	770	771	772	773	774	775	776	
486	946	0	3	140	141	142	
487	948	0	24	1452	1453	1454	1455	1456	1457	1458	1459	1460	1461	1462	1463	1464	1465	1466	1467	1468	1469	1470	1471	1472	1473	1474	1475	
488	949	0	24	823	824	825	826	827	828	829	830	831	832	833	834	835	836	837	838	839	840	841	842	843	844	845	846	
489	950	0	1	1020	
490	951	0	1	313	
491	952	0	3	865	866	867	
492	954	0	24	1579	1580	1581	1582	1583	1584	1585	1586	1587	1588	1589	1590	1591	1592	1593	1594	1595	1596	1597	1598	1599	1600	1601	1602	
493	957	0	3	1423	1424	1425	
494	958	0	1	1562	
495	959	0	24	90	91	92	93	94	95	96	97	98	99	100	101	102	103	104	105	106	107	108	109	110	111	112	113	
496	960	0	1	480	
497	967	0	24	669	670	671	672	673	674	675	676	677	678	679	680	681	682	683	684	685	686	687	688	689	690	691	692	
498	969	0	3	851	852	853	
499	972	0	1	317	
500	974	0	7	854	855	856	857	858	859	860	
501	976	0	1	648	
502	979	0	7	956	957	958	959	960	961	962	
503	981	0	1	1524	
504	982	0	7	126	127	128	129	130	131	132	
505	988	0	1	266	
506	989	0	1	863	
507	990	0	1	392	
508	991	0	1	1396	
509	993	0	1	997	
510	995	0	24	149	150	151	152	153	154	155	156	157	158	159	160	161	162	163	164	165	166	167	168	169	170	171	172	
511	996	0	7	703	704	705	706	707	708	709	
512	997	0	7	1274	1275	1276	1277	1278	1279	1280	
