531
0	0	2	0	
1	1	2	1	
2	2	2	2	
3	3	2	5	
4	3	2	13	
5	3	1	19	
6	4	2	21	
7	5	2	22	
8	6	1	24	
9	6	2	30	
10	6	2	36	
11	6	1	42	
12	7	2	44	
13	8	2	45	
14	9	2	47	
15	10	2	51	
16	10	1	59	
17	10	1	65	
18	10	2	71	
19	11	2	75	
20	12	2	80	
21	13	2	81	
22	14	2	82	
23	15	2	85	
24	16	2	90	
25	17	2	91	
26	18	2	94	
27	19	2	101	
28	20	2	108	
29	21	2	113	
30	22	2	114	
31	23	2	116	
32	24	2	118	
33	25	2	121	
34	25	2	129	
35	25	2	135	
36	25	2	141	
37	26	2	143	
38	27	2	145	
39	28	2	148	
40	28	2	154	
41	28	2	160	
42	29	2	162	
43	30	2	163	
44	31	2	166	
45	31	1	174	
46	31	2	180	
47	31	2	186	
48	32	2	188	
49	33	2	189	
50	34	2	192	
51	35	2	197	
52	36	2	198	
53	37	2	199	
54	38	2	200	
55	39	2	201	
56	40	2	202	
57	41	2	204	
58	41	1	210	
59	42	2	212	
60	43	2	214	
61	44	2	217	
62	45	1	221	
63	45	1	229	
64	45	2	235	
65	46	2	237	
66	47	2	239	
67	48	2	241	
68	49	2	242	
69	50	2	243	
70	51	2	244	
71	52	2	246	
72	53	1	250	
73	53	1	258	
74	53	2	264	
75	54	2	266	
76	55	2	267	
77	56	2	268	
78	57	2	269	
79	58	2	271	
80	59	2	273	
81	60	2	276	
82	61	2	281	
83	62	2	282	
84	63	2	285	
85	63	1	293	
86	63	2	299	
87	63	2	305	
88	64	2	307	
89	65	2	308	
90	66	2	309	
91	67	2	310	
92	68	2	311	
93	69	2	312	
94	70	2	313	
95	71	2	314	
96	72	2	315	
97	73	1	318	
98	73	2	326	
99	73	2	332	
100	74	2	334	
101	75	2	337	
102	75	2	345	
103	75	2	351	
104	76	2	353	
105	77	1	355	
106	77	2	361	
107	77	1	367	
108	78	2	369	
109	79	2	370	
110	80	2	371	
111	81	2	372	
112	82	1	374	
113	82	1	380	
114	83	2	382	
115	84	2	383	
116	85	2	386	
117	86	2	393	
118	87	2	398	
119	88	2	400	
120	88	1	406	
121	89	2	408	
122	90	2	411	
123	91	1	417	
124	91	2	423	
125	91	1	429	
126	91	1	435	
127	92	2	437	
128	93	2	438	
129	94	2	439	
130	95	2	440	
131	96	2	442	
132	97	2	444	
133	98	2	446	
134	98	1	452	
135	98	1	458	
136	98	1	464	
137	99	2	466	
138	100	2	468	
139	100	1	474	
140	100	1	480	
141	100	1	486	
142	101	2	488	
143	102	2	489	
144	103	2	492	
145	103	2	500	
146	103	2	506	
147	103	2	512	
148	104	2	514	
149	105	2	517	
150	106	2	523	
151	107	2	525	
152	108	2	527	
153	108	2	533	
154	108	1	539	
155	109	2	542	
156	110	2	545	
157	111	2	548	
158	112	2	551	
159	113	1	554	
160	113	2	560	
161	113	1	566	
162	114	2	568	
163	115	2	569	
164	116	2	570	
165	117	2	571	
166	118	1	573	
167	118	1	579	
168	118	2	585	
169	118	2	591	
170	119	1	595	
171	119	1	603	
172	120	2	605	
173	121	2	606	
174	122	2	607	
175	123	2	608	
176	124	2	610	
177	125	2	612	
178	126	2	613	
179	127	2	616	
180	128	2	621	
181	129	2	622	
182	130	2	623	
183	131	2	626	
184	132	2	631	
185	133	2	634	
186	134	2	639	
187	135	2	640	
188	136	1	643	
189	136	2	651	
190	137	1	655	
191	137	1	663	
192	137	1	669	
193	138	2	671	
194	139	2	674	
195	140	2	679	
196	141	2	680	
197	142	2	682	
198	143	2	685	
199	144	2	687	
200	145	2	688	
201	146	2	689	
202	147	2	691	
203	147	2	697	
204	147	1	703	
205	147	1	709	
206	148	2	711	
207	149	2	712	
208	150	2	713	
209	151	2	715	
210	152	2	718	
211	153	2	722	
212	154	2	729	
213	155	1	736	
214	155	2	744	
215	155	2	750	
216	155	2	756	
217	156	2	758	
218	157	2	760	
219	157	1	766	
220	158	2	768	
221	159	2	769	
222	160	2	771	
223	161	2	775	
224	162	2	780	
225	163	2	781	
226	164	2	784	
227	165	2	789	
228	166	2	791	
229	167	2	794	
230	168	2	796	
231	169	1	798	
232	169	2	804	
233	169	2	810	
234	169	1	816	
235	170	2	819	
236	171	2	821	
237	172	2	823	
238	173	2	825	
239	174	2	828	
240	175	1	835	
241	175	1	843	
242	176	2	845	
243	177	2	846	
244	178	2	848	
245	179	2	850	
246	180	2	851	
247	181	2	852	
248	182	2	855	
249	182	1	863	
250	182	2	869	
251	183	2	873	
252	183	2	881	
253	183	1	887	
254	183	2	893	
255	184	2	897	
256	185	2	902	
257	186	2	903	
258	187	2	904	
259	188	2	905	
260	189	2	906	
261	190	1	908	
262	190	2	914	
263	191	2	917	
264	192	2	919	
265	193	2	920	
266	194	2	921	
267	195	2	922	
268	196	2	925	
269	197	2	931	
270	198	2	934	
271	199	2	936	
272	200	2	939	
273	201	2	944	
274	202	2	947	
275	203	2	953	
276	204	2	957	
277	205	2	962	
278	206	2	965	
279	207	2	972	
280	208	2	977	
281	209	2	978	
282	210	2	979	
283	211	2	982	
284	212	1	988	
285	212	2	994	
286	212	2	1000	
287	213	2	1002	
288	214	1	1004	
289	214	2	1010	
290	215	2	1014	
291	216	2	1019	
292	217	2	1020	
293	218	2	1022	
294	219	2	1024	
295	220	2	1025	
296	221	2	1026	
297	222	2	1028	
298	222	1	1034	
299	223	2	1036	
300	224	2	1037	
301	225	2	1038	
302	226	2	1039	
303	227	2	1041	
304	228	2	1043	
305	229	1	1045	
306	229	2	1051	
307	230	2	1053	
308	231	1	1056	
309	231	2	1064	
310	232	2	1067	
311	233	2	1069	
312	234	2	1070	
313	235	2	1071	
314	236	1	1074	
315	236	1	1082	
316	237	2	1084	
317	238	2	1085	
318	239	2	1088	
319	240	2	1093	
320	241	2	1094	
321	242	2	1095	
322	243	2	1096	
323	244	2	1097	
324	245	1	1099	
325	245	1	1105	
326	245	1	1111	
327	245	1	1117	
328	246	2	1120	
329	247	2	1122	
330	248	2	1125	
331	249	2	1130	
332	250	2	1131	
333	251	2	1132	
334	252	2	1133	
335	253	2	1136	
336	253	1	1144	
337	253	1	1150	
338	254	2	1152	
339	255	2	1153	
340	256	2	1155	
341	256	2	1161	
342	256	1	1167	
343	257	1	1170	
344	257	1	1176	
345	258	2	1178	
346	259	2	1179	
347	260	2	1181	
348	261	2	1183	
349	262	2	1184	
350	263	2	1186	
351	264	2	1190	
352	265	2	1195	
353	266	2	1197	
354	267	2	1200	
355	267	2	1206	
356	267	2	1212	
357	267	1	1218	
358	268	2	1220	
359	269	2	1221	
360	270	2	1224	
361	271	2	1229	
362	272	2	1231	
363	272	2	1237	
364	272	2	1243	
365	273	2	1245	
366	274	2	1246	
367	275	2	1247	
368	276	2	1250	
369	277	2	1257	
370	277	1	1265	
371	278	2	1267	
372	279	2	1270	
373	280	2	1275	
374	281	2	1276	
375	282	1	1279	
376	282	2	1287	
377	282	1	1293	
378	283	2	1295	
379	284	2	1296	
380	285	2	1297	
381	286	2	1298	
382	287	2	1300	
383	288	2	1302	
384	289	2	1303	
385	290	2	1304	
386	291	2	1307	
387	292	2	1312	
388	293	2	1315	
389	294	2	1320	
390	295	2	1321	
391	296	2	1322	
392	297	1	1325	
393	297	2	1333	
394	297	2	1339	
395	298	2	1341	
396	299	1	1343	
397	299	1	1349	
398	299	1	1355	
399	299	2	1361	
400	300	2	1363	
401	301	2	1364	
402	302	2	1365	
403	303	2	1366	
404	304	2	1367	
405	305	2	1368	
406	306	2	1369	
407	307	2	1372	
408	307	1	1380	
409	307	2	1386	
410	308	2	1390	
411	309	2	1396	
412	309	1	1402	
413	310	1	1406	
414	310	1	1414	
415	310	2	1420	
416	310	2	1426	
417	311	1	1429	
418	311	2	1435	
419	312	1	1438	
420	312	1	1444	
421	313	2	1446	
422	314	2	1447	
423	315	2	1448	
424	316	1	1449	
425	317	2	1452	
426	318	2	1457	
427	319	2	1458	
428	320	2	1459	
429	321	2	1460	
430	322	2	1461	
431	323	1	1463	
432	323	2	1469	
433	323	1	1475	
434	323	2	1481	
435	324	2	1485	
436	325	2	1490	
437	326	2	1491	
438	327	1	1494	
439	327	1	1502	
440	327	1	1508	
441	327	1	1514	
442	328	2	1516	
443	329	2	1517	
444	330	2	1518	
445	331	2	1519	
446	332	2	1520	
447	333	2	1521	
448	334	2	1523	
449	335	2	1525	
450	336	2	1526	
451	337	2	1529	
452	338	2	1534	
453	339	2	1535	
454	340	2	1538	
455	341	2	1543	
456	342	2	1545	
457	342	2	1551	
458	343	2	1553	
459	344	2	1554	
460	345	2	1555	
461	346	2	1556	
462	347	2	1557	
463	348	2	1560	
464	348	2	1568	
465	349	2	1570	
466	350	2	1571	
467	351	2	1572	
468	352	1	1574	
469	352	2	1580	
470	352	1	1586	
471	352	1	1592	
472	353	2	1594	
473	354	2	1597	
474	355	2	1602	
475	356	2	1603	
476	357	2	1606	
477	357	1	1614	
478	357	2	1620	
479	358	2	1622	
480	359	2	1623	
481	360	2	1625	
482	360	2	1631	
483	360	1	1637	
484	361	2	1640	
485	362	2	1642	
486	363	2	1643	
487	364	2	1646	
488	364	2	1654	
489	364	1	1660	
490	364	1	1666	
491	365	2	1669	
492	366	2	1671	
493	367	2	1672	
494	368	2	1673	
495	369	2	1674	
496	370	2	1675	
497	371	2	1676	
498	372	2	1677	
499	373	2	1680	
500	374	2	1686	
501	375	2	1689	
502	376	2	1693	
503	377	2	1700	
504	377	1	1708	
505	377	2	1714	
506	377	1	1720	
507	378	2	1723	
508	379	2	1725	
509	380	2	1726	
510	381	2	1727	
511	382	2	1728	
512	383	2	1729	
513	384	2	1731	
514	385	2	1733	
515	386	2	1734	
516	387	2	1735	
517	388	2	1737	
518	388	2	1743	
519	389	2	1745	
520	390	2	1746	
521	391	2	1747	
522	392	2	1748	
523	393	2	1750	
524	394	2	1753	
525	394	1	1759	
526	395	2	1763	
527	396	2	1768	
528	397	2	1770	
529	398	2	1772	
530	399	2	1773	
