1559	846	713
0
0 	 0 	 0 	 8 	 2 	 12 	 13 	 11 	 0 	 5 	 10 	 15 	 20 	 25 	 30 	 35 	 40 	 45 	 50
1 	 1 	 0 	 9 	 2 	 7 	 8 	 11 	 2 	 7 	 12 	 17 	 22 	 27 	 32 	 37 	 42 	 47 	 52
2 	 2 	 1 	 4 	 4 	 12 	 13 	 14 	 15 	 5 	 9 	 19 	 29 	 39 	 49
3 	 2 	 1 	 4 	 2 	 0 	 1 	 5 	 5 	 15 	 25 	 35 	 45
4 	 2 	 1 	 1 	 4 	 6 	 7 	 8 	 9 	 5 	 6 	 16 	 26 	 36 	 46
5 	 3 	 0 	 6 	 2 	 16 	 17 	 5 	 61 	 71 	 81 	 91 	 101
6 	 3 	 0 	 7 	 2 	 6 	 7 	 5 	 60 	 70 	 80 	 90 	 100
7 	 4 	 0 	 6 	 2 	 16 	 17 	 5 	 7 	 17 	 27 	 37 	 47
8 	 5 	 0 	 9 	 2 	 10 	 11 	 5 	 6 	 16 	 26 	 36 	 46
9 	 6 	 0 	 9 	 2 	 4 	 5 	 11 	 55 	 60 	 65 	 70 	 75 	 80 	 85 	 90 	 95 	 100 	 105
10 	 6 	 0 	 3 	 2 	 6 	 7 	 11 	 55 	 60 	 65 	 70 	 75 	 80 	 85 	 90 	 95 	 100 	 105
11 	 6 	 0 	 6 	 2 	 8 	 9 	 11 	 55 	 60 	 65 	 70 	 75 	 80 	 85 	 90 	 95 	 100 	 105
12 	 6 	 0 	 4 	 2 	 10 	 11 	 11 	 55 	 60 	 65 	 70 	 75 	 80 	 85 	 90 	 95 	 100 	 105
13 	 6 	 0 	 7 	 2 	 12 	 13 	 11 	 55 	 60 	 65 	 70 	 75 	 80 	 85 	 90 	 95 	 100 	 105
14 	 6 	 0 	 8 	 2 	 14 	 15 	 11 	 55 	 60 	 65 	 70 	 75 	 80 	 85 	 90 	 95 	 100 	 105
15 	 7 	 0 	 3 	 2 	 6 	 7 	 5 	 8 	 18 	 28 	 38 	 48
16 	 8 	 0 	 7 	 2 	 6 	 7 	 11 	 55 	 60 	 65 	 70 	 75 	 80 	 85 	 90 	 95 	 100 	 105
17 	 9 	 0 	 5 	 4 	 11 	 12 	 13 	 14 	 5 	 7 	 17 	 27 	 37 	 47
18 	 9 	 0 	 8 	 2 	 6 	 7 	 5 	 5 	 15 	 25 	 35 	 45
19 	 10 	 0 	 7 	 4 	 6 	 7 	 8 	 9 	 11 	 55 	 60 	 65 	 70 	 75 	 80 	 85 	 90 	 95 	 100 	 105
20 	 11 	 2 	 8 	 2 	 16 	 17 	 6 	 58 	 68 	 78 	 88 	 98 	 108
21 	 11 	 2 	 3 	 2 	 0 	 1 	 6 	 57 	 67 	 77 	 87 	 97 	 107
22 	 11 	 2 	 1 	 2 	 8 	 9 	 6 	 55 	 65 	 75 	 85 	 95 	 105
23 	 12 	 0 	 7 	 2 	 2 	 3 	 11 	 0 	 5 	 10 	 15 	 20 	 25 	 30 	 35 	 40 	 45 	 50
24 	 13 	 0 	 2 	 2 	 11 	 12 	 11 	 1 	 6 	 11 	 16 	 21 	 26 	 31 	 36 	 41 	 46 	 51
25 	 14 	 0 	 3 	 2 	 1 	 2 	 11 	 58 	 63 	 68 	 73 	 78 	 83 	 88 	 93 	 98 	 103 	 108
26 	 14 	 0 	 7 	 4 	 11 	 12 	 13 	 14 	 11 	 55 	 60 	 65 	 70 	 75 	 80 	 85 	 90 	 95 	 100 	 105
27 	 14 	 0 	 8 	 2 	 13 	 14 	 11 	 57 	 62 	 67 	 72 	 77 	 82 	 87 	 92 	 97 	 102 	 107
28 	 15 	 0 	 8 	 2 	 16 	 17 	 5 	 62 	 72 	 82 	 92 	 102
29 	 16 	 0 	 9 	 2 	 0 	 1 	 5 	 9 	 19 	 29 	 39 	 49
30 	 17 	 0 	 5 	 4 	 9 	 10 	 11 	 12 	 5 	 62 	 72 	 82 	 92 	 102
31 	 18 	 0 	 7 	 2 	 10 	 11 	 11 	 59 	 64 	 69 	 74 	 79 	 84 	 89 	 94 	 99 	 104 	 109
32 	 19 	 0 	 2 	 2 	 0 	 1 	 6 	 57 	 67 	 77 	 87 	 97 	 107
33 	 19 	 0 	 6 	 2 	 2 	 3 	 6 	 57 	 67 	 77 	 87 	 97 	 107
34 	 19 	 0 	 7 	 2 	 4 	 5 	 6 	 57 	 67 	 77 	 87 	 97 	 107
35 	 19 	 0 	 2 	 2 	 6 	 7 	 6 	 57 	 67 	 77 	 87 	 97 	 107
36 	 19 	 0 	 9 	 2 	 8 	 9 	 6 	 57 	 67 	 77 	 87 	 97 	 107
37 	 19 	 0 	 4 	 2 	 10 	 11 	 6 	 57 	 67 	 77 	 87 	 97 	 107
38 	 19 	 0 	 10 	 2 	 12 	 13 	 6 	 57 	 67 	 77 	 87 	 97 	 107
39 	 19 	 0 	 10 	 2 	 14 	 15 	 6 	 57 	 67 	 77 	 87 	 97 	 107
40 	 19 	 0 	 6 	 2 	 16 	 17 	 6 	 57 	 67 	 77 	 87 	 97 	 107
41 	 20 	 0 	 3 	 2 	 16 	 17 	 6 	 0 	 10 	 20 	 30 	 40 	 50
42 	 20 	 0 	 2 	 2 	 4 	 5 	 6 	 1 	 11 	 21 	 31 	 41 	 51
43 	 21 	 0 	 2 	 2 	 11 	 12 	 6 	 4 	 14 	 24 	 34 	 44 	 54
44 	 22 	 0 	 9 	 4 	 1 	 2 	 3 	 4 	 11 	 57 	 62 	 67 	 72 	 77 	 82 	 87 	 92 	 97 	 102 	 107
45 	 23 	 0 	 2 	 2 	 2 	 3 	 11 	 55 	 60 	 65 	 70 	 75 	 80 	 85 	 90 	 95 	 100 	 105
46 	 24 	 0 	 4 	 2 	 8 	 9 	 6 	 3 	 13 	 23 	 33 	 43 	 53
47 	 25 	 0 	 9 	 2 	 5 	 6 	 6 	 3 	 13 	 23 	 33 	 43 	 53
48 	 26 	 0 	 7 	 2 	 12 	 13 	 11 	 4 	 9 	 14 	 19 	 24 	 29 	 34 	 39 	 44 	 49 	 54
49 	 27 	 0 	 6 	 2 	 7 	 8 	 11 	 3 	 8 	 13 	 18 	 23 	 28 	 33 	 38 	 43 	 48 	 53
50 	 27 	 0 	 10 	 2 	 9 	 10 	 11 	 3 	 8 	 13 	 18 	 23 	 28 	 33 	 38 	 43 	 48 	 53
51 	 27 	 0 	 7 	 2 	 11 	 12 	 11 	 3 	 8 	 13 	 18 	 23 	 28 	 33 	 38 	 43 	 48 	 53
52 	 27 	 0 	 8 	 2 	 13 	 14 	 11 	 3 	 8 	 13 	 18 	 23 	 28 	 33 	 38 	 43 	 48 	 53
53 	 27 	 0 	 7 	 2 	 15 	 16 	 11 	 3 	 8 	 13 	 18 	 23 	 28 	 33 	 38 	 43 	 48 	 53
54 	 28 	 0 	 1 	 4 	 9 	 10 	 11 	 12 	 5 	 62 	 72 	 82 	 92 	 102
55 	 29 	 0 	 8 	 2 	 7 	 8 	 11 	 1 	 6 	 11 	 16 	 21 	 26 	 31 	 36 	 41 	 46 	 51
56 	 30 	 0 	 3 	 4 	 1 	 2 	 3 	 4 	 11 	 3 	 8 	 13 	 18 	 23 	 28 	 33 	 38 	 43 	 48 	 53
57 	 31 	 0 	 4 	 4 	 8 	 9 	 10 	 11 	 5 	 61 	 71 	 81 	 91 	 101
58 	 32 	 0 	 10 	 4 	 9 	 10 	 11 	 12 	 6 	 4 	 14 	 24 	 34 	 44 	 54
59 	 33 	 0 	 7 	 2 	 0 	 1 	 6 	 1 	 11 	 21 	 31 	 41 	 51
60 	 33 	 0 	 5 	 2 	 2 	 3 	 6 	 1 	 11 	 21 	 31 	 41 	 51
61 	 33 	 0 	 3 	 2 	 4 	 5 	 6 	 1 	 11 	 21 	 31 	 41 	 51
62 	 33 	 0 	 7 	 2 	 6 	 7 	 6 	 1 	 11 	 21 	 31 	 41 	 51
63 	 33 	 0 	 10 	 2 	 8 	 9 	 6 	 1 	 11 	 21 	 31 	 41 	 51
64 	 34 	 0 	 9 	 2 	 6 	 7 	 5 	 8 	 18 	 28 	 38 	 48
65 	 34 	 0 	 6 	 2 	 8 	 9 	 5 	 8 	 18 	 28 	 38 	 48
66 	 34 	 0 	 8 	 2 	 10 	 11 	 5 	 8 	 18 	 28 	 38 	 48
67 	 34 	 0 	 8 	 2 	 12 	 13 	 5 	 8 	 18 	 28 	 38 	 48
68 	 34 	 0 	 2 	 2 	 14 	 15 	 5 	 8 	 18 	 28 	 38 	 48
69 	 34 	 0 	 3 	 2 	 16 	 17 	 5 	 8 	 18 	 28 	 38 	 48
70 	 35 	 0 	 3 	 2 	 1 	 2 	 5 	 5 	 15 	 25 	 35 	 45
71 	 35 	 0 	 5 	 2 	 3 	 4 	 5 	 5 	 15 	 25 	 35 	 45
72 	 35 	 0 	 9 	 2 	 5 	 6 	 5 	 5 	 15 	 25 	 35 	 45
73 	 35 	 0 	 4 	 2 	 7 	 8 	 5 	 5 	 15 	 25 	 35 	 45
74 	 35 	 0 	 2 	 2 	 9 	 10 	 5 	 5 	 15 	 25 	 35 	 45
75 	 35 	 0 	 2 	 2 	 11 	 12 	 5 	 5 	 15 	 25 	 35 	 45
76 	 35 	 0 	 4 	 2 	 13 	 14 	 5 	 5 	 15 	 25 	 35 	 45
77 	 36 	 0 	 4 	 4 	 2 	 3 	 4 	 5 	 11 	 57 	 62 	 67 	 72 	 77 	 82 	 87 	 92 	 97 	 102 	 107
78 	 37 	 0 	 1 	 2 	 11 	 12 	 5 	 8 	 18 	 28 	 38 	 48
79 	 37 	 0 	 8 	 2 	 1 	 2 	 5 	 6 	 16 	 26 	 36 	 46
80 	 38 	 0 	 2 	 2 	 2 	 3 	 11 	 56 	 61 	 66 	 71 	 76 	 81 	 86 	 91 	 96 	 101 	 106
81 	 39 	 0 	 3 	 2 	 9 	 10 	 6 	 55 	 65 	 75 	 85 	 95 	 105
82 	 40 	 0 	 6 	 4 	 13 	 14 	 15 	 16 	 11 	 3 	 8 	 13 	 18 	 23 	 28 	 33 	 38 	 43 	 48 	 53
83 	 41 	 1 	 5 	 4 	 11 	 12 	 13 	 14 	 11 	 57 	 62 	 67 	 72 	 77 	 82 	 87 	 92 	 97 	 102 	 107
84 	 42 	 0 	 7 	 2 	 8 	 9 	 6 	 59 	 69 	 79 	 89 	 99 	 109
85 	 43 	 0 	 8 	 2 	 8 	 9 	 6 	 57 	 67 	 77 	 87 	 97 	 107
86 	 43 	 0 	 1 	 2 	 14 	 15 	 6 	 55 	 65 	 75 	 85 	 95 	 105
87 	 44 	 0 	 3 	 2 	 2 	 3 	 11 	 3 	 8 	 13 	 18 	 23 	 28 	 33 	 38 	 43 	 48 	 53
88 	 45 	 0 	 10 	 2 	 0 	 1 	 11 	 58 	 63 	 68 	 73 	 78 	 83 	 88 	 93 	 98 	 103 	 108
89 	 46 	 0 	 3 	 4 	 2 	 3 	 4 	 5 	 5 	 62 	 72 	 82 	 92 	 102
90 	 47 	 0 	 4 	 2 	 14 	 15 	 5 	 8 	 18 	 28 	 38 	 48
91 	 48 	 0 	 2 	 2 	 3 	 4 	 6 	 55 	 65 	 75 	 85 	 95 	 105
92 	 48 	 0 	 1 	 2 	 5 	 6 	 6 	 55 	 65 	 75 	 85 	 95 	 105
93 	 48 	 0 	 3 	 2 	 7 	 8 	 6 	 55 	 65 	 75 	 85 	 95 	 105
94 	 48 	 0 	 6 	 2 	 9 	 10 	 6 	 55 	 65 	 75 	 85 	 95 	 105
95 	 49 	 0 	 9 	 2 	 13 	 14 	 6 	 57 	 67 	 77 	 87 	 97 	 107
96 	 49 	 0 	 6 	 4 	 7 	 8 	 9 	 10 	 6 	 55 	 65 	 75 	 85 	 95 	 105
97 	 50 	 0 	 7 	 2 	 1 	 2 	 6 	 59 	 69 	 79 	 89 	 99 	 109
98 	 50 	 0 	 9 	 2 	 3 	 4 	 6 	 55 	 65 	 75 	 85 	 95 	 105
99 	 50 	 0 	 5 	 2 	 5 	 6 	 6 	 58 	 68 	 78 	 88 	 98 	 108
100 	 51 	 0 	 2 	 2 	 14 	 15 	 6 	 55 	 65 	 75 	 85 	 95 	 105
101 	 52 	 0 	 9 	 2 	 14 	 15 	 5 	 60 	 70 	 80 	 90 	 100
102 	 52 	 0 	 10 	 2 	 8 	 9 	 5 	 64 	 74 	 84 	 94 	 104
103 	 53 	 0 	 8 	 4 	 0 	 1 	 2 	 3 	 5 	 5 	 15 	 25 	 35 	 45
104 	 54 	 0 	 4 	 2 	 12 	 13 	 6 	 59 	 69 	 79 	 89 	 99 	 109
105 	 55 	 2 	 2 	 4 	 8 	 9 	 10 	 11 	 6 	 1 	 11 	 21 	 31 	 41 	 51
106 	 56 	 0 	 4 	 4 	 10 	 11 	 12 	 13 	 6 	 56 	 66 	 76 	 86 	 96 	 106
107 	 57 	 0 	 1 	 2 	 0 	 1 	 5 	 6 	 16 	 26 	 36 	 46
108 	 57 	 0 	 6 	 2 	 2 	 3 	 5 	 6 	 16 	 26 	 36 	 46
109 	 57 	 0 	 3 	 2 	 4 	 5 	 5 	 6 	 16 	 26 	 36 	 46
110 	 57 	 0 	 8 	 2 	 6 	 7 	 5 	 6 	 16 	 26 	 36 	 46
111 	 57 	 0 	 6 	 2 	 8 	 9 	 5 	 6 	 16 	 26 	 36 	 46
112 	 57 	 0 	 3 	 2 	 10 	 11 	 5 	 6 	 16 	 26 	 36 	 46
113 	 57 	 0 	 5 	 2 	 12 	 13 	 5 	 6 	 16 	 26 	 36 	 46
114 	 57 	 0 	 7 	 2 	 14 	 15 	 5 	 6 	 16 	 26 	 36 	 46
115 	 58 	 0 	 5 	 2 	 0 	 1 	 11 	 59 	 64 	 69 	 74 	 79 	 84 	 89 	 94 	 99 	 104 	 109
116 	 59 	 0 	 1 	 2 	 1 	 2 	 11 	 2 	 7 	 12 	 17 	 22 	 27 	 32 	 37 	 42 	 47 	 52
117 	 60 	 0 	 5 	 2 	 0 	 1 	 5 	 62 	 72 	 82 	 92 	 102
118 	 60 	 0 	 3 	 2 	 2 	 3 	 5 	 62 	 72 	 82 	 92 	 102
119 	 60 	 0 	 7 	 2 	 4 	 5 	 5 	 62 	 72 	 82 	 92 	 102
120 	 60 	 0 	 9 	 2 	 6 	 7 	 5 	 62 	 72 	 82 	 92 	 102
121 	 60 	 0 	 3 	 2 	 8 	 9 	 5 	 62 	 72 	 82 	 92 	 102
122 	 60 	 0 	 5 	 2 	 10 	 11 	 5 	 62 	 72 	 82 	 92 	 102
123 	 60 	 0 	 1 	 2 	 12 	 13 	 5 	 62 	 72 	 82 	 92 	 102
124 	 60 	 0 	 10 	 2 	 14 	 15 	 5 	 62 	 72 	 82 	 92 	 102
125 	 60 	 0 	 8 	 2 	 16 	 17 	 5 	 62 	 72 	 82 	 92 	 102
126 	 61 	 0 	 10 	 2 	 1 	 2 	 6 	 59 	 69 	 79 	 89 	 99 	 109
127 	 61 	 0 	 1 	 2 	 3 	 4 	 6 	 59 	 69 	 79 	 89 	 99 	 109
128 	 61 	 0 	 3 	 2 	 5 	 6 	 6 	 59 	 69 	 79 	 89 	 99 	 109
129 	 61 	 0 	 8 	 2 	 7 	 8 	 6 	 59 	 69 	 79 	 89 	 99 	 109
130 	 61 	 0 	 9 	 2 	 9 	 10 	 6 	 59 	 69 	 79 	 89 	 99 	 109
131 	 61 	 0 	 1 	 2 	 11 	 12 	 6 	 59 	 69 	 79 	 89 	 99 	 109
132 	 61 	 0 	 7 	 2 	 13 	 14 	 6 	 59 	 69 	 79 	 89 	 99 	 109
133 	 61 	 0 	 6 	 2 	 15 	 16 	 6 	 59 	 69 	 79 	 89 	 99 	 109
134 	 62 	 0 	 3 	 4 	 5 	 6 	 7 	 8 	 5 	 62 	 72 	 82 	 92 	 102
135 	 62 	 0 	 6 	 2 	 3 	 4 	 5 	 63 	 73 	 83 	 93 	 103
136 	 63 	 0 	 4 	 4 	 5 	 6 	 7 	 8 	 6 	 58 	 68 	 78 	 88 	 98 	 108
137 	 64 	 0 	 4 	 2 	 2 	 3 	 6 	 59 	 69 	 79 	 89 	 99 	 109
138 	 64 	 0 	 6 	 2 	 4 	 5 	 6 	 59 	 69 	 79 	 89 	 99 	 109
139 	 64 	 0 	 3 	 2 	 6 	 7 	 6 	 59 	 69 	 79 	 89 	 99 	 109
140 	 64 	 0 	 7 	 2 	 8 	 9 	 6 	 59 	 69 	 79 	 89 	 99 	 109
141 	 65 	 0 	 2 	 2 	 5 	 6 	 11 	 59 	 64 	 69 	 74 	 79 	 84 	 89 	 94 	 99 	 104 	 109
142 	 66 	 0 	 8 	 2 	 5 	 6 	 6 	 58 	 68 	 78 	 88 	 98 	 108
143 	 66 	 0 	 1 	 2 	 6 	 7 	 6 	 57 	 67 	 77 	 87 	 97 	 107
144 	 67 	 0 	 10 	 2 	 10 	 11 	 11 	 2 	 7 	 12 	 17 	 22 	 27 	 32 	 37 	 42 	 47 	 52
145 	 68 	 0 	 2 	 2 	 6 	 7 	 6 	 58 	 68 	 78 	 88 	 98 	 108
146 	 68 	 0 	 5 	 4 	 11 	 12 	 13 	 14 	 6 	 57 	 67 	 77 	 87 	 97 	 107
147 	 69 	 0 	 10 	 4 	 9 	 10 	 11 	 12 	 6 	 1 	 11 	 21 	 31 	 41 	 51
148 	 70 	 0 	 2 	 2 	 13 	 14 	 5 	 7 	 17 	 27 	 37 	 47
149 	 71 	 0 	 2 	 2 	 10 	 11 	 5 	 9 	 19 	 29 	 39 	 49
150 	 72 	 0 	 8 	 2 	 14 	 15 	 5 	 63 	 73 	 83 	 93 	 103
151 	 73 	 0 	 3 	 2 	 0 	 1 	 11 	 2 	 7 	 12 	 17 	 22 	 27 	 32 	 37 	 42 	 47 	 52
152 	 74 	 0 	 10 	 2 	 4 	 5 	 11 	 55 	 60 	 65 	 70 	 75 	 80 	 85 	 90 	 95 	 100 	 105
153 	 75 	 0 	 6 	 2 	 3 	 4 	 5 	 61 	 71 	 81 	 91 	 101
154 	 76 	 0 	 3 	 2 	 9 	 10 	 11 	 0 	 5 	 10 	 15 	 20 	 25 	 30 	 35 	 40 	 45 	 50
155 	 77 	 0 	 6 	 2 	 16 	 17 	 11 	 56 	 61 	 66 	 71 	 76 	 81 	 86 	 91 	 96 	 101 	 106
156 	 78 	 1 	 3 	 2 	 0 	 1 	 5 	 5 	 15 	 25 	 35 	 45
157 	 79 	 0 	 6 	 2 	 10 	 11 	 6 	 2 	 12 	 22 	 32 	 42 	 52
158 	 80 	 0 	 7 	 2 	 0 	 1 	 11 	 4 	 9 	 14 	 19 	 24 	 29 	 34 	 39 	 44 	 49 	 54
159 	 81 	 0 	 9 	 4 	 9 	 10 	 11 	 12 	 5 	 5 	 15 	 25 	 35 	 45
160 	 82 	 0 	 8 	 2 	 10 	 11 	 5 	 64 	 74 	 84 	 94 	 104
161 	 83 	 0 	 9 	 2 	 13 	 14 	 5 	 9 	 19 	 29 	 39 	 49
162 	 84 	 1 	 3 	 2 	 8 	 9 	 5 	 5 	 15 	 25 	 35 	 45
163 	 85 	 0 	 5 	 2 	 15 	 16 	 6 	 2 	 12 	 22 	 32 	 42 	 52
164 	 86 	 0 	 2 	 6 	 1 	 2 	 3 	 4 	 5 	 6 	 5 	 7 	 17 	 27 	 37 	 47
165 	 87 	 0 	 8 	 2 	 9 	 10 	 6 	 55 	 65 	 75 	 85 	 95 	 105
166 	 88 	 0 	 10 	 2 	 2 	 3 	 11 	 59 	 64 	 69 	 74 	 79 	 84 	 89 	 94 	 99 	 104 	 109
167 	 89 	 1 	 3 	 2 	 15 	 16 	 6 	 0 	 10 	 20 	 30 	 40 	 50
168 	 90 	 0 	 8 	 4 	 8 	 9 	 10 	 11 	 6 	 59 	 69 	 79 	 89 	 99 	 109
169 	 91 	 0 	 1 	 2 	 7 	 8 	 11 	 2 	 7 	 12 	 17 	 22 	 27 	 32 	 37 	 42 	 47 	 52
170 	 91 	 0 	 5 	 2 	 9 	 10 	 11 	 4 	 9 	 14 	 19 	 24 	 29 	 34 	 39 	 44 	 49 	 54
171 	 92 	 2 	 5 	 2 	 0 	 1 	 6 	 0 	 10 	 20 	 30 	 40 	 50
172 	 93 	 0 	 3 	 2 	 6 	 7 	 5 	 64 	 74 	 84 	 94 	 104
173 	 93 	 0 	 4 	 2 	 8 	 9 	 5 	 64 	 74 	 84 	 94 	 104
174 	 93 	 0 	 4 	 2 	 10 	 11 	 5 	 64 	 74 	 84 	 94 	 104
175 	 93 	 0 	 4 	 2 	 12 	 13 	 5 	 64 	 74 	 84 	 94 	 104
176 	 94 	 0 	 1 	 2 	 1 	 2 	 5 	 5 	 15 	 25 	 35 	 45
177 	 94 	 0 	 10 	 2 	 3 	 4 	 5 	 5 	 15 	 25 	 35 	 45
178 	 94 	 0 	 8 	 2 	 5 	 6 	 5 	 5 	 15 	 25 	 35 	 45
179 	 94 	 0 	 9 	 2 	 7 	 8 	 5 	 5 	 15 	 25 	 35 	 45
180 	 94 	 0 	 10 	 2 	 9 	 10 	 5 	 5 	 15 	 25 	 35 	 45
181 	 94 	 0 	 5 	 2 	 11 	 12 	 5 	 5 	 15 	 25 	 35 	 45
182 	 94 	 0 	 8 	 2 	 13 	 14 	 5 	 5 	 15 	 25 	 35 	 45
183 	 94 	 0 	 10 	 2 	 15 	 16 	 5 	 5 	 15 	 25 	 35 	 45
184 	 95 	 0 	 3 	 2 	 4 	 5 	 11 	 58 	 63 	 68 	 73 	 78 	 83 	 88 	 93 	 98 	 103 	 108
185 	 96 	 0 	 8 	 2 	 7 	 8 	 5 	 7 	 17 	 27 	 37 	 47
186 	 97 	 0 	 6 	 4 	 8 	 9 	 10 	 11 	 11 	 2 	 7 	 12 	 17 	 22 	 27 	 32 	 37 	 42 	 47 	 52
187 	 98 	 0 	 5 	 2 	 5 	 6 	 6 	 57 	 67 	 77 	 87 	 97 	 107
188 	 99 	 0 	 8 	 4 	 1 	 2 	 3 	 4 	 11 	 55 	 60 	 65 	 70 	 75 	 80 	 85 	 90 	 95 	 100 	 105
189 	 100 	 0 	 10 	 2 	 9 	 10 	 5 	 6 	 16 	 26 	 36 	 46
190 	 101 	 0 	 10 	 2 	 9 	 10 	 5 	 62 	 72 	 82 	 92 	 102
191 	 101 	 0 	 2 	 2 	 13 	 14 	 5 	 60 	 70 	 80 	 90 	 100
192 	 102 	 0 	 10 	 2 	 3 	 4 	 6 	 3 	 13 	 23 	 33 	 43 	 53
193 	 102 	 0 	 8 	 2 	 5 	 6 	 6 	 3 	 13 	 23 	 33 	 43 	 53
194 	 102 	 0 	 4 	 2 	 7 	 8 	 6 	 3 	 13 	 23 	 33 	 43 	 53
195 	 102 	 0 	 8 	 2 	 9 	 10 	 6 	 3 	 13 	 23 	 33 	 43 	 53
196 	 103 	 0 	 3 	 6 	 2 	 3 	 4 	 5 	 6 	 7 	 6 	 2 	 12 	 22 	 32 	 42 	 52
197 	 104 	 0 	 10 	 2 	 2 	 3 	 11 	 56 	 61 	 66 	 71 	 76 	 81 	 86 	 91 	 96 	 101 	 106
198 	 104 	 0 	 8 	 2 	 0 	 1 	 11 	 57 	 62 	 67 	 72 	 77 	 82 	 87 	 92 	 97 	 102 	 107
199 	 105 	 0 	 9 	 4 	 10 	 11 	 12 	 13 	 6 	 58 	 68 	 78 	 88 	 98 	 108
200 	 106 	 0 	 7 	 4 	 10 	 11 	 12 	 13 	 11 	 56 	 61 	 66 	 71 	 76 	 81 	 86 	 91 	 96 	 101 	 106
201 	 107 	 0 	 6 	 2 	 0 	 1 	 5 	 7 	 17 	 27 	 37 	 47
202 	 108 	 0 	 10 	 2 	 8 	 9 	 5 	 7 	 17 	 27 	 37 	 47
203 	 109 	 0 	 9 	 2 	 9 	 10 	 6 	 0 	 10 	 20 	 30 	 40 	 50
204 	 109 	 0 	 8 	 4 	 1 	 2 	 3 	 4 	 6 	 1 	 11 	 21 	 31 	 41 	 51
205 	 109 	 0 	 7 	 2 	 16 	 17 	 6 	 3 	 13 	 23 	 33 	 43 	 53
206 	 110 	 0 	 8 	 4 	 7 	 8 	 9 	 10 	 5 	 6 	 16 	 26 	 36 	 46
207 	 111 	 0 	 3 	 2 	 7 	 8 	 11 	 55 	 60 	 65 	 70 	 75 	 80 	 85 	 90 	 95 	 100 	 105
208 	 111 	 0 	 2 	 2 	 9 	 10 	 11 	 55 	 60 	 65 	 70 	 75 	 80 	 85 	 90 	 95 	 100 	 105
209 	 111 	 0 	 8 	 2 	 11 	 12 	 11 	 55 	 60 	 65 	 70 	 75 	 80 	 85 	 90 	 95 	 100 	 105
210 	 111 	 0 	 4 	 2 	 13 	 14 	 11 	 55 	 60 	 65 	 70 	 75 	 80 	 85 	 90 	 95 	 100 	 105
211 	 112 	 2 	 4 	 2 	 4 	 5 	 11 	 57 	 62 	 67 	 72 	 77 	 82 	 87 	 92 	 97 	 102 	 107
212 	 112 	 2 	 9 	 2 	 6 	 7 	 11 	 57 	 62 	 67 	 72 	 77 	 82 	 87 	 92 	 97 	 102 	 107
213 	 112 	 2 	 9 	 2 	 8 	 9 	 11 	 57 	 62 	 67 	 72 	 77 	 82 	 87 	 92 	 97 	 102 	 107
214 	 112 	 2 	 6 	 2 	 10 	 11 	 11 	 57 	 62 	 67 	 72 	 77 	 82 	 87 	 92 	 97 	 102 	 107
215 	 112 	 2 	 7 	 2 	 12 	 13 	 11 	 57 	 62 	 67 	 72 	 77 	 82 	 87 	 92 	 97 	 102 	 107
216 	 112 	 2 	 4 	 2 	 14 	 15 	 11 	 57 	 62 	 67 	 72 	 77 	 82 	 87 	 92 	 97 	 102 	 107
217 	 112 	 2 	 3 	 2 	 16 	 17 	 11 	 57 	 62 	 67 	 72 	 77 	 82 	 87 	 92 	 97 	 102 	 107
218 	 113 	 0 	 2 	 2 	 14 	 15 	 11 	 2 	 7 	 12 	 17 	 22 	 27 	 32 	 37 	 42 	 47 	 52
219 	 114 	 0 	 9 	 2 	 0 	 1 	 6 	 1 	 11 	 21 	 31 	 41 	 51
220 	 114 	 0 	 4 	 2 	 2 	 3 	 6 	 1 	 11 	 21 	 31 	 41 	 51
221 	 114 	 0 	 6 	 2 	 4 	 5 	 6 	 1 	 11 	 21 	 31 	 41 	 51
222 	 114 	 0 	 6 	 2 	 6 	 7 	 6 	 1 	 11 	 21 	 31 	 41 	 51
223 	 114 	 0 	 4 	 2 	 8 	 9 	 6 	 1 	 11 	 21 	 31 	 41 	 51
224 	 114 	 0 	 8 	 2 	 10 	 11 	 6 	 1 	 11 	 21 	 31 	 41 	 51
225 	 114 	 0 	 7 	 2 	 12 	 13 	 6 	 1 	 11 	 21 	 31 	 41 	 51
226 	 114 	 0 	 5 	 2 	 14 	 15 	 6 	 1 	 11 	 21 	 31 	 41 	 51
227 	 114 	 0 	 2 	 2 	 16 	 17 	 6 	 1 	 11 	 21 	 31 	 41 	 51
228 	 115 	 0 	 7 	 2 	 3 	 4 	 11 	 58 	 63 	 68 	 73 	 78 	 83 	 88 	 93 	 98 	 103 	 108
229 	 116 	 0 	 2 	 2 	 3 	 4 	 5 	 8 	 18 	 28 	 38 	 48
230 	 116 	 0 	 7 	 2 	 5 	 6 	 5 	 8 	 18 	 28 	 38 	 48
231 	 116 	 0 	 7 	 2 	 7 	 8 	 5 	 8 	 18 	 28 	 38 	 48
232 	 116 	 0 	 4 	 2 	 9 	 10 	 5 	 8 	 18 	 28 	 38 	 48
233 	 116 	 0 	 2 	 2 	 11 	 12 	 5 	 8 	 18 	 28 	 38 	 48
234 	 116 	 0 	 5 	 2 	 13 	 14 	 5 	 8 	 18 	 28 	 38 	 48
235 	 117 	 2 	 8 	 2 	 1 	 2 	 5 	 60 	 70 	 80 	 90 	 100
236 	 118 	 0 	 3 	 4 	 11 	 12 	 13 	 14 	 6 	 0 	 10 	 20 	 30 	 40 	 50
237 	 119 	 0 	 8 	 2 	 13 	 14 	 11 	 4 	 9 	 14 	 19 	 24 	 29 	 34 	 39 	 44 	 49 	 54
238 	 119 	 0 	 5 	 4 	 3 	 4 	 5 	 6 	 11 	 0 	 5 	 10 	 15 	 20 	 25 	 30 	 35 	 40 	 45 	 50
239 	 120 	 0 	 5 	 2 	 9 	 10 	 6 	 58 	 68 	 78 	 88 	 98 	 108
240 	 121 	 0 	 8 	 4 	 1 	 2 	 3 	 4 	 11 	 2 	 7 	 12 	 17 	 22 	 27 	 32 	 37 	 42 	 47 	 52
241 	 122 	 0 	 1 	 2 	 2 	 3 	 11 	 56 	 61 	 66 	 71 	 76 	 81 	 86 	 91 	 96 	 101 	 106
242 	 122 	 0 	 7 	 2 	 4 	 5 	 11 	 56 	 61 	 66 	 71 	 76 	 81 	 86 	 91 	 96 	 101 	 106
243 	 122 	 0 	 5 	 2 	 6 	 7 	 11 	 56 	 61 	 66 	 71 	 76 	 81 	 86 	 91 	 96 	 101 	 106
244 	 122 	 0 	 1 	 2 	 8 	 9 	 11 	 56 	 61 	 66 	 71 	 76 	 81 	 86 	 91 	 96 	 101 	 106
245 	 122 	 0 	 6 	 2 	 10 	 11 	 11 	 56 	 61 	 66 	 71 	 76 	 81 	 86 	 91 	 96 	 101 	 106
246 	 122 	 0 	 10 	 2 	 12 	 13 	 11 	 56 	 61 	 66 	 71 	 76 	 81 	 86 	 91 	 96 	 101 	 106
247 	 122 	 0 	 4 	 2 	 14 	 15 	 11 	 56 	 61 	 66 	 71 	 76 	 81 	 86 	 91 	 96 	 101 	 106
248 	 122 	 0 	 3 	 2 	 16 	 17 	 11 	 56 	 61 	 66 	 71 	 76 	 81 	 86 	 91 	 96 	 101 	 106
249 	 123 	 0 	 6 	 2 	 0 	 1 	 11 	 59 	 64 	 69 	 74 	 79 	 84 	 89 	 94 	 99 	 104 	 109
250 	 123 	 0 	 3 	 2 	 2 	 3 	 11 	 59 	 64 	 69 	 74 	 79 	 84 	 89 	 94 	 99 	 104 	 109
251 	 123 	 0 	 4 	 2 	 4 	 5 	 11 	 59 	 64 	 69 	 74 	 79 	 84 	 89 	 94 	 99 	 104 	 109
252 	 123 	 0 	 5 	 2 	 6 	 7 	 11 	 59 	 64 	 69 	 74 	 79 	 84 	 89 	 94 	 99 	 104 	 109
253 	 123 	 0 	 4 	 2 	 8 	 9 	 11 	 59 	 64 	 69 	 74 	 79 	 84 	 89 	 94 	 99 	 104 	 109
254 	 123 	 0 	 5 	 2 	 10 	 11 	 11 	 59 	 64 	 69 	 74 	 79 	 84 	 89 	 94 	 99 	 104 	 109
255 	 124 	 0 	 5 	 2 	 2 	 3 	 11 	 0 	 5 	 10 	 15 	 20 	 25 	 30 	 35 	 40 	 45 	 50
256 	 124 	 0 	 9 	 2 	 6 	 7 	 11 	 1 	 6 	 11 	 16 	 21 	 26 	 31 	 36 	 41 	 46 	 51
257 	 124 	 0 	 7 	 2 	 1 	 2 	 11 	 4 	 9 	 14 	 19 	 24 	 29 	 34 	 39 	 44 	 49 	 54
258 	 125 	 0 	 10 	 2 	 7 	 8 	 11 	 4 	 9 	 14 	 19 	 24 	 29 	 34 	 39 	 44 	 49 	 54
259 	 126 	 0 	 8 	 2 	 8 	 9 	 6 	 3 	 13 	 23 	 33 	 43 	 53
260 	 126 	 0 	 6 	 2 	 7 	 8 	 6 	 1 	 11 	 21 	 31 	 41 	 51
261 	 126 	 0 	 9 	 2 	 6 	 7 	 6 	 4 	 14 	 24 	 34 	 44 	 54
262 	 127 	 0 	 6 	 2 	 13 	 14 	 5 	 8 	 18 	 28 	 38 	 48
263 	 128 	 0 	 3 	 2 	 0 	 1 	 6 	 1 	 11 	 21 	 31 	 41 	 51
264 	 128 	 0 	 3 	 2 	 2 	 3 	 6 	 1 	 11 	 21 	 31 	 41 	 51
265 	 128 	 0 	 7 	 2 	 4 	 5 	 6 	 1 	 11 	 21 	 31 	 41 	 51
266 	 128 	 0 	 1 	 2 	 6 	 7 	 6 	 1 	 11 	 21 	 31 	 41 	 51
267 	 128 	 0 	 8 	 2 	 8 	 9 	 6 	 1 	 11 	 21 	 31 	 41 	 51
268 	 128 	 0 	 5 	 2 	 10 	 11 	 6 	 1 	 11 	 21 	 31 	 41 	 51
269 	 128 	 0 	 7 	 2 	 12 	 13 	 6 	 1 	 11 	 21 	 31 	 41 	 51
270 	 128 	 0 	 10 	 2 	 14 	 15 	 6 	 1 	 11 	 21 	 31 	 41 	 51
271 	 128 	 0 	 6 	 2 	 16 	 17 	 6 	 1 	 11 	 21 	 31 	 41 	 51
272 	 129 	 0 	 2 	 2 	 8 	 9 	 11 	 55 	 60 	 65 	 70 	 75 	 80 	 85 	 90 	 95 	 100 	 105
273 	 129 	 0 	 3 	 2 	 10 	 11 	 11 	 55 	 60 	 65 	 70 	 75 	 80 	 85 	 90 	 95 	 100 	 105
274 	 129 	 0 	 6 	 2 	 12 	 13 	 11 	 55 	 60 	 65 	 70 	 75 	 80 	 85 	 90 	 95 	 100 	 105
275 	 129 	 0 	 3 	 2 	 14 	 15 	 11 	 55 	 60 	 65 	 70 	 75 	 80 	 85 	 90 	 95 	 100 	 105
276 	 130 	 0 	 5 	 2 	 2 	 3 	 6 	 58 	 68 	 78 	 88 	 98 	 108
277 	 130 	 0 	 1 	 2 	 4 	 5 	 6 	 58 	 68 	 78 	 88 	 98 	 108
278 	 130 	 0 	 10 	 2 	 6 	 7 	 6 	 58 	 68 	 78 	 88 	 98 	 108
279 	 130 	 0 	 6 	 2 	 8 	 9 	 6 	 58 	 68 	 78 	 88 	 98 	 108
280 	 130 	 0 	 7 	 2 	 10 	 11 	 6 	 58 	 68 	 78 	 88 	 98 	 108
281 	 130 	 0 	 1 	 2 	 12 	 13 	 6 	 58 	 68 	 78 	 88 	 98 	 108
282 	 130 	 0 	 5 	 2 	 14 	 15 	 6 	 58 	 68 	 78 	 88 	 98 	 108
283 	 131 	 0 	 4 	 2 	 8 	 9 	 5 	 7 	 17 	 27 	 37 	 47
284 	 131 	 0 	 7 	 2 	 0 	 1 	 5 	 6 	 16 	 26 	 36 	 46
285 	 132 	 0 	 2 	 2 	 2 	 3 	 5 	 63 	 73 	 83 	 93 	 103
286 	 133 	 0 	 5 	 2 	 10 	 11 	 11 	 0 	 5 	 10 	 15 	 20 	 25 	 30 	 35 	 40 	 45 	 50
287 	 134 	 0 	 8 	 2 	 15 	 16 	 11 	 55 	 60 	 65 	 70 	 75 	 80 	 85 	 90 	 95 	 100 	 105
288 	 135 	 0 	 10 	 2 	 0 	 1 	 5 	 60 	 70 	 80 	 90 	 100
289 	 135 	 0 	 2 	 2 	 10 	 11 	 5 	 64 	 74 	 84 	 94 	 104
290 	 135 	 0 	 4 	 4 	 5 	 6 	 7 	 8 	 5 	 62 	 72 	 82 	 92 	 102
291 	 136 	 2 	 3 	 2 	 11 	 12 	 6 	 55 	 65 	 75 	 85 	 95 	 105
292 	 137 	 0 	 8 	 2 	 6 	 7 	 11 	 2 	 7 	 12 	 17 	 22 	 27 	 32 	 37 	 42 	 47 	 52
293 	 138 	 0 	 9 	 2 	 1 	 2 	 5 	 7 	 17 	 27 	 37 	 47
294 	 139 	 2 	 8 	 2 	 3 	 4 	 5 	 5 	 15 	 25 	 35 	 45
295 	 139 	 2 	 2 	 2 	 5 	 6 	 5 	 5 	 15 	 25 	 35 	 45
296 	 139 	 2 	 8 	 2 	 7 	 8 	 5 	 5 	 15 	 25 	 35 	 45
297 	 139 	 2 	 8 	 2 	 9 	 10 	 5 	 5 	 15 	 25 	 35 	 45
298 	 139 	 2 	 4 	 2 	 11 	 12 	 5 	 5 	 15 	 25 	 35 	 45
299 	 139 	 2 	 6 	 2 	 13 	 14 	 5 	 5 	 15 	 25 	 35 	 45
300 	 140 	 0 	 7 	 2 	 4 	 5 	 6 	 56 	 66 	 76 	 86 	 96 	 106
301 	 140 	 0 	 5 	 2 	 1 	 2 	 6 	 59 	 69 	 79 	 89 	 99 	 109
302 	 141 	 0 	 9 	 2 	 2 	 3 	 5 	 7 	 17 	 27 	 37 	 47
303 	 142 	 0 	 9 	 2 	 5 	 6 	 6 	 57 	 67 	 77 	 87 	 97 	 107
304 	 143 	 0 	 3 	 2 	 10 	 11 	 5 	 62 	 72 	 82 	 92 	 102
305 	 144 	 0 	 7 	 4 	 11 	 12 	 13 	 14 	 6 	 1 	 11 	 21 	 31 	 41 	 51
306 	 145 	 0 	 3 	 2 	 0 	 1 	 5 	 63 	 73 	 83 	 93 	 103
307 	 145 	 0 	 6 	 2 	 2 	 3 	 5 	 63 	 73 	 83 	 93 	 103
308 	 145 	 0 	 8 	 2 	 4 	 5 	 5 	 63 	 73 	 83 	 93 	 103
309 	 145 	 0 	 1 	 2 	 6 	 7 	 5 	 63 	 73 	 83 	 93 	 103
310 	 145 	 0 	 2 	 2 	 8 	 9 	 5 	 63 	 73 	 83 	 93 	 103
311 	 145 	 0 	 6 	 2 	 10 	 11 	 5 	 63 	 73 	 83 	 93 	 103
312 	 146 	 2 	 7 	 4 	 12 	 13 	 14 	 15 	 5 	 63 	 73 	 83 	 93 	 103
313 	 147 	 1 	 1 	 2 	 7 	 8 	 5 	 6 	 16 	 26 	 36 	 46
314 	 148 	 0 	 8 	 2 	 16 	 17 	 11 	 3 	 8 	 13 	 18 	 23 	 28 	 33 	 38 	 43 	 48 	 53
315 	 149 	 0 	 8 	 4 	 13 	 14 	 15 	 16 	 6 	 56 	 66 	 76 	 86 	 96 	 106
316 	 150 	 0 	 7 	 2 	 15 	 16 	 5 	 6 	 16 	 26 	 36 	 46
317 	 150 	 0 	 2 	 2 	 4 	 5 	 5 	 5 	 15 	 25 	 35 	 45
318 	 151 	 0 	 8 	 4 	 3 	 4 	 5 	 6 	 5 	 60 	 70 	 80 	 90 	 100
319 	 151 	 0 	 5 	 2 	 13 	 14 	 5 	 62 	 72 	 82 	 92 	 102
320 	 152 	 0 	 5 	 2 	 3 	 4 	 6 	 2 	 12 	 22 	 32 	 42 	 52
321 	 153 	 0 	 6 	 2 	 13 	 14 	 5 	 5 	 15 	 25 	 35 	 45
322 	 154 	 0 	 10 	 2 	 16 	 17 	 5 	 7 	 17 	 27 	 37 	 47
323 	 154 	 0 	 5 	 4 	 9 	 10 	 11 	 12 	 5 	 8 	 18 	 28 	 38 	 48
324 	 155 	 0 	 5 	 2 	 2 	 3 	 11 	 55 	 60 	 65 	 70 	 75 	 80 	 85 	 90 	 95 	 100 	 105
325 	 156 	 0 	 6 	 2 	 7 	 8 	 5 	 61 	 71 	 81 	 91 	 101
326 	 156 	 0 	 4 	 2 	 9 	 10 	 5 	 61 	 71 	 81 	 91 	 101
327 	 156 	 0 	 2 	 2 	 11 	 12 	 5 	 61 	 71 	 81 	 91 	 101
328 	 156 	 0 	 4 	 2 	 13 	 14 	 5 	 61 	 71 	 81 	 91 	 101
329 	 157 	 0 	 10 	 2 	 10 	 11 	 5 	 64 	 74 	 84 	 94 	 104
330 	 157 	 0 	 4 	 2 	 10 	 11 	 5 	 63 	 73 	 83 	 93 	 103
331 	 158 	 0 	 10 	 2 	 0 	 1 	 6 	 55 	 65 	 75 	 85 	 95 	 105
332 	 159 	 0 	 5 	 4 	 4 	 5 	 6 	 7 	 11 	 2 	 7 	 12 	 17 	 22 	 27 	 32 	 37 	 42 	 47 	 52
333 	 160 	 0 	 8 	 2 	 4 	 5 	 6 	 2 	 12 	 22 	 32 	 42 	 52
334 	 161 	 0 	 1 	 2 	 0 	 1 	 11 	 59 	 64 	 69 	 74 	 79 	 84 	 89 	 94 	 99 	 104 	 109
335 	 161 	 0 	 4 	 2 	 2 	 3 	 11 	 59 	 64 	 69 	 74 	 79 	 84 	 89 	 94 	 99 	 104 	 109
336 	 161 	 0 	 10 	 2 	 4 	 5 	 11 	 59 	 64 	 69 	 74 	 79 	 84 	 89 	 94 	 99 	 104 	 109
337 	 161 	 0 	 5 	 2 	 6 	 7 	 11 	 59 	 64 	 69 	 74 	 79 	 84 	 89 	 94 	 99 	 104 	 109
338 	 161 	 0 	 8 	 2 	 8 	 9 	 11 	 59 	 64 	 69 	 74 	 79 	 84 	 89 	 94 	 99 	 104 	 109
339 	 161 	 0 	 2 	 2 	 10 	 11 	 11 	 59 	 64 	 69 	 74 	 79 	 84 	 89 	 94 	 99 	 104 	 109
340 	 161 	 0 	 6 	 2 	 12 	 13 	 11 	 59 	 64 	 69 	 74 	 79 	 84 	 89 	 94 	 99 	 104 	 109
341 	 161 	 0 	 5 	 2 	 14 	 15 	 11 	 59 	 64 	 69 	 74 	 79 	 84 	 89 	 94 	 99 	 104 	 109
342 	 161 	 0 	 2 	 2 	 16 	 17 	 11 	 59 	 64 	 69 	 74 	 79 	 84 	 89 	 94 	 99 	 104 	 109
343 	 162 	 0 	 1 	 2 	 12 	 13 	 6 	 55 	 65 	 75 	 85 	 95 	 105
344 	 163 	 0 	 9 	 2 	 6 	 7 	 11 	 59 	 64 	 69 	 74 	 79 	 84 	 89 	 94 	 99 	 104 	 109
345 	 163 	 0 	 9 	 2 	 10 	 11 	 11 	 58 	 63 	 68 	 73 	 78 	 83 	 88 	 93 	 98 	 103 	 108
346 	 164 	 0 	 2 	 2 	 5 	 6 	 5 	 8 	 18 	 28 	 38 	 48
347 	 164 	 0 	 5 	 2 	 7 	 8 	 5 	 8 	 18 	 28 	 38 	 48
348 	 164 	 0 	 7 	 2 	 9 	 10 	 5 	 8 	 18 	 28 	 38 	 48
349 	 164 	 0 	 8 	 2 	 11 	 12 	 5 	 8 	 18 	 28 	 38 	 48
350 	 164 	 0 	 2 	 2 	 13 	 14 	 5 	 8 	 18 	 28 	 38 	 48
351 	 164 	 0 	 8 	 2 	 15 	 16 	 5 	 8 	 18 	 28 	 38 	 48
352 	 165 	 0 	 3 	 2 	 5 	 6 	 11 	 3 	 8 	 13 	 18 	 23 	 28 	 33 	 38 	 43 	 48 	 53
353 	 166 	 0 	 7 	 2 	 10 	 11 	 11 	 3 	 8 	 13 	 18 	 23 	 28 	 33 	 38 	 43 	 48 	 53
354 	 167 	 1 	 4 	 2 	 16 	 17 	 5 	 8 	 18 	 28 	 38 	 48
355 	 167 	 1 	 7 	 2 	 13 	 14 	 5 	 9 	 19 	 29 	 39 	 49
356 	 168 	 0 	 7 	 2 	 14 	 15 	 5 	 63 	 73 	 83 	 93 	 103
357 	 168 	 0 	 10 	 2 	 4 	 5 	 5 	 60 	 70 	 80 	 90 	 100
358 	 168 	 0 	 9 	 4 	 5 	 6 	 7 	 8 	 5 	 62 	 72 	 82 	 92 	 102
359 	 169 	 0 	 10 	 4 	 2 	 3 	 4 	 5 	 11 	 2 	 7 	 12 	 17 	 22 	 27 	 32 	 37 	 42 	 47 	 52
360 	 169 	 0 	 4 	 2 	 9 	 10 	 11 	 0 	 5 	 10 	 15 	 20 	 25 	 30 	 35 	 40 	 45 	 50
361 	 169 	 0 	 9 	 2 	 14 	 15 	 11 	 3 	 8 	 13 	 18 	 23 	 28 	 33 	 38 	 43 	 48 	 53
362 	 170 	 0 	 8 	 2 	 7 	 8 	 5 	 63 	 73 	 83 	 93 	 103
363 	 170 	 0 	 6 	 2 	 6 	 7 	 5 	 64 	 74 	 84 	 94 	 104
364 	 170 	 0 	 8 	 2 	 10 	 11 	 5 	 61 	 71 	 81 	 91 	 101
365 	 171 	 0 	 4 	 2 	 4 	 5 	 5 	 5 	 15 	 25 	 35 	 45
366 	 171 	 0 	 10 	 2 	 6 	 7 	 5 	 5 	 15 	 25 	 35 	 45
367 	 171 	 0 	 5 	 2 	 8 	 9 	 5 	 5 	 15 	 25 	 35 	 45
368 	 171 	 0 	 4 	 2 	 10 	 11 	 5 	 5 	 15 	 25 	 35 	 45
369 	 171 	 0 	 1 	 2 	 12 	 13 	 5 	 5 	 15 	 25 	 35 	 45
370 	 172 	 0 	 7 	 2 	 12 	 13 	 11 	 1 	 6 	 11 	 16 	 21 	 26 	 31 	 36 	 41 	 46 	 51
371 	 173 	 0 	 1 	 2 	 8 	 9 	 11 	 4 	 9 	 14 	 19 	 24 	 29 	 34 	 39 	 44 	 49 	 54
372 	 173 	 0 	 9 	 2 	 1 	 2 	 11 	 2 	 7 	 12 	 17 	 22 	 27 	 32 	 37 	 42 	 47 	 52
373 	 173 	 0 	 6 	 2 	 3 	 4 	 11 	 0 	 5 	 10 	 15 	 20 	 25 	 30 	 35 	 40 	 45 	 50
374 	 174 	 0 	 5 	 2 	 12 	 13 	 11 	 3 	 8 	 13 	 18 	 23 	 28 	 33 	 38 	 43 	 48 	 53
375 	 175 	 0 	 7 	 4 	 11 	 12 	 13 	 14 	 11 	 4 	 9 	 14 	 19 	 24 	 29 	 34 	 39 	 44 	 49 	 54
376 	 176 	 0 	 3 	 4 	 12 	 13 	 14 	 15 	 6 	 3 	 13 	 23 	 33 	 43 	 53
377 	 177 	 0 	 6 	 2 	 16 	 17 	 6 	 59 	 69 	 79 	 89 	 99 	 109
378 	 178 	 0 	 4 	 2 	 6 	 7 	 11 	 59 	 64 	 69 	 74 	 79 	 84 	 89 	 94 	 99 	 104 	 109
379 	 178 	 0 	 6 	 2 	 8 	 9 	 11 	 59 	 64 	 69 	 74 	 79 	 84 	 89 	 94 	 99 	 104 	 109
380 	 178 	 0 	 2 	 2 	 10 	 11 	 11 	 59 	 64 	 69 	 74 	 79 	 84 	 89 	 94 	 99 	 104 	 109
381 	 178 	 0 	 10 	 2 	 12 	 13 	 11 	 59 	 64 	 69 	 74 	 79 	 84 	 89 	 94 	 99 	 104 	 109
382 	 178 	 0 	 6 	 2 	 14 	 15 	 11 	 59 	 64 	 69 	 74 	 79 	 84 	 89 	 94 	 99 	 104 	 109
383 	 178 	 0 	 7 	 2 	 16 	 17 	 11 	 59 	 64 	 69 	 74 	 79 	 84 	 89 	 94 	 99 	 104 	 109
384 	 179 	 2 	 5 	 2 	 15 	 16 	 11 	 1 	 6 	 11 	 16 	 21 	 26 	 31 	 36 	 41 	 46 	 51
385 	 180 	 0 	 6 	 2 	 4 	 5 	 11 	 2 	 7 	 12 	 17 	 22 	 27 	 32 	 37 	 42 	 47 	 52
386 	 180 	 0 	 3 	 4 	 9 	 10 	 11 	 12 	 11 	 4 	 9 	 14 	 19 	 24 	 29 	 34 	 39 	 44 	 49 	 54
387 	 181 	 0 	 2 	 2 	 6 	 7 	 5 	 62 	 72 	 82 	 92 	 102
388 	 181 	 0 	 8 	 2 	 8 	 9 	 5 	 62 	 72 	 82 	 92 	 102
389 	 181 	 0 	 4 	 2 	 10 	 11 	 5 	 62 	 72 	 82 	 92 	 102
390 	 181 	 0 	 9 	 2 	 12 	 13 	 5 	 62 	 72 	 82 	 92 	 102
391 	 181 	 0 	 10 	 2 	 14 	 15 	 5 	 62 	 72 	 82 	 92 	 102
392 	 182 	 0 	 8 	 2 	 9 	 10 	 5 	 64 	 74 	 84 	 94 	 104
393 	 183 	 0 	 5 	 2 	 8 	 9 	 6 	 58 	 68 	 78 	 88 	 98 	 108
394 	 184 	 0 	 1 	 2 	 0 	 1 	 5 	 6 	 16 	 26 	 36 	 46
395 	 185 	 0 	 10 	 2 	 0 	 1 	 5 	 61 	 71 	 81 	 91 	 101
396 	 185 	 0 	 6 	 2 	 2 	 3 	 5 	 61 	 71 	 81 	 91 	 101
397 	 185 	 0 	 10 	 2 	 4 	 5 	 5 	 61 	 71 	 81 	 91 	 101
398 	 185 	 0 	 2 	 2 	 6 	 7 	 5 	 61 	 71 	 81 	 91 	 101
399 	 185 	 0 	 3 	 2 	 8 	 9 	 5 	 61 	 71 	 81 	 91 	 101
400 	 185 	 0 	 10 	 2 	 10 	 11 	 5 	 61 	 71 	 81 	 91 	 101
401 	 185 	 0 	 7 	 2 	 12 	 13 	 5 	 61 	 71 	 81 	 91 	 101
402 	 185 	 0 	 9 	 2 	 14 	 15 	 5 	 61 	 71 	 81 	 91 	 101
403 	 185 	 0 	 3 	 2 	 16 	 17 	 5 	 61 	 71 	 81 	 91 	 101
404 	 186 	 2 	 5 	 2 	 8 	 9 	 11 	 59 	 64 	 69 	 74 	 79 	 84 	 89 	 94 	 99 	 104 	 109
405 	 187 	 0 	 8 	 2 	 4 	 5 	 11 	 1 	 6 	 11 	 16 	 21 	 26 	 31 	 36 	 41 	 46 	 51
406 	 188 	 0 	 3 	 2 	 4 	 5 	 5 	 5 	 15 	 25 	 35 	 45
407 	 189 	 0 	 10 	 2 	 10 	 11 	 5 	 8 	 18 	 28 	 38 	 48
408 	 190 	 0 	 8 	 2 	 4 	 5 	 5 	 63 	 73 	 83 	 93 	 103
409 	 191 	 2 	 3 	 2 	 16 	 17 	 5 	 62 	 72 	 82 	 92 	 102
410 	 192 	 0 	 3 	 2 	 4 	 5 	 6 	 0 	 10 	 20 	 30 	 40 	 50
411 	 193 	 0 	 1 	 2 	 3 	 4 	 11 	 57 	 62 	 67 	 72 	 77 	 82 	 87 	 92 	 97 	 102 	 107
412 	 193 	 0 	 4 	 2 	 5 	 6 	 11 	 57 	 62 	 67 	 72 	 77 	 82 	 87 	 92 	 97 	 102 	 107
413 	 193 	 0 	 4 	 2 	 7 	 8 	 11 	 57 	 62 	 67 	 72 	 77 	 82 	 87 	 92 	 97 	 102 	 107
414 	 193 	 0 	 8 	 2 	 9 	 10 	 11 	 57 	 62 	 67 	 72 	 77 	 82 	 87 	 92 	 97 	 102 	 107
415 	 193 	 0 	 9 	 2 	 11 	 12 	 11 	 57 	 62 	 67 	 72 	 77 	 82 	 87 	 92 	 97 	 102 	 107
416 	 193 	 0 	 5 	 2 	 13 	 14 	 11 	 57 	 62 	 67 	 72 	 77 	 82 	 87 	 92 	 97 	 102 	 107
417 	 193 	 0 	 10 	 2 	 15 	 16 	 11 	 57 	 62 	 67 	 72 	 77 	 82 	 87 	 92 	 97 	 102 	 107
418 	 194 	 0 	 4 	 2 	 13 	 14 	 11 	 59 	 64 	 69 	 74 	 79 	 84 	 89 	 94 	 99 	 104 	 109
419 	 194 	 0 	 8 	 2 	 7 	 8 	 11 	 56 	 61 	 66 	 71 	 76 	 81 	 86 	 91 	 96 	 101 	 106
420 	 195 	 0 	 5 	 2 	 12 	 13 	 6 	 55 	 65 	 75 	 85 	 95 	 105
421 	 196 	 0 	 4 	 2 	 1 	 2 	 11 	 2 	 7 	 12 	 17 	 22 	 27 	 32 	 37 	 42 	 47 	 52
422 	 197 	 0 	 8 	 2 	 2 	 3 	 5 	 62 	 72 	 82 	 92 	 102
423 	 198 	 0 	 1 	 2 	 5 	 6 	 6 	 57 	 67 	 77 	 87 	 97 	 107
424 	 198 	 0 	 7 	 2 	 7 	 8 	 6 	 57 	 67 	 77 	 87 	 97 	 107
425 	 198 	 0 	 4 	 2 	 9 	 10 	 6 	 57 	 67 	 77 	 87 	 97 	 107
426 	 198 	 0 	 5 	 2 	 11 	 12 	 6 	 57 	 67 	 77 	 87 	 97 	 107
427 	 198 	 0 	 4 	 2 	 13 	 14 	 6 	 57 	 67 	 77 	 87 	 97 	 107
428 	 198 	 0 	 8 	 2 	 15 	 16 	 6 	 57 	 67 	 77 	 87 	 97 	 107
429 	 199 	 0 	 10 	 4 	 7 	 8 	 9 	 10 	 6 	 2 	 12 	 22 	 32 	 42 	 52
430 	 199 	 0 	 8 	 2 	 0 	 1 	 6 	 4 	 14 	 24 	 34 	 44 	 54
431 	 200 	 0 	 8 	 2 	 16 	 17 	 5 	 64 	 74 	 84 	 94 	 104
432 	 200 	 0 	 9 	 4 	 2 	 3 	 4 	 5 	 5 	 61 	 71 	 81 	 91 	 101
433 	 200 	 0 	 2 	 4 	 12 	 13 	 14 	 15 	 5 	 60 	 70 	 80 	 90 	 100
434 	 201 	 0 	 8 	 2 	 12 	 13 	 6 	 1 	 11 	 21 	 31 	 41 	 51
435 	 202 	 0 	 10 	 2 	 16 	 17 	 6 	 0 	 10 	 20 	 30 	 40 	 50
436 	 203 	 0 	 10 	 2 	 14 	 15 	 11 	 4 	 9 	 14 	 19 	 24 	 29 	 34 	 39 	 44 	 49 	 54
437 	 204 	 0 	 2 	 2 	 0 	 1 	 5 	 62 	 72 	 82 	 92 	 102
438 	 204 	 0 	 7 	 2 	 2 	 3 	 5 	 62 	 72 	 82 	 92 	 102
439 	 204 	 0 	 7 	 2 	 4 	 5 	 5 	 62 	 72 	 82 	 92 	 102
440 	 204 	 0 	 7 	 2 	 6 	 7 	 5 	 62 	 72 	 82 	 92 	 102
441 	 204 	 0 	 8 	 2 	 8 	 9 	 5 	 62 	 72 	 82 	 92 	 102
442 	 204 	 0 	 7 	 2 	 10 	 11 	 5 	 62 	 72 	 82 	 92 	 102
443 	 205 	 0 	 2 	 2 	 11 	 12 	 11 	 56 	 61 	 66 	 71 	 76 	 81 	 86 	 91 	 96 	 101 	 106
444 	 206 	 0 	 2 	 2 	 1 	 2 	 11 	 3 	 8 	 13 	 18 	 23 	 28 	 33 	 38 	 43 	 48 	 53
445 	 207 	 0 	 9 	 2 	 9 	 10 	 6 	 3 	 13 	 23 	 33 	 43 	 53
446 	 207 	 0 	 7 	 2 	 11 	 12 	 6 	 3 	 13 	 23 	 33 	 43 	 53
447 	 207 	 0 	 3 	 2 	 13 	 14 	 6 	 3 	 13 	 23 	 33 	 43 	 53
448 	 207 	 0 	 5 	 2 	 15 	 16 	 6 	 3 	 13 	 23 	 33 	 43 	 53
449 	 208 	 0 	 8 	 2 	 15 	 16 	 5 	 64 	 74 	 84 	 94 	 104
450 	 208 	 0 	 10 	 2 	 6 	 7 	 5 	 63 	 73 	 83 	 93 	 103
451 	 209 	 0 	 9 	 2 	 16 	 17 	 6 	 55 	 65 	 75 	 85 	 95 	 105
452 	 210 	 0 	 8 	 2 	 8 	 9 	 11 	 57 	 62 	 67 	 72 	 77 	 82 	 87 	 92 	 97 	 102 	 107
453 	 211 	 0 	 2 	 2 	 5 	 6 	 11 	 1 	 6 	 11 	 16 	 21 	 26 	 31 	 36 	 41 	 46 	 51
454 	 212 	 0 	 3 	 2 	 10 	 11 	 5 	 8 	 18 	 28 	 38 	 48
455 	 212 	 0 	 4 	 2 	 12 	 13 	 5 	 8 	 18 	 28 	 38 	 48
456 	 212 	 0 	 6 	 2 	 14 	 15 	 5 	 8 	 18 	 28 	 38 	 48
457 	 212 	 0 	 2 	 2 	 16 	 17 	 5 	 8 	 18 	 28 	 38 	 48
458 	 213 	 0 	 2 	 2 	 16 	 17 	 11 	 59 	 64 	 69 	 74 	 79 	 84 	 89 	 94 	 99 	 104 	 109
459 	 214 	 0 	 2 	 2 	 4 	 5 	 11 	 55 	 60 	 65 	 70 	 75 	 80 	 85 	 90 	 95 	 100 	 105
460 	 215 	 0 	 5 	 2 	 14 	 15 	 11 	 57 	 62 	 67 	 72 	 77 	 82 	 87 	 92 	 97 	 102 	 107
461 	 216 	 0 	 6 	 6 	 3 	 4 	 5 	 6 	 7 	 8 	 6 	 3 	 13 	 23 	 33 	 43 	 53
462 	 216 	 0 	 2 	 4 	 5 	 6 	 7 	 8 	 6 	 4 	 14 	 24 	 34 	 44 	 54
463 	 217 	 0 	 6 	 2 	 3 	 4 	 11 	 57 	 62 	 67 	 72 	 77 	 82 	 87 	 92 	 97 	 102 	 107
464 	 217 	 0 	 10 	 2 	 5 	 6 	 11 	 57 	 62 	 67 	 72 	 77 	 82 	 87 	 92 	 97 	 102 	 107
465 	 217 	 0 	 4 	 2 	 7 	 8 	 11 	 57 	 62 	 67 	 72 	 77 	 82 	 87 	 92 	 97 	 102 	 107
466 	 217 	 0 	 6 	 2 	 9 	 10 	 11 	 57 	 62 	 67 	 72 	 77 	 82 	 87 	 92 	 97 	 102 	 107
467 	 217 	 0 	 10 	 2 	 11 	 12 	 11 	 57 	 62 	 67 	 72 	 77 	 82 	 87 	 92 	 97 	 102 	 107
468 	 217 	 0 	 1 	 2 	 13 	 14 	 11 	 57 	 62 	 67 	 72 	 77 	 82 	 87 	 92 	 97 	 102 	 107
469 	 218 	 0 	 7 	 2 	 5 	 6 	 5 	 7 	 17 	 27 	 37 	 47
470 	 219 	 0 	 6 	 2 	 1 	 2 	 5 	 8 	 18 	 28 	 38 	 48
471 	 219 	 0 	 9 	 2 	 3 	 4 	 5 	 8 	 18 	 28 	 38 	 48
472 	 219 	 0 	 6 	 2 	 5 	 6 	 5 	 8 	 18 	 28 	 38 	 48
473 	 219 	 0 	 7 	 2 	 7 	 8 	 5 	 8 	 18 	 28 	 38 	 48
474 	 219 	 0 	 10 	 2 	 9 	 10 	 5 	 8 	 18 	 28 	 38 	 48
475 	 219 	 0 	 7 	 2 	 11 	 12 	 5 	 8 	 18 	 28 	 38 	 48
476 	 220 	 0 	 5 	 2 	 7 	 8 	 5 	 62 	 72 	 82 	 92 	 102
477 	 221 	 0 	 5 	 2 	 6 	 7 	 11 	 57 	 62 	 67 	 72 	 77 	 82 	 87 	 92 	 97 	 102 	 107
478 	 221 	 0 	 7 	 2 	 8 	 9 	 11 	 57 	 62 	 67 	 72 	 77 	 82 	 87 	 92 	 97 	 102 	 107
479 	 221 	 0 	 7 	 2 	 10 	 11 	 11 	 57 	 62 	 67 	 72 	 77 	 82 	 87 	 92 	 97 	 102 	 107
480 	 221 	 0 	 10 	 2 	 12 	 13 	 11 	 57 	 62 	 67 	 72 	 77 	 82 	 87 	 92 	 97 	 102 	 107
481 	 221 	 0 	 2 	 2 	 14 	 15 	 11 	 57 	 62 	 67 	 72 	 77 	 82 	 87 	 92 	 97 	 102 	 107
482 	 221 	 0 	 5 	 2 	 16 	 17 	 11 	 57 	 62 	 67 	 72 	 77 	 82 	 87 	 92 	 97 	 102 	 107
483 	 222 	 0 	 4 	 2 	 10 	 11 	 6 	 0 	 10 	 20 	 30 	 40 	 50
484 	 223 	 0 	 9 	 2 	 16 	 17 	 6 	 59 	 69 	 79 	 89 	 99 	 109
485 	 224 	 0 	 2 	 2 	 7 	 8 	 11 	 2 	 7 	 12 	 17 	 22 	 27 	 32 	 37 	 42 	 47 	 52
486 	 224 	 0 	 3 	 2 	 9 	 10 	 11 	 2 	 7 	 12 	 17 	 22 	 27 	 32 	 37 	 42 	 47 	 52
487 	 224 	 0 	 2 	 2 	 11 	 12 	 11 	 2 	 7 	 12 	 17 	 22 	 27 	 32 	 37 	 42 	 47 	 52
488 	 224 	 0 	 1 	 2 	 13 	 14 	 11 	 2 	 7 	 12 	 17 	 22 	 27 	 32 	 37 	 42 	 47 	 52
489 	 224 	 0 	 6 	 2 	 15 	 16 	 11 	 2 	 7 	 12 	 17 	 22 	 27 	 32 	 37 	 42 	 47 	 52
490 	 225 	 0 	 9 	 4 	 12 	 13 	 14 	 15 	 5 	 6 	 16 	 26 	 36 	 46
491 	 226 	 2 	 10 	 4 	 13 	 14 	 15 	 16 	 11 	 4 	 9 	 14 	 19 	 24 	 29 	 34 	 39 	 44 	 49 	 54
492 	 227 	 0 	 3 	 2 	 3 	 4 	 5 	 5 	 15 	 25 	 35 	 45
493 	 227 	 0 	 4 	 2 	 5 	 6 	 5 	 5 	 15 	 25 	 35 	 45
494 	 227 	 0 	 7 	 2 	 7 	 8 	 5 	 5 	 15 	 25 	 35 	 45
495 	 227 	 0 	 10 	 2 	 9 	 10 	 5 	 5 	 15 	 25 	 35 	 45
496 	 227 	 0 	 5 	 2 	 11 	 12 	 5 	 5 	 15 	 25 	 35 	 45
497 	 228 	 0 	 8 	 2 	 5 	 6 	 6 	 58 	 68 	 78 	 88 	 98 	 108
498 	 229 	 0 	 10 	 6 	 1 	 2 	 3 	 4 	 5 	 6 	 5 	 63 	 73 	 83 	 93 	 103
499 	 229 	 0 	 6 	 2 	 7 	 8 	 5 	 60 	 70 	 80 	 90 	 100
500 	 229 	 0 	 8 	 2 	 16 	 17 	 5 	 61 	 71 	 81 	 91 	 101
501 	 230 	 0 	 1 	 2 	 9 	 10 	 5 	 64 	 74 	 84 	 94 	 104
502 	 231 	 0 	 8 	 2 	 11 	 12 	 11 	 0 	 5 	 10 	 15 	 20 	 25 	 30 	 35 	 40 	 45 	 50
503 	 232 	 0 	 9 	 2 	 4 	 5 	 11 	 58 	 63 	 68 	 73 	 78 	 83 	 88 	 93 	 98 	 103 	 108
504 	 233 	 0 	 9 	 2 	 14 	 15 	 11 	 57 	 62 	 67 	 72 	 77 	 82 	 87 	 92 	 97 	 102 	 107
505 	 234 	 0 	 9 	 2 	 5 	 6 	 5 	 6 	 16 	 26 	 36 	 46
506 	 234 	 0 	 4 	 2 	 12 	 13 	 5 	 8 	 18 	 28 	 38 	 48
507 	 234 	 0 	 9 	 2 	 4 	 5 	 5 	 5 	 15 	 25 	 35 	 45
508 	 235 	 0 	 6 	 2 	 10 	 11 	 6 	 55 	 65 	 75 	 85 	 95 	 105
509 	 235 	 0 	 6 	 2 	 12 	 13 	 6 	 58 	 68 	 78 	 88 	 98 	 108
510 	 235 	 0 	 7 	 2 	 8 	 9 	 6 	 57 	 67 	 77 	 87 	 97 	 107
511 	 236 	 0 	 4 	 2 	 4 	 5 	 5 	 60 	 70 	 80 	 90 	 100
512 	 236 	 0 	 1 	 2 	 6 	 7 	 5 	 60 	 70 	 80 	 90 	 100
513 	 236 	 0 	 3 	 2 	 8 	 9 	 5 	 60 	 70 	 80 	 90 	 100
514 	 236 	 0 	 5 	 2 	 10 	 11 	 5 	 60 	 70 	 80 	 90 	 100
515 	 236 	 0 	 10 	 2 	 12 	 13 	 5 	 60 	 70 	 80 	 90 	 100
516 	 236 	 0 	 1 	 2 	 14 	 15 	 5 	 60 	 70 	 80 	 90 	 100
517 	 236 	 0 	 8 	 2 	 16 	 17 	 5 	 60 	 70 	 80 	 90 	 100
518 	 237 	 0 	 7 	 4 	 1 	 2 	 3 	 4 	 5 	 7 	 17 	 27 	 37 	 47
519 	 238 	 0 	 6 	 4 	 11 	 12 	 13 	 14 	 6 	 2 	 12 	 22 	 32 	 42 	 52
520 	 239 	 1 	 10 	 4 	 7 	 8 	 9 	 10 	 6 	 4 	 14 	 24 	 34 	 44 	 54
521 	 240 	 2 	 5 	 2 	 13 	 14 	 5 	 60 	 70 	 80 	 90 	 100
522 	 240 	 2 	 6 	 2 	 12 	 13 	 5 	 62 	 72 	 82 	 92 	 102
523 	 241 	 0 	 3 	 2 	 1 	 2 	 6 	 58 	 68 	 78 	 88 	 98 	 108
524 	 241 	 0 	 10 	 2 	 3 	 4 	 6 	 58 	 68 	 78 	 88 	 98 	 108
525 	 241 	 0 	 8 	 2 	 5 	 6 	 6 	 58 	 68 	 78 	 88 	 98 	 108
526 	 241 	 0 	 10 	 2 	 7 	 8 	 6 	 58 	 68 	 78 	 88 	 98 	 108
527 	 241 	 0 	 3 	 2 	 9 	 10 	 6 	 58 	 68 	 78 	 88 	 98 	 108
528 	 241 	 0 	 10 	 2 	 11 	 12 	 6 	 58 	 68 	 78 	 88 	 98 	 108
529 	 241 	 0 	 3 	 2 	 13 	 14 	 6 	 58 	 68 	 78 	 88 	 98 	 108
530 	 241 	 0 	 3 	 2 	 15 	 16 	 6 	 58 	 68 	 78 	 88 	 98 	 108
531 	 242 	 0 	 8 	 2 	 0 	 1 	 6 	 3 	 13 	 23 	 33 	 43 	 53
532 	 242 	 0 	 6 	 2 	 8 	 9 	 6 	 4 	 14 	 24 	 34 	 44 	 54
533 	 243 	 1 	 9 	 2 	 13 	 14 	 11 	 3 	 8 	 13 	 18 	 23 	 28 	 33 	 38 	 43 	 48 	 53
534 	 244 	 0 	 9 	 2 	 5 	 6 	 5 	 64 	 74 	 84 	 94 	 104
535 	 244 	 0 	 8 	 2 	 7 	 8 	 5 	 64 	 74 	 84 	 94 	 104
536 	 244 	 0 	 6 	 2 	 9 	 10 	 5 	 64 	 74 	 84 	 94 	 104
537 	 244 	 0 	 7 	 2 	 11 	 12 	 5 	 64 	 74 	 84 	 94 	 104
538 	 244 	 0 	 9 	 2 	 13 	 14 	 5 	 64 	 74 	 84 	 94 	 104
539 	 244 	 0 	 1 	 2 	 15 	 16 	 5 	 64 	 74 	 84 	 94 	 104
540 	 245 	 1 	 5 	 2 	 15 	 16 	 11 	 3 	 8 	 13 	 18 	 23 	 28 	 33 	 38 	 43 	 48 	 53
541 	 246 	 0 	 4 	 2 	 1 	 2 	 11 	 3 	 8 	 13 	 18 	 23 	 28 	 33 	 38 	 43 	 48 	 53
542 	 247 	 2 	 4 	 4 	 5 	 6 	 7 	 8 	 5 	 5 	 15 	 25 	 35 	 45
543 	 247 	 2 	 7 	 2 	 1 	 2 	 5 	 6 	 16 	 26 	 36 	 46
544 	 247 	 2 	 10 	 2 	 10 	 11 	 5 	 7 	 17 	 27 	 37 	 47
545 	 248 	 0 	 8 	 4 	 8 	 9 	 10 	 11 	 6 	 2 	 12 	 22 	 32 	 42 	 52
546 	 249 	 0 	 3 	 4 	 0 	 1 	 2 	 3 	 6 	 0 	 10 	 20 	 30 	 40 	 50
547 	 250 	 0 	 2 	 2 	 6 	 7 	 5 	 60 	 70 	 80 	 90 	 100
548 	 251 	 1 	 2 	 4 	 13 	 14 	 15 	 16 	 5 	 61 	 71 	 81 	 91 	 101
549 	 252 	 0 	 8 	 2 	 1 	 2 	 5 	 6 	 16 	 26 	 36 	 46
550 	 252 	 0 	 10 	 2 	 3 	 4 	 5 	 6 	 16 	 26 	 36 	 46
551 	 252 	 0 	 5 	 2 	 5 	 6 	 5 	 6 	 16 	 26 	 36 	 46
552 	 252 	 0 	 5 	 2 	 7 	 8 	 5 	 6 	 16 	 26 	 36 	 46
553 	 253 	 0 	 4 	 2 	 3 	 4 	 5 	 62 	 72 	 82 	 92 	 102
554 	 254 	 0 	 10 	 2 	 2 	 3 	 6 	 56 	 66 	 76 	 86 	 96 	 106
555 	 255 	 0 	 8 	 2 	 3 	 4 	 11 	 0 	 5 	 10 	 15 	 20 	 25 	 30 	 35 	 40 	 45 	 50
556 	 256 	 0 	 6 	 2 	 0 	 1 	 11 	 2 	 7 	 12 	 17 	 22 	 27 	 32 	 37 	 42 	 47 	 52
557 	 256 	 0 	 1 	 2 	 2 	 3 	 11 	 2 	 7 	 12 	 17 	 22 	 27 	 32 	 37 	 42 	 47 	 52
558 	 256 	 0 	 2 	 2 	 4 	 5 	 11 	 2 	 7 	 12 	 17 	 22 	 27 	 32 	 37 	 42 	 47 	 52
559 	 256 	 0 	 8 	 2 	 6 	 7 	 11 	 2 	 7 	 12 	 17 	 22 	 27 	 32 	 37 	 42 	 47 	 52
560 	 256 	 0 	 6 	 2 	 8 	 9 	 11 	 2 	 7 	 12 	 17 	 22 	 27 	 32 	 37 	 42 	 47 	 52
561 	 256 	 0 	 6 	 2 	 10 	 11 	 11 	 2 	 7 	 12 	 17 	 22 	 27 	 32 	 37 	 42 	 47 	 52
562 	 256 	 0 	 9 	 2 	 12 	 13 	 11 	 2 	 7 	 12 	 17 	 22 	 27 	 32 	 37 	 42 	 47 	 52
563 	 256 	 0 	 4 	 2 	 14 	 15 	 11 	 2 	 7 	 12 	 17 	 22 	 27 	 32 	 37 	 42 	 47 	 52
564 	 256 	 0 	 10 	 2 	 16 	 17 	 11 	 2 	 7 	 12 	 17 	 22 	 27 	 32 	 37 	 42 	 47 	 52
565 	 257 	 0 	 6 	 2 	 2 	 3 	 5 	 61 	 71 	 81 	 91 	 101
566 	 258 	 0 	 3 	 4 	 13 	 14 	 15 	 16 	 6 	 55 	 65 	 75 	 85 	 95 	 105
567 	 259 	 0 	 4 	 2 	 5 	 6 	 6 	 57 	 67 	 77 	 87 	 97 	 107
568 	 260 	 0 	 9 	 2 	 1 	 2 	 11 	 58 	 63 	 68 	 73 	 78 	 83 	 88 	 93 	 98 	 103 	 108
569 	 260 	 0 	 9 	 2 	 3 	 4 	 11 	 58 	 63 	 68 	 73 	 78 	 83 	 88 	 93 	 98 	 103 	 108
570 	 260 	 0 	 9 	 2 	 5 	 6 	 11 	 58 	 63 	 68 	 73 	 78 	 83 	 88 	 93 	 98 	 103 	 108
571 	 260 	 0 	 2 	 2 	 7 	 8 	 11 	 58 	 63 	 68 	 73 	 78 	 83 	 88 	 93 	 98 	 103 	 108
572 	 260 	 0 	 5 	 2 	 9 	 10 	 11 	 58 	 63 	 68 	 73 	 78 	 83 	 88 	 93 	 98 	 103 	 108
573 	 260 	 0 	 6 	 2 	 11 	 12 	 11 	 58 	 63 	 68 	 73 	 78 	 83 	 88 	 93 	 98 	 103 	 108
574 	 260 	 0 	 10 	 2 	 13 	 14 	 11 	 58 	 63 	 68 	 73 	 78 	 83 	 88 	 93 	 98 	 103 	 108
575 	 260 	 0 	 8 	 2 	 15 	 16 	 11 	 58 	 63 	 68 	 73 	 78 	 83 	 88 	 93 	 98 	 103 	 108
576 	 261 	 0 	 2 	 4 	 0 	 1 	 2 	 3 	 6 	 56 	 66 	 76 	 86 	 96 	 106
577 	 262 	 0 	 3 	 2 	 5 	 6 	 5 	 8 	 18 	 28 	 38 	 48
578 	 263 	 0 	 10 	 2 	 5 	 6 	 11 	 58 	 63 	 68 	 73 	 78 	 83 	 88 	 93 	 98 	 103 	 108
579 	 264 	 0 	 9 	 2 	 2 	 3 	 6 	 2 	 12 	 22 	 32 	 42 	 52
580 	 265 	 0 	 5 	 2 	 1 	 2 	 11 	 1 	 6 	 11 	 16 	 21 	 26 	 31 	 36 	 41 	 46 	 51
581 	 266 	 0 	 8 	 2 	 10 	 11 	 5 	 63 	 73 	 83 	 93 	 103
582 	 267 	 0 	 9 	 2 	 6 	 7 	 5 	 9 	 19 	 29 	 39 	 49
583 	 268 	 0 	 9 	 2 	 12 	 13 	 6 	 4 	 14 	 24 	 34 	 44 	 54
584 	 269 	 0 	 6 	 2 	 15 	 16 	 6 	 56 	 66 	 76 	 86 	 96 	 106
585 	 270 	 0 	 4 	 2 	 0 	 1 	 11 	 3 	 8 	 13 	 18 	 23 	 28 	 33 	 38 	 43 	 48 	 53
586 	 270 	 0 	 2 	 2 	 2 	 3 	 11 	 3 	 8 	 13 	 18 	 23 	 28 	 33 	 38 	 43 	 48 	 53
587 	 270 	 0 	 4 	 2 	 4 	 5 	 11 	 3 	 8 	 13 	 18 	 23 	 28 	 33 	 38 	 43 	 48 	 53
588 	 270 	 0 	 7 	 2 	 6 	 7 	 11 	 3 	 8 	 13 	 18 	 23 	 28 	 33 	 38 	 43 	 48 	 53
589 	 270 	 0 	 7 	 2 	 8 	 9 	 11 	 3 	 8 	 13 	 18 	 23 	 28 	 33 	 38 	 43 	 48 	 53
590 	 270 	 0 	 8 	 2 	 10 	 11 	 11 	 3 	 8 	 13 	 18 	 23 	 28 	 33 	 38 	 43 	 48 	 53
591 	 271 	 0 	 5 	 2 	 16 	 17 	 6 	 59 	 69 	 79 	 89 	 99 	 109
592 	 272 	 0 	 2 	 2 	 6 	 7 	 6 	 57 	 67 	 77 	 87 	 97 	 107
593 	 273 	 0 	 9 	 4 	 0 	 1 	 2 	 3 	 11 	 3 	 8 	 13 	 18 	 23 	 28 	 33 	 38 	 43 	 48 	 53
594 	 274 	 0 	 6 	 2 	 15 	 16 	 6 	 55 	 65 	 75 	 85 	 95 	 105
595 	 275 	 0 	 3 	 2 	 6 	 7 	 11 	 55 	 60 	 65 	 70 	 75 	 80 	 85 	 90 	 95 	 100 	 105
596 	 275 	 0 	 8 	 2 	 3 	 4 	 11 	 57 	 62 	 67 	 72 	 77 	 82 	 87 	 92 	 97 	 102 	 107
597 	 276 	 0 	 7 	 2 	 14 	 15 	 11 	 59 	 64 	 69 	 74 	 79 	 84 	 89 	 94 	 99 	 104 	 109
598 	 277 	 0 	 4 	 2 	 2 	 3 	 6 	 57 	 67 	 77 	 87 	 97 	 107
599 	 278 	 0 	 3 	 2 	 14 	 15 	 11 	 0 	 5 	 10 	 15 	 20 	 25 	 30 	 35 	 40 	 45 	 50
600 	 279 	 0 	 1 	 2 	 0 	 1 	 5 	 64 	 74 	 84 	 94 	 104
601 	 279 	 0 	 2 	 2 	 2 	 3 	 5 	 64 	 74 	 84 	 94 	 104
602 	 279 	 0 	 4 	 2 	 4 	 5 	 5 	 64 	 74 	 84 	 94 	 104
603 	 279 	 0 	 4 	 2 	 6 	 7 	 5 	 64 	 74 	 84 	 94 	 104
604 	 279 	 0 	 9 	 2 	 8 	 9 	 5 	 64 	 74 	 84 	 94 	 104
605 	 279 	 0 	 6 	 2 	 10 	 11 	 5 	 64 	 74 	 84 	 94 	 104
606 	 279 	 0 	 4 	 2 	 12 	 13 	 5 	 64 	 74 	 84 	 94 	 104
607 	 279 	 0 	 4 	 2 	 14 	 15 	 5 	 64 	 74 	 84 	 94 	 104
608 	 279 	 0 	 5 	 2 	 16 	 17 	 5 	 64 	 74 	 84 	 94 	 104
609 	 280 	 0 	 10 	 2 	 15 	 16 	 11 	 3 	 8 	 13 	 18 	 23 	 28 	 33 	 38 	 43 	 48 	 53
610 	 281 	 0 	 4 	 2 	 14 	 15 	 6 	 56 	 66 	 76 	 86 	 96 	 106
611 	 281 	 0 	 10 	 2 	 13 	 14 	 6 	 58 	 68 	 78 	 88 	 98 	 108
612 	 281 	 0 	 6 	 2 	 10 	 11 	 6 	 55 	 65 	 75 	 85 	 95 	 105
613 	 282 	 0 	 1 	 4 	 3 	 4 	 5 	 6 	 5 	 5 	 15 	 25 	 35 	 45
614 	 283 	 0 	 6 	 2 	 8 	 9 	 5 	 62 	 72 	 82 	 92 	 102
615 	 283 	 0 	 5 	 2 	 4 	 5 	 5 	 63 	 73 	 83 	 93 	 103
616 	 283 	 0 	 2 	 2 	 5 	 6 	 5 	 61 	 71 	 81 	 91 	 101
617 	 284 	 0 	 8 	 2 	 12 	 13 	 11 	 57 	 62 	 67 	 72 	 77 	 82 	 87 	 92 	 97 	 102 	 107
618 	 284 	 0 	 8 	 2 	 7 	 8 	 11 	 58 	 63 	 68 	 73 	 78 	 83 	 88 	 93 	 98 	 103 	 108
619 	 285 	 0 	 8 	 2 	 0 	 1 	 6 	 55 	 65 	 75 	 85 	 95 	 105
620 	 285 	 0 	 5 	 4 	 0 	 1 	 2 	 3 	 6 	 58 	 68 	 78 	 88 	 98 	 108
621 	 286 	 0 	 6 	 2 	 3 	 4 	 6 	 55 	 65 	 75 	 85 	 95 	 105
622 	 286 	 0 	 10 	 2 	 5 	 6 	 6 	 55 	 65 	 75 	 85 	 95 	 105
623 	 286 	 0 	 3 	 2 	 7 	 8 	 6 	 55 	 65 	 75 	 85 	 95 	 105
624 	 286 	 0 	 3 	 2 	 9 	 10 	 6 	 55 	 65 	 75 	 85 	 95 	 105
625 	 286 	 0 	 1 	 2 	 11 	 12 	 6 	 55 	 65 	 75 	 85 	 95 	 105
626 	 287 	 0 	 6 	 2 	 8 	 9 	 5 	 8 	 18 	 28 	 38 	 48
627 	 287 	 0 	 8 	 4 	 5 	 6 	 7 	 8 	 5 	 6 	 16 	 26 	 36 	 46
628 	 288 	 0 	 1 	 2 	 0 	 1 	 11 	 0 	 5 	 10 	 15 	 20 	 25 	 30 	 35 	 40 	 45 	 50
629 	 288 	 0 	 8 	 2 	 2 	 3 	 11 	 0 	 5 	 10 	 15 	 20 	 25 	 30 	 35 	 40 	 45 	 50
630 	 288 	 0 	 9 	 2 	 4 	 5 	 11 	 0 	 5 	 10 	 15 	 20 	 25 	 30 	 35 	 40 	 45 	 50
631 	 288 	 0 	 10 	 2 	 6 	 7 	 11 	 0 	 5 	 10 	 15 	 20 	 25 	 30 	 35 	 40 	 45 	 50
632 	 288 	 0 	 4 	 2 	 8 	 9 	 11 	 0 	 5 	 10 	 15 	 20 	 25 	 30 	 35 	 40 	 45 	 50
633 	 288 	 0 	 7 	 2 	 10 	 11 	 11 	 0 	 5 	 10 	 15 	 20 	 25 	 30 	 35 	 40 	 45 	 50
634 	 288 	 0 	 1 	 2 	 12 	 13 	 11 	 0 	 5 	 10 	 15 	 20 	 25 	 30 	 35 	 40 	 45 	 50
635 	 288 	 0 	 3 	 2 	 14 	 15 	 11 	 0 	 5 	 10 	 15 	 20 	 25 	 30 	 35 	 40 	 45 	 50
636 	 288 	 0 	 10 	 2 	 16 	 17 	 11 	 0 	 5 	 10 	 15 	 20 	 25 	 30 	 35 	 40 	 45 	 50
637 	 289 	 0 	 7 	 2 	 7 	 8 	 6 	 4 	 14 	 24 	 34 	 44 	 54
638 	 290 	 0 	 2 	 2 	 10 	 11 	 5 	 5 	 15 	 25 	 35 	 45
639 	 291 	 0 	 4 	 4 	 11 	 12 	 13 	 14 	 11 	 58 	 63 	 68 	 73 	 78 	 83 	 88 	 93 	 98 	 103 	 108
640 	 291 	 0 	 5 	 4 	 0 	 1 	 2 	 3 	 11 	 56 	 61 	 66 	 71 	 76 	 81 	 86 	 91 	 96 	 101 	 106
641 	 292 	 2 	 7 	 2 	 4 	 5 	 6 	 56 	 66 	 76 	 86 	 96 	 106
642 	 293 	 0 	 9 	 6 	 0 	 1 	 2 	 3 	 4 	 5 	 5 	 6 	 16 	 26 	 36 	 46
643 	 294 	 0 	 3 	 4 	 11 	 12 	 13 	 14 	 6 	 59 	 69 	 79 	 89 	 99 	 109
644 	 295 	 0 	 4 	 2 	 1 	 2 	 11 	 1 	 6 	 11 	 16 	 21 	 26 	 31 	 36 	 41 	 46 	 51
645 	 296 	 0 	 9 	 2 	 15 	 16 	 11 	 1 	 6 	 11 	 16 	 21 	 26 	 31 	 36 	 41 	 46 	 51
646 	 297 	 0 	 4 	 2 	 2 	 3 	 6 	 0 	 10 	 20 	 30 	 40 	 50
647 	 298 	 2 	 1 	 4 	 8 	 9 	 10 	 11 	 5 	 6 	 16 	 26 	 36 	 46
648 	 299 	 0 	 4 	 2 	 8 	 9 	 6 	 56 	 66 	 76 	 86 	 96 	 106
649 	 300 	 0 	 3 	 4 	 11 	 12 	 13 	 14 	 6 	 2 	 12 	 22 	 32 	 42 	 52
650 	 301 	 0 	 4 	 2 	 15 	 16 	 6 	 57 	 67 	 77 	 87 	 97 	 107
651 	 301 	 0 	 3 	 2 	 4 	 5 	 6 	 56 	 66 	 76 	 86 	 96 	 106
652 	 301 	 0 	 9 	 2 	 16 	 17 	 6 	 59 	 69 	 79 	 89 	 99 	 109
653 	 302 	 0 	 10 	 4 	 5 	 6 	 7 	 8 	 11 	 2 	 7 	 12 	 17 	 22 	 27 	 32 	 37 	 42 	 47 	 52
654 	 303 	 0 	 9 	 2 	 8 	 9 	 11 	 55 	 60 	 65 	 70 	 75 	 80 	 85 	 90 	 95 	 100 	 105
655 	 303 	 0 	 2 	 2 	 10 	 11 	 11 	 55 	 60 	 65 	 70 	 75 	 80 	 85 	 90 	 95 	 100 	 105
656 	 303 	 0 	 6 	 2 	 12 	 13 	 11 	 55 	 60 	 65 	 70 	 75 	 80 	 85 	 90 	 95 	 100 	 105
657 	 303 	 0 	 7 	 2 	 14 	 15 	 11 	 55 	 60 	 65 	 70 	 75 	 80 	 85 	 90 	 95 	 100 	 105
658 	 304 	 0 	 4 	 2 	 11 	 12 	 11 	 57 	 62 	 67 	 72 	 77 	 82 	 87 	 92 	 97 	 102 	 107
659 	 305 	 0 	 8 	 2 	 14 	 15 	 6 	 58 	 68 	 78 	 88 	 98 	 108
660 	 305 	 0 	 7 	 2 	 14 	 15 	 6 	 59 	 69 	 79 	 89 	 99 	 109
661 	 305 	 0 	 5 	 2 	 4 	 5 	 6 	 56 	 66 	 76 	 86 	 96 	 106
662 	 306 	 0 	 7 	 2 	 0 	 1 	 5 	 8 	 18 	 28 	 38 	 48
663 	 306 	 0 	 4 	 2 	 2 	 3 	 5 	 8 	 18 	 28 	 38 	 48
664 	 306 	 0 	 2 	 2 	 4 	 5 	 5 	 8 	 18 	 28 	 38 	 48
665 	 306 	 0 	 3 	 2 	 6 	 7 	 5 	 8 	 18 	 28 	 38 	 48
666 	 306 	 0 	 6 	 2 	 8 	 9 	 5 	 8 	 18 	 28 	 38 	 48
667 	 306 	 0 	 9 	 2 	 10 	 11 	 5 	 8 	 18 	 28 	 38 	 48
668 	 306 	 0 	 2 	 2 	 12 	 13 	 5 	 8 	 18 	 28 	 38 	 48
669 	 306 	 0 	 2 	 2 	 14 	 15 	 5 	 8 	 18 	 28 	 38 	 48
670 	 307 	 0 	 9 	 4 	 9 	 10 	 11 	 12 	 11 	 58 	 63 	 68 	 73 	 78 	 83 	 88 	 93 	 98 	 103 	 108
671 	 308 	 0 	 2 	 6 	 8 	 9 	 10 	 11 	 12 	 13 	 5 	 60 	 70 	 80 	 90 	 100
672 	 309 	 0 	 8 	 4 	 4 	 5 	 6 	 7 	 5 	 7 	 17 	 27 	 37 	 47
673 	 310 	 0 	 5 	 2 	 1 	 2 	 5 	 8 	 18 	 28 	 38 	 48
674 	 311 	 0 	 2 	 4 	 5 	 6 	 7 	 8 	 6 	 56 	 66 	 76 	 86 	 96 	 106
675 	 312 	 0 	 4 	 2 	 14 	 15 	 11 	 55 	 60 	 65 	 70 	 75 	 80 	 85 	 90 	 95 	 100 	 105
676 	 312 	 0 	 7 	 2 	 10 	 11 	 11 	 58 	 63 	 68 	 73 	 78 	 83 	 88 	 93 	 98 	 103 	 108
677 	 312 	 0 	 9 	 2 	 4 	 5 	 11 	 59 	 64 	 69 	 74 	 79 	 84 	 89 	 94 	 99 	 104 	 109
678 	 313 	 2 	 3 	 2 	 0 	 1 	 5 	 60 	 70 	 80 	 90 	 100
679 	 314 	 0 	 3 	 2 	 4 	 5 	 11 	 56 	 61 	 66 	 71 	 76 	 81 	 86 	 91 	 96 	 101 	 106
680 	 314 	 0 	 10 	 2 	 3 	 4 	 11 	 57 	 62 	 67 	 72 	 77 	 82 	 87 	 92 	 97 	 102 	 107
681 	 315 	 0 	 6 	 4 	 9 	 10 	 11 	 12 	 11 	 58 	 63 	 68 	 73 	 78 	 83 	 88 	 93 	 98 	 103 	 108
682 	 316 	 2 	 5 	 2 	 4 	 5 	 11 	 4 	 9 	 14 	 19 	 24 	 29 	 34 	 39 	 44 	 49 	 54
683 	 317 	 0 	 9 	 4 	 8 	 9 	 10 	 11 	 5 	 61 	 71 	 81 	 91 	 101
684 	 318 	 0 	 7 	 2 	 5 	 6 	 11 	 56 	 61 	 66 	 71 	 76 	 81 	 86 	 91 	 96 	 101 	 106
685 	 318 	 0 	 1 	 2 	 7 	 8 	 11 	 56 	 61 	 66 	 71 	 76 	 81 	 86 	 91 	 96 	 101 	 106
686 	 318 	 0 	 7 	 2 	 9 	 10 	 11 	 56 	 61 	 66 	 71 	 76 	 81 	 86 	 91 	 96 	 101 	 106
687 	 318 	 0 	 1 	 2 	 11 	 12 	 11 	 56 	 61 	 66 	 71 	 76 	 81 	 86 	 91 	 96 	 101 	 106
688 	 319 	 0 	 2 	 4 	 10 	 11 	 12 	 13 	 5 	 62 	 72 	 82 	 92 	 102
689 	 320 	 0 	 6 	 2 	 9 	 10 	 5 	 6 	 16 	 26 	 36 	 46
690 	 321 	 0 	 7 	 4 	 8 	 9 	 10 	 11 	 11 	 55 	 60 	 65 	 70 	 75 	 80 	 85 	 90 	 95 	 100 	 105
691 	 322 	 0 	 2 	 2 	 10 	 11 	 6 	 2 	 12 	 22 	 32 	 42 	 52
692 	 323 	 0 	 7 	 6 	 1 	 2 	 3 	 4 	 5 	 6 	 6 	 1 	 11 	 21 	 31 	 41 	 51
693 	 324 	 0 	 10 	 2 	 6 	 7 	 6 	 56 	 66 	 76 	 86 	 96 	 106
694 	 324 	 0 	 7 	 2 	 8 	 9 	 6 	 56 	 66 	 76 	 86 	 96 	 106
695 	 324 	 0 	 1 	 2 	 10 	 11 	 6 	 56 	 66 	 76 	 86 	 96 	 106
696 	 324 	 0 	 2 	 2 	 12 	 13 	 6 	 56 	 66 	 76 	 86 	 96 	 106
697 	 324 	 0 	 6 	 2 	 14 	 15 	 6 	 56 	 66 	 76 	 86 	 96 	 106
698 	 325 	 0 	 7 	 2 	 4 	 5 	 6 	 57 	 67 	 77 	 87 	 97 	 107
699 	 325 	 0 	 10 	 2 	 6 	 7 	 6 	 57 	 67 	 77 	 87 	 97 	 107
700 	 325 	 0 	 7 	 2 	 8 	 9 	 6 	 57 	 67 	 77 	 87 	 97 	 107
701 	 325 	 0 	 10 	 2 	 10 	 11 	 6 	 57 	 67 	 77 	 87 	 97 	 107
702 	 325 	 0 	 1 	 2 	 12 	 13 	 6 	 57 	 67 	 77 	 87 	 97 	 107
703 	 325 	 0 	 5 	 2 	 14 	 15 	 6 	 57 	 67 	 77 	 87 	 97 	 107
704 	 325 	 0 	 4 	 2 	 16 	 17 	 6 	 57 	 67 	 77 	 87 	 97 	 107
705 	 326 	 2 	 3 	 2 	 14 	 15 	 6 	 2 	 12 	 22 	 32 	 42 	 52
706 	 327 	 0 	 1 	 2 	 9 	 10 	 5 	 5 	 15 	 25 	 35 	 45
707 	 328 	 0 	 4 	 2 	 0 	 1 	 5 	 5 	 15 	 25 	 35 	 45
708 	 329 	 0 	 5 	 2 	 5 	 6 	 5 	 62 	 72 	 82 	 92 	 102
709 	 330 	 1 	 2 	 4 	 3 	 4 	 5 	 6 	 5 	 9 	 19 	 29 	 39 	 49
710 	 330 	 1 	 10 	 2 	 15 	 16 	 5 	 6 	 16 	 26 	 36 	 46
711 	 330 	 1 	 5 	 2 	 3 	 4 	 5 	 7 	 17 	 27 	 37 	 47
712 	 331 	 0 	 2 	 2 	 8 	 9 	 5 	 63 	 73 	 83 	 93 	 103
713 	 332 	 0 	 7 	 2 	 0 	 1 	 6 	 1 	 11 	 21 	 31 	 41 	 51
714 	 333 	 0 	 5 	 2 	 0 	 1 	 5 	 8 	 18 	 28 	 38 	 48
715 	 333 	 0 	 8 	 2 	 2 	 3 	 5 	 6 	 16 	 26 	 36 	 46
716 	 334 	 0 	 2 	 2 	 11 	 12 	 11 	 58 	 63 	 68 	 73 	 78 	 83 	 88 	 93 	 98 	 103 	 108
717 	 335 	 0 	 3 	 2 	 13 	 14 	 11 	 3 	 8 	 13 	 18 	 23 	 28 	 33 	 38 	 43 	 48 	 53
718 	 335 	 0 	 3 	 2 	 10 	 11 	 11 	 1 	 6 	 11 	 16 	 21 	 26 	 31 	 36 	 41 	 46 	 51
719 	 335 	 0 	 6 	 4 	 9 	 10 	 11 	 12 	 11 	 0 	 5 	 10 	 15 	 20 	 25 	 30 	 35 	 40 	 45 	 50
720 	 336 	 0 	 6 	 2 	 7 	 8 	 5 	 63 	 73 	 83 	 93 	 103
721 	 337 	 0 	 4 	 2 	 5 	 6 	 5 	 6 	 16 	 26 	 36 	 46
722 	 337 	 0 	 1 	 2 	 3 	 4 	 5 	 5 	 15 	 25 	 35 	 45
723 	 338 	 0 	 8 	 2 	 15 	 16 	 6 	 56 	 66 	 76 	 86 	 96 	 106
724 	 339 	 0 	 7 	 2 	 5 	 6 	 6 	 2 	 12 	 22 	 32 	 42 	 52
725 	 340 	 0 	 5 	 2 	 9 	 10 	 5 	 60 	 70 	 80 	 90 	 100
726 	 341 	 0 	 4 	 2 	 5 	 6 	 6 	 2 	 12 	 22 	 32 	 42 	 52
727 	 342 	 0 	 10 	 2 	 3 	 4 	 6 	 59 	 69 	 79 	 89 	 99 	 109
728 	 343 	 0 	 6 	 2 	 4 	 5 	 5 	 9 	 19 	 29 	 39 	 49
729 	 344 	 0 	 2 	 2 	 16 	 17 	 5 	 8 	 18 	 28 	 38 	 48
730 	 344 	 0 	 3 	 2 	 3 	 4 	 5 	 9 	 19 	 29 	 39 	 49
731 	 345 	 1 	 7 	 2 	 10 	 11 	 5 	 7 	 17 	 27 	 37 	 47
732 	 346 	 1 	 4 	 4 	 10 	 11 	 12 	 13 	 6 	 55 	 65 	 75 	 85 	 95 	 105
733 	 347 	 0 	 8 	 2 	 0 	 1 	 5 	 62 	 72 	 82 	 92 	 102
734 	 348 	 0 	 6 	 2 	 7 	 8 	 5 	 5 	 15 	 25 	 35 	 45
735 	 349 	 0 	 6 	 2 	 13 	 14 	 6 	 56 	 66 	 76 	 86 	 96 	 106
736 	 349 	 0 	 6 	 2 	 6 	 7 	 6 	 57 	 67 	 77 	 87 	 97 	 107
737 	 350 	 0 	 5 	 2 	 15 	 16 	 5 	 62 	 72 	 82 	 92 	 102
738 	 351 	 0 	 10 	 2 	 1 	 2 	 6 	 3 	 13 	 23 	 33 	 43 	 53
739 	 351 	 0 	 7 	 2 	 3 	 4 	 6 	 3 	 13 	 23 	 33 	 43 	 53
740 	 351 	 0 	 6 	 2 	 5 	 6 	 6 	 3 	 13 	 23 	 33 	 43 	 53
741 	 351 	 0 	 5 	 2 	 7 	 8 	 6 	 3 	 13 	 23 	 33 	 43 	 53
742 	 351 	 0 	 7 	 2 	 9 	 10 	 6 	 3 	 13 	 23 	 33 	 43 	 53
743 	 351 	 0 	 9 	 2 	 11 	 12 	 6 	 3 	 13 	 23 	 33 	 43 	 53
744 	 351 	 0 	 2 	 2 	 13 	 14 	 6 	 3 	 13 	 23 	 33 	 43 	 53
745 	 351 	 0 	 5 	 2 	 15 	 16 	 6 	 3 	 13 	 23 	 33 	 43 	 53
746 	 352 	 2 	 7 	 2 	 9 	 10 	 11 	 1 	 6 	 11 	 16 	 21 	 26 	 31 	 36 	 41 	 46 	 51
747 	 353 	 0 	 1 	 2 	 7 	 8 	 5 	 8 	 18 	 28 	 38 	 48
748 	 354 	 0 	 7 	 2 	 11 	 12 	 5 	 7 	 17 	 27 	 37 	 47
749 	 355 	 0 	 10 	 2 	 8 	 9 	 5 	 64 	 74 	 84 	 94 	 104
750 	 356 	 0 	 5 	 2 	 6 	 7 	 6 	 58 	 68 	 78 	 88 	 98 	 108
751 	 356 	 0 	 4 	 2 	 14 	 15 	 6 	 59 	 69 	 79 	 89 	 99 	 109
752 	 356 	 0 	 8 	 2 	 6 	 7 	 6 	 57 	 67 	 77 	 87 	 97 	 107
753 	 357 	 0 	 7 	 4 	 8 	 9 	 10 	 11 	 11 	 3 	 8 	 13 	 18 	 23 	 28 	 33 	 38 	 43 	 48 	 53
754 	 358 	 0 	 10 	 2 	 0 	 1 	 5 	 9 	 19 	 29 	 39 	 49
755 	 358 	 0 	 6 	 2 	 2 	 3 	 5 	 9 	 19 	 29 	 39 	 49
756 	 358 	 0 	 2 	 2 	 4 	 5 	 5 	 9 	 19 	 29 	 39 	 49
757 	 358 	 0 	 5 	 2 	 6 	 7 	 5 	 9 	 19 	 29 	 39 	 49
758 	 358 	 0 	 8 	 2 	 8 	 9 	 5 	 9 	 19 	 29 	 39 	 49
759 	 358 	 0 	 10 	 2 	 10 	 11 	 5 	 9 	 19 	 29 	 39 	 49
760 	 358 	 0 	 4 	 2 	 12 	 13 	 5 	 9 	 19 	 29 	 39 	 49
761 	 358 	 0 	 3 	 2 	 14 	 15 	 5 	 9 	 19 	 29 	 39 	 49
762 	 358 	 0 	 5 	 2 	 16 	 17 	 5 	 9 	 19 	 29 	 39 	 49
763 	 359 	 0 	 8 	 4 	 9 	 10 	 11 	 12 	 11 	 57 	 62 	 67 	 72 	 77 	 82 	 87 	 92 	 97 	 102 	 107
764 	 360 	 0 	 10 	 2 	 9 	 10 	 6 	 1 	 11 	 21 	 31 	 41 	 51
765 	 361 	 0 	 5 	 2 	 13 	 14 	 11 	 2 	 7 	 12 	 17 	 22 	 27 	 32 	 37 	 42 	 47 	 52
766 	 362 	 0 	 5 	 2 	 3 	 4 	 5 	 7 	 17 	 27 	 37 	 47
767 	 362 	 0 	 6 	 2 	 5 	 6 	 5 	 7 	 17 	 27 	 37 	 47
768 	 362 	 0 	 8 	 2 	 7 	 8 	 5 	 7 	 17 	 27 	 37 	 47
769 	 362 	 0 	 9 	 2 	 9 	 10 	 5 	 7 	 17 	 27 	 37 	 47
770 	 362 	 0 	 4 	 2 	 11 	 12 	 5 	 7 	 17 	 27 	 37 	 47
771 	 362 	 0 	 4 	 2 	 13 	 14 	 5 	 7 	 17 	 27 	 37 	 47
772 	 362 	 0 	 6 	 2 	 15 	 16 	 5 	 7 	 17 	 27 	 37 	 47
773 	 363 	 0 	 3 	 2 	 1 	 2 	 11 	 1 	 6 	 11 	 16 	 21 	 26 	 31 	 36 	 41 	 46 	 51
774 	 364 	 0 	 7 	 2 	 9 	 10 	 6 	 59 	 69 	 79 	 89 	 99 	 109
775 	 365 	 0 	 9 	 2 	 1 	 2 	 6 	 57 	 67 	 77 	 87 	 97 	 107
776 	 366 	 0 	 10 	 2 	 15 	 16 	 5 	 60 	 70 	 80 	 90 	 100
777 	 366 	 0 	 8 	 2 	 7 	 8 	 5 	 63 	 73 	 83 	 93 	 103
778 	 367 	 0 	 4 	 2 	 2 	 3 	 5 	 5 	 15 	 25 	 35 	 45
779 	 367 	 0 	 9 	 2 	 4 	 5 	 5 	 5 	 15 	 25 	 35 	 45
780 	 367 	 0 	 9 	 2 	 6 	 7 	 5 	 5 	 15 	 25 	 35 	 45
781 	 367 	 0 	 9 	 2 	 8 	 9 	 5 	 5 	 15 	 25 	 35 	 45
782 	 367 	 0 	 4 	 2 	 10 	 11 	 5 	 5 	 15 	 25 	 35 	 45
783 	 367 	 0 	 5 	 2 	 12 	 13 	 5 	 5 	 15 	 25 	 35 	 45
784 	 367 	 0 	 9 	 2 	 14 	 15 	 5 	 5 	 15 	 25 	 35 	 45
785 	 367 	 0 	 7 	 2 	 16 	 17 	 5 	 5 	 15 	 25 	 35 	 45
786 	 368 	 0 	 3 	 2 	 11 	 12 	 6 	 59 	 69 	 79 	 89 	 99 	 109
787 	 368 	 0 	 2 	 2 	 3 	 4 	 6 	 56 	 66 	 76 	 86 	 96 	 106
788 	 368 	 0 	 1 	 4 	 5 	 6 	 7 	 8 	 6 	 58 	 68 	 78 	 88 	 98 	 108
789 	 369 	 0 	 10 	 4 	 11 	 12 	 13 	 14 	 5 	 61 	 71 	 81 	 91 	 101
790 	 370 	 0 	 1 	 4 	 3 	 4 	 5 	 6 	 6 	 4 	 14 	 24 	 34 	 44 	 54
791 	 371 	 0 	 2 	 2 	 7 	 8 	 6 	 58 	 68 	 78 	 88 	 98 	 108
792 	 372 	 0 	 1 	 2 	 0 	 1 	 5 	 9 	 19 	 29 	 39 	 49
793 	 372 	 0 	 4 	 2 	 2 	 3 	 5 	 9 	 19 	 29 	 39 	 49
794 	 372 	 0 	 6 	 2 	 4 	 5 	 5 	 9 	 19 	 29 	 39 	 49
795 	 372 	 0 	 10 	 2 	 6 	 7 	 5 	 9 	 19 	 29 	 39 	 49
796 	 372 	 0 	 6 	 2 	 8 	 9 	 5 	 9 	 19 	 29 	 39 	 49
797 	 372 	 0 	 4 	 2 	 10 	 11 	 5 	 9 	 19 	 29 	 39 	 49
798 	 372 	 0 	 8 	 2 	 12 	 13 	 5 	 9 	 19 	 29 	 39 	 49
799 	 372 	 0 	 5 	 2 	 14 	 15 	 5 	 9 	 19 	 29 	 39 	 49
800 	 373 	 0 	 4 	 4 	 11 	 12 	 13 	 14 	 6 	 2 	 12 	 22 	 32 	 42 	 52
801 	 374 	 2 	 8 	 2 	 10 	 11 	 11 	 3 	 8 	 13 	 18 	 23 	 28 	 33 	 38 	 43 	 48 	 53
802 	 374 	 2 	 1 	 2 	 14 	 15 	 11 	 1 	 6 	 11 	 16 	 21 	 26 	 31 	 36 	 41 	 46 	 51
803 	 374 	 2 	 2 	 2 	 11 	 12 	 11 	 4 	 9 	 14 	 19 	 24 	 29 	 34 	 39 	 44 	 49 	 54
804 	 375 	 0 	 8 	 2 	 3 	 4 	 5 	 62 	 72 	 82 	 92 	 102
805 	 375 	 0 	 8 	 2 	 5 	 6 	 5 	 62 	 72 	 82 	 92 	 102
806 	 375 	 0 	 3 	 2 	 7 	 8 	 5 	 62 	 72 	 82 	 92 	 102
807 	 375 	 0 	 8 	 2 	 9 	 10 	 5 	 62 	 72 	 82 	 92 	 102
808 	 375 	 0 	 10 	 2 	 11 	 12 	 5 	 62 	 72 	 82 	 92 	 102
809 	 376 	 0 	 9 	 2 	 10 	 11 	 11 	 59 	 64 	 69 	 74 	 79 	 84 	 89 	 94 	 99 	 104 	 109
810 	 377 	 0 	 5 	 4 	 14 	 15 	 16 	 17 	 6 	 3 	 13 	 23 	 33 	 43 	 53
811 	 378 	 0 	 4 	 2 	 2 	 3 	 11 	 56 	 61 	 66 	 71 	 76 	 81 	 86 	 91 	 96 	 101 	 106
812 	 379 	 0 	 7 	 4 	 7 	 8 	 9 	 10 	 6 	 0 	 10 	 20 	 30 	 40 	 50
813 	 380 	 0 	 5 	 2 	 16 	 17 	 6 	 56 	 66 	 76 	 86 	 96 	 106
814 	 381 	 0 	 5 	 4 	 3 	 4 	 5 	 6 	 5 	 64 	 74 	 84 	 94 	 104
815 	 382 	 0 	 2 	 2 	 9 	 10 	 5 	 8 	 18 	 28 	 38 	 48
816 	 383 	 0 	 9 	 2 	 11 	 12 	 5 	 9 	 19 	 29 	 39 	 49
817 	 383 	 0 	 7 	 2 	 2 	 3 	 5 	 7 	 17 	 27 	 37 	 47
818 	 384 	 0 	 10 	 2 	 5 	 6 	 11 	 59 	 64 	 69 	 74 	 79 	 84 	 89 	 94 	 99 	 104 	 109
819 	 384 	 0 	 3 	 2 	 7 	 8 	 11 	 59 	 64 	 69 	 74 	 79 	 84 	 89 	 94 	 99 	 104 	 109
820 	 384 	 0 	 8 	 2 	 9 	 10 	 11 	 59 	 64 	 69 	 74 	 79 	 84 	 89 	 94 	 99 	 104 	 109
821 	 384 	 0 	 1 	 2 	 11 	 12 	 11 	 59 	 64 	 69 	 74 	 79 	 84 	 89 	 94 	 99 	 104 	 109
822 	 384 	 0 	 2 	 2 	 13 	 14 	 11 	 59 	 64 	 69 	 74 	 79 	 84 	 89 	 94 	 99 	 104 	 109
823 	 384 	 0 	 2 	 2 	 15 	 16 	 11 	 59 	 64 	 69 	 74 	 79 	 84 	 89 	 94 	 99 	 104 	 109
824 	 385 	 0 	 3 	 2 	 1 	 2 	 11 	 3 	 8 	 13 	 18 	 23 	 28 	 33 	 38 	 43 	 48 	 53
825 	 386 	 0 	 3 	 2 	 1 	 2 	 6 	 4 	 14 	 24 	 34 	 44 	 54
826 	 387 	 0 	 5 	 2 	 13 	 14 	 11 	 55 	 60 	 65 	 70 	 75 	 80 	 85 	 90 	 95 	 100 	 105
827 	 388 	 0 	 9 	 4 	 12 	 13 	 14 	 15 	 6 	 2 	 12 	 22 	 32 	 42 	 52
828 	 389 	 0 	 8 	 2 	 12 	 13 	 5 	 60 	 70 	 80 	 90 	 100
829 	 390 	 0 	 6 	 2 	 6 	 7 	 5 	 64 	 74 	 84 	 94 	 104
830 	 390 	 0 	 2 	 2 	 8 	 9 	 5 	 64 	 74 	 84 	 94 	 104
831 	 390 	 0 	 5 	 2 	 10 	 11 	 5 	 64 	 74 	 84 	 94 	 104
832 	 390 	 0 	 2 	 2 	 12 	 13 	 5 	 64 	 74 	 84 	 94 	 104
833 	 391 	 0 	 9 	 2 	 3 	 4 	 11 	 3 	 8 	 13 	 18 	 23 	 28 	 33 	 38 	 43 	 48 	 53
834 	 392 	 0 	 2 	 2 	 16 	 17 	 5 	 63 	 73 	 83 	 93 	 103
835 	 392 	 0 	 4 	 2 	 4 	 5 	 5 	 62 	 72 	 82 	 92 	 102
836 	 393 	 0 	 5 	 2 	 6 	 7 	 6 	 1 	 11 	 21 	 31 	 41 	 51
837 	 394 	 1 	 10 	 2 	 5 	 6 	 5 	 5 	 15 	 25 	 35 	 45
838 	 394 	 1 	 1 	 2 	 1 	 2 	 5 	 6 	 16 	 26 	 36 	 46
839 	 394 	 1 	 7 	 2 	 3 	 4 	 5 	 8 	 18 	 28 	 38 	 48
840 	 395 	 0 	 6 	 2 	 1 	 2 	 5 	 62 	 72 	 82 	 92 	 102
841 	 396 	 0 	 2 	 2 	 6 	 7 	 6 	 57 	 67 	 77 	 87 	 97 	 107
842 	 397 	 0 	 6 	 2 	 1 	 2 	 11 	 59 	 64 	 69 	 74 	 79 	 84 	 89 	 94 	 99 	 104 	 109
843 	 397 	 0 	 8 	 2 	 3 	 4 	 11 	 58 	 63 	 68 	 73 	 78 	 83 	 88 	 93 	 98 	 103 	 108
844 	 398 	 0 	 7 	 2 	 12 	 13 	 11 	 2 	 7 	 12 	 17 	 22 	 27 	 32 	 37 	 42 	 47 	 52
845 	 399 	 0 	 7 	 4 	 10 	 11 	 12 	 13 	 5 	 62 	 72 	 82 	 92 	 102
846	0	0	0	2	16	17	11	2	7	12	17	22	27	32	37	42	47	52	
847	1	0	0	2	5	6	11	4	9	14	19	24	29	34	39	44	49	54	
848	2	1	0	2	13	14	5	7	17	27	37	47	
849	2	1	0	2	8	9	5	8	18	28	38	48	
850	3	0	0	2	7	8	5	62	72	82	92	102	
851	3	0	0	2	16	17	5	63	73	83	93	103	
852	4	0	0	4	0	1	2	3	5	5	15	25	35	45	
853	5	0	0	4	3	4	5	6	5	5	15	25	35	45	
854	5	0	0	4	8	9	10	11	5	9	19	29	39	49	
855	6	0	0	2	0	1	11	59	64	69	74	79	84	89	94	99	104	109	
856	6	0	0	4	12	13	14	15	11	58	63	68	73	78	83	88	93	98	103	108	
857	6	0	0	4	2	3	4	5	11	57	62	67	72	77	82	87	92	97	102	107	
858	7	0	0	4	13	14	15	16	5	6	16	26	36	46	
859	7	0	0	4	3	4	5	6	5	9	19	29	39	49	
860	8	0	0	4	9	10	11	12	11	57	62	67	72	77	82	87	92	97	102	107	
861	8	0	0	4	13	14	15	16	11	56	61	66	71	76	81	86	91	96	101	106	
862	9	0	0	4	3	4	5	6	5	9	19	29	39	49	
863	9	0	0	2	9	10	5	6	16	26	36	46	
864	10	0	0	4	2	3	4	5	11	57	62	67	72	77	82	87	92	97	102	107	
865	11	2	0	2	3	4	6	59	69	79	89	99	109	
866	12	0	0	4	3	4	5	6	11	1	6	11	16	21	26	31	36	41	46	51	
867	12	0	0	2	13	14	11	4	9	14	19	24	29	34	39	44	49	54	
868	13	0	0	4	9	10	11	12	11	4	9	14	19	24	29	34	39	44	49	54	
869	14	0	0	2	14	15	11	59	64	69	74	79	84	89	94	99	104	109	
870	15	0	0	2	7	8	5	61	71	81	91	101	
871	15	0	0	2	2	3	5	63	73	83	93	103	
872	16	0	0	4	8	9	10	11	5	7	17	27	37	47	
873	17	0	0	4	10	11	12	13	5	61	71	81	91	101	
874	18	0	0	4	13	14	15	16	11	57	62	67	72	77	82	87	92	97	102	107	
875	19	0	0	2	10	11	6	56	66	76	86	96	106	
876	19	0	0	2	14	15	6	55	65	75	85	95	105	
877	19	0	0	2	16	17	6	59	69	79	89	99	109	
878	20	0	0	4	14	15	16	17	6	3	13	23	33	43	53	
879	21	0	0	2	16	17	6	0	10	20	30	40	50	
880	22	0	0	2	14	15	11	59	64	69	74	79	84	89	94	99	104	109	
881	23	0	0	4	2	3	4	5	11	57	62	67	72	77	82	87	92	97	102	107	
882	24	0	0	4	4	5	6	7	6	4	14	24	34	44	54	
883	25	0	0	4	3	4	5	6	6	0	10	20	30	40	50	
884	25	0	0	4	7	8	9	10	6	2	12	22	32	42	52	
885	26	0	0	2	13	14	11	2	7	12	17	22	27	32	37	42	47	52	
886	26	0	0	4	10	11	12	13	11	3	8	13	18	23	28	33	38	43	48	53	
887	27	0	0	4	5	6	7	8	11	0	5	10	15	20	25	30	35	40	45	50	
888	27	0	0	4	4	5	6	7	11	4	9	14	19	24	29	34	39	44	49	54	
889	27	0	0	4	5	6	7	8	11	1	6	11	16	21	26	31	36	41	46	51	
890	28	0	0	4	2	3	4	5	5	63	73	83	93	103	
891	29	0	0	2	5	6	11	3	8	13	18	23	28	33	38	43	48	53	
892	29	0	0	4	2	3	4	5	11	2	7	12	17	22	27	32	37	42	47	52	
893	30	0	0	4	12	13	14	15	11	2	7	12	17	22	27	32	37	42	47	52	
894	31	0	0	2	14	15	5	64	74	84	94	104	
895	32	0	0	4	14	15	16	17	6	2	12	22	32	42	52	
896	33	0	0	2	14	15	6	2	12	22	32	42	52	
897	33	0	0	4	3	4	5	6	6	3	13	23	33	43	53	
898	33	0	0	4	13	14	15	16	6	4	14	24	34	44	54	
899	34	0	0	4	7	8	9	10	5	7	17	27	37	47	
900	34	0	0	4	11	12	13	14	5	6	16	26	36	46	
901	34	0	0	4	3	4	5	6	5	9	19	29	39	49	
902	34	0	0	2	1	2	5	5	15	25	35	45	
903	35	0	0	2	1	2	5	7	17	27	37	47	
904	35	0	0	2	5	6	5	9	19	29	39	49	
905	35	0	0	2	9	10	5	8	18	28	38	48	
906	36	0	0	4	14	15	16	17	11	55	60	65	70	75	80	85	90	95	100	105	
907	36	0	0	4	14	15	16	17	11	56	61	66	71	76	81	86	91	96	101	106	
908	37	0	0	2	10	11	5	7	17	27	37	47	
909	37	0	0	2	7	8	5	5	15	25	35	45	
910	38	0	0	2	6	7	11	58	63	68	73	78	83	88	93	98	103	108	
911	38	0	0	2	6	7	11	59	64	69	74	79	84	89	94	99	104	109	
912	39	0	0	4	4	5	6	7	6	57	67	77	87	97	107	
913	40	0	0	4	6	7	8	9	11	2	7	12	17	22	27	32	37	42	47	52	
914	40	0	0	2	7	8	11	0	5	10	15	20	25	30	35	40	45	50	
915	41	1	0	2	3	4	11	55	60	65	70	75	80	85	90	95	100	105	
916	42	0	0	4	7	8	9	10	6	55	65	75	85	95	105	
917	42	0	0	2	3	4	6	56	66	76	86	96	106	
918	43	0	0	2	12	13	6	58	68	78	88	98	108	
919	44	0	0	2	5	6	11	2	7	12	17	22	27	32	37	42	47	52	
920	44	0	0	2	9	10	11	0	5	10	15	20	25	30	35	40	45	50	
921	45	0	0	2	7	8	11	59	64	69	74	79	84	89	94	99	104	109	
922	46	0	0	4	4	5	6	7	5	64	74	84	94	104	
923	47	0	0	4	10	11	12	13	5	9	19	29	39	49	
924	48	0	0	4	5	6	7	8	6	56	66	76	86	96	106	
925	48	0	0	4	5	6	7	8	6	58	68	78	88	98	108	
926	48	0	0	4	1	2	3	4	6	57	67	77	87	97	107	
927	48	0	0	2	15	16	6	59	69	79	89	99	109	
928	49	0	0	2	8	9	6	56	66	76	86	96	106	
929	49	0	0	2	9	10	6	59	69	79	89	99	109	
930	50	0	0	4	14	15	16	17	6	57	67	77	87	97	107	
931	51	0	0	2	2	3	6	57	67	77	87	97	107	
932	52	0	0	4	4	5	6	7	5	62	72	82	92	102	
933	52	0	0	2	10	11	5	61	71	81	91	101	
934	53	0	0	2	6	7	5	8	18	28	38	48	
935	53	0	0	2	5	6	5	7	17	27	37	47	
936	54	0	0	4	9	10	11	12	6	56	66	76	86	96	106	
937	54	0	0	4	10	11	12	13	6	58	68	78	88	98	108	
938	55	2	0	4	9	10	11	12	6	4	14	24	34	44	54	
939	55	2	0	4	4	5	6	7	6	2	12	22	32	42	52	
940	56	0	0	4	0	1	2	3	6	57	67	77	87	97	107	
941	57	0	0	2	1	2	5	7	17	27	37	47	
942	57	0	0	4	2	3	4	5	5	9	19	29	39	49	
943	57	0	0	4	3	4	5	6	5	5	15	25	35	45	
944	58	0	0	4	2	3	4	5	11	58	63	68	73	78	83	88	93	98	103	108	
945	58	0	0	2	9	10	11	56	61	66	71	76	81	86	91	96	101	106	
946	59	0	0	2	8	9	11	0	5	10	15	20	25	30	35	40	45	50	
947	60	0	0	2	16	17	5	63	73	83	93	103	
948	60	0	0	4	6	7	8	9	5	64	74	84	94	104	
949	60	0	0	2	14	15	5	60	70	80	90	100	
950	61	0	0	2	14	15	6	56	66	76	86	96	106	
951	61	0	0	2	11	12	6	55	65	75	85	95	105	
952	61	0	0	4	7	8	9	10	6	58	68	78	88	98	108	
953	62	0	0	2	8	9	5	61	71	81	91	101	
954	63	0	0	4	1	2	3	4	6	57	67	77	87	97	107	
955	64	0	0	4	4	5	6	7	6	58	68	78	88	98	108	
956	64	0	0	4	0	1	2	3	6	55	65	75	85	95	105	
957	64	0	0	2	15	16	6	56	66	76	86	96	106	
958	65	0	0	2	6	7	11	55	60	65	70	75	80	85	90	95	100	105	
959	66	0	0	4	9	10	11	12	6	55	65	75	85	95	105	
960	66	0	0	2	13	14	6	59	69	79	89	99	109	
961	67	0	0	2	10	11	11	0	5	10	15	20	25	30	35	40	45	50	
962	67	0	0	4	6	7	8	9	11	1	6	11	16	21	26	31	36	41	46	51	
963	68	0	0	4	9	10	11	12	6	56	66	76	86	96	106	
964	69	0	0	4	9	10	11	12	6	2	12	22	32	42	52	
965	70	0	0	2	9	10	5	9	19	29	39	49	
966	70	0	0	2	1	2	5	5	15	25	35	45	
967	71	0	0	2	3	4	5	7	17	27	37	47	
968	72	0	0	4	9	10	11	12	5	62	72	82	92	102	
969	72	0	0	4	2	3	4	5	5	61	71	81	91	101	
970	73	0	0	4	5	6	7	8	11	4	9	14	19	24	29	34	39	44	49	54	
971	73	0	0	2	3	4	11	3	8	13	18	23	28	33	38	43	48	53	
972	74	0	0	2	7	8	11	56	61	66	71	76	81	86	91	96	101	106	
973	75	0	0	2	6	7	5	60	70	80	90	100	
974	76	0	0	4	13	14	15	16	11	1	6	11	16	21	26	31	36	41	46	51	
975	77	0	0	4	10	11	12	13	11	59	64	69	74	79	84	89	94	99	104	109	
976	77	0	0	2	15	16	11	57	62	67	72	77	82	87	92	97	102	107	
977	78	1	0	2	12	13	5	6	16	26	36	46	
978	78	1	0	2	3	4	5	9	19	29	39	49	
979	79	0	0	2	13	14	6	0	10	20	30	40	50	
980	80	0	0	4	5	6	7	8	11	2	7	12	17	22	27	32	37	42	47	52	
981	81	0	0	4	7	8	9	10	5	9	19	29	39	49	
982	81	0	0	4	14	15	16	17	5	6	16	26	36	46	
983	82	0	0	2	11	12	5	63	73	83	93	103	
984	83	0	0	2	8	9	5	7	17	27	37	47	
985	84	1	0	4	3	4	5	6	5	9	19	29	39	49	
986	85	0	0	4	3	4	5	6	6	4	14	24	34	44	54	
987	85	0	0	2	14	15	6	0	10	20	30	40	50	
988	86	0	0	4	7	8	9	10	5	9	19	29	39	49	
989	86	0	0	4	9	10	11	12	5	8	18	28	38	48	
990	87	0	0	4	11	12	13	14	6	56	66	76	86	96	106	
991	88	0	0	4	3	4	5	6	11	57	62	67	72	77	82	87	92	97	102	107	
992	88	0	0	4	14	15	16	17	11	58	63	68	73	78	83	88	93	98	103	108	
993	89	1	0	4	1	2	3	4	6	2	12	22	32	42	52	
994	90	0	0	4	8	9	10	11	6	58	68	78	88	98	108	
995	90	0	0	4	13	14	15	16	6	56	66	76	86	96	106	
996	91	0	0	4	11	12	13	14	11	1	6	11	16	21	26	31	36	41	46	51	
997	92	2	0	4	4	5	6	7	6	4	14	24	34	44	54	
998	93	0	0	2	5	6	5	62	72	82	92	102	
999	93	0	0	4	1	2	3	4	5	63	73	83	93	103	
1000	93	0	0	4	7	8	9	10	5	60	70	80	90	100	
1001	94	0	0	4	9	10	11	12	5	9	19	29	39	49	
1002	94	0	0	2	5	6	5	7	17	27	37	47	
1003	94	0	0	4	14	15	16	17	5	6	16	26	36	46	
1004	94	0	0	2	4	5	5	8	18	28	38	48	
1005	95	0	0	4	7	8	9	10	11	57	62	67	72	77	82	87	92	97	102	107	
1006	95	0	0	4	9	10	11	12	11	59	64	69	74	79	84	89	94	99	104	109	
1007	96	0	0	2	10	11	5	8	18	28	38	48	
1008	96	0	0	2	11	12	5	6	16	26	36	46	
1009	97	0	0	4	7	8	9	10	11	3	8	13	18	23	28	33	38	43	48	53	
1010	97	0	0	2	3	4	11	0	5	10	15	20	25	30	35	40	45	50	
1011	98	0	0	4	4	5	6	7	6	58	68	78	88	98	108	
1012	98	0	0	2	5	6	6	56	66	76	86	96	106	
1013	99	0	0	2	2	3	11	59	64	69	74	79	84	89	94	99	104	109	
1014	100	0	0	2	10	11	5	8	18	28	38	48	
1015	100	0	0	2	2	3	5	5	15	25	35	45	
1016	101	0	0	4	13	14	15	16	5	61	71	81	91	101	
1017	102	0	0	2	13	14	6	0	10	20	30	40	50	
1018	102	0	0	2	13	14	6	2	12	22	32	42	52	
1019	102	0	0	4	8	9	10	11	6	4	14	24	34	44	54	
1020	103	0	0	4	5	6	7	8	6	4	14	24	34	44	54	
1021	104	0	0	2	7	8	11	55	60	65	70	75	80	85	90	95	100	105	
1022	104	0	0	4	6	7	8	9	11	59	64	69	74	79	84	89	94	99	104	109	
1023	105	0	0	2	3	4	6	59	69	79	89	99	109	
1024	106	0	0	4	4	5	6	7	11	55	60	65	70	75	80	85	90	95	100	105	
1025	106	0	0	4	8	9	10	11	11	58	63	68	73	78	83	88	93	98	103	108	
1026	107	0	0	2	5	6	5	5	15	25	35	45	
1027	107	0	0	2	10	11	5	6	16	26	36	46	
1028	108	0	0	2	9	10	5	9	19	29	39	49	
1029	108	0	0	2	16	17	5	8	18	28	38	48	
1030	109	0	0	4	6	7	8	9	6	2	12	22	32	42	52	
1031	109	0	0	4	14	15	16	17	6	4	14	24	34	44	54	
1032	110	0	0	2	10	11	5	5	15	25	35	45	
1033	110	0	0	4	0	1	2	3	5	9	19	29	39	49	
1034	111	0	0	2	13	14	11	57	62	67	72	77	82	87	92	97	102	107	
1035	111	0	0	2	5	6	11	58	63	68	73	78	83	88	93	98	103	108	
1036	111	0	0	4	10	11	12	13	11	56	61	66	71	76	81	86	91	96	101	106	
1037	112	2	0	2	5	6	11	56	61	66	71	76	81	86	91	96	101	106	
1038	112	2	0	4	12	13	14	15	11	58	63	68	73	78	83	88	93	98	103	108	
1039	112	2	0	4	4	5	6	7	11	55	60	65	70	75	80	85	90	95	100	105	
1040	112	2	0	4	12	13	14	15	11	59	64	69	74	79	84	89	94	99	104	109	
1041	113	0	0	4	14	15	16	17	11	4	9	14	19	24	29	34	39	44	49	54	
1042	114	0	0	2	13	14	6	4	14	24	34	44	54	
1043	114	0	0	2	3	4	6	0	10	20	30	40	50	
1044	114	0	0	4	13	14	15	16	6	3	13	23	33	43	53	
1045	114	0	0	2	1	2	6	2	12	22	32	42	52	
1046	115	0	0	2	7	8	11	59	64	69	74	79	84	89	94	99	104	109	
1047	116	0	0	2	3	4	5	5	15	25	35	45	
1048	116	0	0	4	3	4	5	6	5	7	17	27	37	47	
1049	116	0	0	2	14	15	5	6	16	26	36	46	
1050	116	0	0	2	14	15	5	9	19	29	39	49	
1051	117	2	0	2	3	4	5	62	72	82	92	102	
1052	118	0	0	4	9	10	11	12	6	3	13	23	33	43	53	
1053	118	0	0	2	14	15	6	2	12	22	32	42	52	
1054	119	0	0	4	6	7	8	9	11	1	6	11	16	21	26	31	36	41	46	51	
1055	119	0	0	2	9	10	11	2	7	12	17	22	27	32	37	42	47	52	
1056	120	0	0	4	14	15	16	17	6	57	67	77	87	97	107	
1057	121	0	0	4	11	12	13	14	11	1	6	11	16	21	26	31	36	41	46	51	
1058	122	0	0	2	3	4	11	55	60	65	70	75	80	85	90	95	100	105	
1059	122	0	0	2	7	8	11	59	64	69	74	79	84	89	94	99	104	109	
1060	122	0	0	2	13	14	11	58	63	68	73	78	83	88	93	98	103	108	
1061	122	0	0	2	3	4	11	57	62	67	72	77	82	87	92	97	102	107	
1062	123	0	0	4	9	10	11	12	11	57	62	67	72	77	82	87	92	97	102	107	
1063	123	0	0	2	4	5	11	55	60	65	70	75	80	85	90	95	100	105	
1064	123	0	0	4	6	7	8	9	11	58	63	68	73	78	83	88	93	98	103	108	
1065	123	0	0	4	14	15	16	17	11	56	61	66	71	76	81	86	91	96	101	106	
1066	124	0	0	2	8	9	11	3	8	13	18	23	28	33	38	43	48	53	
1067	124	0	0	4	0	1	2	3	11	2	7	12	17	22	27	32	37	42	47	52	
1068	125	0	0	2	11	12	11	1	6	11	16	21	26	31	36	41	46	51	
1069	126	0	0	2	1	2	6	0	10	20	30	40	50	
1070	127	0	0	2	7	8	5	5	15	25	35	45	
1071	128	0	0	4	9	10	11	12	6	3	13	23	33	43	53	
1072	128	0	0	4	2	3	4	5	6	2	12	22	32	42	52	
1073	128	0	0	4	2	3	4	5	6	0	10	20	30	40	50	
1074	129	0	0	4	4	5	6	7	11	58	63	68	73	78	83	88	93	98	103	108	
1075	129	0	0	4	4	5	6	7	11	56	61	66	71	76	81	86	91	96	101	106	
1076	129	0	0	2	16	17	11	59	64	69	74	79	84	89	94	99	104	109	
1077	129	0	0	2	15	16	11	57	62	67	72	77	82	87	92	97	102	107	
1078	130	0	0	2	1	2	6	56	66	76	86	96	106	
1079	130	0	0	2	2	3	6	57	67	77	87	97	107	
1080	130	0	0	2	16	17	6	59	69	79	89	99	109	
1081	130	0	0	2	5	6	6	55	65	75	85	95	105	
1082	131	0	0	2	4	5	5	9	19	29	39	49	
1083	132	0	0	2	11	12	5	62	72	82	92	102	
1084	132	0	0	2	10	11	5	64	74	84	94	104	
1085	133	0	0	4	11	12	13	14	11	3	8	13	18	23	28	33	38	43	48	53	
1086	134	0	0	2	1	2	11	58	63	68	73	78	83	88	93	98	103	108	
1087	134	0	0	4	10	11	12	13	11	56	61	66	71	76	81	86	91	96	101	106	
1088	135	0	0	2	3	4	5	61	71	81	91	101	
1089	136	2	0	4	11	12	13	14	6	59	69	79	89	99	109	
1090	137	0	0	2	1	2	11	4	9	14	19	24	29	34	39	44	49	54	
1091	137	0	0	4	0	1	2	3	11	3	8	13	18	23	28	33	38	43	48	53	
1092	138	0	0	2	2	3	5	6	16	26	36	46	
1093	139	2	0	2	11	12	5	7	17	27	37	47	
1094	139	2	0	2	5	6	5	9	19	29	39	49	
1095	139	2	0	2	4	5	5	8	18	28	38	48	
1096	139	2	0	2	5	6	5	6	16	26	36	46	
1097	140	0	0	2	10	11	6	57	67	77	87	97	107	
1098	141	0	0	4	11	12	13	14	5	5	15	25	35	45	
1099	141	0	0	2	6	7	5	9	19	29	39	49	
1100	142	0	0	2	1	2	6	58	68	78	88	98	108	
1101	143	0	0	2	12	13	5	63	73	83	93	103	
1102	144	0	0	4	4	5	6	7	6	4	14	24	34	44	54	
1103	144	0	0	2	4	5	6	0	10	20	30	40	50	
1104	145	0	0	2	1	2	5	62	72	82	92	102	
1105	145	0	0	2	6	7	5	64	74	84	94	104	
1106	145	0	0	4	7	8	9	10	5	61	71	81	91	101	
1107	145	0	0	2	9	10	5	60	70	80	90	100	
1108	146	2	0	2	16	17	5	61	71	81	91	101	
1109	147	1	0	2	14	15	5	9	19	29	39	49	
1110	148	0	0	2	13	14	11	0	5	10	15	20	25	30	35	40	45	50	
1111	149	0	0	2	6	7	6	58	68	78	88	98	108	
1112	149	0	0	2	3	4	6	59	69	79	89	99	109	
1113	150	0	0	2	6	7	5	9	19	29	39	49	
1114	151	0	0	4	1	2	3	4	5	63	73	83	93	103	
1115	151	0	0	2	5	6	5	64	74	84	94	104	
1116	152	0	0	4	0	1	2	3	6	4	14	24	34	44	54	
1117	152	0	0	2	9	10	6	3	13	23	33	43	53	
1118	153	0	0	2	0	1	5	7	17	27	37	47	
1119	153	0	0	4	12	13	14	15	5	6	16	26	36	46	
1120	154	0	0	2	7	8	5	6	16	26	36	46	
1121	155	0	0	4	5	6	7	8	11	58	63	68	73	78	83	88	93	98	103	108	
1122	156	0	0	4	12	13	14	15	5	63	73	83	93	103	
1123	156	0	0	2	1	2	5	64	74	84	94	104	
1124	156	0	0	4	13	14	15	16	5	60	70	80	90	100	
1125	157	0	0	2	7	8	5	60	70	80	90	100	
1126	158	0	0	4	4	5	6	7	6	58	68	78	88	98	108	
1127	159	0	0	4	7	8	9	10	11	3	8	13	18	23	28	33	38	43	48	53	
1128	160	0	0	2	13	14	6	3	13	23	33	43	53	
1129	161	0	0	4	9	10	11	12	11	56	61	66	71	76	81	86	91	96	101	106	
1130	161	0	0	2	6	7	11	55	60	65	70	75	80	85	90	95	100	105	
1131	161	0	0	2	10	11	11	58	63	68	73	78	83	88	93	98	103	108	
1132	162	0	0	2	13	14	6	56	66	76	86	96	106	
1133	163	0	0	4	0	1	2	3	11	56	61	66	71	76	81	86	91	96	101	106	
1134	164	0	0	4	2	3	4	5	5	5	15	25	35	45	
1135	164	0	0	4	3	4	5	6	5	9	19	29	39	49	
1136	164	0	0	2	6	7	5	7	17	27	37	47	
1137	164	0	0	4	13	14	15	16	5	6	16	26	36	46	
1138	165	0	0	2	4	5	11	4	9	14	19	24	29	34	39	44	49	54	
1139	166	0	0	2	7	8	11	0	5	10	15	20	25	30	35	40	45	50	
1140	166	0	0	2	3	4	11	2	7	12	17	22	27	32	37	42	47	52	
1141	167	1	0	2	8	9	5	6	16	26	36	46	
1142	168	0	0	4	11	12	13	14	5	61	71	81	91	101	
1143	168	0	0	2	0	1	5	64	74	84	94	104	
1144	169	0	0	2	3	4	11	1	6	11	16	21	26	31	36	41	46	51	
1145	170	0	0	4	9	10	11	12	5	60	70	80	90	100	
1146	171	0	0	2	3	4	5	9	19	29	39	49	
1147	171	0	0	4	3	4	5	6	5	6	16	26	36	46	
1148	171	0	0	2	12	13	5	7	17	27	37	47	
1149	171	0	0	2	4	5	5	8	18	28	38	48	
1150	172	0	0	4	2	3	4	5	11	4	9	14	19	24	29	34	39	44	49	54	
1151	173	0	0	2	10	11	11	1	6	11	16	21	26	31	36	41	46	51	
1152	174	0	0	4	1	2	3	4	11	4	9	14	19	24	29	34	39	44	49	54	
1153	175	0	0	4	2	3	4	5	11	3	8	13	18	23	28	33	38	43	48	53	
1154	176	0	0	4	12	13	14	15	6	4	14	24	34	44	54	
1155	176	0	0	4	13	14	15	16	6	2	12	22	32	42	52	
1156	177	0	0	2	16	17	6	58	68	78	88	98	108	
1157	178	0	0	4	12	13	14	15	11	58	63	68	73	78	83	88	93	98	103	108	
1158	178	0	0	4	7	8	9	10	11	56	61	66	71	76	81	86	91	96	101	106	
1159	178	0	0	4	9	10	11	12	11	57	62	67	72	77	82	87	92	97	102	107	
1160	178	0	0	2	11	12	11	55	60	65	70	75	80	85	90	95	100	105	
1161	179	2	0	2	13	14	11	2	7	12	17	22	27	32	37	42	47	52	
1162	180	0	0	2	10	11	11	3	8	13	18	23	28	33	38	43	48	53	
1163	181	0	0	2	11	12	5	61	71	81	91	101	
1164	181	0	0	4	11	12	13	14	5	64	74	84	94	104	
1165	181	0	0	2	6	7	5	60	70	80	90	100	
1166	181	0	0	2	16	17	5	63	73	83	93	103	
1167	182	0	0	4	9	10	11	12	5	60	70	80	90	100	
1168	183	0	0	4	14	15	16	17	6	56	66	76	86	96	106	
1169	183	0	0	2	3	4	6	55	65	75	85	95	105	
1170	184	0	0	4	9	10	11	12	5	7	17	27	37	47	
1171	184	0	0	4	3	4	5	6	5	8	18	28	38	48	
1172	185	0	0	2	10	11	5	63	73	83	93	103	
1173	185	0	0	4	8	9	10	11	5	60	70	80	90	100	
1174	185	0	0	2	10	11	5	62	72	82	92	102	
1175	185	0	0	4	8	9	10	11	5	64	74	84	94	104	
1176	186	2	0	2	1	2	11	55	60	65	70	75	80	85	90	95	100	105	
1177	187	0	0	4	9	10	11	12	11	0	5	10	15	20	25	30	35	40	45	50	
1178	188	0	0	4	11	12	13	14	5	7	17	27	37	47	
1179	189	0	0	2	15	16	5	5	15	25	35	45	
1180	189	0	0	4	2	3	4	5	5	7	17	27	37	47	
1181	190	0	0	4	0	1	2	3	5	64	74	84	94	104	
1182	191	2	0	2	14	15	5	60	70	80	90	100	
1183	192	0	0	4	12	13	14	15	6	1	11	21	31	41	51	
1184	192	0	0	4	13	14	15	16	6	4	14	24	34	44	54	
1185	193	0	0	4	7	8	9	10	11	56	61	66	71	76	81	86	91	96	101	106	
1186	193	0	0	4	9	10	11	12	11	55	60	65	70	75	80	85	90	95	100	105	
1187	193	0	0	2	11	12	11	58	63	68	73	78	83	88	93	98	103	108	
1188	194	0	0	4	3	4	5	6	11	58	63	68	73	78	83	88	93	98	103	108	
1189	194	0	0	4	13	14	15	16	11	55	60	65	70	75	80	85	90	95	100	105	
1190	195	0	0	2	7	8	6	57	67	77	87	97	107	
1191	196	0	0	2	14	15	11	4	9	14	19	24	29	34	39	44	49	54	
1192	197	0	0	4	1	2	3	4	5	60	70	80	90	100	
1193	197	0	0	2	2	3	5	64	74	84	94	104	
1194	198	0	0	2	6	7	6	55	65	75	85	95	105	
1195	198	0	0	4	6	7	8	9	6	59	69	79	89	99	109	
1196	198	0	0	4	13	14	15	16	6	56	66	76	86	96	106	
1197	199	0	0	2	15	16	6	0	10	20	30	40	50	
1198	200	0	0	2	4	5	5	62	72	82	92	102	
1199	201	0	0	2	0	1	6	0	10	20	30	40	50	
1200	202	0	0	2	3	4	6	3	13	23	33	43	53	
1201	202	0	0	4	2	3	4	5	6	2	12	22	32	42	52	
1202	203	0	0	2	6	7	11	0	5	10	15	20	25	30	35	40	45	50	
1203	204	0	0	4	7	8	9	10	5	64	74	84	94	104	
1204	204	0	0	2	5	6	5	63	73	83	93	103	
1205	204	0	0	2	12	13	5	61	71	81	91	101	
1206	204	0	0	4	3	4	5	6	5	60	70	80	90	100	
1207	205	0	0	2	16	17	11	55	60	65	70	75	80	85	90	95	100	105	
1208	205	0	0	2	0	1	11	58	63	68	73	78	83	88	93	98	103	108	
1209	206	0	0	2	3	4	11	2	7	12	17	22	27	32	37	42	47	52	
1210	207	0	0	2	11	12	6	4	14	24	34	44	54	
1211	207	0	0	4	14	15	16	17	6	0	10	20	30	40	50	
1212	207	0	0	2	1	2	6	2	12	22	32	42	52	
1213	208	0	0	2	13	14	5	60	70	80	90	100	
1214	208	0	0	4	14	15	16	17	5	62	72	82	92	102	
1215	209	0	0	2	14	15	6	59	69	79	89	99	109	
1216	210	0	0	2	11	12	11	56	61	66	71	76	81	86	91	96	101	106	
1217	210	0	0	2	1	2	11	55	60	65	70	75	80	85	90	95	100	105	
1218	211	0	0	2	10	11	11	3	8	13	18	23	28	33	38	43	48	53	
1219	211	0	0	2	10	11	11	4	9	14	19	24	29	34	39	44	49	54	
1220	212	0	0	2	7	8	5	7	17	27	37	47	
1221	212	0	0	4	6	7	8	9	5	5	15	25	35	45	
1222	212	0	0	4	0	1	2	3	5	9	19	29	39	49	
1223	212	0	0	4	5	6	7	8	5	6	16	26	36	46	
1224	213	0	0	2	0	1	11	57	62	67	72	77	82	87	92	97	102	107	
1225	213	0	0	4	3	4	5	6	11	55	60	65	70	75	80	85	90	95	100	105	
1226	214	0	0	4	9	10	11	12	11	58	63	68	73	78	83	88	93	98	103	108	
1227	214	0	0	2	10	11	11	56	61	66	71	76	81	86	91	96	101	106	
1228	215	0	0	4	9	10	11	12	11	58	63	68	73	78	83	88	93	98	103	108	
1229	216	0	0	2	15	16	6	0	10	20	30	40	50	
1230	217	0	0	4	4	5	6	7	11	58	63	68	73	78	83	88	93	98	103	108	
1231	217	0	0	4	12	13	14	15	11	59	64	69	74	79	84	89	94	99	104	109	
1232	217	0	0	4	3	4	5	6	11	55	60	65	70	75	80	85	90	95	100	105	
1233	217	0	0	2	11	12	11	56	61	66	71	76	81	86	91	96	101	106	
1234	218	0	0	4	6	7	8	9	5	5	15	25	35	45	
1235	218	0	0	2	16	17	5	8	18	28	38	48	
1236	219	0	0	2	12	13	5	5	15	25	35	45	
1237	219	0	0	2	11	12	5	9	19	29	39	49	
1238	219	0	0	4	3	4	5	6	5	6	16	26	36	46	
1239	219	0	0	2	10	11	5	7	17	27	37	47	
1240	220	0	0	2	10	11	5	63	73	83	93	103	
1241	221	0	0	2	4	5	11	58	63	68	73	78	83	88	93	98	103	108	
1242	221	0	0	2	11	12	11	55	60	65	70	75	80	85	90	95	100	105	
1243	221	0	0	4	5	6	7	8	11	56	61	66	71	76	81	86	91	96	101	106	
1244	221	0	0	2	0	1	11	59	64	69	74	79	84	89	94	99	104	109	
1245	222	0	0	2	6	7	6	4	14	24	34	44	54	
1246	222	0	0	4	2	3	4	5	6	2	12	22	32	42	52	
1247	223	0	0	2	11	12	6	55	65	75	85	95	105	
1248	224	0	0	2	9	10	11	3	8	13	18	23	28	33	38	43	48	53	
1249	224	0	0	2	2	3	11	0	5	10	15	20	25	30	35	40	45	50	
1250	224	0	0	2	16	17	11	4	9	14	19	24	29	34	39	44	49	54	
1251	225	0	0	2	15	16	5	8	18	28	38	48	
1252	225	0	0	4	7	8	9	10	5	7	17	27	37	47	
1253	226	2	0	4	8	9	10	11	11	1	6	11	16	21	26	31	36	41	46	51	
1254	227	0	0	4	14	15	16	17	5	7	17	27	37	47	
1255	227	0	0	4	11	12	13	14	5	6	16	26	36	46	
1256	227	0	0	4	7	8	9	10	5	9	19	29	39	49	
1257	227	0	0	4	2	3	4	5	5	8	18	28	38	48	
1258	228	0	0	2	8	9	6	56	66	76	86	96	106	
1259	228	0	0	4	11	12	13	14	6	57	67	77	87	97	107	
1260	229	0	0	2	9	10	5	64	74	84	94	104	
1261	229	0	0	4	5	6	7	8	5	62	72	82	92	102	
1262	230	0	0	2	0	1	5	60	70	80	90	100	
1263	231	0	0	4	6	7	8	9	11	2	7	12	17	22	27	32	37	42	47	52	
1264	231	0	0	2	2	3	11	3	8	13	18	23	28	33	38	43	48	53	
1265	232	0	0	2	9	10	11	57	62	67	72	77	82	87	92	97	102	107	
1266	233	0	0	2	7	8	11	58	63	68	73	78	83	88	93	98	103	108	
1267	233	0	0	2	0	1	11	55	60	65	70	75	80	85	90	95	100	105	
1268	234	0	0	2	11	12	5	7	17	27	37	47	
1269	235	0	0	2	14	15	6	59	69	79	89	99	109	
1270	236	0	0	2	8	9	5	61	71	81	91	101	
1271	236	0	0	4	10	11	12	13	5	64	74	84	94	104	
1272	236	0	0	4	8	9	10	11	5	63	73	83	93	103	
1273	236	0	0	4	14	15	16	17	5	62	72	82	92	102	
1274	237	0	0	4	6	7	8	9	5	9	19	29	39	49	
1275	238	0	0	2	15	16	6	0	10	20	30	40	50	
1276	239	1	0	2	7	8	6	1	11	21	31	41	51	
1277	239	1	0	4	3	4	5	6	6	0	10	20	30	40	50	
1278	240	2	0	2	15	16	5	63	73	83	93	103	
1279	240	2	0	2	9	10	5	64	74	84	94	104	
1280	241	0	0	2	7	8	6	57	67	77	87	97	107	
1281	241	0	0	2	7	8	6	59	69	79	89	99	109	
1282	241	0	0	4	3	4	5	6	6	55	65	75	85	95	105	
1283	242	0	0	2	11	12	6	0	10	20	30	40	50	
1284	242	0	0	2	4	5	6	2	12	22	32	42	52	
1285	243	1	0	4	3	4	5	6	11	0	5	10	15	20	25	30	35	40	45	50	
1286	243	1	0	4	13	14	15	16	11	4	9	14	19	24	29	34	39	44	49	54	
1287	244	0	0	4	8	9	10	11	5	60	70	80	90	100	
1288	244	0	0	2	3	4	5	62	72	82	92	102	
1289	244	0	0	2	14	15	5	61	71	81	91	101	
1290	245	1	0	2	3	4	11	0	5	10	15	20	25	30	35	40	45	50	
1291	245	1	0	4	9	10	11	12	11	4	9	14	19	24	29	34	39	44	49	54	
1292	246	0	0	2	7	8	11	0	5	10	15	20	25	30	35	40	45	50	
1293	246	0	0	2	1	2	11	1	6	11	16	21	26	31	36	41	46	51	
1294	247	2	0	4	2	3	4	5	5	8	18	28	38	48	
1295	248	0	0	4	4	5	6	7	6	1	11	21	31	41	51	
1296	248	0	0	4	0	1	2	3	6	0	10	20	30	40	50	
1297	249	0	0	4	14	15	16	17	6	4	14	24	34	44	54	
1298	250	0	0	4	7	8	9	10	5	64	74	84	94	104	
1299	250	0	0	2	15	16	5	61	71	81	91	101	
1300	251	1	0	2	8	9	5	63	73	83	93	103	
1301	252	0	0	2	12	13	5	7	17	27	37	47	
1302	252	0	0	4	7	8	9	10	5	5	15	25	35	45	
1303	252	0	0	4	13	14	15	16	5	8	18	28	38	48	
1304	252	0	0	4	10	11	12	13	5	9	19	29	39	49	
1305	253	0	0	2	3	4	5	61	71	81	91	101	
1306	254	0	0	4	12	13	14	15	6	57	67	77	87	97	107	
1307	255	0	0	2	8	9	11	2	7	12	17	22	27	32	37	42	47	52	
1308	255	0	0	2	13	14	11	4	9	14	19	24	29	34	39	44	49	54	
1309	256	0	0	2	12	13	11	4	9	14	19	24	29	34	39	44	49	54	
1310	256	0	0	4	13	14	15	16	11	0	5	10	15	20	25	30	35	40	45	50	
1311	256	0	0	2	4	5	11	1	6	11	16	21	26	31	36	41	46	51	
1312	257	0	0	2	10	11	5	64	74	84	94	104	
1313	257	0	0	4	1	2	3	4	5	62	72	82	92	102	
1314	258	0	0	2	7	8	6	57	67	77	87	97	107	
1315	259	0	0	4	6	7	8	9	6	58	68	78	88	98	108	
1316	259	0	0	4	5	6	7	8	6	56	66	76	86	96	106	
1317	260	0	0	2	0	1	11	59	64	69	74	79	84	89	94	99	104	109	
1318	260	0	0	4	7	8	9	10	11	55	60	65	70	75	80	85	90	95	100	105	
1319	260	0	0	4	4	5	6	7	11	56	61	66	71	76	81	86	91	96	101	106	
1320	261	0	0	4	5	6	7	8	6	57	67	77	87	97	107	
1321	262	0	0	4	10	11	12	13	5	7	17	27	37	47	
1322	262	0	0	4	4	5	6	7	5	5	15	25	35	45	
1323	263	0	0	2	16	17	11	57	62	67	72	77	82	87	92	97	102	107	
1324	264	0	0	4	12	13	14	15	6	0	10	20	30	40	50	
1325	265	0	0	4	9	10	11	12	11	3	8	13	18	23	28	33	38	43	48	53	
1326	265	0	0	2	14	15	11	4	9	14	19	24	29	34	39	44	49	54	
1327	266	0	0	4	1	2	3	4	5	61	71	81	91	101	
1328	267	0	0	4	11	12	13	14	5	7	17	27	37	47	
1329	268	0	0	2	3	4	6	3	13	23	33	43	53	
1330	269	0	0	4	2	3	4	5	6	55	65	75	85	95	105	
1331	270	0	0	2	12	13	11	2	7	12	17	22	27	32	37	42	47	52	
1332	270	0	0	4	12	13	14	15	11	0	5	10	15	20	25	30	35	40	45	50	
1333	270	0	0	2	16	17	11	4	9	14	19	24	29	34	39	44	49	54	
1334	271	0	0	4	1	2	3	4	6	58	68	78	88	98	108	
1335	271	0	0	4	14	15	16	17	6	56	66	76	86	96	106	
1336	272	0	0	2	5	6	6	56	66	76	86	96	106	
1337	273	0	0	2	13	14	11	2	7	12	17	22	27	32	37	42	47	52	
1338	274	0	0	2	8	9	6	57	67	77	87	97	107	
1339	275	0	0	4	4	5	6	7	11	58	63	68	73	78	83	88	93	98	103	108	
1340	275	0	0	2	5	6	11	59	64	69	74	79	84	89	94	99	104	109	
1341	276	0	0	4	4	5	6	7	11	57	62	67	72	77	82	87	92	97	102	107	
1342	276	0	0	2	7	8	11	58	63	68	73	78	83	88	93	98	103	108	
1343	277	0	0	2	12	13	6	55	65	75	85	95	105	
1344	278	0	0	4	9	10	11	12	11	2	7	12	17	22	27	32	37	42	47	52	
1345	278	0	0	2	10	11	11	1	6	11	16	21	26	31	36	41	46	51	
1346	279	0	0	4	5	6	7	8	5	63	73	83	93	103	
1347	279	0	0	4	11	12	13	14	5	61	71	81	91	101	
1348	279	0	0	2	11	12	5	62	72	82	92	102	
1349	280	0	0	4	10	11	12	13	11	0	5	10	15	20	25	30	35	40	45	50	
1350	280	0	0	4	11	12	13	14	11	4	9	14	19	24	29	34	39	44	49	54	
1351	281	0	0	4	4	5	6	7	6	57	67	77	87	97	107	
1352	281	0	0	4	14	15	16	17	6	59	69	79	89	99	109	
1353	282	0	0	4	1	2	3	4	5	9	19	29	39	49	
1354	283	0	0	2	6	7	5	60	70	80	90	100	
1355	284	0	0	4	10	11	12	13	11	55	60	65	70	75	80	85	90	95	100	105	
1356	285	0	0	2	15	16	6	56	66	76	86	96	106	
1357	285	0	0	4	11	12	13	14	6	57	67	77	87	97	107	
1358	286	0	0	4	14	15	16	17	6	58	68	78	88	98	108	
1359	286	0	0	4	14	15	16	17	6	56	66	76	86	96	106	
1360	286	0	0	2	15	16	6	59	69	79	89	99	109	
1361	286	0	0	2	16	17	6	57	67	77	87	97	107	
1362	287	0	0	4	7	8	9	10	5	9	19	29	39	49	
1363	287	0	0	4	1	2	3	4	5	7	17	27	37	47	
1364	288	0	0	2	5	6	11	1	6	11	16	21	26	31	36	41	46	51	
1365	288	0	0	4	8	9	10	11	11	2	7	12	17	22	27	32	37	42	47	52	
1366	288	0	0	4	12	13	14	15	11	4	9	14	19	24	29	34	39	44	49	54	
1367	289	0	0	4	2	3	4	5	6	3	13	23	33	43	53	
1368	289	0	0	2	1	2	6	1	11	21	31	41	51	
1369	290	0	0	2	12	13	5	7	17	27	37	47	
1370	290	0	0	4	7	8	9	10	5	6	16	26	36	46	
1371	291	0	0	2	2	3	11	59	64	69	74	79	84	89	94	99	104	109	
1372	292	2	0	2	3	4	6	55	65	75	85	95	105	
1373	292	2	0	4	1	2	3	4	6	57	67	77	87	97	107	
1374	293	0	0	2	0	1	5	8	18	28	38	48	
1375	294	0	0	2	7	8	6	57	67	77	87	97	107	
1376	295	0	0	2	7	8	11	2	7	12	17	22	27	32	37	42	47	52	
1377	295	0	0	2	9	10	11	0	5	10	15	20	25	30	35	40	45	50	
1378	296	0	0	4	2	3	4	5	11	0	5	10	15	20	25	30	35	40	45	50	
1379	296	0	0	4	8	9	10	11	11	2	7	12	17	22	27	32	37	42	47	52	
1380	297	0	0	2	7	8	6	2	12	22	32	42	52	
1381	297	0	0	4	1	2	3	4	6	1	11	21	31	41	51	
1382	298	2	0	2	7	8	5	9	19	29	39	49	
1383	298	2	0	2	13	14	5	8	18	28	38	48	
1384	299	0	0	2	13	14	6	58	68	78	88	98	108	
1385	299	0	0	2	11	12	6	57	67	77	87	97	107	
1386	300	0	0	2	6	7	6	4	14	24	34	44	54	
1387	300	0	0	2	1	2	6	0	10	20	30	40	50	
1388	301	0	0	4	10	11	12	13	6	58	68	78	88	98	108	
1389	302	0	0	2	15	16	11	1	6	11	16	21	26	31	36	41	46	51	
1390	303	0	0	4	7	8	9	10	11	59	64	69	74	79	84	89	94	99	104	109	
1391	303	0	0	2	9	10	11	58	63	68	73	78	83	88	93	98	103	108	
1392	303	0	0	4	3	4	5	6	11	56	61	66	71	76	81	86	91	96	101	106	
1393	304	0	0	4	9	10	11	12	11	59	64	69	74	79	84	89	94	99	104	109	
1394	305	0	0	4	13	14	15	16	6	57	67	77	87	97	107	
1395	306	0	0	2	14	15	5	7	17	27	37	47	
1396	306	0	0	4	7	8	9	10	5	9	19	29	39	49	
1397	306	0	0	4	13	14	15	16	5	5	15	25	35	45	
1398	307	0	0	4	12	13	14	15	11	56	61	66	71	76	81	86	91	96	101	106	
1399	308	0	0	4	11	12	13	14	5	64	74	84	94	104	
1400	309	0	0	4	12	13	14	15	5	9	19	29	39	49	
1401	309	0	0	2	13	14	5	5	15	25	35	45	
1402	310	0	0	4	5	6	7	8	5	9	19	29	39	49	
1403	311	0	0	2	3	4	6	57	67	77	87	97	107	
1404	312	0	0	2	16	17	11	57	62	67	72	77	82	87	92	97	102	107	
1405	313	2	0	4	3	4	5	6	5	61	71	81	91	101	
1406	313	2	0	2	10	11	5	64	74	84	94	104	
1407	314	0	0	4	2	3	4	5	11	55	60	65	70	75	80	85	90	95	100	105	
1408	315	0	0	4	11	12	13	14	11	57	62	67	72	77	82	87	92	97	102	107	
1409	316	2	0	4	6	7	8	9	11	1	6	11	16	21	26	31	36	41	46	51	
1410	317	0	0	4	4	5	6	7	5	62	72	82	92	102	
1411	317	0	0	2	3	4	5	63	73	83	93	103	
1412	318	0	0	4	8	9	10	11	11	57	62	67	72	77	82	87	92	97	102	107	
1413	318	0	0	4	4	5	6	7	11	58	63	68	73	78	83	88	93	98	103	108	
1414	318	0	0	4	1	2	3	4	11	59	64	69	74	79	84	89	94	99	104	109	
1415	318	0	0	4	3	4	5	6	11	55	60	65	70	75	80	85	90	95	100	105	
1416	319	0	0	4	11	12	13	14	5	60	70	80	90	100	
1417	320	0	0	4	2	3	4	5	5	7	17	27	37	47	
1418	320	0	0	4	5	6	7	8	5	9	19	29	39	49	
1419	321	0	0	2	15	16	11	58	63	68	73	78	83	88	93	98	103	108	
1420	322	0	0	2	13	14	6	4	14	24	34	44	54	
1421	323	0	0	4	3	4	5	6	6	4	14	24	34	44	54	
1422	323	0	0	4	14	15	16	17	6	0	10	20	30	40	50	
1423	324	0	0	2	12	13	6	58	68	78	88	98	108	
1424	324	0	0	4	1	2	3	4	6	59	69	79	89	99	109	
1425	324	0	0	2	14	15	6	55	65	75	85	95	105	
1426	324	0	0	2	12	13	6	57	67	77	87	97	107	
1427	325	0	0	4	11	12	13	14	6	56	66	76	86	96	106	
1428	325	0	0	2	1	2	6	59	69	79	89	99	109	
1429	325	0	0	2	2	3	6	58	68	78	88	98	108	
1430	325	0	0	2	10	11	6	55	65	75	85	95	105	
1431	326	2	0	2	0	1	6	4	14	24	34	44	54	
1432	327	0	0	2	2	3	5	7	17	27	37	47	
1433	328	0	0	2	11	12	5	7	17	27	37	47	
1434	328	0	0	4	1	2	3	4	5	8	18	28	38	48	
1435	329	0	0	2	15	16	5	60	70	80	90	100	
1436	330	1	0	4	4	5	6	7	5	8	18	28	38	48	
1437	331	0	0	2	16	17	5	61	71	81	91	101	
1438	331	0	0	4	9	10	11	12	5	64	74	84	94	104	
1439	332	0	0	2	0	1	6	4	14	24	34	44	54	
1440	332	0	0	2	6	7	6	2	12	22	32	42	52	
1441	333	0	0	4	9	10	11	12	5	9	19	29	39	49	
1442	333	0	0	4	3	4	5	6	5	7	17	27	37	47	
1443	334	0	0	2	9	10	11	57	62	67	72	77	82	87	92	97	102	107	
1444	335	0	0	4	11	12	13	14	11	4	9	14	19	24	29	34	39	44	49	54	
1445	336	0	0	4	11	12	13	14	5	61	71	81	91	101	
1446	336	0	0	2	12	13	5	60	70	80	90	100	
1447	337	0	0	4	13	14	15	16	5	7	17	27	37	47	
1448	338	0	0	2	8	9	6	58	68	78	88	98	108	
1449	339	0	0	2	15	16	6	1	11	21	31	41	51	
1450	339	0	0	4	6	7	8	9	6	3	13	23	33	43	53	
1451	340	0	0	2	16	17	5	62	72	82	92	102	
1452	341	0	0	4	6	7	8	9	6	4	14	24	34	44	54	
1453	342	0	0	2	7	8	6	56	66	76	86	96	106	
1454	342	0	0	2	7	8	6	58	68	78	88	98	108	
1455	343	0	0	2	11	12	5	7	17	27	37	47	
1456	344	0	0	4	7	8	9	10	5	7	17	27	37	47	
1457	345	1	0	4	12	13	14	15	5	9	19	29	39	49	
1458	345	1	0	2	12	13	5	5	15	25	35	45	
1459	346	1	0	2	4	5	6	59	69	79	89	99	109	
1460	346	1	0	4	12	13	14	15	6	57	67	77	87	97	107	
1461	347	0	0	2	1	2	5	60	70	80	90	100	
1462	347	0	0	4	9	10	11	12	5	63	73	83	93	103	
1463	348	0	0	4	6	7	8	9	5	6	16	26	36	46	
1464	349	0	0	2	5	6	6	58	68	78	88	98	108	
1465	349	0	0	2	1	2	6	59	69	79	89	99	109	
1466	350	0	0	2	7	8	5	60	70	80	90	100	
1467	350	0	0	2	1	2	5	61	71	81	91	101	
1468	351	0	0	2	6	7	6	2	12	22	32	42	52	
1469	351	0	0	2	13	14	6	4	14	24	34	44	54	
1470	351	0	0	4	7	8	9	10	6	1	11	21	31	41	51	
1471	351	0	0	4	6	7	8	9	6	0	10	20	30	40	50	
1472	352	2	0	4	10	11	12	13	11	0	5	10	15	20	25	30	35	40	45	50	
1473	352	2	0	2	8	9	11	3	8	13	18	23	28	33	38	43	48	53	
1474	353	0	0	2	6	7	5	6	16	26	36	46	
1475	353	0	0	2	13	14	5	7	17	27	37	47	
1476	354	0	0	4	13	14	15	16	5	8	18	28	38	48	
1477	354	0	0	2	3	4	5	9	19	29	39	49	
1478	355	0	0	4	10	11	12	13	5	63	73	83	93	103	
1479	356	0	0	2	8	9	6	55	65	75	85	95	105	
1480	357	0	0	4	14	15	16	17	11	2	7	12	17	22	27	32	37	42	47	52	
1481	357	0	0	4	3	4	5	6	11	0	5	10	15	20	25	30	35	40	45	50	
1482	358	0	0	4	7	8	9	10	5	7	17	27	37	47	
1483	358	0	0	2	16	17	5	6	16	26	36	46	
1484	358	0	0	4	0	1	2	3	5	8	18	28	38	48	
1485	359	0	0	4	3	4	5	6	11	58	63	68	73	78	83	88	93	98	103	108	
1486	360	0	0	4	4	5	6	7	6	4	14	24	34	44	54	
1487	360	0	0	2	15	16	6	0	10	20	30	40	50	
1488	361	0	0	4	3	4	5	6	11	3	8	13	18	23	28	33	38	43	48	53	
1489	362	0	0	2	9	10	5	5	15	25	35	45	
1490	362	0	0	4	8	9	10	11	5	9	19	29	39	49	
1491	362	0	0	4	1	2	3	4	5	8	18	28	38	48	
1492	363	0	0	2	6	7	11	0	5	10	15	20	25	30	35	40	45	50	
1493	363	0	0	2	14	15	11	4	9	14	19	24	29	34	39	44	49	54	
1494	364	0	0	2	2	3	6	57	67	77	87	97	107	
1495	364	0	0	2	14	15	6	55	65	75	85	95	105	
1496	365	0	0	4	3	4	5	6	6	59	69	79	89	99	109	
1497	365	0	0	2	14	15	6	58	68	78	88	98	108	
1498	366	0	0	4	4	5	6	7	5	62	72	82	92	102	
1499	366	0	0	2	8	9	5	64	74	84	94	104	
1500	367	0	0	2	6	7	5	8	18	28	38	48	
1501	367	0	0	2	0	1	5	6	16	26	36	46	
1502	367	0	0	4	6	7	8	9	5	7	17	27	37	47	
1503	368	0	0	2	10	11	6	57	67	77	87	97	107	
1504	369	0	0	2	15	16	5	63	73	83	93	103	
1505	370	0	0	2	3	4	6	2	12	22	32	42	52	
1506	371	0	0	2	1	2	6	55	65	75	85	95	105	
1507	372	0	0	4	8	9	10	11	5	8	18	28	38	48	
1508	372	0	0	4	4	5	6	7	5	5	15	25	35	45	
1509	372	0	0	2	14	15	5	6	16	26	36	46	
1510	372	0	0	4	3	4	5	6	5	7	17	27	37	47	
1511	373	0	0	2	13	14	6	0	10	20	30	40	50	
1512	374	2	0	2	12	13	11	2	7	12	17	22	27	32	37	42	47	52	
1513	375	0	0	4	3	4	5	6	5	63	73	83	93	103	
1514	375	0	0	4	6	7	8	9	5	61	71	81	91	101	
1515	375	0	0	4	12	13	14	15	5	64	74	84	94	104	
1516	376	0	0	4	12	13	14	15	11	57	62	67	72	77	82	87	92	97	102	107	
1517	376	0	0	4	2	3	4	5	11	56	61	66	71	76	81	86	91	96	101	106	
1518	377	0	0	2	16	17	6	4	14	24	34	44	54	
1519	377	0	0	4	4	5	6	7	6	2	12	22	32	42	52	
1520	378	0	0	4	7	8	9	10	11	58	63	68	73	78	83	88	93	98	103	108	
1521	379	0	0	4	8	9	10	11	6	4	14	24	34	44	54	
1522	379	0	0	4	0	1	2	3	6	2	12	22	32	42	52	
1523	380	0	0	4	1	2	3	4	6	58	68	78	88	98	108	
1524	380	0	0	2	1	2	6	57	67	77	87	97	107	
1525	381	0	0	2	3	4	5	60	70	80	90	100	
1526	382	0	0	2	1	2	5	7	17	27	37	47	
1527	382	0	0	4	3	4	5	6	5	9	19	29	39	49	
1528	383	0	0	2	1	2	5	8	18	28	38	48	
1529	383	0	0	2	1	2	5	6	16	26	36	46	
1530	384	0	0	4	6	7	8	9	11	55	60	65	70	75	80	85	90	95	100	105	
1531	384	0	0	2	7	8	11	56	61	66	71	76	81	86	91	96	101	106	
1532	384	0	0	4	11	12	13	14	11	58	63	68	73	78	83	88	93	98	103	108	
1533	385	0	0	2	7	8	11	1	6	11	16	21	26	31	36	41	46	51	
1534	385	0	0	4	9	10	11	12	11	2	7	12	17	22	27	32	37	42	47	52	
1535	386	0	0	2	4	5	6	1	11	21	31	41	51	
1536	387	0	0	2	16	17	11	57	62	67	72	77	82	87	92	97	102	107	
1537	388	0	0	4	2	3	4	5	6	3	13	23	33	43	53	
1538	388	0	0	4	1	2	3	4	6	1	11	21	31	41	51	
1539	389	0	0	2	2	3	5	62	72	82	92	102	
1540	389	0	0	2	6	7	5	61	71	81	91	101	
1541	390	0	0	2	8	9	5	60	70	80	90	100	
1542	390	0	0	2	13	14	5	63	73	83	93	103	
1543	390	0	0	4	12	13	14	15	5	62	72	82	92	102	
1544	390	0	0	4	13	14	15	16	5	61	71	81	91	101	
1545	391	0	0	2	8	9	11	0	5	10	15	20	25	30	35	40	45	50	
1546	391	0	0	2	15	16	11	1	6	11	16	21	26	31	36	41	46	51	
1547	392	0	0	2	11	12	5	60	70	80	90	100	
1548	392	0	0	2	12	13	5	61	71	81	91	101	
1549	393	0	0	4	10	11	12	13	6	4	14	24	34	44	54	
1550	393	0	0	4	1	2	3	4	6	0	10	20	30	40	50	
1551	394	1	0	2	2	3	5	9	19	29	39	49	
1552	394	1	0	2	6	7	5	7	17	27	37	47	
1553	395	0	0	2	3	4	5	64	74	84	94	104	
1554	396	0	0	2	4	5	6	58	68	78	88	98	108	
1555	397	0	0	4	5	6	7	8	11	55	60	65	70	75	80	85	90	95	100	105	
1556	398	0	0	4	0	1	2	3	11	4	9	14	19	24	29	34	39	44	49	54	
1557	398	0	0	2	10	11	11	0	5	10	15	20	25	30	35	40	45	50	
1558	399	0	0	4	12	13	14	15	5	64	74	84	94	104	

