116
0	3	0	1	335	
1	4	0	24	44	45	46	47	48	49	50	51	52	53	54	55	56	57	58	59	60	61	62	63	64	65	66	67	
2	5	0	1	92	
3	6	0	7	0	1	2	3	4	5	6	
4	8	0	1	37	
5	9	0	1	278	
6	10	0	1	81	
7	11	0	1	162	
8	12	0	1	141	
9	23	0	7	249	250	251	252	253	254	255	
10	24	0	3	89	90	91	
11	27	0	1	191	
12	29	0	1	35	
13	35	0	15	126	127	128	129	130	131	132	133	134	135	136	137	138	139	140	
14	43	0	1	33	
15	45	0	1	79	
16	47	0	1	25	
17	48	0	1	39	
18	51	0	1	295	
19	52	0	18	100	101	102	103	104	105	106	107	108	109	110	111	112	113	114	115	116	117	
20	55	0	1	306	
21	57	0	7	257	258	259	260	261	262	263	
22	58	0	24	207	208	209	210	211	212	213	214	215	216	217	218	219	220	221	222	223	224	225	226	227	228	229	230	
23	61	0	24	44	45	46	47	48	49	50	51	52	53	54	55	56	57	58	59	60	61	62	63	64	65	66	67	
24	62	0	1	256	
25	63	0	3	151	152	153	
26	65	0	18	100	101	102	103	104	105	106	107	108	109	110	111	112	113	114	115	116	117	
27	67	0	3	176	177	178	
28	68	0	12	195	196	197	198	199	200	201	202	203	204	205	206	
29	69	0	1	269	
30	72	0	1	94	
31	73	0	9	7	8	9	10	11	12	13	14	15	
32	75	0	9	7	8	9	10	11	12	13	14	15	
33	77	0	3	154	155	156	
34	78	0	1	40	
35	79	0	1	277	
36	81	0	3	163	164	165	
37	83	0	15	126	127	128	129	130	131	132	133	134	135	136	137	138	139	140	
38	84	0	1	167	
39	85	0	24	44	45	46	47	48	49	50	51	52	53	54	55	56	57	58	59	60	61	62	63	64	65	66	67	
40	87	0	1	42	
41	88	0	18	100	101	102	103	104	105	106	107	108	109	110	111	112	113	114	115	116	117	
42	90	0	7	26	27	28	29	30	31	32	
43	92	0	1	247	
44	95	0	12	195	196	197	198	199	200	201	202	203	204	205	206	
45	97	0	1	337	
46	98	0	7	16	17	18	19	20	21	22	
47	100	0	1	150	
48	102	0	7	231	232	233	234	235	236	237	
49	103	0	1	77	
50	106	0	7	68	69	70	71	72	73	74	
51	112	0	1	287	
52	113	0	24	207	208	209	210	211	212	213	214	215	216	217	218	219	220	221	222	223	224	225	226	227	228	229	230	
53	119	0	1	142	
54	124	0	7	143	144	145	146	147	148	149	
55	125	0	21	307	308	309	310	311	312	313	314	315	316	317	318	319	320	321	322	323	324	325	326	327	
56	127	0	1	291	
57	128	0	7	297	298	299	300	301	302	303	
58	130	0	1	41	
59	131	0	1	34	
60	132	0	1	93	
61	133	0	3	271	272	273	
62	137	0	1	265	
63	139	0	1	38	
64	141	0	1	270	
65	142	0	24	207	208	209	210	211	212	213	214	215	216	217	218	219	220	221	222	223	224	225	226	227	228	229	230	
66	143	0	1	43	
67	146	0	1	95	
68	147	0	7	82	83	84	85	86	87	88	
69	150	0	1	24	
70	151	0	1	275	
71	152	0	24	207	208	209	210	211	212	213	214	215	216	217	218	219	220	221	222	223	224	225	226	227	228	229	230	
72	154	0	21	307	308	309	310	311	312	313	314	315	316	317	318	319	320	321	322	323	324	325	326	327	
73	155	0	3	157	158	159	
74	156	0	7	328	329	330	331	332	333	334	
75	159	0	1	75	
76	160	0	1	264	
77	163	0	1	274	
78	165	0	3	192	193	194	
79	167	0	7	118	119	120	121	122	123	124	
80	168	0	1	78	
81	170	0	1	246	
82	174	0	1	168	
83	175	0	1	268	
84	176	0	3	292	293	294	
85	177	0	1	266	
86	178	0	1	336	
87	179	0	24	44	45	46	47	48	49	50	51	52	53	54	55	56	57	58	59	60	61	62	63	64	65	66	67	
88	180	0	1	267	
89	182	0	1	76	
90	188	0	1	99	
91	191	0	21	307	308	309	310	311	312	313	314	315	316	317	318	319	320	321	322	323	324	325	326	327	
92	197	0	1	338	
93	202	0	1	279	
94	206	0	1	304	
95	208	0	1	161	
96	211	0	1	80	
97	212	0	1	248	
98	214	0	7	280	281	282	283	284	285	286	
99	215	0	1	296	
100	217	0	12	179	180	181	182	183	184	185	186	187	188	189	190	
101	219	0	21	307	308	309	310	311	312	313	314	315	316	317	318	319	320	321	322	323	324	325	326	327	
102	220	0	15	126	127	128	129	130	131	132	133	134	135	136	137	138	139	140	
103	224	0	1	36	
104	225	0	7	239	240	241	242	243	244	245	
105	227	0	1	305	
106	229	0	1	160	
107	230	0	7	169	170	171	172	173	174	175	
108	231	0	1	23	
109	235	0	1	238	
110	236	0	12	179	180	181	182	183	184	185	186	187	188	189	190	
111	238	0	3	96	97	98	
112	239	0	1	276	
113	240	0	1	125	
114	242	0	3	288	289	290	
115	248	0	1	166	
