374	203	171
0
0 	 0 	 0 	 8 	 2 	 8 	 9 	 11 	 56 	 61 	 66 	 71 	 76 	 81 	 86 	 91 	 96 	 101 	 106
1 	 1 	 0 	 2 	 2 	 10 	 11 	 11 	 56 	 61 	 66 	 71 	 76 	 81 	 86 	 91 	 96 	 101 	 106
2 	 1 	 0 	 7 	 2 	 3 	 4 	 11 	 59 	 64 	 69 	 74 	 79 	 84 	 89 	 94 	 99 	 104 	 109
3 	 1 	 0 	 1 	 2 	 3 	 4 	 11 	 58 	 63 	 68 	 73 	 78 	 83 	 88 	 93 	 98 	 103 	 108
4 	 2 	 0 	 5 	 2 	 5 	 6 	 11 	 58 	 63 	 68 	 73 	 78 	 83 	 88 	 93 	 98 	 103 	 108
5 	 3 	 0 	 6 	 4 	 9 	 10 	 11 	 12 	 6 	 2 	 12 	 22 	 32 	 42 	 52
6 	 4 	 0 	 4 	 2 	 0 	 1 	 5 	 6 	 16 	 26 	 36 	 46
7 	 4 	 0 	 5 	 2 	 2 	 3 	 5 	 6 	 16 	 26 	 36 	 46
8 	 4 	 0 	 9 	 2 	 4 	 5 	 5 	 6 	 16 	 26 	 36 	 46
9 	 4 	 0 	 9 	 2 	 6 	 7 	 5 	 6 	 16 	 26 	 36 	 46
10 	 4 	 0 	 4 	 2 	 8 	 9 	 5 	 6 	 16 	 26 	 36 	 46
11 	 4 	 0 	 9 	 2 	 10 	 11 	 5 	 6 	 16 	 26 	 36 	 46
12 	 4 	 0 	 5 	 2 	 12 	 13 	 5 	 6 	 16 	 26 	 36 	 46
13 	 4 	 0 	 2 	 2 	 14 	 15 	 5 	 6 	 16 	 26 	 36 	 46
14 	 4 	 0 	 2 	 2 	 16 	 17 	 5 	 6 	 16 	 26 	 36 	 46
15 	 5 	 0 	 5 	 2 	 3 	 4 	 11 	 59 	 64 	 69 	 74 	 79 	 84 	 89 	 94 	 99 	 104 	 109
16 	 6 	 0 	 2 	 2 	 14 	 15 	 6 	 55 	 65 	 75 	 85 	 95 	 105
17 	 7 	 0 	 3 	 2 	 16 	 17 	 11 	 3 	 8 	 13 	 18 	 23 	 28 	 33 	 38 	 43 	 48 	 53
18 	 8 	 0 	 7 	 2 	 1 	 2 	 5 	 9 	 19 	 29 	 39 	 49
19 	 8 	 0 	 2 	 2 	 3 	 4 	 5 	 9 	 19 	 29 	 39 	 49
20 	 8 	 0 	 10 	 2 	 5 	 6 	 5 	 9 	 19 	 29 	 39 	 49
21 	 8 	 0 	 7 	 2 	 7 	 8 	 5 	 9 	 19 	 29 	 39 	 49
22 	 9 	 0 	 2 	 2 	 8 	 9 	 6 	 4 	 14 	 24 	 34 	 44 	 54
23 	 10 	 0 	 2 	 2 	 13 	 14 	 11 	 3 	 8 	 13 	 18 	 23 	 28 	 33 	 38 	 43 	 48 	 53
24 	 11 	 0 	 5 	 2 	 13 	 14 	 6 	 57 	 67 	 77 	 87 	 97 	 107
25 	 12 	 0 	 5 	 4 	 10 	 11 	 12 	 13 	 6 	 58 	 68 	 78 	 88 	 98 	 108
26 	 12 	 0 	 4 	 2 	 12 	 13 	 6 	 57 	 67 	 77 	 87 	 97 	 107
27 	 13 	 0 	 4 	 4 	 10 	 11 	 12 	 13 	 6 	 56 	 66 	 76 	 86 	 96 	 106
28 	 14 	 0 	 4 	 2 	 5 	 6 	 6 	 55 	 65 	 75 	 85 	 95 	 105
29 	 15 	 0 	 10 	 4 	 4 	 5 	 6 	 7 	 5 	 63 	 73 	 83 	 93 	 103
30 	 16 	 0 	 10 	 2 	 1 	 2 	 11 	 57 	 62 	 67 	 72 	 77 	 82 	 87 	 92 	 97 	 102 	 107
31 	 17 	 0 	 10 	 4 	 5 	 6 	 7 	 8 	 5 	 64 	 74 	 84 	 94 	 104
32 	 18 	 0 	 10 	 2 	 4 	 5 	 6 	 2 	 12 	 22 	 32 	 42 	 52
33 	 19 	 0 	 9 	 2 	 8 	 9 	 11 	 57 	 62 	 67 	 72 	 77 	 82 	 87 	 92 	 97 	 102 	 107
34 	 20 	 0 	 3 	 6 	 10 	 11 	 12 	 13 	 14 	 15 	 6 	 4 	 14 	 24 	 34 	 44 	 54
35 	 21 	 0 	 7 	 2 	 16 	 17 	 11 	 1 	 6 	 11 	 16 	 21 	 26 	 31 	 36 	 41 	 46 	 51
36 	 22 	 0 	 4 	 4 	 13 	 14 	 15 	 16 	 6 	 3 	 13 	 23 	 33 	 43 	 53
37 	 23 	 0 	 1 	 4 	 12 	 13 	 14 	 15 	 11 	 58 	 63 	 68 	 73 	 78 	 83 	 88 	 93 	 98 	 103 	 108
38 	 23 	 0 	 3 	 2 	 8 	 9 	 11 	 57 	 62 	 67 	 72 	 77 	 82 	 87 	 92 	 97 	 102 	 107
39 	 23 	 0 	 6 	 2 	 5 	 6 	 11 	 56 	 61 	 66 	 71 	 76 	 81 	 86 	 91 	 96 	 101 	 106
40 	 24 	 0 	 8 	 2 	 9 	 10 	 6 	 3 	 13 	 23 	 33 	 43 	 53
41 	 25 	 0 	 6 	 2 	 5 	 6 	 11 	 4 	 9 	 14 	 19 	 24 	 29 	 34 	 39 	 44 	 49 	 54
42 	 26 	 0 	 1 	 2 	 16 	 17 	 6 	 56 	 66 	 76 	 86 	 96 	 106
43 	 26 	 0 	 9 	 2 	 4 	 5 	 6 	 55 	 65 	 75 	 85 	 95 	 105
44 	 26 	 0 	 4 	 4 	 10 	 11 	 12 	 13 	 6 	 58 	 68 	 78 	 88 	 98 	 108
45 	 27 	 0 	 5 	 2 	 5 	 6 	 11 	 2 	 7 	 12 	 17 	 22 	 27 	 32 	 37 	 42 	 47 	 52
46 	 28 	 0 	 3 	 2 	 11 	 12 	 5 	 63 	 73 	 83 	 93 	 103
47 	 28 	 0 	 5 	 2 	 9 	 10 	 5 	 61 	 71 	 81 	 91 	 101
48 	 29 	 0 	 4 	 4 	 8 	 9 	 10 	 11 	 5 	 5 	 15 	 25 	 35 	 45
49 	 30 	 0 	 7 	 2 	 14 	 15 	 6 	 0 	 10 	 20 	 30 	 40 	 50
50 	 31 	 0 	 2 	 2 	 4 	 5 	 11 	 1 	 6 	 11 	 16 	 21 	 26 	 31 	 36 	 41 	 46 	 51
51 	 31 	 0 	 5 	 2 	 6 	 7 	 11 	 1 	 6 	 11 	 16 	 21 	 26 	 31 	 36 	 41 	 46 	 51
52 	 31 	 0 	 10 	 2 	 8 	 9 	 11 	 1 	 6 	 11 	 16 	 21 	 26 	 31 	 36 	 41 	 46 	 51
53 	 31 	 0 	 9 	 2 	 10 	 11 	 11 	 1 	 6 	 11 	 16 	 21 	 26 	 31 	 36 	 41 	 46 	 51
54 	 31 	 0 	 2 	 2 	 12 	 13 	 11 	 1 	 6 	 11 	 16 	 21 	 26 	 31 	 36 	 41 	 46 	 51
55 	 31 	 0 	 10 	 2 	 14 	 15 	 11 	 1 	 6 	 11 	 16 	 21 	 26 	 31 	 36 	 41 	 46 	 51
56 	 32 	 0 	 4 	 2 	 16 	 17 	 5 	 7 	 17 	 27 	 37 	 47
57 	 33 	 0 	 7 	 2 	 15 	 16 	 5 	 8 	 18 	 28 	 38 	 48
58 	 34 	 0 	 5 	 2 	 16 	 17 	 5 	 9 	 19 	 29 	 39 	 49
59 	 35 	 0 	 2 	 2 	 10 	 11 	 5 	 6 	 16 	 26 	 36 	 46
60 	 35 	 0 	 2 	 4 	 0 	 1 	 2 	 3 	 5 	 7 	 17 	 27 	 37 	 47
61 	 35 	 0 	 4 	 2 	 12 	 13 	 5 	 5 	 15 	 25 	 35 	 45
62 	 36 	 0 	 3 	 2 	 2 	 3 	 5 	 64 	 74 	 84 	 94 	 104
63 	 36 	 0 	 3 	 2 	 4 	 5 	 5 	 64 	 74 	 84 	 94 	 104
64 	 36 	 0 	 9 	 2 	 6 	 7 	 5 	 64 	 74 	 84 	 94 	 104
65 	 36 	 0 	 2 	 2 	 8 	 9 	 5 	 64 	 74 	 84 	 94 	 104
66 	 36 	 0 	 2 	 2 	 10 	 11 	 5 	 64 	 74 	 84 	 94 	 104
67 	 36 	 0 	 4 	 2 	 12 	 13 	 5 	 64 	 74 	 84 	 94 	 104
68 	 36 	 0 	 10 	 2 	 14 	 15 	 5 	 64 	 74 	 84 	 94 	 104
69 	 36 	 0 	 7 	 2 	 16 	 17 	 5 	 64 	 74 	 84 	 94 	 104
70 	 37 	 0 	 5 	 2 	 2 	 3 	 5 	 8 	 18 	 28 	 38 	 48
71 	 38 	 0 	 7 	 2 	 1 	 2 	 11 	 59 	 64 	 69 	 74 	 79 	 84 	 89 	 94 	 99 	 104 	 109
72 	 39 	 0 	 4 	 2 	 5 	 6 	 6 	 59 	 69 	 79 	 89 	 99 	 109
73 	 40 	 0 	 4 	 2 	 11 	 12 	 5 	 60 	 70 	 80 	 90 	 100
74 	 41 	 0 	 4 	 2 	 6 	 7 	 11 	 4 	 9 	 14 	 19 	 24 	 29 	 34 	 39 	 44 	 49 	 54
75 	 42 	 0 	 8 	 2 	 6 	 7 	 5 	 9 	 19 	 29 	 39 	 49
76 	 43 	 0 	 3 	 2 	 8 	 9 	 6 	 1 	 11 	 21 	 31 	 41 	 51
77 	 44 	 0 	 5 	 2 	 1 	 2 	 6 	 0 	 10 	 20 	 30 	 40 	 50
78 	 44 	 0 	 10 	 2 	 12 	 13 	 6 	 3 	 13 	 23 	 33 	 43 	 53
79 	 45 	 0 	 3 	 2 	 14 	 15 	 6 	 55 	 65 	 75 	 85 	 95 	 105
80 	 45 	 0 	 4 	 2 	 11 	 12 	 6 	 56 	 66 	 76 	 86 	 96 	 106
81 	 46 	 0 	 2 	 4 	 13 	 14 	 15 	 16 	 6 	 57 	 67 	 77 	 87 	 97 	 107
82 	 47 	 0 	 3 	 2 	 10 	 11 	 11 	 4 	 9 	 14 	 19 	 24 	 29 	 34 	 39 	 44 	 49 	 54
83 	 47 	 0 	 4 	 4 	 9 	 10 	 11 	 12 	 11 	 2 	 7 	 12 	 17 	 22 	 27 	 32 	 37 	 42 	 47 	 52
84 	 47 	 0 	 1 	 2 	 13 	 14 	 11 	 3 	 8 	 13 	 18 	 23 	 28 	 33 	 38 	 43 	 48 	 53
85 	 48 	 0 	 10 	 4 	 11 	 12 	 13 	 14 	 6 	 0 	 10 	 20 	 30 	 40 	 50
86 	 49 	 0 	 5 	 2 	 16 	 17 	 11 	 2 	 7 	 12 	 17 	 22 	 27 	 32 	 37 	 42 	 47 	 52
87 	 49 	 0 	 6 	 2 	 3 	 4 	 11 	 4 	 9 	 14 	 19 	 24 	 29 	 34 	 39 	 44 	 49 	 54
88 	 49 	 0 	 1 	 2 	 7 	 8 	 11 	 0 	 5 	 10 	 15 	 20 	 25 	 30 	 35 	 40 	 45 	 50
89 	 50 	 0 	 10 	 2 	 11 	 12 	 6 	 1 	 11 	 21 	 31 	 41 	 51
90 	 51 	 0 	 7 	 2 	 5 	 6 	 11 	 58 	 63 	 68 	 73 	 78 	 83 	 88 	 93 	 98 	 103 	 108
91 	 52 	 0 	 8 	 2 	 7 	 8 	 11 	 55 	 60 	 65 	 70 	 75 	 80 	 85 	 90 	 95 	 100 	 105
92 	 52 	 0 	 5 	 2 	 10 	 11 	 11 	 56 	 61 	 66 	 71 	 76 	 81 	 86 	 91 	 96 	 101 	 106
93 	 53 	 0 	 1 	 2 	 14 	 15 	 5 	 61 	 71 	 81 	 91 	 101
94 	 54 	 0 	 10 	 2 	 15 	 16 	 6 	 58 	 68 	 78 	 88 	 98 	 108
95 	 55 	 0 	 6 	 2 	 13 	 14 	 6 	 3 	 13 	 23 	 33 	 43 	 53
96 	 56 	 0 	 8 	 4 	 5 	 6 	 7 	 8 	 5 	 61 	 71 	 81 	 91 	 101
97 	 56 	 0 	 6 	 2 	 8 	 9 	 5 	 64 	 74 	 84 	 94 	 104
98 	 56 	 0 	 8 	 2 	 10 	 11 	 5 	 60 	 70 	 80 	 90 	 100
99 	 57 	 0 	 7 	 2 	 12 	 13 	 5 	 7 	 17 	 27 	 37 	 47
100 	 58 	 0 	 6 	 2 	 0 	 1 	 5 	 8 	 18 	 28 	 38 	 48
101 	 59 	 0 	 1 	 2 	 0 	 1 	 11 	 58 	 63 	 68 	 73 	 78 	 83 	 88 	 93 	 98 	 103 	 108
102 	 60 	 0 	 8 	 2 	 15 	 16 	 11 	 55 	 60 	 65 	 70 	 75 	 80 	 85 	 90 	 95 	 100 	 105
103 	 60 	 0 	 2 	 2 	 14 	 15 	 11 	 58 	 63 	 68 	 73 	 78 	 83 	 88 	 93 	 98 	 103 	 108
104 	 61 	 0 	 1 	 2 	 12 	 13 	 5 	 7 	 17 	 27 	 37 	 47
105 	 62 	 0 	 2 	 2 	 6 	 7 	 5 	 6 	 16 	 26 	 36 	 46
106 	 62 	 0 	 2 	 2 	 8 	 9 	 5 	 6 	 16 	 26 	 36 	 46
107 	 62 	 0 	 7 	 2 	 10 	 11 	 5 	 6 	 16 	 26 	 36 	 46
108 	 62 	 0 	 9 	 2 	 12 	 13 	 5 	 6 	 16 	 26 	 36 	 46
109 	 62 	 0 	 9 	 2 	 14 	 15 	 5 	 6 	 16 	 26 	 36 	 46
110 	 62 	 0 	 7 	 2 	 16 	 17 	 5 	 6 	 16 	 26 	 36 	 46
111 	 63 	 0 	 5 	 2 	 6 	 7 	 11 	 4 	 9 	 14 	 19 	 24 	 29 	 34 	 39 	 44 	 49 	 54
112 	 63 	 0 	 5 	 4 	 6 	 7 	 8 	 9 	 11 	 1 	 6 	 11 	 16 	 21 	 26 	 31 	 36 	 41 	 46 	 51
113 	 64 	 1 	 5 	 2 	 7 	 8 	 11 	 2 	 7 	 12 	 17 	 22 	 27 	 32 	 37 	 42 	 47 	 52
114 	 65 	 0 	 2 	 2 	 1 	 2 	 5 	 62 	 72 	 82 	 92 	 102
115 	 65 	 0 	 1 	 4 	 11 	 12 	 13 	 14 	 5 	 60 	 70 	 80 	 90 	 100
116 	 65 	 0 	 8 	 2 	 7 	 8 	 5 	 63 	 73 	 83 	 93 	 103
117 	 66 	 0 	 3 	 2 	 11 	 12 	 5 	 6 	 16 	 26 	 36 	 46
118 	 67 	 0 	 6 	 4 	 1 	 2 	 3 	 4 	 6 	 0 	 10 	 20 	 30 	 40 	 50
119 	 67 	 0 	 8 	 4 	 0 	 1 	 2 	 3 	 6 	 1 	 11 	 21 	 31 	 41 	 51
120 	 67 	 0 	 3 	 2 	 0 	 1 	 6 	 4 	 14 	 24 	 34 	 44 	 54
121 	 68 	 0 	 1 	 2 	 11 	 12 	 6 	 59 	 69 	 79 	 89 	 99 	 109
122 	 69 	 0 	 1 	 2 	 16 	 17 	 5 	 61 	 71 	 81 	 91 	 101
123 	 69 	 0 	 4 	 2 	 16 	 17 	 5 	 62 	 72 	 82 	 92 	 102
124 	 69 	 0 	 7 	 2 	 11 	 12 	 5 	 63 	 73 	 83 	 93 	 103
125 	 70 	 0 	 3 	 2 	 9 	 10 	 5 	 7 	 17 	 27 	 37 	 47
126 	 70 	 0 	 5 	 2 	 10 	 11 	 5 	 8 	 18 	 28 	 38 	 48
127 	 71 	 0 	 10 	 2 	 2 	 3 	 6 	 59 	 69 	 79 	 89 	 99 	 109
128 	 71 	 0 	 3 	 2 	 4 	 5 	 6 	 59 	 69 	 79 	 89 	 99 	 109
129 	 71 	 0 	 1 	 2 	 6 	 7 	 6 	 59 	 69 	 79 	 89 	 99 	 109
130 	 71 	 0 	 8 	 2 	 8 	 9 	 6 	 59 	 69 	 79 	 89 	 99 	 109
131 	 71 	 0 	 5 	 2 	 10 	 11 	 6 	 59 	 69 	 79 	 89 	 99 	 109
132 	 71 	 0 	 9 	 2 	 12 	 13 	 6 	 59 	 69 	 79 	 89 	 99 	 109
133 	 71 	 0 	 9 	 2 	 14 	 15 	 6 	 59 	 69 	 79 	 89 	 99 	 109
134 	 72 	 0 	 3 	 2 	 0 	 1 	 5 	 5 	 15 	 25 	 35 	 45
135 	 72 	 0 	 10 	 2 	 2 	 3 	 5 	 5 	 15 	 25 	 35 	 45
136 	 72 	 0 	 5 	 2 	 4 	 5 	 5 	 5 	 15 	 25 	 35 	 45
137 	 72 	 0 	 1 	 2 	 6 	 7 	 5 	 5 	 15 	 25 	 35 	 45
138 	 72 	 0 	 10 	 2 	 8 	 9 	 5 	 5 	 15 	 25 	 35 	 45
139 	 72 	 0 	 7 	 2 	 10 	 11 	 5 	 5 	 15 	 25 	 35 	 45
140 	 72 	 0 	 5 	 2 	 12 	 13 	 5 	 5 	 15 	 25 	 35 	 45
141 	 73 	 0 	 7 	 2 	 8 	 9 	 6 	 59 	 69 	 79 	 89 	 99 	 109
142 	 73 	 0 	 6 	 2 	 10 	 11 	 6 	 59 	 69 	 79 	 89 	 99 	 109
143 	 73 	 0 	 5 	 2 	 12 	 13 	 6 	 59 	 69 	 79 	 89 	 99 	 109
144 	 73 	 0 	 8 	 2 	 14 	 15 	 6 	 59 	 69 	 79 	 89 	 99 	 109
145 	 74 	 0 	 7 	 2 	 0 	 1 	 11 	 57 	 62 	 67 	 72 	 77 	 82 	 87 	 92 	 97 	 102 	 107
146 	 74 	 0 	 6 	 2 	 2 	 3 	 11 	 57 	 62 	 67 	 72 	 77 	 82 	 87 	 92 	 97 	 102 	 107
147 	 74 	 0 	 5 	 2 	 4 	 5 	 11 	 57 	 62 	 67 	 72 	 77 	 82 	 87 	 92 	 97 	 102 	 107
148 	 74 	 0 	 9 	 2 	 6 	 7 	 11 	 57 	 62 	 67 	 72 	 77 	 82 	 87 	 92 	 97 	 102 	 107
149 	 74 	 0 	 1 	 2 	 8 	 9 	 11 	 57 	 62 	 67 	 72 	 77 	 82 	 87 	 92 	 97 	 102 	 107
150 	 74 	 0 	 3 	 2 	 10 	 11 	 11 	 57 	 62 	 67 	 72 	 77 	 82 	 87 	 92 	 97 	 102 	 107
151 	 74 	 0 	 6 	 2 	 12 	 13 	 11 	 57 	 62 	 67 	 72 	 77 	 82 	 87 	 92 	 97 	 102 	 107
152 	 74 	 0 	 5 	 2 	 14 	 15 	 11 	 57 	 62 	 67 	 72 	 77 	 82 	 87 	 92 	 97 	 102 	 107
153 	 74 	 0 	 9 	 2 	 16 	 17 	 11 	 57 	 62 	 67 	 72 	 77 	 82 	 87 	 92 	 97 	 102 	 107
154 	 75 	 0 	 4 	 2 	 6 	 7 	 5 	 61 	 71 	 81 	 91 	 101
155 	 76 	 0 	 9 	 2 	 0 	 1 	 6 	 4 	 14 	 24 	 34 	 44 	 54
156 	 76 	 0 	 5 	 2 	 2 	 3 	 6 	 4 	 14 	 24 	 34 	 44 	 54
157 	 76 	 0 	 4 	 2 	 4 	 5 	 6 	 4 	 14 	 24 	 34 	 44 	 54
158 	 76 	 0 	 4 	 2 	 6 	 7 	 6 	 4 	 14 	 24 	 34 	 44 	 54
159 	 76 	 0 	 5 	 2 	 8 	 9 	 6 	 4 	 14 	 24 	 34 	 44 	 54
160 	 77 	 0 	 3 	 2 	 7 	 8 	 11 	 1 	 6 	 11 	 16 	 21 	 26 	 31 	 36 	 41 	 46 	 51
161 	 78 	 0 	 8 	 2 	 16 	 17 	 5 	 7 	 17 	 27 	 37 	 47
162 	 79 	 0 	 5 	 2 	 1 	 2 	 11 	 1 	 6 	 11 	 16 	 21 	 26 	 31 	 36 	 41 	 46 	 51
163 	 79 	 0 	 9 	 2 	 3 	 4 	 11 	 1 	 6 	 11 	 16 	 21 	 26 	 31 	 36 	 41 	 46 	 51
164 	 79 	 0 	 6 	 2 	 5 	 6 	 11 	 1 	 6 	 11 	 16 	 21 	 26 	 31 	 36 	 41 	 46 	 51
165 	 79 	 0 	 3 	 2 	 7 	 8 	 11 	 1 	 6 	 11 	 16 	 21 	 26 	 31 	 36 	 41 	 46 	 51
166 	 79 	 0 	 2 	 2 	 9 	 10 	 11 	 1 	 6 	 11 	 16 	 21 	 26 	 31 	 36 	 41 	 46 	 51
167 	 79 	 0 	 7 	 2 	 11 	 12 	 11 	 1 	 6 	 11 	 16 	 21 	 26 	 31 	 36 	 41 	 46 	 51
168 	 80 	 0 	 8 	 2 	 13 	 14 	 11 	 55 	 60 	 65 	 70 	 75 	 80 	 85 	 90 	 95 	 100 	 105
169 	 81 	 0 	 9 	 2 	 0 	 1 	 5 	 5 	 15 	 25 	 35 	 45
170 	 82 	 0 	 10 	 2 	 15 	 16 	 6 	 59 	 69 	 79 	 89 	 99 	 109
171 	 83 	 0 	 7 	 2 	 0 	 1 	 5 	 5 	 15 	 25 	 35 	 45
172 	 84 	 0 	 2 	 2 	 13 	 14 	 5 	 6 	 16 	 26 	 36 	 46
173 	 84 	 0 	 6 	 2 	 0 	 1 	 5 	 8 	 18 	 28 	 38 	 48
174 	 85 	 0 	 7 	 2 	 13 	 14 	 6 	 1 	 11 	 21 	 31 	 41 	 51
175 	 86 	 0 	 9 	 2 	 11 	 12 	 5 	 8 	 18 	 28 	 38 	 48
176 	 87 	 0 	 5 	 2 	 16 	 17 	 6 	 57 	 67 	 77 	 87 	 97 	 107
177 	 88 	 0 	 4 	 4 	 6 	 7 	 8 	 9 	 5 	 64 	 74 	 84 	 94 	 104
178 	 89 	 0 	 10 	 2 	 3 	 4 	 11 	 2 	 7 	 12 	 17 	 22 	 27 	 32 	 37 	 42 	 47 	 52
179 	 90 	 0 	 8 	 2 	 2 	 3 	 5 	 8 	 18 	 28 	 38 	 48
180 	 91 	 0 	 4 	 2 	 3 	 4 	 5 	 63 	 73 	 83 	 93 	 103
181 	 92 	 0 	 4 	 4 	 14 	 15 	 16 	 17 	 5 	 61 	 71 	 81 	 91 	 101
182 	 92 	 0 	 6 	 2 	 7 	 8 	 5 	 60 	 70 	 80 	 90 	 100
183 	 92 	 0 	 6 	 2 	 2 	 3 	 5 	 62 	 72 	 82 	 92 	 102
184 	 93 	 0 	 2 	 2 	 3 	 4 	 6 	 2 	 12 	 22 	 32 	 42 	 52
185 	 93 	 0 	 5 	 2 	 2 	 3 	 6 	 4 	 14 	 24 	 34 	 44 	 54
186 	 94 	 1 	 3 	 2 	 9 	 10 	 11 	 2 	 7 	 12 	 17 	 22 	 27 	 32 	 37 	 42 	 47 	 52
187 	 95 	 0 	 9 	 4 	 4 	 5 	 6 	 7 	 11 	 58 	 63 	 68 	 73 	 78 	 83 	 88 	 93 	 98 	 103 	 108
188 	 96 	 0 	 8 	 2 	 1 	 2 	 5 	 9 	 19 	 29 	 39 	 49
189 	 96 	 0 	 4 	 2 	 3 	 4 	 5 	 9 	 19 	 29 	 39 	 49
190 	 96 	 0 	 9 	 2 	 5 	 6 	 5 	 9 	 19 	 29 	 39 	 49
191 	 96 	 0 	 8 	 2 	 7 	 8 	 5 	 9 	 19 	 29 	 39 	 49
192 	 97 	 0 	 1 	 2 	 11 	 12 	 11 	 0 	 5 	 10 	 15 	 20 	 25 	 30 	 35 	 40 	 45 	 50
193 	 98 	 0 	 9 	 2 	 0 	 1 	 5 	 5 	 15 	 25 	 35 	 45
194 	 98 	 0 	 5 	 2 	 2 	 3 	 5 	 5 	 15 	 25 	 35 	 45
195 	 98 	 0 	 6 	 2 	 4 	 5 	 5 	 5 	 15 	 25 	 35 	 45
196 	 98 	 0 	 10 	 2 	 6 	 7 	 5 	 5 	 15 	 25 	 35 	 45
197 	 98 	 0 	 3 	 2 	 8 	 9 	 5 	 5 	 15 	 25 	 35 	 45
198 	 98 	 0 	 10 	 2 	 10 	 11 	 5 	 5 	 15 	 25 	 35 	 45
199 	 98 	 0 	 8 	 2 	 12 	 13 	 5 	 5 	 15 	 25 	 35 	 45
200 	 98 	 0 	 5 	 2 	 14 	 15 	 5 	 5 	 15 	 25 	 35 	 45
201 	 98 	 0 	 7 	 2 	 16 	 17 	 5 	 5 	 15 	 25 	 35 	 45
202 	 99 	 0 	 2 	 2 	 6 	 7 	 11 	 0 	 5 	 10 	 15 	 20 	 25 	 30 	 35 	 40 	 45 	 50
203	0	0	0	4	12	13	14	15	11	55	60	65	70	75	80	85	90	95	100	105	
204	0	0	0	2	16	17	11	59	64	69	74	79	84	89	94	99	104	109	
205	1	0	0	2	10	11	11	57	62	67	72	77	82	87	92	97	102	107	
206	2	0	0	2	5	6	11	57	62	67	72	77	82	87	92	97	102	107	
207	2	0	0	2	3	4	11	59	64	69	74	79	84	89	94	99	104	109	
208	3	0	0	2	3	4	6	0	10	20	30	40	50	
209	4	0	0	4	6	7	8	9	5	7	17	27	37	47	
210	4	0	0	4	3	4	5	6	5	9	19	29	39	49	
211	4	0	0	2	5	6	5	8	18	28	38	48	
212	4	0	0	2	1	2	5	5	15	25	35	45	
213	5	0	0	2	7	8	11	56	61	66	71	76	81	86	91	96	101	106	
214	6	0	0	4	9	10	11	12	6	58	68	78	88	98	108	
215	7	0	0	2	5	6	11	0	5	10	15	20	25	30	35	40	45	50	
216	8	0	0	4	13	14	15	16	5	5	15	25	35	45	
217	8	0	0	2	14	15	5	8	18	28	38	48	
218	8	0	0	4	14	15	16	17	5	7	17	27	37	47	
219	8	0	0	2	14	15	5	6	16	26	36	46	
220	9	0	0	4	10	11	12	13	6	1	11	21	31	41	51	
221	9	0	0	4	10	11	12	13	6	2	12	22	32	42	52	
222	10	0	0	4	9	10	11	12	11	1	6	11	16	21	26	31	36	41	46	51	
223	10	0	0	2	6	7	11	4	9	14	19	24	29	34	39	44	49	54	
224	11	0	0	4	7	8	9	10	6	55	65	75	85	95	105	
225	12	0	0	4	7	8	9	10	6	56	66	76	86	96	106	
226	13	0	0	4	11	12	13	14	6	55	65	75	85	95	105	
227	14	0	0	4	10	11	12	13	6	56	66	76	86	96	106	
228	14	0	0	4	8	9	10	11	6	57	67	77	87	97	107	
229	15	0	0	4	8	9	10	11	5	64	74	84	94	104	
230	16	0	0	2	3	4	11	56	61	66	71	76	81	86	91	96	101	106	
231	17	0	0	4	13	14	15	16	5	61	71	81	91	101	
232	18	0	0	2	14	15	6	4	14	24	34	44	54	
233	18	0	0	4	7	8	9	10	6	0	10	20	30	40	50	
234	19	0	0	2	8	9	11	55	60	65	70	75	80	85	90	95	100	105	
235	20	0	0	4	1	2	3	4	6	3	13	23	33	43	53	
236	21	0	0	2	1	2	11	2	7	12	17	22	27	32	37	42	47	52	
237	22	0	0	4	14	15	16	17	6	2	12	22	32	42	52	
238	23	0	0	4	8	9	10	11	11	55	60	65	70	75	80	85	90	95	100	105	
239	23	0	0	4	2	3	4	5	11	59	64	69	74	79	84	89	94	99	104	109	
240	24	0	0	4	8	9	10	11	6	0	10	20	30	40	50	
241	24	0	0	4	5	6	7	8	6	1	11	21	31	41	51	
242	25	0	0	4	10	11	12	13	11	3	8	13	18	23	28	33	38	43	48	53	
243	26	0	0	4	6	7	8	9	6	57	67	77	87	97	107	
244	27	0	0	4	13	14	15	16	11	1	6	11	16	21	26	31	36	41	46	51	
245	27	0	0	2	4	5	11	4	9	14	19	24	29	34	39	44	49	54	
246	28	0	0	2	13	14	5	62	72	82	92	102	
247	29	0	0	4	0	1	2	3	5	6	16	26	36	46	
248	30	0	0	4	7	8	9	10	6	4	14	24	34	44	54	
249	30	0	0	4	11	12	13	14	6	3	13	23	33	43	53	
250	31	0	0	4	14	15	16	17	11	2	7	12	17	22	27	32	37	42	47	52	
251	31	0	0	4	12	13	14	15	11	4	9	14	19	24	29	34	39	44	49	54	
252	31	0	0	4	11	12	13	14	11	3	8	13	18	23	28	33	38	43	48	53	
253	32	0	0	2	11	12	5	9	19	29	39	49	
254	32	0	0	4	2	3	4	5	5	6	16	26	36	46	
255	33	0	0	2	7	8	5	5	15	25	35	45	
256	34	0	0	2	8	9	5	8	18	28	38	48	
257	35	0	0	4	0	1	2	3	5	9	19	29	39	49	
258	36	0	0	4	6	7	8	9	5	62	72	82	92	102	
259	36	0	0	4	8	9	10	11	5	63	73	83	93	103	
260	36	0	0	4	14	15	16	17	5	60	70	80	90	100	
261	37	0	0	2	9	10	5	5	15	25	35	45	
262	37	0	0	4	14	15	16	17	5	9	19	29	39	49	
263	38	0	0	2	15	16	11	57	62	67	72	77	82	87	92	97	102	107	
264	38	0	0	2	4	5	11	58	63	68	73	78	83	88	93	98	103	108	
265	39	0	0	2	10	11	6	55	65	75	85	95	105	
266	39	0	0	2	13	14	6	57	67	77	87	97	107	
267	40	0	0	2	10	11	5	61	71	81	91	101	
268	40	0	0	4	7	8	9	10	5	63	73	83	93	103	
269	41	0	0	2	16	17	11	1	6	11	16	21	26	31	36	41	46	51	
270	41	0	0	4	13	14	15	16	11	2	7	12	17	22	27	32	37	42	47	52	
271	42	0	0	2	8	9	5	8	18	28	38	48	
272	42	0	0	4	13	14	15	16	5	6	16	26	36	46	
273	43	0	0	2	4	5	6	2	12	22	32	42	52	
274	43	0	0	2	2	3	6	0	10	20	30	40	50	
275	44	0	0	2	5	6	6	4	14	24	34	44	54	
276	45	0	0	2	6	7	6	59	69	79	89	99	109	
277	46	0	0	4	6	7	8	9	6	59	69	79	89	99	109	
278	46	0	0	2	7	8	6	56	66	76	86	96	106	
279	47	0	0	2	6	7	11	1	6	11	16	21	26	31	36	41	46	51	
280	47	0	0	4	7	8	9	10	11	0	5	10	15	20	25	30	35	40	45	50	
281	48	0	0	4	3	4	5	6	6	1	11	21	31	41	51	
282	49	0	0	4	7	8	9	10	11	1	6	11	16	21	26	31	36	41	46	51	
283	49	0	0	4	7	8	9	10	11	3	8	13	18	23	28	33	38	43	48	53	
284	50	0	0	2	14	15	6	3	13	23	33	43	53	
285	50	0	0	4	12	13	14	15	6	0	10	20	30	40	50	
286	51	0	0	2	3	4	11	59	64	69	74	79	84	89	94	99	104	109	
287	51	0	0	2	1	2	11	55	60	65	70	75	80	85	90	95	100	105	
288	52	0	0	2	10	11	11	58	63	68	73	78	83	88	93	98	103	108	
289	52	0	0	4	13	14	15	16	11	59	64	69	74	79	84	89	94	99	104	109	
290	53	0	0	4	6	7	8	9	5	63	73	83	93	103	
291	54	0	0	4	8	9	10	11	6	57	67	77	87	97	107	
292	54	0	0	2	8	9	6	59	69	79	89	99	109	
293	55	0	0	2	9	10	6	1	11	21	31	41	51	
294	56	0	0	2	9	10	5	63	73	83	93	103	
295	56	0	0	2	9	10	5	62	72	82	92	102	
296	57	0	0	2	11	12	5	6	16	26	36	46	
297	58	0	0	4	1	2	3	4	5	9	19	29	39	49	
298	58	0	0	2	0	1	5	7	17	27	37	47	
299	59	0	0	4	0	1	2	3	11	59	64	69	74	79	84	89	94	99	104	109	
300	60	0	0	4	12	13	14	15	11	57	62	67	72	77	82	87	92	97	102	107	
301	61	0	0	2	11	12	5	5	15	25	35	45	
302	62	0	0	4	11	12	13	14	5	9	19	29	39	49	
303	62	0	0	2	11	12	5	7	17	27	37	47	
304	62	0	0	2	0	1	5	8	18	28	38	48	
305	63	0	0	4	7	8	9	10	11	0	5	10	15	20	25	30	35	40	45	50	
306	64	1	0	2	6	7	11	4	9	14	19	24	29	34	39	44	49	54	
307	65	0	0	4	7	8	9	10	5	64	74	84	94	104	
308	65	0	0	4	5	6	7	8	5	61	71	81	91	101	
309	66	0	0	2	11	12	5	8	18	28	38	48	
310	66	0	0	2	15	16	5	9	19	29	39	49	
311	67	0	0	4	2	3	4	5	6	3	13	23	33	43	53	
312	67	0	0	2	4	5	6	2	12	22	32	42	52	
313	68	0	0	4	14	15	16	17	6	57	67	77	87	97	107	
314	68	0	0	4	4	5	6	7	6	55	65	75	85	95	105	
315	69	0	0	4	12	13	14	15	5	64	74	84	94	104	
316	69	0	0	2	6	7	5	60	70	80	90	100	
317	70	0	0	4	5	6	7	8	5	5	15	25	35	45	
318	70	0	0	4	7	8	9	10	5	6	16	26	36	46	
319	71	0	0	4	11	12	13	14	6	58	68	78	88	98	108	
320	71	0	0	4	3	4	5	6	6	57	67	77	87	97	107	
321	71	0	0	2	5	6	6	56	66	76	86	96	106	
322	72	0	0	4	5	6	7	8	5	6	16	26	36	46	
323	72	0	0	4	1	2	3	4	5	8	18	28	38	48	
324	72	0	0	4	6	7	8	9	5	9	19	29	39	49	
325	73	0	0	4	12	13	14	15	6	58	68	78	88	98	108	
326	73	0	0	4	1	2	3	4	6	56	66	76	86	96	106	
327	73	0	0	4	0	1	2	3	6	55	65	75	85	95	105	
328	74	0	0	2	3	4	11	59	64	69	74	79	84	89	94	99	104	109	
329	74	0	0	2	3	4	11	58	63	68	73	78	83	88	93	98	103	108	
330	74	0	0	4	5	6	7	8	11	56	61	66	71	76	81	86	91	96	101	106	
331	75	0	0	2	13	14	5	62	72	82	92	102	
332	75	0	0	2	10	11	5	60	70	80	90	100	
333	76	0	0	2	10	11	6	0	10	20	30	40	50	
334	76	0	0	2	14	15	6	2	12	22	32	42	52	
335	76	0	0	4	0	1	2	3	6	1	11	21	31	41	51	
336	77	0	0	4	2	3	4	5	11	2	7	12	17	22	27	32	37	42	47	52	
337	78	0	0	2	11	12	5	9	19	29	39	49	
338	79	0	0	4	7	8	9	10	11	4	9	14	19	24	29	34	39	44	49	54	
339	79	0	0	4	1	2	3	4	11	0	5	10	15	20	25	30	35	40	45	50	
340	79	0	0	4	1	2	3	4	11	3	8	13	18	23	28	33	38	43	48	53	
341	80	0	0	4	6	7	8	9	11	58	63	68	73	78	83	88	93	98	103	108	
342	81	0	0	4	8	9	10	11	5	8	18	28	38	48	
343	81	0	0	2	12	13	5	9	19	29	39	49	
344	82	0	0	2	6	7	6	58	68	78	88	98	108	
345	83	0	0	2	7	8	5	9	19	29	39	49	
346	83	0	0	4	0	1	2	3	5	8	18	28	38	48	
347	84	0	0	4	8	9	10	11	5	9	19	29	39	49	
348	85	0	0	4	8	9	10	11	6	0	10	20	30	40	50	
349	85	0	0	4	14	15	16	17	6	2	12	22	32	42	52	
350	86	0	0	2	12	13	5	9	19	29	39	49	
351	87	0	0	2	3	4	6	59	69	79	89	99	109	
352	87	0	0	4	13	14	15	16	6	58	68	78	88	98	108	
353	88	0	0	4	5	6	7	8	5	62	72	82	92	102	
354	88	0	0	4	8	9	10	11	5	60	70	80	90	100	
355	89	0	0	4	11	12	13	14	11	1	6	11	16	21	26	31	36	41	46	51	
356	90	0	0	4	9	10	11	12	5	9	19	29	39	49	
357	91	0	0	2	2	3	5	64	74	84	94	104	
358	91	0	0	4	4	5	6	7	5	60	70	80	90	100	
359	92	0	0	2	7	8	5	64	74	84	94	104	
360	93	0	0	2	2	3	6	0	10	20	30	40	50	
361	93	0	0	4	10	11	12	13	6	1	11	21	31	41	51	
362	94	1	0	4	13	14	15	16	11	3	8	13	18	23	28	33	38	43	48	53	
363	95	0	0	2	14	15	11	56	61	66	71	76	81	86	91	96	101	106	
364	95	0	0	4	3	4	5	6	11	55	60	65	70	75	80	85	90	95	100	105	
365	96	0	0	4	8	9	10	11	5	6	16	26	36	46	
366	96	0	0	2	5	6	5	8	18	28	38	48	
367	96	0	0	4	13	14	15	16	5	5	15	25	35	45	
368	97	0	0	4	14	15	16	17	11	4	9	14	19	24	29	34	39	44	49	54	
369	97	0	0	4	13	14	15	16	11	1	6	11	16	21	26	31	36	41	46	51	
370	98	0	0	2	0	1	5	8	18	28	38	48	
371	98	0	0	2	12	13	5	7	17	27	37	47	
372	98	0	0	4	1	2	3	4	5	6	16	26	36	46	
373	99	0	0	4	14	15	16	17	11	3	8	13	18	23	28	33	38	43	48	53	

