364	189	175
0
0 	 0 	 0 	 8 	 2 	 2 	 3 	 5 	 7 	 17 	 27 	 37 	 47
1 	 1 	 0 	 5 	 2 	 10 	 11 	 6 	 0 	 10 	 20 	 30 	 40 	 50
2 	 2 	 0 	 10 	 4 	 11 	 12 	 13 	 14 	 5 	 64 	 74 	 84 	 94 	 104
3 	 3 	 1 	 4 	 2 	 10 	 11 	 6 	 56 	 66 	 76 	 86 	 96 	 106
4 	 3 	 1 	 5 	 2 	 2 	 3 	 6 	 55 	 65 	 75 	 85 	 95 	 105
5 	 3 	 1 	 7 	 2 	 5 	 6 	 6 	 57 	 67 	 77 	 87 	 97 	 107
6 	 4 	 0 	 6 	 2 	 13 	 14 	 5 	 63 	 73 	 83 	 93 	 103
7 	 5 	 0 	 7 	 2 	 0 	 1 	 11 	 58 	 63 	 68 	 73 	 78 	 83 	 88 	 93 	 98 	 103 	 108
8 	 5 	 0 	 8 	 2 	 2 	 3 	 11 	 58 	 63 	 68 	 73 	 78 	 83 	 88 	 93 	 98 	 103 	 108
9 	 5 	 0 	 7 	 2 	 4 	 5 	 11 	 58 	 63 	 68 	 73 	 78 	 83 	 88 	 93 	 98 	 103 	 108
10 	 5 	 0 	 7 	 2 	 6 	 7 	 11 	 58 	 63 	 68 	 73 	 78 	 83 	 88 	 93 	 98 	 103 	 108
11 	 5 	 0 	 8 	 2 	 8 	 9 	 11 	 58 	 63 	 68 	 73 	 78 	 83 	 88 	 93 	 98 	 103 	 108
12 	 5 	 0 	 2 	 2 	 10 	 11 	 11 	 58 	 63 	 68 	 73 	 78 	 83 	 88 	 93 	 98 	 103 	 108
13 	 6 	 0 	 3 	 2 	 16 	 17 	 11 	 1 	 6 	 11 	 16 	 21 	 26 	 31 	 36 	 41 	 46 	 51
14 	 7 	 0 	 10 	 2 	 1 	 2 	 11 	 55 	 60 	 65 	 70 	 75 	 80 	 85 	 90 	 95 	 100 	 105
15 	 7 	 0 	 4 	 2 	 1 	 2 	 11 	 59 	 64 	 69 	 74 	 79 	 84 	 89 	 94 	 99 	 104 	 109
16 	 7 	 0 	 6 	 2 	 9 	 10 	 11 	 56 	 61 	 66 	 71 	 76 	 81 	 86 	 91 	 96 	 101 	 106
17 	 8 	 0 	 1 	 2 	 15 	 16 	 11 	 4 	 9 	 14 	 19 	 24 	 29 	 34 	 39 	 44 	 49 	 54
18 	 9 	 0 	 7 	 2 	 14 	 15 	 6 	 59 	 69 	 79 	 89 	 99 	 109
19 	 9 	 0 	 1 	 2 	 10 	 11 	 6 	 58 	 68 	 78 	 88 	 98 	 108
20 	 9 	 0 	 10 	 2 	 15 	 16 	 6 	 55 	 65 	 75 	 85 	 95 	 105
21 	 10 	 0 	 7 	 2 	 3 	 4 	 6 	 57 	 67 	 77 	 87 	 97 	 107
22 	 11 	 0 	 10 	 4 	 10 	 11 	 12 	 13 	 5 	 6 	 16 	 26 	 36 	 46
23 	 11 	 0 	 3 	 2 	 1 	 2 	 5 	 8 	 18 	 28 	 38 	 48
24 	 11 	 0 	 5 	 2 	 11 	 12 	 5 	 5 	 15 	 25 	 35 	 45
25 	 12 	 0 	 9 	 2 	 13 	 14 	 5 	 7 	 17 	 27 	 37 	 47
26 	 12 	 0 	 1 	 2 	 6 	 7 	 5 	 5 	 15 	 25 	 35 	 45
27 	 13 	 0 	 1 	 2 	 12 	 13 	 11 	 3 	 8 	 13 	 18 	 23 	 28 	 33 	 38 	 43 	 48 	 53
28 	 14 	 0 	 1 	 2 	 15 	 16 	 11 	 4 	 9 	 14 	 19 	 24 	 29 	 34 	 39 	 44 	 49 	 54
29 	 15 	 0 	 6 	 2 	 9 	 10 	 11 	 56 	 61 	 66 	 71 	 76 	 81 	 86 	 91 	 96 	 101 	 106
30 	 15 	 0 	 8 	 2 	 12 	 13 	 11 	 58 	 63 	 68 	 73 	 78 	 83 	 88 	 93 	 98 	 103 	 108
31 	 16 	 0 	 7 	 4 	 12 	 13 	 14 	 15 	 5 	 7 	 17 	 27 	 37 	 47
32 	 16 	 0 	 8 	 2 	 6 	 7 	 5 	 6 	 16 	 26 	 36 	 46
33 	 16 	 0 	 9 	 2 	 12 	 13 	 5 	 9 	 19 	 29 	 39 	 49
34 	 17 	 0 	 3 	 2 	 14 	 15 	 11 	 3 	 8 	 13 	 18 	 23 	 28 	 33 	 38 	 43 	 48 	 53
35 	 17 	 0 	 6 	 2 	 10 	 11 	 11 	 4 	 9 	 14 	 19 	 24 	 29 	 34 	 39 	 44 	 49 	 54
36 	 18 	 0 	 6 	 2 	 8 	 9 	 5 	 61 	 71 	 81 	 91 	 101
37 	 19 	 0 	 10 	 2 	 2 	 3 	 11 	 0 	 5 	 10 	 15 	 20 	 25 	 30 	 35 	 40 	 45 	 50
38 	 20 	 0 	 8 	 2 	 5 	 6 	 11 	 2 	 7 	 12 	 17 	 22 	 27 	 32 	 37 	 42 	 47 	 52
39 	 21 	 0 	 3 	 2 	 4 	 5 	 5 	 5 	 15 	 25 	 35 	 45
40 	 21 	 0 	 8 	 2 	 6 	 7 	 5 	 5 	 15 	 25 	 35 	 45
41 	 21 	 0 	 9 	 2 	 8 	 9 	 5 	 5 	 15 	 25 	 35 	 45
42 	 21 	 0 	 7 	 2 	 10 	 11 	 5 	 5 	 15 	 25 	 35 	 45
43 	 21 	 0 	 8 	 2 	 12 	 13 	 5 	 5 	 15 	 25 	 35 	 45
44 	 21 	 0 	 9 	 2 	 14 	 15 	 5 	 5 	 15 	 25 	 35 	 45
45 	 22 	 0 	 4 	 2 	 13 	 14 	 6 	 57 	 67 	 77 	 87 	 97 	 107
46 	 22 	 0 	 10 	 2 	 14 	 15 	 6 	 58 	 68 	 78 	 88 	 98 	 108
47 	 23 	 0 	 1 	 2 	 15 	 16 	 6 	 4 	 14 	 24 	 34 	 44 	 54
48 	 24 	 0 	 4 	 2 	 5 	 6 	 6 	 59 	 69 	 79 	 89 	 99 	 109
49 	 24 	 0 	 9 	 2 	 14 	 15 	 6 	 55 	 65 	 75 	 85 	 95 	 105
50 	 25 	 0 	 7 	 2 	 1 	 2 	 6 	 3 	 13 	 23 	 33 	 43 	 53
51 	 25 	 0 	 6 	 2 	 7 	 8 	 6 	 2 	 12 	 22 	 32 	 42 	 52
52 	 26 	 0 	 8 	 2 	 12 	 13 	 5 	 6 	 16 	 26 	 36 	 46
53 	 27 	 0 	 10 	 2 	 12 	 13 	 5 	 9 	 19 	 29 	 39 	 49
54 	 28 	 0 	 1 	 2 	 15 	 16 	 5 	 64 	 74 	 84 	 94 	 104
55 	 29 	 0 	 3 	 2 	 3 	 4 	 11 	 59 	 64 	 69 	 74 	 79 	 84 	 89 	 94 	 99 	 104 	 109
56 	 30 	 0 	 2 	 2 	 11 	 12 	 11 	 58 	 63 	 68 	 73 	 78 	 83 	 88 	 93 	 98 	 103 	 108
57 	 31 	 0 	 1 	 2 	 2 	 3 	 6 	 57 	 67 	 77 	 87 	 97 	 107
58 	 32 	 0 	 10 	 2 	 7 	 8 	 5 	 63 	 73 	 83 	 93 	 103
59 	 32 	 0 	 4 	 2 	 9 	 10 	 5 	 63 	 73 	 83 	 93 	 103
60 	 32 	 0 	 2 	 2 	 11 	 12 	 5 	 63 	 73 	 83 	 93 	 103
61 	 32 	 0 	 2 	 2 	 13 	 14 	 5 	 63 	 73 	 83 	 93 	 103
62 	 33 	 0 	 4 	 2 	 10 	 11 	 6 	 57 	 67 	 77 	 87 	 97 	 107
63 	 34 	 0 	 6 	 2 	 6 	 7 	 11 	 1 	 6 	 11 	 16 	 21 	 26 	 31 	 36 	 41 	 46 	 51
64 	 35 	 0 	 10 	 4 	 3 	 4 	 5 	 6 	 6 	 56 	 66 	 76 	 86 	 96 	 106
65 	 36 	 0 	 4 	 2 	 0 	 1 	 5 	 61 	 71 	 81 	 91 	 101
66 	 37 	 0 	 9 	 2 	 4 	 5 	 5 	 5 	 15 	 25 	 35 	 45
67 	 37 	 0 	 10 	 2 	 6 	 7 	 5 	 5 	 15 	 25 	 35 	 45
68 	 37 	 0 	 4 	 2 	 8 	 9 	 5 	 5 	 15 	 25 	 35 	 45
69 	 37 	 0 	 6 	 2 	 10 	 11 	 5 	 5 	 15 	 25 	 35 	 45
70 	 37 	 0 	 3 	 2 	 12 	 13 	 5 	 5 	 15 	 25 	 35 	 45
71 	 37 	 0 	 7 	 2 	 14 	 15 	 5 	 5 	 15 	 25 	 35 	 45
72 	 38 	 1 	 6 	 2 	 1 	 2 	 11 	 1 	 6 	 11 	 16 	 21 	 26 	 31 	 36 	 41 	 46 	 51
73 	 38 	 1 	 10 	 4 	 3 	 4 	 5 	 6 	 11 	 3 	 8 	 13 	 18 	 23 	 28 	 33 	 38 	 43 	 48 	 53
74 	 39 	 0 	 4 	 2 	 1 	 2 	 6 	 56 	 66 	 76 	 86 	 96 	 106
75 	 39 	 0 	 6 	 2 	 11 	 12 	 6 	 55 	 65 	 75 	 85 	 95 	 105
76 	 39 	 0 	 10 	 4 	 8 	 9 	 10 	 11 	 6 	 58 	 68 	 78 	 88 	 98 	 108
77 	 40 	 0 	 4 	 2 	 6 	 7 	 6 	 3 	 13 	 23 	 33 	 43 	 53
78 	 41 	 0 	 5 	 2 	 10 	 11 	 6 	 59 	 69 	 79 	 89 	 99 	 109
79 	 42 	 0 	 5 	 2 	 0 	 1 	 11 	 57 	 62 	 67 	 72 	 77 	 82 	 87 	 92 	 97 	 102 	 107
80 	 43 	 0 	 9 	 2 	 1 	 2 	 11 	 56 	 61 	 66 	 71 	 76 	 81 	 86 	 91 	 96 	 101 	 106
81 	 44 	 0 	 8 	 2 	 15 	 16 	 5 	 9 	 19 	 29 	 39 	 49
82 	 44 	 0 	 1 	 2 	 6 	 7 	 5 	 7 	 17 	 27 	 37 	 47
83 	 45 	 0 	 10 	 4 	 5 	 6 	 7 	 8 	 11 	 58 	 63 	 68 	 73 	 78 	 83 	 88 	 93 	 98 	 103 	 108
84 	 46 	 0 	 4 	 2 	 0 	 1 	 5 	 7 	 17 	 27 	 37 	 47
85 	 47 	 1 	 6 	 2 	 16 	 17 	 5 	 7 	 17 	 27 	 37 	 47
86 	 48 	 0 	 8 	 2 	 7 	 8 	 11 	 2 	 7 	 12 	 17 	 22 	 27 	 32 	 37 	 42 	 47 	 52
87 	 48 	 0 	 3 	 4 	 7 	 8 	 9 	 10 	 11 	 1 	 6 	 11 	 16 	 21 	 26 	 31 	 36 	 41 	 46 	 51
88 	 48 	 0 	 2 	 4 	 3 	 4 	 5 	 6 	 11 	 0 	 5 	 10 	 15 	 20 	 25 	 30 	 35 	 40 	 45 	 50
89 	 49 	 0 	 4 	 2 	 3 	 4 	 5 	 6 	 16 	 26 	 36 	 46
90 	 50 	 0 	 4 	 4 	 9 	 10 	 11 	 12 	 6 	 55 	 65 	 75 	 85 	 95 	 105
91 	 50 	 0 	 8 	 2 	 9 	 10 	 6 	 58 	 68 	 78 	 88 	 98 	 108
92 	 51 	 0 	 7 	 2 	 2 	 3 	 11 	 3 	 8 	 13 	 18 	 23 	 28 	 33 	 38 	 43 	 48 	 53
93 	 52 	 0 	 7 	 2 	 11 	 12 	 11 	 55 	 60 	 65 	 70 	 75 	 80 	 85 	 90 	 95 	 100 	 105
94 	 53 	 0 	 7 	 2 	 1 	 2 	 5 	 62 	 72 	 82 	 92 	 102
95 	 54 	 0 	 2 	 2 	 4 	 5 	 11 	 3 	 8 	 13 	 18 	 23 	 28 	 33 	 38 	 43 	 48 	 53
96 	 55 	 0 	 8 	 4 	 7 	 8 	 9 	 10 	 5 	 8 	 18 	 28 	 38 	 48
97 	 56 	 0 	 10 	 4 	 10 	 11 	 12 	 13 	 5 	 8 	 18 	 28 	 38 	 48
98 	 56 	 0 	 8 	 2 	 10 	 11 	 5 	 5 	 15 	 25 	 35 	 45
99 	 57 	 0 	 4 	 2 	 2 	 3 	 11 	 4 	 9 	 14 	 19 	 24 	 29 	 34 	 39 	 44 	 49 	 54
100 	 58 	 0 	 6 	 4 	 5 	 6 	 7 	 8 	 6 	 57 	 67 	 77 	 87 	 97 	 107
101 	 59 	 0 	 3 	 2 	 1 	 2 	 5 	 7 	 17 	 27 	 37 	 47
102 	 60 	 0 	 2 	 4 	 0 	 1 	 2 	 3 	 11 	 2 	 7 	 12 	 17 	 22 	 27 	 32 	 37 	 42 	 47 	 52
103 	 60 	 0 	 9 	 2 	 15 	 16 	 11 	 0 	 5 	 10 	 15 	 20 	 25 	 30 	 35 	 40 	 45 	 50
104 	 61 	 0 	 7 	 2 	 13 	 14 	 5 	 7 	 17 	 27 	 37 	 47
105 	 62 	 0 	 5 	 2 	 6 	 7 	 5 	 6 	 16 	 26 	 36 	 46
106 	 63 	 0 	 7 	 2 	 11 	 12 	 5 	 5 	 15 	 25 	 35 	 45
107 	 64 	 0 	 1 	 2 	 15 	 16 	 5 	 8 	 18 	 28 	 38 	 48
108 	 64 	 0 	 4 	 2 	 3 	 4 	 5 	 5 	 15 	 25 	 35 	 45
109 	 65 	 0 	 9 	 2 	 7 	 8 	 5 	 62 	 72 	 82 	 92 	 102
110 	 65 	 0 	 6 	 2 	 5 	 6 	 5 	 63 	 73 	 83 	 93 	 103
111 	 65 	 0 	 5 	 2 	 8 	 9 	 5 	 64 	 74 	 84 	 94 	 104
112 	 66 	 0 	 5 	 2 	 14 	 15 	 11 	 1 	 6 	 11 	 16 	 21 	 26 	 31 	 36 	 41 	 46 	 51
113 	 67 	 0 	 9 	 2 	 12 	 13 	 11 	 59 	 64 	 69 	 74 	 79 	 84 	 89 	 94 	 99 	 104 	 109
114 	 67 	 0 	 9 	 4 	 4 	 5 	 6 	 7 	 11 	 57 	 62 	 67 	 72 	 77 	 82 	 87 	 92 	 97 	 102 	 107
115 	 67 	 0 	 9 	 2 	 12 	 13 	 11 	 58 	 63 	 68 	 73 	 78 	 83 	 88 	 93 	 98 	 103 	 108
116 	 68 	 0 	 2 	 4 	 9 	 10 	 11 	 12 	 11 	 3 	 8 	 13 	 18 	 23 	 28 	 33 	 38 	 43 	 48 	 53
117 	 68 	 0 	 7 	 2 	 14 	 15 	 11 	 4 	 9 	 14 	 19 	 24 	 29 	 34 	 39 	 44 	 49 	 54
118 	 68 	 0 	 4 	 2 	 8 	 9 	 11 	 2 	 7 	 12 	 17 	 22 	 27 	 32 	 37 	 42 	 47 	 52
119 	 69 	 0 	 3 	 2 	 10 	 11 	 6 	 57 	 67 	 77 	 87 	 97 	 107
120 	 69 	 0 	 6 	 2 	 12 	 13 	 6 	 57 	 67 	 77 	 87 	 97 	 107
121 	 69 	 0 	 10 	 2 	 14 	 15 	 6 	 57 	 67 	 77 	 87 	 97 	 107
122 	 69 	 0 	 4 	 2 	 16 	 17 	 6 	 57 	 67 	 77 	 87 	 97 	 107
123 	 70 	 0 	 1 	 2 	 6 	 7 	 11 	 3 	 8 	 13 	 18 	 23 	 28 	 33 	 38 	 43 	 48 	 53
124 	 71 	 0 	 10 	 4 	 14 	 15 	 16 	 17 	 11 	 2 	 7 	 12 	 17 	 22 	 27 	 32 	 37 	 42 	 47 	 52
125 	 72 	 0 	 4 	 4 	 1 	 2 	 3 	 4 	 11 	 2 	 7 	 12 	 17 	 22 	 27 	 32 	 37 	 42 	 47 	 52
126 	 73 	 0 	 9 	 2 	 0 	 1 	 11 	 58 	 63 	 68 	 73 	 78 	 83 	 88 	 93 	 98 	 103 	 108
127 	 73 	 0 	 9 	 2 	 2 	 3 	 11 	 58 	 63 	 68 	 73 	 78 	 83 	 88 	 93 	 98 	 103 	 108
128 	 73 	 0 	 7 	 2 	 4 	 5 	 11 	 58 	 63 	 68 	 73 	 78 	 83 	 88 	 93 	 98 	 103 	 108
129 	 73 	 0 	 7 	 2 	 6 	 7 	 11 	 58 	 63 	 68 	 73 	 78 	 83 	 88 	 93 	 98 	 103 	 108
130 	 73 	 0 	 8 	 2 	 8 	 9 	 11 	 58 	 63 	 68 	 73 	 78 	 83 	 88 	 93 	 98 	 103 	 108
131 	 73 	 0 	 2 	 2 	 10 	 11 	 11 	 58 	 63 	 68 	 73 	 78 	 83 	 88 	 93 	 98 	 103 	 108
132 	 73 	 0 	 5 	 2 	 12 	 13 	 11 	 58 	 63 	 68 	 73 	 78 	 83 	 88 	 93 	 98 	 103 	 108
133 	 73 	 0 	 10 	 2 	 14 	 15 	 11 	 58 	 63 	 68 	 73 	 78 	 83 	 88 	 93 	 98 	 103 	 108
134 	 73 	 0 	 3 	 2 	 16 	 17 	 11 	 58 	 63 	 68 	 73 	 78 	 83 	 88 	 93 	 98 	 103 	 108
135 	 74 	 0 	 7 	 2 	 7 	 8 	 5 	 60 	 70 	 80 	 90 	 100
136 	 75 	 0 	 8 	 4 	 11 	 12 	 13 	 14 	 6 	 1 	 11 	 21 	 31 	 41 	 51
137 	 75 	 0 	 6 	 2 	 5 	 6 	 6 	 3 	 13 	 23 	 33 	 43 	 53
138 	 76 	 0 	 10 	 2 	 1 	 2 	 11 	 56 	 61 	 66 	 71 	 76 	 81 	 86 	 91 	 96 	 101 	 106
139 	 77 	 0 	 1 	 2 	 11 	 12 	 11 	 55 	 60 	 65 	 70 	 75 	 80 	 85 	 90 	 95 	 100 	 105
140 	 78 	 0 	 10 	 2 	 14 	 15 	 11 	 2 	 7 	 12 	 17 	 22 	 27 	 32 	 37 	 42 	 47 	 52
141 	 78 	 0 	 10 	 2 	 0 	 1 	 11 	 3 	 8 	 13 	 18 	 23 	 28 	 33 	 38 	 43 	 48 	 53
142 	 79 	 1 	 10 	 4 	 13 	 14 	 15 	 16 	 11 	 56 	 61 	 66 	 71 	 76 	 81 	 86 	 91 	 96 	 101 	 106
143 	 80 	 0 	 8 	 4 	 5 	 6 	 7 	 8 	 5 	 9 	 19 	 29 	 39 	 49
144 	 81 	 0 	 1 	 2 	 7 	 8 	 5 	 64 	 74 	 84 	 94 	 104
145 	 82 	 0 	 6 	 2 	 2 	 3 	 5 	 60 	 70 	 80 	 90 	 100
146 	 82 	 0 	 7 	 2 	 4 	 5 	 5 	 60 	 70 	 80 	 90 	 100
147 	 82 	 0 	 5 	 2 	 6 	 7 	 5 	 60 	 70 	 80 	 90 	 100
148 	 82 	 0 	 5 	 2 	 8 	 9 	 5 	 60 	 70 	 80 	 90 	 100
149 	 82 	 0 	 1 	 2 	 10 	 11 	 5 	 60 	 70 	 80 	 90 	 100
150 	 82 	 0 	 7 	 2 	 12 	 13 	 5 	 60 	 70 	 80 	 90 	 100
151 	 82 	 0 	 3 	 2 	 14 	 15 	 5 	 60 	 70 	 80 	 90 	 100
152 	 82 	 0 	 6 	 2 	 16 	 17 	 5 	 60 	 70 	 80 	 90 	 100
153 	 83 	 0 	 2 	 2 	 2 	 3 	 6 	 55 	 65 	 75 	 85 	 95 	 105
154 	 84 	 1 	 10 	 2 	 12 	 13 	 5 	 63 	 73 	 83 	 93 	 103
155 	 85 	 0 	 9 	 4 	 10 	 11 	 12 	 13 	 5 	 9 	 19 	 29 	 39 	 49
156 	 85 	 0 	 8 	 2 	 12 	 13 	 5 	 8 	 18 	 28 	 38 	 48
157 	 85 	 0 	 9 	 2 	 15 	 16 	 5 	 5 	 15 	 25 	 35 	 45
158 	 86 	 0 	 2 	 2 	 1 	 2 	 5 	 6 	 16 	 26 	 36 	 46
159 	 87 	 0 	 9 	 2 	 9 	 10 	 5 	 5 	 15 	 25 	 35 	 45
160 	 88 	 0 	 5 	 2 	 9 	 10 	 5 	 7 	 17 	 27 	 37 	 47
161 	 88 	 0 	 10 	 2 	 11 	 12 	 5 	 7 	 17 	 27 	 37 	 47
162 	 88 	 0 	 4 	 2 	 13 	 14 	 5 	 7 	 17 	 27 	 37 	 47
163 	 88 	 0 	 2 	 2 	 15 	 16 	 5 	 7 	 17 	 27 	 37 	 47
164 	 89 	 0 	 4 	 2 	 12 	 13 	 5 	 6 	 16 	 26 	 36 	 46
165 	 90 	 0 	 3 	 2 	 13 	 14 	 6 	 55 	 65 	 75 	 85 	 95 	 105
166 	 91 	 0 	 3 	 2 	 2 	 3 	 6 	 56 	 66 	 76 	 86 	 96 	 106
167 	 91 	 0 	 3 	 2 	 4 	 5 	 6 	 56 	 66 	 76 	 86 	 96 	 106
168 	 91 	 0 	 2 	 2 	 6 	 7 	 6 	 56 	 66 	 76 	 86 	 96 	 106
169 	 91 	 0 	 7 	 2 	 8 	 9 	 6 	 56 	 66 	 76 	 86 	 96 	 106
170 	 91 	 0 	 5 	 2 	 10 	 11 	 6 	 56 	 66 	 76 	 86 	 96 	 106
171 	 91 	 0 	 2 	 2 	 12 	 13 	 6 	 56 	 66 	 76 	 86 	 96 	 106
172 	 91 	 0 	 3 	 2 	 14 	 15 	 6 	 56 	 66 	 76 	 86 	 96 	 106
173 	 92 	 0 	 7 	 2 	 1 	 2 	 5 	 60 	 70 	 80 	 90 	 100
174 	 92 	 0 	 7 	 2 	 3 	 4 	 5 	 60 	 70 	 80 	 90 	 100
175 	 92 	 0 	 2 	 2 	 5 	 6 	 5 	 60 	 70 	 80 	 90 	 100
176 	 92 	 0 	 3 	 2 	 7 	 8 	 5 	 60 	 70 	 80 	 90 	 100
177 	 92 	 0 	 7 	 2 	 9 	 10 	 5 	 60 	 70 	 80 	 90 	 100
178 	 92 	 0 	 5 	 2 	 11 	 12 	 5 	 60 	 70 	 80 	 90 	 100
179 	 92 	 0 	 6 	 2 	 13 	 14 	 5 	 60 	 70 	 80 	 90 	 100
180 	 92 	 0 	 2 	 2 	 15 	 16 	 5 	 60 	 70 	 80 	 90 	 100
181 	 93 	 0 	 5 	 2 	 8 	 9 	 5 	 61 	 71 	 81 	 91 	 101
182 	 94 	 0 	 1 	 2 	 13 	 14 	 5 	 7 	 17 	 27 	 37 	 47
183 	 95 	 0 	 6 	 2 	 6 	 7 	 11 	 1 	 6 	 11 	 16 	 21 	 26 	 31 	 36 	 41 	 46 	 51
184 	 96 	 0 	 1 	 2 	 0 	 1 	 11 	 59 	 64 	 69 	 74 	 79 	 84 	 89 	 94 	 99 	 104 	 109
185 	 96 	 0 	 8 	 2 	 7 	 8 	 11 	 56 	 61 	 66 	 71 	 76 	 81 	 86 	 91 	 96 	 101 	 106
186 	 97 	 0 	 8 	 2 	 15 	 16 	 5 	 60 	 70 	 80 	 90 	 100
187 	 98 	 0 	 6 	 4 	 6 	 7 	 8 	 9 	 11 	 2 	 7 	 12 	 17 	 22 	 27 	 32 	 37 	 42 	 47 	 52
188 	 99 	 0 	 4 	 2 	 1 	 2 	 11 	 58 	 63 	 68 	 73 	 78 	 83 	 88 	 93 	 98 	 103 	 108
189	0	0	0	2	12	13	5	6	16	26	36	46	
190	1	0	0	4	14	15	16	17	6	2	12	22	32	42	52	
191	2	0	0	4	14	15	16	17	5	61	71	81	91	101	
192	2	0	0	4	8	9	10	11	5	62	72	82	92	102	
193	3	1	0	4	3	4	5	6	6	59	69	79	89	99	109	
194	4	0	0	2	6	7	5	61	71	81	91	101	
195	4	0	0	4	2	3	4	5	5	64	74	84	94	104	
196	5	0	0	2	16	17	11	56	61	66	71	76	81	86	91	96	101	106	
197	5	0	0	4	0	1	2	3	11	57	62	67	72	77	82	87	92	97	102	107	
198	5	0	0	2	5	6	11	55	60	65	70	75	80	85	90	95	100	105	
199	6	0	0	2	12	13	11	3	8	13	18	23	28	33	38	43	48	53	
200	7	0	0	4	0	1	2	3	11	57	62	67	72	77	82	87	92	97	102	107	
201	7	0	0	4	2	3	4	5	11	58	63	68	73	78	83	88	93	98	103	108	
202	8	0	0	2	2	3	11	0	5	10	15	20	25	30	35	40	45	50	
203	9	0	0	4	3	4	5	6	6	57	67	77	87	97	107	
204	10	0	0	2	15	16	6	55	65	75	85	95	105	
205	10	0	0	4	5	6	7	8	6	59	69	79	89	99	109	
206	11	0	0	2	6	7	5	7	17	27	37	47	
207	12	0	0	4	6	7	8	9	5	9	19	29	39	49	
208	13	0	0	4	2	3	4	5	11	4	9	14	19	24	29	34	39	44	49	54	
209	14	0	0	2	3	4	11	0	5	10	15	20	25	30	35	40	45	50	
210	14	0	0	4	8	9	10	11	11	1	6	11	16	21	26	31	36	41	46	51	
211	15	0	0	4	0	1	2	3	11	55	60	65	70	75	80	85	90	95	100	105	
212	15	0	0	2	9	10	11	59	64	69	74	79	84	89	94	99	104	109	
213	16	0	0	4	14	15	16	17	5	8	18	28	38	48	
214	16	0	0	4	3	4	5	6	5	5	15	25	35	45	
215	17	0	0	2	5	6	11	2	7	12	17	22	27	32	37	42	47	52	
216	18	0	0	2	12	13	5	64	74	84	94	104	
217	18	0	0	4	12	13	14	15	5	63	73	83	93	103	
218	19	0	0	4	5	6	7	8	11	3	8	13	18	23	28	33	38	43	48	53	
219	19	0	0	4	9	10	11	12	11	4	9	14	19	24	29	34	39	44	49	54	
220	20	0	0	4	14	15	16	17	11	0	5	10	15	20	25	30	35	40	45	50	
221	21	0	0	2	1	2	5	9	19	29	39	49	
222	21	0	0	4	10	11	12	13	5	7	17	27	37	47	
223	21	0	0	4	11	12	13	14	5	8	18	28	38	48	
224	21	0	0	4	4	5	6	7	5	6	16	26	36	46	
225	22	0	0	4	8	9	10	11	6	59	69	79	89	99	109	
226	22	0	0	4	14	15	16	17	6	55	65	75	85	95	105	
227	23	0	0	4	7	8	9	10	6	2	12	22	32	42	52	
228	23	0	0	2	10	11	6	0	10	20	30	40	50	
229	24	0	0	2	8	9	6	56	66	76	86	96	106	
230	25	0	0	4	1	2	3	4	6	1	11	21	31	41	51	
231	26	0	0	4	11	12	13	14	5	7	17	27	37	47	
232	27	0	0	2	0	1	5	8	18	28	38	48	
233	27	0	0	2	3	4	5	5	15	25	35	45	
234	28	0	0	2	13	14	5	60	70	80	90	100	
235	29	0	0	4	1	2	3	4	11	55	60	65	70	75	80	85	90	95	100	105	
236	29	0	0	4	13	14	15	16	11	57	62	67	72	77	82	87	92	97	102	107	
237	30	0	0	4	10	11	12	13	11	59	64	69	74	79	84	89	94	99	104	109	
238	30	0	0	2	13	14	11	57	62	67	72	77	82	87	92	97	102	107	
239	31	0	0	2	7	8	6	55	65	75	85	95	105	
240	31	0	0	4	0	1	2	3	6	59	69	79	89	99	109	
241	32	0	0	4	7	8	9	10	5	60	70	80	90	100	
242	32	0	0	4	7	8	9	10	5	62	72	82	92	102	
243	32	0	0	4	5	6	7	8	5	61	71	81	91	101	
244	32	0	0	4	0	1	2	3	5	64	74	84	94	104	
245	33	0	0	2	13	14	6	55	65	75	85	95	105	
246	34	0	0	2	8	9	11	2	7	12	17	22	27	32	37	42	47	52	
247	35	0	0	4	0	1	2	3	6	57	67	77	87	97	107	
248	35	0	0	2	16	17	6	59	69	79	89	99	109	
249	36	0	0	2	1	2	5	64	74	84	94	104	
250	36	0	0	4	1	2	3	4	5	62	72	82	92	102	
251	37	0	0	4	6	7	8	9	5	6	16	26	36	46	
252	37	0	0	4	2	3	4	5	5	7	17	27	37	47	
253	37	0	0	2	14	15	5	8	18	28	38	48	
254	38	1	0	4	10	11	12	13	11	0	5	10	15	20	25	30	35	40	45	50	
255	38	1	0	2	9	10	11	4	9	14	19	24	29	34	39	44	49	54	
256	39	0	0	2	16	17	6	59	69	79	89	99	109	
257	40	0	0	2	3	4	6	1	11	21	31	41	51	
258	41	0	0	2	15	16	6	57	67	77	87	97	107	
259	41	0	0	2	15	16	6	58	68	78	88	98	108	
260	42	0	0	2	0	1	11	58	63	68	73	78	83	88	93	98	103	108	
261	42	0	0	2	5	6	11	55	60	65	70	75	80	85	90	95	100	105	
262	43	0	0	4	7	8	9	10	11	59	64	69	74	79	84	89	94	99	104	109	
263	43	0	0	2	12	13	11	55	60	65	70	75	80	85	90	95	100	105	
264	44	0	0	2	0	1	5	6	16	26	36	46	
265	45	0	0	2	3	4	11	55	60	65	70	75	80	85	90	95	100	105	
266	46	0	0	2	2	3	5	6	16	26	36	46	
267	46	0	0	2	8	9	5	8	18	28	38	48	
268	47	1	0	2	10	11	5	6	16	26	36	46	
269	47	1	0	2	9	10	5	9	19	29	39	49	
270	48	0	0	2	1	2	11	3	8	13	18	23	28	33	38	43	48	53	
271	48	0	0	2	16	17	11	4	9	14	19	24	29	34	39	44	49	54	
272	49	0	0	2	11	12	5	5	15	25	35	45	
273	49	0	0	2	11	12	5	7	17	27	37	47	
274	50	0	0	4	4	5	6	7	6	57	67	77	87	97	107	
275	50	0	0	2	13	14	6	59	69	79	89	99	109	
276	51	0	0	4	14	15	16	17	11	0	5	10	15	20	25	30	35	40	45	50	
277	52	0	0	2	11	12	11	57	62	67	72	77	82	87	92	97	102	107	
278	52	0	0	2	13	14	11	58	63	68	73	78	83	88	93	98	103	108	
279	53	0	0	2	9	10	5	63	73	83	93	103	
280	54	0	0	4	5	6	7	8	11	0	5	10	15	20	25	30	35	40	45	50	
281	54	0	0	4	5	6	7	8	11	1	6	11	16	21	26	31	36	41	46	51	
282	55	0	0	2	5	6	5	9	19	29	39	49	
283	56	0	0	4	1	2	3	4	5	7	17	27	37	47	
284	57	0	0	2	16	17	11	0	5	10	15	20	25	30	35	40	45	50	
285	57	0	0	2	10	11	11	2	7	12	17	22	27	32	37	42	47	52	
286	58	0	0	2	6	7	6	56	66	76	86	96	106	
287	58	0	0	2	12	13	6	55	65	75	85	95	105	
288	59	0	0	2	14	15	5	6	16	26	36	46	
289	60	0	0	2	12	13	11	4	9	14	19	24	29	34	39	44	49	54	
290	61	0	0	4	5	6	7	8	5	9	19	29	39	49	
291	62	0	0	4	9	10	11	12	5	9	19	29	39	49	
292	62	0	0	2	16	17	5	5	15	25	35	45	
293	63	0	0	4	4	5	6	7	5	9	19	29	39	49	
294	64	0	0	4	2	3	4	5	5	9	19	29	39	49	
295	64	0	0	4	8	9	10	11	5	7	17	27	37	47	
296	65	0	0	2	15	16	5	60	70	80	90	100	
297	65	0	0	2	8	9	5	61	71	81	91	101	
298	66	0	0	2	10	11	11	4	9	14	19	24	29	34	39	44	49	54	
299	66	0	0	4	9	10	11	12	11	2	7	12	17	22	27	32	37	42	47	52	
300	67	0	0	2	2	3	11	56	61	66	71	76	81	86	91	96	101	106	
301	67	0	0	4	8	9	10	11	11	55	60	65	70	75	80	85	90	95	100	105	
302	68	0	0	2	15	16	11	0	5	10	15	20	25	30	35	40	45	50	
303	69	0	0	2	16	17	6	56	66	76	86	96	106	
304	69	0	0	4	14	15	16	17	6	58	68	78	88	98	108	
305	69	0	0	2	14	15	6	55	65	75	85	95	105	
306	70	0	0	2	1	2	11	0	5	10	15	20	25	30	35	40	45	50	
307	71	0	0	4	7	8	9	10	11	0	5	10	15	20	25	30	35	40	45	50	
308	72	0	0	4	13	14	15	16	11	0	5	10	15	20	25	30	35	40	45	50	
309	72	0	0	4	4	5	6	7	11	4	9	14	19	24	29	34	39	44	49	54	
310	73	0	0	4	11	12	13	14	11	55	60	65	70	75	80	85	90	95	100	105	
311	73	0	0	2	6	7	11	56	61	66	71	76	81	86	91	96	101	106	
312	73	0	0	4	9	10	11	12	11	59	64	69	74	79	84	89	94	99	104	109	
313	74	0	0	2	10	11	5	62	72	82	92	102	
314	74	0	0	4	11	12	13	14	5	61	71	81	91	101	
315	75	0	0	2	4	5	6	0	10	20	30	40	50	
316	76	0	0	2	8	9	11	59	64	69	74	79	84	89	94	99	104	109	
317	76	0	0	4	11	12	13	14	11	57	62	67	72	77	82	87	92	97	102	107	
318	77	0	0	4	9	10	11	12	11	59	64	69	74	79	84	89	94	99	104	109	
319	78	0	0	2	2	3	11	0	5	10	15	20	25	30	35	40	45	50	
320	78	0	0	4	10	11	12	13	11	4	9	14	19	24	29	34	39	44	49	54	
321	79	1	0	2	3	4	11	57	62	67	72	77	82	87	92	97	102	107	
322	80	0	0	4	5	6	7	8	5	8	18	28	38	48	
323	80	0	0	4	2	3	4	5	5	5	15	25	35	45	
324	81	0	0	4	6	7	8	9	5	60	70	80	90	100	
325	81	0	0	2	13	14	5	63	73	83	93	103	
326	82	0	0	4	11	12	13	14	5	62	72	82	92	102	
327	82	0	0	2	6	7	5	64	74	84	94	104	
328	82	0	0	4	6	7	8	9	5	61	71	81	91	101	
329	83	0	0	2	10	11	6	57	67	77	87	97	107	
330	83	0	0	4	13	14	15	16	6	59	69	79	89	99	109	
331	84	1	0	4	11	12	13	14	5	60	70	80	90	100	
332	84	1	0	4	10	11	12	13	5	62	72	82	92	102	
333	85	0	0	4	0	1	2	3	5	6	16	26	36	46	
334	85	0	0	4	2	3	4	5	5	7	17	27	37	47	
335	86	0	0	4	14	15	16	17	5	8	18	28	38	48	
336	87	0	0	4	1	2	3	4	5	8	18	28	38	48	
337	88	0	0	4	4	5	6	7	5	5	15	25	35	45	
338	88	0	0	2	12	13	5	9	19	29	39	49	
339	88	0	0	2	6	7	5	8	18	28	38	48	
340	88	0	0	4	5	6	7	8	5	6	16	26	36	46	
341	89	0	0	2	11	12	5	8	18	28	38	48	
342	90	0	0	2	4	5	6	57	67	77	87	97	107	
343	90	0	0	4	1	2	3	4	6	59	69	79	89	99	109	
344	91	0	0	4	8	9	10	11	6	59	69	79	89	99	109	
345	91	0	0	4	9	10	11	12	6	55	65	75	85	95	105	
346	91	0	0	2	14	15	6	57	67	77	87	97	107	
347	91	0	0	4	14	15	16	17	6	58	68	78	88	98	108	
348	92	0	0	4	4	5	6	7	5	61	71	81	91	101	
349	92	0	0	4	8	9	10	11	5	62	72	82	92	102	
350	92	0	0	4	9	10	11	12	5	64	74	84	94	104	
351	92	0	0	2	15	16	5	63	73	83	93	103	
352	93	0	0	4	11	12	13	14	5	62	72	82	92	102	
353	93	0	0	4	10	11	12	13	5	64	74	84	94	104	
354	94	0	0	4	6	7	8	9	5	8	18	28	38	48	
355	95	0	0	4	7	8	9	10	11	3	8	13	18	23	28	33	38	43	48	53	
356	95	0	0	2	8	9	11	0	5	10	15	20	25	30	35	40	45	50	
357	96	0	0	2	15	16	11	55	60	65	70	75	80	85	90	95	100	105	
358	96	0	0	2	13	14	11	58	63	68	73	78	83	88	93	98	103	108	
359	97	0	0	2	15	16	5	63	73	83	93	103	
360	98	0	0	2	1	2	11	4	9	14	19	24	29	34	39	44	49	54	
361	98	0	0	4	10	11	12	13	11	1	6	11	16	21	26	31	36	41	46	51	
362	99	0	0	4	14	15	16	17	11	55	60	65	70	75	80	85	90	95	100	105	
363	99	0	0	2	9	10	11	59	64	69	74	79	84	89	94	99	104	109	

