760	410	350
0
0 	 0 	 0 	 8 	 2 	 6 	 7 	 11 	 56 	 61 	 66 	 71 	 76 	 81 	 86 	 91 	 96 	 101 	 106
1 	 0 	 0 	 1 	 2 	 5 	 6 	 11 	 59 	 64 	 69 	 74 	 79 	 84 	 89 	 94 	 99 	 104 	 109
2 	 0 	 0 	 8 	 2 	 13 	 14 	 11 	 57 	 62 	 67 	 72 	 77 	 82 	 87 	 92 	 97 	 102 	 107
3 	 1 	 0 	 4 	 4 	 10 	 11 	 12 	 13 	 6 	 55 	 65 	 75 	 85 	 95 	 105
4 	 2 	 0 	 3 	 2 	 13 	 14 	 6 	 4 	 14 	 24 	 34 	 44 	 54
5 	 3 	 0 	 1 	 2 	 10 	 11 	 11 	 55 	 60 	 65 	 70 	 75 	 80 	 85 	 90 	 95 	 100 	 105
6 	 4 	 0 	 9 	 2 	 12 	 13 	 11 	 58 	 63 	 68 	 73 	 78 	 83 	 88 	 93 	 98 	 103 	 108
7 	 5 	 0 	 5 	 2 	 10 	 11 	 5 	 9 	 19 	 29 	 39 	 49
8 	 5 	 0 	 8 	 2 	 5 	 6 	 5 	 6 	 16 	 26 	 36 	 46
9 	 5 	 0 	 1 	 2 	 10 	 11 	 5 	 5 	 15 	 25 	 35 	 45
10 	 6 	 0 	 4 	 2 	 0 	 1 	 11 	 59 	 64 	 69 	 74 	 79 	 84 	 89 	 94 	 99 	 104 	 109
11 	 6 	 0 	 7 	 2 	 2 	 3 	 11 	 59 	 64 	 69 	 74 	 79 	 84 	 89 	 94 	 99 	 104 	 109
12 	 6 	 0 	 9 	 2 	 4 	 5 	 11 	 59 	 64 	 69 	 74 	 79 	 84 	 89 	 94 	 99 	 104 	 109
13 	 6 	 0 	 9 	 2 	 6 	 7 	 11 	 59 	 64 	 69 	 74 	 79 	 84 	 89 	 94 	 99 	 104 	 109
14 	 6 	 0 	 1 	 2 	 8 	 9 	 11 	 59 	 64 	 69 	 74 	 79 	 84 	 89 	 94 	 99 	 104 	 109
15 	 6 	 0 	 8 	 2 	 10 	 11 	 11 	 59 	 64 	 69 	 74 	 79 	 84 	 89 	 94 	 99 	 104 	 109
16 	 6 	 0 	 10 	 2 	 12 	 13 	 11 	 59 	 64 	 69 	 74 	 79 	 84 	 89 	 94 	 99 	 104 	 109
17 	 7 	 0 	 1 	 2 	 10 	 11 	 11 	 59 	 64 	 69 	 74 	 79 	 84 	 89 	 94 	 99 	 104 	 109
18 	 7 	 0 	 2 	 4 	 13 	 14 	 15 	 16 	 11 	 58 	 63 	 68 	 73 	 78 	 83 	 88 	 93 	 98 	 103 	 108
19 	 8 	 0 	 7 	 2 	 6 	 7 	 11 	 2 	 7 	 12 	 17 	 22 	 27 	 32 	 37 	 42 	 47 	 52
20 	 8 	 0 	 2 	 2 	 10 	 11 	 11 	 4 	 9 	 14 	 19 	 24 	 29 	 34 	 39 	 44 	 49 	 54
21 	 8 	 0 	 10 	 2 	 10 	 11 	 11 	 3 	 8 	 13 	 18 	 23 	 28 	 33 	 38 	 43 	 48 	 53
22 	 9 	 0 	 7 	 2 	 2 	 3 	 5 	 61 	 71 	 81 	 91 	 101
23 	 9 	 0 	 8 	 2 	 4 	 5 	 5 	 60 	 70 	 80 	 90 	 100
24 	 10 	 0 	 7 	 4 	 7 	 8 	 9 	 10 	 11 	 56 	 61 	 66 	 71 	 76 	 81 	 86 	 91 	 96 	 101 	 106
25 	 10 	 0 	 5 	 2 	 12 	 13 	 11 	 59 	 64 	 69 	 74 	 79 	 84 	 89 	 94 	 99 	 104 	 109
26 	 10 	 0 	 4 	 2 	 10 	 11 	 11 	 55 	 60 	 65 	 70 	 75 	 80 	 85 	 90 	 95 	 100 	 105
27 	 11 	 0 	 10 	 4 	 12 	 13 	 14 	 15 	 5 	 63 	 73 	 83 	 93 	 103
28 	 12 	 0 	 8 	 2 	 8 	 9 	 11 	 2 	 7 	 12 	 17 	 22 	 27 	 32 	 37 	 42 	 47 	 52
29 	 12 	 0 	 2 	 4 	 9 	 10 	 11 	 12 	 11 	 1 	 6 	 11 	 16 	 21 	 26 	 31 	 36 	 41 	 46 	 51
30 	 13 	 0 	 9 	 2 	 1 	 2 	 6 	 2 	 12 	 22 	 32 	 42 	 52
31 	 14 	 0 	 1 	 4 	 14 	 15 	 16 	 17 	 6 	 0 	 10 	 20 	 30 	 40 	 50
32 	 15 	 0 	 2 	 2 	 9 	 10 	 11 	 4 	 9 	 14 	 19 	 24 	 29 	 34 	 39 	 44 	 49 	 54
33 	 15 	 0 	 7 	 2 	 1 	 2 	 11 	 3 	 8 	 13 	 18 	 23 	 28 	 33 	 38 	 43 	 48 	 53
34 	 15 	 0 	 2 	 2 	 4 	 5 	 11 	 0 	 5 	 10 	 15 	 20 	 25 	 30 	 35 	 40 	 45 	 50
35 	 16 	 0 	 10 	 2 	 13 	 14 	 6 	 3 	 13 	 23 	 33 	 43 	 53
36 	 17 	 0 	 9 	 2 	 1 	 2 	 11 	 57 	 62 	 67 	 72 	 77 	 82 	 87 	 92 	 97 	 102 	 107
37 	 18 	 0 	 7 	 4 	 5 	 6 	 7 	 8 	 11 	 56 	 61 	 66 	 71 	 76 	 81 	 86 	 91 	 96 	 101 	 106
38 	 19 	 0 	 1 	 2 	 5 	 6 	 5 	 8 	 18 	 28 	 38 	 48
39 	 20 	 0 	 7 	 2 	 13 	 14 	 6 	 56 	 66 	 76 	 86 	 96 	 106
40 	 21 	 0 	 4 	 2 	 16 	 17 	 6 	 3 	 13 	 23 	 33 	 43 	 53
41 	 22 	 0 	 7 	 4 	 8 	 9 	 10 	 11 	 11 	 58 	 63 	 68 	 73 	 78 	 83 	 88 	 93 	 98 	 103 	 108
42 	 23 	 0 	 2 	 2 	 6 	 7 	 6 	 55 	 65 	 75 	 85 	 95 	 105
43 	 24 	 0 	 4 	 2 	 6 	 7 	 5 	 8 	 18 	 28 	 38 	 48
44 	 24 	 0 	 9 	 2 	 15 	 16 	 5 	 7 	 17 	 27 	 37 	 47
45 	 24 	 0 	 7 	 2 	 14 	 15 	 5 	 5 	 15 	 25 	 35 	 45
46 	 25 	 0 	 6 	 4 	 6 	 7 	 8 	 9 	 11 	 58 	 63 	 68 	 73 	 78 	 83 	 88 	 93 	 98 	 103 	 108
47 	 26 	 0 	 10 	 2 	 0 	 1 	 6 	 1 	 11 	 21 	 31 	 41 	 51
48 	 27 	 0 	 1 	 2 	 0 	 1 	 5 	 62 	 72 	 82 	 92 	 102
49 	 27 	 0 	 8 	 2 	 2 	 3 	 5 	 62 	 72 	 82 	 92 	 102
50 	 27 	 0 	 2 	 2 	 4 	 5 	 5 	 62 	 72 	 82 	 92 	 102
51 	 27 	 0 	 8 	 2 	 6 	 7 	 5 	 62 	 72 	 82 	 92 	 102
52 	 27 	 0 	 6 	 2 	 8 	 9 	 5 	 62 	 72 	 82 	 92 	 102
53 	 27 	 0 	 9 	 2 	 10 	 11 	 5 	 62 	 72 	 82 	 92 	 102
54 	 27 	 0 	 9 	 2 	 12 	 13 	 5 	 62 	 72 	 82 	 92 	 102
55 	 27 	 0 	 1 	 2 	 14 	 15 	 5 	 62 	 72 	 82 	 92 	 102
56 	 28 	 0 	 9 	 2 	 7 	 8 	 11 	 56 	 61 	 66 	 71 	 76 	 81 	 86 	 91 	 96 	 101 	 106
57 	 29 	 0 	 4 	 2 	 0 	 1 	 6 	 55 	 65 	 75 	 85 	 95 	 105
58 	 30 	 0 	 6 	 2 	 11 	 12 	 11 	 4 	 9 	 14 	 19 	 24 	 29 	 34 	 39 	 44 	 49 	 54
59 	 30 	 0 	 5 	 2 	 7 	 8 	 11 	 0 	 5 	 10 	 15 	 20 	 25 	 30 	 35 	 40 	 45 	 50
60 	 30 	 0 	 7 	 4 	 6 	 7 	 8 	 9 	 11 	 3 	 8 	 13 	 18 	 23 	 28 	 33 	 38 	 43 	 48 	 53
61 	 31 	 0 	 8 	 4 	 4 	 5 	 6 	 7 	 6 	 55 	 65 	 75 	 85 	 95 	 105
62 	 32 	 0 	 9 	 2 	 5 	 6 	 5 	 9 	 19 	 29 	 39 	 49
63 	 33 	 0 	 8 	 2 	 11 	 12 	 5 	 7 	 17 	 27 	 37 	 47
64 	 34 	 1 	 9 	 2 	 5 	 6 	 11 	 58 	 63 	 68 	 73 	 78 	 83 	 88 	 93 	 98 	 103 	 108
65 	 35 	 0 	 5 	 2 	 2 	 3 	 6 	 1 	 11 	 21 	 31 	 41 	 51
66 	 36 	 0 	 10 	 2 	 8 	 9 	 6 	 2 	 12 	 22 	 32 	 42 	 52
67 	 37 	 0 	 10 	 2 	 2 	 3 	 5 	 62 	 72 	 82 	 92 	 102
68 	 38 	 0 	 5 	 2 	 3 	 4 	 6 	 58 	 68 	 78 	 88 	 98 	 108
69 	 38 	 0 	 9 	 2 	 3 	 4 	 6 	 56 	 66 	 76 	 86 	 96 	 106
70 	 39 	 0 	 5 	 2 	 4 	 5 	 6 	 2 	 12 	 22 	 32 	 42 	 52
71 	 39 	 0 	 1 	 2 	 6 	 7 	 6 	 2 	 12 	 22 	 32 	 42 	 52
72 	 39 	 0 	 3 	 2 	 8 	 9 	 6 	 2 	 12 	 22 	 32 	 42 	 52
73 	 39 	 0 	 8 	 2 	 10 	 11 	 6 	 2 	 12 	 22 	 32 	 42 	 52
74 	 39 	 0 	 1 	 2 	 12 	 13 	 6 	 2 	 12 	 22 	 32 	 42 	 52
75 	 39 	 0 	 10 	 2 	 14 	 15 	 6 	 2 	 12 	 22 	 32 	 42 	 52
76 	 40 	 0 	 8 	 4 	 14 	 15 	 16 	 17 	 5 	 5 	 15 	 25 	 35 	 45
77 	 41 	 0 	 4 	 2 	 2 	 3 	 6 	 1 	 11 	 21 	 31 	 41 	 51
78 	 42 	 0 	 8 	 2 	 9 	 10 	 11 	 56 	 61 	 66 	 71 	 76 	 81 	 86 	 91 	 96 	 101 	 106
79 	 43 	 0 	 3 	 2 	 10 	 11 	 11 	 58 	 63 	 68 	 73 	 78 	 83 	 88 	 93 	 98 	 103 	 108
80 	 43 	 0 	 8 	 4 	 10 	 11 	 12 	 13 	 11 	 59 	 64 	 69 	 74 	 79 	 84 	 89 	 94 	 99 	 104 	 109
81 	 43 	 0 	 1 	 2 	 16 	 17 	 11 	 57 	 62 	 67 	 72 	 77 	 82 	 87 	 92 	 97 	 102 	 107
82 	 44 	 0 	 3 	 2 	 8 	 9 	 6 	 3 	 13 	 23 	 33 	 43 	 53
83 	 44 	 0 	 2 	 2 	 10 	 11 	 6 	 3 	 13 	 23 	 33 	 43 	 53
84 	 44 	 0 	 3 	 2 	 12 	 13 	 6 	 3 	 13 	 23 	 33 	 43 	 53
85 	 44 	 0 	 5 	 2 	 14 	 15 	 6 	 3 	 13 	 23 	 33 	 43 	 53
86 	 44 	 0 	 2 	 2 	 16 	 17 	 6 	 3 	 13 	 23 	 33 	 43 	 53
87 	 45 	 0 	 5 	 4 	 7 	 8 	 9 	 10 	 5 	 62 	 72 	 82 	 92 	 102
88 	 46 	 0 	 2 	 4 	 11 	 12 	 13 	 14 	 11 	 55 	 60 	 65 	 70 	 75 	 80 	 85 	 90 	 95 	 100 	 105
89 	 46 	 0 	 1 	 4 	 6 	 7 	 8 	 9 	 11 	 58 	 63 	 68 	 73 	 78 	 83 	 88 	 93 	 98 	 103 	 108
90 	 47 	 0 	 9 	 2 	 1 	 2 	 6 	 2 	 12 	 22 	 32 	 42 	 52
91 	 47 	 0 	 7 	 2 	 3 	 4 	 6 	 2 	 12 	 22 	 32 	 42 	 52
92 	 47 	 0 	 5 	 2 	 5 	 6 	 6 	 2 	 12 	 22 	 32 	 42 	 52
93 	 47 	 0 	 5 	 2 	 7 	 8 	 6 	 2 	 12 	 22 	 32 	 42 	 52
94 	 47 	 0 	 9 	 2 	 9 	 10 	 6 	 2 	 12 	 22 	 32 	 42 	 52
95 	 47 	 0 	 2 	 2 	 11 	 12 	 6 	 2 	 12 	 22 	 32 	 42 	 52
96 	 47 	 0 	 9 	 2 	 13 	 14 	 6 	 2 	 12 	 22 	 32 	 42 	 52
97 	 47 	 0 	 2 	 2 	 15 	 16 	 6 	 2 	 12 	 22 	 32 	 42 	 52
98 	 48 	 0 	 9 	 2 	 14 	 15 	 11 	 58 	 63 	 68 	 73 	 78 	 83 	 88 	 93 	 98 	 103 	 108
99 	 49 	 0 	 8 	 4 	 0 	 1 	 2 	 3 	 11 	 56 	 61 	 66 	 71 	 76 	 81 	 86 	 91 	 96 	 101 	 106
100 	 50 	 0 	 7 	 2 	 8 	 9 	 6 	 58 	 68 	 78 	 88 	 98 	 108
101 	 50 	 0 	 5 	 2 	 3 	 4 	 6 	 56 	 66 	 76 	 86 	 96 	 106
102 	 50 	 0 	 6 	 2 	 14 	 15 	 6 	 55 	 65 	 75 	 85 	 95 	 105
103 	 51 	 0 	 1 	 4 	 5 	 6 	 7 	 8 	 5 	 8 	 18 	 28 	 38 	 48
104 	 51 	 0 	 9 	 2 	 6 	 7 	 5 	 7 	 17 	 27 	 37 	 47
105 	 51 	 0 	 9 	 2 	 14 	 15 	 5 	 6 	 16 	 26 	 36 	 46
106 	 52 	 0 	 6 	 4 	 1 	 2 	 3 	 4 	 5 	 60 	 70 	 80 	 90 	 100
107 	 52 	 0 	 2 	 4 	 7 	 8 	 9 	 10 	 5 	 62 	 72 	 82 	 92 	 102
108 	 53 	 0 	 5 	 2 	 13 	 14 	 6 	 59 	 69 	 79 	 89 	 99 	 109
109 	 54 	 1 	 8 	 2 	 10 	 11 	 11 	 2 	 7 	 12 	 17 	 22 	 27 	 32 	 37 	 42 	 47 	 52
110 	 55 	 0 	 6 	 2 	 2 	 3 	 6 	 56 	 66 	 76 	 86 	 96 	 106
111 	 55 	 0 	 1 	 2 	 4 	 5 	 6 	 56 	 66 	 76 	 86 	 96 	 106
112 	 55 	 0 	 10 	 2 	 6 	 7 	 6 	 56 	 66 	 76 	 86 	 96 	 106
113 	 55 	 0 	 6 	 2 	 8 	 9 	 6 	 56 	 66 	 76 	 86 	 96 	 106
114 	 55 	 0 	 5 	 2 	 10 	 11 	 6 	 56 	 66 	 76 	 86 	 96 	 106
115 	 55 	 0 	 7 	 2 	 12 	 13 	 6 	 56 	 66 	 76 	 86 	 96 	 106
116 	 55 	 0 	 6 	 2 	 14 	 15 	 6 	 56 	 66 	 76 	 86 	 96 	 106
117 	 55 	 0 	 6 	 2 	 16 	 17 	 6 	 56 	 66 	 76 	 86 	 96 	 106
118 	 56 	 1 	 4 	 2 	 2 	 3 	 11 	 57 	 62 	 67 	 72 	 77 	 82 	 87 	 92 	 97 	 102 	 107
119 	 56 	 1 	 8 	 2 	 4 	 5 	 11 	 57 	 62 	 67 	 72 	 77 	 82 	 87 	 92 	 97 	 102 	 107
120 	 56 	 1 	 7 	 2 	 6 	 7 	 11 	 57 	 62 	 67 	 72 	 77 	 82 	 87 	 92 	 97 	 102 	 107
121 	 56 	 1 	 9 	 2 	 8 	 9 	 11 	 57 	 62 	 67 	 72 	 77 	 82 	 87 	 92 	 97 	 102 	 107
122 	 56 	 1 	 7 	 2 	 10 	 11 	 11 	 57 	 62 	 67 	 72 	 77 	 82 	 87 	 92 	 97 	 102 	 107
123 	 56 	 1 	 7 	 2 	 12 	 13 	 11 	 57 	 62 	 67 	 72 	 77 	 82 	 87 	 92 	 97 	 102 	 107
124 	 56 	 1 	 6 	 2 	 14 	 15 	 11 	 57 	 62 	 67 	 72 	 77 	 82 	 87 	 92 	 97 	 102 	 107
125 	 56 	 1 	 5 	 2 	 16 	 17 	 11 	 57 	 62 	 67 	 72 	 77 	 82 	 87 	 92 	 97 	 102 	 107
126 	 57 	 0 	 4 	 2 	 16 	 17 	 11 	 58 	 63 	 68 	 73 	 78 	 83 	 88 	 93 	 98 	 103 	 108
127 	 57 	 0 	 6 	 2 	 2 	 3 	 11 	 59 	 64 	 69 	 74 	 79 	 84 	 89 	 94 	 99 	 104 	 109
128 	 58 	 0 	 6 	 2 	 8 	 9 	 11 	 57 	 62 	 67 	 72 	 77 	 82 	 87 	 92 	 97 	 102 	 107
129 	 59 	 0 	 8 	 2 	 0 	 1 	 11 	 1 	 6 	 11 	 16 	 21 	 26 	 31 	 36 	 41 	 46 	 51
130 	 60 	 0 	 1 	 4 	 13 	 14 	 15 	 16 	 11 	 58 	 63 	 68 	 73 	 78 	 83 	 88 	 93 	 98 	 103 	 108
131 	 61 	 0 	 6 	 2 	 15 	 16 	 5 	 8 	 18 	 28 	 38 	 48
132 	 62 	 0 	 6 	 2 	 2 	 3 	 6 	 56 	 66 	 76 	 86 	 96 	 106
133 	 63 	 0 	 7 	 2 	 6 	 7 	 11 	 58 	 63 	 68 	 73 	 78 	 83 	 88 	 93 	 98 	 103 	 108
134 	 64 	 0 	 7 	 2 	 15 	 16 	 11 	 2 	 7 	 12 	 17 	 22 	 27 	 32 	 37 	 42 	 47 	 52
135 	 65 	 0 	 4 	 2 	 4 	 5 	 6 	 57 	 67 	 77 	 87 	 97 	 107
136 	 65 	 0 	 6 	 2 	 10 	 11 	 6 	 58 	 68 	 78 	 88 	 98 	 108
137 	 65 	 0 	 1 	 4 	 1 	 2 	 3 	 4 	 6 	 59 	 69 	 79 	 89 	 99 	 109
138 	 66 	 0 	 6 	 2 	 4 	 5 	 11 	 57 	 62 	 67 	 72 	 77 	 82 	 87 	 92 	 97 	 102 	 107
139 	 67 	 0 	 3 	 2 	 1 	 2 	 5 	 62 	 72 	 82 	 92 	 102
140 	 67 	 0 	 3 	 2 	 3 	 4 	 5 	 62 	 72 	 82 	 92 	 102
141 	 67 	 0 	 3 	 2 	 5 	 6 	 5 	 62 	 72 	 82 	 92 	 102
142 	 67 	 0 	 6 	 2 	 7 	 8 	 5 	 62 	 72 	 82 	 92 	 102
143 	 67 	 0 	 1 	 2 	 9 	 10 	 5 	 62 	 72 	 82 	 92 	 102
144 	 68 	 0 	 1 	 2 	 4 	 5 	 5 	 5 	 15 	 25 	 35 	 45
145 	 69 	 0 	 7 	 2 	 0 	 1 	 6 	 56 	 66 	 76 	 86 	 96 	 106
146 	 70 	 0 	 3 	 2 	 11 	 12 	 6 	 3 	 13 	 23 	 33 	 43 	 53
147 	 71 	 0 	 5 	 2 	 11 	 12 	 11 	 55 	 60 	 65 	 70 	 75 	 80 	 85 	 90 	 95 	 100 	 105
148 	 72 	 0 	 2 	 2 	 13 	 14 	 6 	 59 	 69 	 79 	 89 	 99 	 109
149 	 73 	 0 	 2 	 2 	 12 	 13 	 6 	 1 	 11 	 21 	 31 	 41 	 51
150 	 74 	 0 	 7 	 2 	 16 	 17 	 11 	 59 	 64 	 69 	 74 	 79 	 84 	 89 	 94 	 99 	 104 	 109
151 	 75 	 0 	 4 	 4 	 13 	 14 	 15 	 16 	 11 	 59 	 64 	 69 	 74 	 79 	 84 	 89 	 94 	 99 	 104 	 109
152 	 75 	 0 	 4 	 2 	 15 	 16 	 11 	 55 	 60 	 65 	 70 	 75 	 80 	 85 	 90 	 95 	 100 	 105
153 	 75 	 0 	 3 	 4 	 13 	 14 	 15 	 16 	 11 	 56 	 61 	 66 	 71 	 76 	 81 	 86 	 91 	 96 	 101 	 106
154 	 76 	 0 	 4 	 2 	 7 	 8 	 5 	 63 	 73 	 83 	 93 	 103
155 	 77 	 0 	 5 	 4 	 4 	 5 	 6 	 7 	 5 	 7 	 17 	 27 	 37 	 47
156 	 78 	 0 	 2 	 2 	 0 	 1 	 5 	 6 	 16 	 26 	 36 	 46
157 	 79 	 0 	 7 	 2 	 15 	 16 	 11 	 58 	 63 	 68 	 73 	 78 	 83 	 88 	 93 	 98 	 103 	 108
158 	 80 	 0 	 6 	 2 	 5 	 6 	 11 	 58 	 63 	 68 	 73 	 78 	 83 	 88 	 93 	 98 	 103 	 108
159 	 81 	 0 	 5 	 4 	 12 	 13 	 14 	 15 	 6 	 3 	 13 	 23 	 33 	 43 	 53
160 	 82 	 0 	 8 	 2 	 0 	 1 	 11 	 56 	 61 	 66 	 71 	 76 	 81 	 86 	 91 	 96 	 101 	 106
161 	 83 	 0 	 1 	 2 	 12 	 13 	 11 	 3 	 8 	 13 	 18 	 23 	 28 	 33 	 38 	 43 	 48 	 53
162 	 84 	 0 	 5 	 2 	 0 	 1 	 6 	 2 	 12 	 22 	 32 	 42 	 52
163 	 84 	 0 	 5 	 2 	 2 	 3 	 6 	 2 	 12 	 22 	 32 	 42 	 52
164 	 84 	 0 	 4 	 2 	 4 	 5 	 6 	 2 	 12 	 22 	 32 	 42 	 52
165 	 84 	 0 	 3 	 2 	 6 	 7 	 6 	 2 	 12 	 22 	 32 	 42 	 52
166 	 84 	 0 	 4 	 2 	 8 	 9 	 6 	 2 	 12 	 22 	 32 	 42 	 52
167 	 84 	 0 	 4 	 2 	 10 	 11 	 6 	 2 	 12 	 22 	 32 	 42 	 52
168 	 84 	 0 	 8 	 2 	 12 	 13 	 6 	 2 	 12 	 22 	 32 	 42 	 52
169 	 84 	 0 	 7 	 2 	 14 	 15 	 6 	 2 	 12 	 22 	 32 	 42 	 52
170 	 84 	 0 	 2 	 2 	 16 	 17 	 6 	 2 	 12 	 22 	 32 	 42 	 52
171 	 85 	 1 	 9 	 4 	 2 	 3 	 4 	 5 	 5 	 62 	 72 	 82 	 92 	 102
172 	 86 	 0 	 6 	 2 	 15 	 16 	 5 	 7 	 17 	 27 	 37 	 47
173 	 86 	 0 	 4 	 2 	 10 	 11 	 5 	 8 	 18 	 28 	 38 	 48
174 	 86 	 0 	 3 	 2 	 7 	 8 	 5 	 9 	 19 	 29 	 39 	 49
175 	 87 	 0 	 9 	 2 	 9 	 10 	 6 	 0 	 10 	 20 	 30 	 40 	 50
176 	 88 	 0 	 5 	 4 	 10 	 11 	 12 	 13 	 5 	 9 	 19 	 29 	 39 	 49
177 	 88 	 0 	 10 	 2 	 3 	 4 	 5 	 8 	 18 	 28 	 38 	 48
178 	 89 	 0 	 1 	 2 	 13 	 14 	 5 	 62 	 72 	 82 	 92 	 102
179 	 90 	 0 	 4 	 2 	 6 	 7 	 6 	 0 	 10 	 20 	 30 	 40 	 50
180 	 90 	 0 	 6 	 2 	 8 	 9 	 6 	 0 	 10 	 20 	 30 	 40 	 50
181 	 90 	 0 	 9 	 2 	 10 	 11 	 6 	 0 	 10 	 20 	 30 	 40 	 50
182 	 90 	 0 	 3 	 2 	 12 	 13 	 6 	 0 	 10 	 20 	 30 	 40 	 50
183 	 91 	 0 	 9 	 2 	 9 	 10 	 6 	 58 	 68 	 78 	 88 	 98 	 108
184 	 92 	 0 	 1 	 2 	 4 	 5 	 6 	 1 	 11 	 21 	 31 	 41 	 51
185 	 92 	 0 	 1 	 2 	 0 	 1 	 6 	 2 	 12 	 22 	 32 	 42 	 52
186 	 93 	 0 	 7 	 2 	 9 	 10 	 11 	 3 	 8 	 13 	 18 	 23 	 28 	 33 	 38 	 43 	 48 	 53
187 	 94 	 0 	 8 	 2 	 2 	 3 	 6 	 55 	 65 	 75 	 85 	 95 	 105
188 	 94 	 0 	 4 	 2 	 4 	 5 	 6 	 55 	 65 	 75 	 85 	 95 	 105
189 	 94 	 0 	 1 	 2 	 6 	 7 	 6 	 55 	 65 	 75 	 85 	 95 	 105
190 	 94 	 0 	 7 	 2 	 8 	 9 	 6 	 55 	 65 	 75 	 85 	 95 	 105
191 	 94 	 0 	 2 	 2 	 10 	 11 	 6 	 55 	 65 	 75 	 85 	 95 	 105
192 	 94 	 0 	 10 	 2 	 12 	 13 	 6 	 55 	 65 	 75 	 85 	 95 	 105
193 	 94 	 0 	 10 	 2 	 14 	 15 	 6 	 55 	 65 	 75 	 85 	 95 	 105
194 	 95 	 0 	 3 	 2 	 0 	 1 	 6 	 55 	 65 	 75 	 85 	 95 	 105
195 	 95 	 0 	 7 	 2 	 2 	 3 	 6 	 55 	 65 	 75 	 85 	 95 	 105
196 	 95 	 0 	 7 	 2 	 4 	 5 	 6 	 55 	 65 	 75 	 85 	 95 	 105
197 	 95 	 0 	 10 	 2 	 6 	 7 	 6 	 55 	 65 	 75 	 85 	 95 	 105
198 	 95 	 0 	 2 	 2 	 8 	 9 	 6 	 55 	 65 	 75 	 85 	 95 	 105
199 	 95 	 0 	 4 	 2 	 10 	 11 	 6 	 55 	 65 	 75 	 85 	 95 	 105
200 	 95 	 0 	 9 	 2 	 12 	 13 	 6 	 55 	 65 	 75 	 85 	 95 	 105
201 	 95 	 0 	 5 	 2 	 14 	 15 	 6 	 55 	 65 	 75 	 85 	 95 	 105
202 	 95 	 0 	 3 	 2 	 16 	 17 	 6 	 55 	 65 	 75 	 85 	 95 	 105
203 	 96 	 0 	 7 	 4 	 3 	 4 	 5 	 6 	 5 	 6 	 16 	 26 	 36 	 46
204 	 96 	 0 	 3 	 2 	 3 	 4 	 5 	 9 	 19 	 29 	 39 	 49
205 	 96 	 0 	 3 	 2 	 16 	 17 	 5 	 7 	 17 	 27 	 37 	 47
206 	 97 	 0 	 9 	 2 	 0 	 1 	 5 	 7 	 17 	 27 	 37 	 47
207 	 97 	 0 	 8 	 2 	 2 	 3 	 5 	 7 	 17 	 27 	 37 	 47
208 	 97 	 0 	 6 	 2 	 4 	 5 	 5 	 7 	 17 	 27 	 37 	 47
209 	 97 	 0 	 6 	 2 	 6 	 7 	 5 	 7 	 17 	 27 	 37 	 47
210 	 97 	 0 	 7 	 2 	 8 	 9 	 5 	 7 	 17 	 27 	 37 	 47
211 	 97 	 0 	 9 	 2 	 10 	 11 	 5 	 7 	 17 	 27 	 37 	 47
212 	 97 	 0 	 2 	 2 	 12 	 13 	 5 	 7 	 17 	 27 	 37 	 47
213 	 97 	 0 	 5 	 2 	 14 	 15 	 5 	 7 	 17 	 27 	 37 	 47
214 	 97 	 0 	 7 	 2 	 16 	 17 	 5 	 7 	 17 	 27 	 37 	 47
215 	 98 	 0 	 4 	 4 	 11 	 12 	 13 	 14 	 6 	 59 	 69 	 79 	 89 	 99 	 109
216 	 98 	 0 	 4 	 4 	 8 	 9 	 10 	 11 	 6 	 55 	 65 	 75 	 85 	 95 	 105
217 	 98 	 0 	 8 	 2 	 6 	 7 	 6 	 58 	 68 	 78 	 88 	 98 	 108
218 	 99 	 0 	 8 	 2 	 11 	 12 	 11 	 4 	 9 	 14 	 19 	 24 	 29 	 34 	 39 	 44 	 49 	 54
219 	 100 	 0 	 6 	 2 	 1 	 2 	 6 	 3 	 13 	 23 	 33 	 43 	 53
220 	 100 	 0 	 7 	 2 	 0 	 1 	 6 	 2 	 12 	 22 	 32 	 42 	 52
221 	 100 	 0 	 9 	 2 	 2 	 3 	 6 	 4 	 14 	 24 	 34 	 44 	 54
222 	 101 	 0 	 7 	 2 	 2 	 3 	 11 	 58 	 63 	 68 	 73 	 78 	 83 	 88 	 93 	 98 	 103 	 108
223 	 101 	 0 	 5 	 2 	 4 	 5 	 11 	 58 	 63 	 68 	 73 	 78 	 83 	 88 	 93 	 98 	 103 	 108
224 	 101 	 0 	 6 	 2 	 6 	 7 	 11 	 58 	 63 	 68 	 73 	 78 	 83 	 88 	 93 	 98 	 103 	 108
225 	 101 	 0 	 7 	 2 	 8 	 9 	 11 	 58 	 63 	 68 	 73 	 78 	 83 	 88 	 93 	 98 	 103 	 108
226 	 101 	 0 	 7 	 2 	 10 	 11 	 11 	 58 	 63 	 68 	 73 	 78 	 83 	 88 	 93 	 98 	 103 	 108
227 	 101 	 0 	 8 	 2 	 12 	 13 	 11 	 58 	 63 	 68 	 73 	 78 	 83 	 88 	 93 	 98 	 103 	 108
228 	 101 	 0 	 7 	 2 	 14 	 15 	 11 	 58 	 63 	 68 	 73 	 78 	 83 	 88 	 93 	 98 	 103 	 108
229 	 101 	 0 	 7 	 2 	 16 	 17 	 11 	 58 	 63 	 68 	 73 	 78 	 83 	 88 	 93 	 98 	 103 	 108
230 	 102 	 0 	 1 	 4 	 11 	 12 	 13 	 14 	 11 	 1 	 6 	 11 	 16 	 21 	 26 	 31 	 36 	 41 	 46 	 51
231 	 102 	 0 	 7 	 2 	 2 	 3 	 11 	 4 	 9 	 14 	 19 	 24 	 29 	 34 	 39 	 44 	 49 	 54
232 	 103 	 0 	 3 	 2 	 1 	 2 	 5 	 63 	 73 	 83 	 93 	 103
233 	 103 	 0 	 3 	 2 	 14 	 15 	 5 	 60 	 70 	 80 	 90 	 100
234 	 103 	 0 	 3 	 2 	 6 	 7 	 5 	 62 	 72 	 82 	 92 	 102
235 	 104 	 0 	 10 	 2 	 1 	 2 	 11 	 2 	 7 	 12 	 17 	 22 	 27 	 32 	 37 	 42 	 47 	 52
236 	 104 	 0 	 9 	 2 	 3 	 4 	 11 	 2 	 7 	 12 	 17 	 22 	 27 	 32 	 37 	 42 	 47 	 52
237 	 104 	 0 	 1 	 2 	 5 	 6 	 11 	 2 	 7 	 12 	 17 	 22 	 27 	 32 	 37 	 42 	 47 	 52
238 	 104 	 0 	 3 	 2 	 7 	 8 	 11 	 2 	 7 	 12 	 17 	 22 	 27 	 32 	 37 	 42 	 47 	 52
239 	 104 	 0 	 5 	 2 	 9 	 10 	 11 	 2 	 7 	 12 	 17 	 22 	 27 	 32 	 37 	 42 	 47 	 52
240 	 104 	 0 	 5 	 2 	 11 	 12 	 11 	 2 	 7 	 12 	 17 	 22 	 27 	 32 	 37 	 42 	 47 	 52
241 	 104 	 0 	 10 	 2 	 13 	 14 	 11 	 2 	 7 	 12 	 17 	 22 	 27 	 32 	 37 	 42 	 47 	 52
242 	 104 	 0 	 3 	 2 	 15 	 16 	 11 	 2 	 7 	 12 	 17 	 22 	 27 	 32 	 37 	 42 	 47 	 52
243 	 105 	 1 	 3 	 4 	 0 	 1 	 2 	 3 	 6 	 1 	 11 	 21 	 31 	 41 	 51
244 	 106 	 0 	 1 	 2 	 10 	 11 	 11 	 55 	 60 	 65 	 70 	 75 	 80 	 85 	 90 	 95 	 100 	 105
245 	 107 	 0 	 9 	 2 	 14 	 15 	 6 	 0 	 10 	 20 	 30 	 40 	 50
246 	 108 	 0 	 4 	 2 	 14 	 15 	 6 	 0 	 10 	 20 	 30 	 40 	 50
247 	 108 	 0 	 7 	 2 	 7 	 8 	 6 	 2 	 12 	 22 	 32 	 42 	 52
248 	 109 	 0 	 9 	 2 	 5 	 6 	 6 	 59 	 69 	 79 	 89 	 99 	 109
249 	 110 	 0 	 8 	 2 	 2 	 3 	 5 	 7 	 17 	 27 	 37 	 47
250 	 110 	 0 	 5 	 2 	 4 	 5 	 5 	 7 	 17 	 27 	 37 	 47
251 	 110 	 0 	 7 	 2 	 6 	 7 	 5 	 7 	 17 	 27 	 37 	 47
252 	 110 	 0 	 7 	 2 	 8 	 9 	 5 	 7 	 17 	 27 	 37 	 47
253 	 110 	 0 	 10 	 2 	 10 	 11 	 5 	 7 	 17 	 27 	 37 	 47
254 	 110 	 0 	 5 	 2 	 12 	 13 	 5 	 7 	 17 	 27 	 37 	 47
255 	 110 	 0 	 7 	 2 	 14 	 15 	 5 	 7 	 17 	 27 	 37 	 47
256 	 111 	 0 	 7 	 4 	 1 	 2 	 3 	 4 	 5 	 6 	 16 	 26 	 36 	 46
257 	 112 	 0 	 2 	 4 	 3 	 4 	 5 	 6 	 11 	 58 	 63 	 68 	 73 	 78 	 83 	 88 	 93 	 98 	 103 	 108
258 	 113 	 0 	 1 	 4 	 10 	 11 	 12 	 13 	 6 	 59 	 69 	 79 	 89 	 99 	 109
259 	 113 	 0 	 4 	 2 	 6 	 7 	 6 	 56 	 66 	 76 	 86 	 96 	 106
260 	 114 	 0 	 5 	 2 	 0 	 1 	 5 	 6 	 16 	 26 	 36 	 46
261 	 114 	 0 	 4 	 2 	 2 	 3 	 5 	 6 	 16 	 26 	 36 	 46
262 	 114 	 0 	 1 	 2 	 4 	 5 	 5 	 6 	 16 	 26 	 36 	 46
263 	 114 	 0 	 10 	 2 	 6 	 7 	 5 	 6 	 16 	 26 	 36 	 46
264 	 114 	 0 	 8 	 2 	 8 	 9 	 5 	 6 	 16 	 26 	 36 	 46
265 	 114 	 0 	 3 	 2 	 10 	 11 	 5 	 6 	 16 	 26 	 36 	 46
266 	 114 	 0 	 5 	 2 	 12 	 13 	 5 	 6 	 16 	 26 	 36 	 46
267 	 114 	 0 	 6 	 2 	 14 	 15 	 5 	 6 	 16 	 26 	 36 	 46
268 	 114 	 0 	 10 	 2 	 16 	 17 	 5 	 6 	 16 	 26 	 36 	 46
269 	 115 	 0 	 7 	 2 	 12 	 13 	 5 	 9 	 19 	 29 	 39 	 49
270 	 116 	 0 	 9 	 2 	 11 	 12 	 5 	 63 	 73 	 83 	 93 	 103
271 	 117 	 0 	 4 	 2 	 5 	 6 	 6 	 58 	 68 	 78 	 88 	 98 	 108
272 	 118 	 0 	 9 	 2 	 8 	 9 	 5 	 60 	 70 	 80 	 90 	 100
273 	 119 	 1 	 4 	 2 	 14 	 15 	 6 	 55 	 65 	 75 	 85 	 95 	 105
274 	 120 	 0 	 1 	 4 	 10 	 11 	 12 	 13 	 11 	 56 	 61 	 66 	 71 	 76 	 81 	 86 	 91 	 96 	 101 	 106
275 	 121 	 0 	 2 	 2 	 11 	 12 	 6 	 58 	 68 	 78 	 88 	 98 	 108
276 	 121 	 0 	 7 	 2 	 9 	 10 	 6 	 56 	 66 	 76 	 86 	 96 	 106
277 	 121 	 0 	 5 	 2 	 13 	 14 	 6 	 55 	 65 	 75 	 85 	 95 	 105
278 	 122 	 0 	 8 	 4 	 5 	 6 	 7 	 8 	 6 	 57 	 67 	 77 	 87 	 97 	 107
279 	 123 	 0 	 9 	 4 	 13 	 14 	 15 	 16 	 5 	 7 	 17 	 27 	 37 	 47
280 	 124 	 0 	 5 	 2 	 16 	 17 	 6 	 4 	 14 	 24 	 34 	 44 	 54
281 	 125 	 1 	 3 	 4 	 9 	 10 	 11 	 12 	 11 	 55 	 60 	 65 	 70 	 75 	 80 	 85 	 90 	 95 	 100 	 105
282 	 126 	 0 	 3 	 4 	 11 	 12 	 13 	 14 	 5 	 60 	 70 	 80 	 90 	 100
283 	 127 	 0 	 4 	 2 	 10 	 11 	 6 	 3 	 13 	 23 	 33 	 43 	 53
284 	 127 	 0 	 1 	 2 	 4 	 5 	 6 	 2 	 12 	 22 	 32 	 42 	 52
285 	 128 	 0 	 1 	 2 	 1 	 2 	 6 	 58 	 68 	 78 	 88 	 98 	 108
286 	 129 	 0 	 8 	 2 	 1 	 2 	 6 	 4 	 14 	 24 	 34 	 44 	 54
287 	 129 	 0 	 4 	 2 	 3 	 4 	 6 	 4 	 14 	 24 	 34 	 44 	 54
288 	 129 	 0 	 6 	 2 	 5 	 6 	 6 	 4 	 14 	 24 	 34 	 44 	 54
289 	 129 	 0 	 4 	 2 	 7 	 8 	 6 	 4 	 14 	 24 	 34 	 44 	 54
290 	 129 	 0 	 10 	 2 	 9 	 10 	 6 	 4 	 14 	 24 	 34 	 44 	 54
291 	 129 	 0 	 7 	 2 	 11 	 12 	 6 	 4 	 14 	 24 	 34 	 44 	 54
292 	 130 	 0 	 1 	 4 	 11 	 12 	 13 	 14 	 6 	 1 	 11 	 21 	 31 	 41 	 51
293 	 131 	 0 	 8 	 2 	 0 	 1 	 6 	 56 	 66 	 76 	 86 	 96 	 106
294 	 132 	 0 	 2 	 4 	 14 	 15 	 16 	 17 	 11 	 56 	 61 	 66 	 71 	 76 	 81 	 86 	 91 	 96 	 101 	 106
295 	 133 	 0 	 1 	 2 	 1 	 2 	 11 	 2 	 7 	 12 	 17 	 22 	 27 	 32 	 37 	 42 	 47 	 52
296 	 134 	 0 	 7 	 2 	 6 	 7 	 5 	 60 	 70 	 80 	 90 	 100
297 	 135 	 0 	 3 	 2 	 16 	 17 	 11 	 4 	 9 	 14 	 19 	 24 	 29 	 34 	 39 	 44 	 49 	 54
298 	 136 	 0 	 8 	 2 	 6 	 7 	 5 	 64 	 74 	 84 	 94 	 104
299 	 136 	 0 	 3 	 2 	 7 	 8 	 5 	 63 	 73 	 83 	 93 	 103
300 	 136 	 0 	 4 	 2 	 7 	 8 	 5 	 62 	 72 	 82 	 92 	 102
301 	 137 	 0 	 9 	 2 	 13 	 14 	 11 	 55 	 60 	 65 	 70 	 75 	 80 	 85 	 90 	 95 	 100 	 105
302 	 138 	 0 	 6 	 2 	 3 	 4 	 6 	 58 	 68 	 78 	 88 	 98 	 108
303 	 138 	 0 	 8 	 2 	 8 	 9 	 6 	 56 	 66 	 76 	 86 	 96 	 106
304 	 139 	 0 	 9 	 2 	 12 	 13 	 11 	 0 	 5 	 10 	 15 	 20 	 25 	 30 	 35 	 40 	 45 	 50
305 	 139 	 0 	 5 	 2 	 1 	 2 	 11 	 3 	 8 	 13 	 18 	 23 	 28 	 33 	 38 	 43 	 48 	 53
306 	 140 	 0 	 10 	 2 	 9 	 10 	 6 	 3 	 13 	 23 	 33 	 43 	 53
307 	 141 	 0 	 10 	 4 	 6 	 7 	 8 	 9 	 11 	 56 	 61 	 66 	 71 	 76 	 81 	 86 	 91 	 96 	 101 	 106
308 	 142 	 0 	 5 	 2 	 14 	 15 	 6 	 57 	 67 	 77 	 87 	 97 	 107
309 	 143 	 0 	 5 	 2 	 11 	 12 	 11 	 2 	 7 	 12 	 17 	 22 	 27 	 32 	 37 	 42 	 47 	 52
310 	 144 	 0 	 4 	 2 	 6 	 7 	 6 	 4 	 14 	 24 	 34 	 44 	 54
311 	 145 	 0 	 9 	 2 	 1 	 2 	 11 	 59 	 64 	 69 	 74 	 79 	 84 	 89 	 94 	 99 	 104 	 109
312 	 145 	 0 	 8 	 2 	 3 	 4 	 11 	 59 	 64 	 69 	 74 	 79 	 84 	 89 	 94 	 99 	 104 	 109
313 	 145 	 0 	 10 	 2 	 5 	 6 	 11 	 59 	 64 	 69 	 74 	 79 	 84 	 89 	 94 	 99 	 104 	 109
314 	 145 	 0 	 10 	 2 	 7 	 8 	 11 	 59 	 64 	 69 	 74 	 79 	 84 	 89 	 94 	 99 	 104 	 109
315 	 145 	 0 	 4 	 2 	 9 	 10 	 11 	 59 	 64 	 69 	 74 	 79 	 84 	 89 	 94 	 99 	 104 	 109
316 	 145 	 0 	 8 	 2 	 11 	 12 	 11 	 59 	 64 	 69 	 74 	 79 	 84 	 89 	 94 	 99 	 104 	 109
317 	 145 	 0 	 5 	 2 	 13 	 14 	 11 	 59 	 64 	 69 	 74 	 79 	 84 	 89 	 94 	 99 	 104 	 109
318 	 146 	 0 	 2 	 2 	 7 	 8 	 11 	 3 	 8 	 13 	 18 	 23 	 28 	 33 	 38 	 43 	 48 	 53
319 	 147 	 0 	 10 	 2 	 1 	 2 	 5 	 9 	 19 	 29 	 39 	 49
320 	 147 	 0 	 1 	 2 	 0 	 1 	 5 	 8 	 18 	 28 	 38 	 48
321 	 147 	 0 	 4 	 2 	 2 	 3 	 5 	 6 	 16 	 26 	 36 	 46
322 	 148 	 0 	 2 	 2 	 16 	 17 	 5 	 5 	 15 	 25 	 35 	 45
323 	 149 	 0 	 5 	 2 	 10 	 11 	 11 	 59 	 64 	 69 	 74 	 79 	 84 	 89 	 94 	 99 	 104 	 109
324 	 150 	 1 	 2 	 2 	 8 	 9 	 6 	 55 	 65 	 75 	 85 	 95 	 105
325 	 151 	 0 	 7 	 4 	 10 	 11 	 12 	 13 	 5 	 63 	 73 	 83 	 93 	 103
326 	 151 	 0 	 1 	 4 	 6 	 7 	 8 	 9 	 5 	 61 	 71 	 81 	 91 	 101
327 	 151 	 0 	 9 	 2 	 12 	 13 	 5 	 62 	 72 	 82 	 92 	 102
328 	 152 	 0 	 7 	 2 	 16 	 17 	 5 	 60 	 70 	 80 	 90 	 100
329 	 153 	 0 	 3 	 2 	 10 	 11 	 11 	 0 	 5 	 10 	 15 	 20 	 25 	 30 	 35 	 40 	 45 	 50
330 	 154 	 0 	 2 	 2 	 10 	 11 	 5 	 8 	 18 	 28 	 38 	 48
331 	 155 	 0 	 4 	 2 	 9 	 10 	 6 	 58 	 68 	 78 	 88 	 98 	 108
332 	 156 	 0 	 2 	 2 	 11 	 12 	 6 	 55 	 65 	 75 	 85 	 95 	 105
333 	 156 	 0 	 8 	 2 	 2 	 3 	 6 	 59 	 69 	 79 	 89 	 99 	 109
334 	 157 	 0 	 10 	 4 	 8 	 9 	 10 	 11 	 6 	 1 	 11 	 21 	 31 	 41 	 51
335 	 158 	 0 	 2 	 4 	 0 	 1 	 2 	 3 	 11 	 1 	 6 	 11 	 16 	 21 	 26 	 31 	 36 	 41 	 46 	 51
336 	 158 	 0 	 2 	 2 	 9 	 10 	 11 	 0 	 5 	 10 	 15 	 20 	 25 	 30 	 35 	 40 	 45 	 50
337 	 158 	 0 	 3 	 2 	 4 	 5 	 11 	 3 	 8 	 13 	 18 	 23 	 28 	 33 	 38 	 43 	 48 	 53
338 	 159 	 0 	 5 	 2 	 2 	 3 	 11 	 58 	 63 	 68 	 73 	 78 	 83 	 88 	 93 	 98 	 103 	 108
339 	 160 	 0 	 1 	 2 	 15 	 16 	 6 	 2 	 12 	 22 	 32 	 42 	 52
340 	 160 	 0 	 3 	 2 	 1 	 2 	 6 	 1 	 11 	 21 	 31 	 41 	 51
341 	 161 	 0 	 9 	 2 	 2 	 3 	 6 	 1 	 11 	 21 	 31 	 41 	 51
342 	 162 	 0 	 3 	 2 	 3 	 4 	 5 	 6 	 16 	 26 	 36 	 46
343 	 163 	 0 	 8 	 2 	 4 	 5 	 5 	 9 	 19 	 29 	 39 	 49
344 	 164 	 0 	 10 	 4 	 0 	 1 	 2 	 3 	 6 	 55 	 65 	 75 	 85 	 95 	 105
345 	 165 	 0 	 5 	 2 	 7 	 8 	 5 	 6 	 16 	 26 	 36 	 46
346 	 166 	 0 	 6 	 2 	 4 	 5 	 11 	 57 	 62 	 67 	 72 	 77 	 82 	 87 	 92 	 97 	 102 	 107
347 	 166 	 0 	 1 	 2 	 9 	 10 	 11 	 56 	 61 	 66 	 71 	 76 	 81 	 86 	 91 	 96 	 101 	 106
348 	 167 	 0 	 8 	 2 	 0 	 1 	 5 	 7 	 17 	 27 	 37 	 47
349 	 167 	 0 	 3 	 2 	 2 	 3 	 5 	 7 	 17 	 27 	 37 	 47
350 	 167 	 0 	 3 	 2 	 4 	 5 	 5 	 7 	 17 	 27 	 37 	 47
351 	 167 	 0 	 7 	 2 	 6 	 7 	 5 	 7 	 17 	 27 	 37 	 47
352 	 168 	 0 	 3 	 2 	 8 	 9 	 5 	 5 	 15 	 25 	 35 	 45
353 	 169 	 0 	 10 	 2 	 9 	 10 	 11 	 4 	 9 	 14 	 19 	 24 	 29 	 34 	 39 	 44 	 49 	 54
354 	 170 	 0 	 6 	 2 	 1 	 2 	 5 	 9 	 19 	 29 	 39 	 49
355 	 171 	 0 	 4 	 4 	 13 	 14 	 15 	 16 	 11 	 0 	 5 	 10 	 15 	 20 	 25 	 30 	 35 	 40 	 45 	 50
356 	 172 	 0 	 2 	 4 	 2 	 3 	 4 	 5 	 6 	 58 	 68 	 78 	 88 	 98 	 108
357 	 173 	 0 	 2 	 2 	 7 	 8 	 11 	 56 	 61 	 66 	 71 	 76 	 81 	 86 	 91 	 96 	 101 	 106
358 	 174 	 0 	 9 	 2 	 13 	 14 	 6 	 55 	 65 	 75 	 85 	 95 	 105
359 	 175 	 0 	 5 	 2 	 1 	 2 	 5 	 60 	 70 	 80 	 90 	 100
360 	 175 	 0 	 8 	 2 	 3 	 4 	 5 	 60 	 70 	 80 	 90 	 100
361 	 175 	 0 	 4 	 2 	 5 	 6 	 5 	 60 	 70 	 80 	 90 	 100
362 	 175 	 0 	 5 	 2 	 7 	 8 	 5 	 60 	 70 	 80 	 90 	 100
363 	 175 	 0 	 5 	 2 	 9 	 10 	 5 	 60 	 70 	 80 	 90 	 100
364 	 175 	 0 	 9 	 2 	 11 	 12 	 5 	 60 	 70 	 80 	 90 	 100
365 	 175 	 0 	 2 	 2 	 13 	 14 	 5 	 60 	 70 	 80 	 90 	 100
366 	 175 	 0 	 7 	 2 	 15 	 16 	 5 	 60 	 70 	 80 	 90 	 100
367 	 176 	 0 	 5 	 2 	 15 	 16 	 11 	 1 	 6 	 11 	 16 	 21 	 26 	 31 	 36 	 41 	 46 	 51
368 	 176 	 0 	 7 	 2 	 7 	 8 	 11 	 0 	 5 	 10 	 15 	 20 	 25 	 30 	 35 	 40 	 45 	 50
369 	 177 	 0 	 10 	 2 	 0 	 1 	 6 	 1 	 11 	 21 	 31 	 41 	 51
370 	 178 	 0 	 3 	 2 	 0 	 1 	 11 	 56 	 61 	 66 	 71 	 76 	 81 	 86 	 91 	 96 	 101 	 106
371 	 178 	 0 	 6 	 2 	 2 	 3 	 11 	 56 	 61 	 66 	 71 	 76 	 81 	 86 	 91 	 96 	 101 	 106
372 	 178 	 0 	 7 	 2 	 4 	 5 	 11 	 56 	 61 	 66 	 71 	 76 	 81 	 86 	 91 	 96 	 101 	 106
373 	 178 	 0 	 6 	 2 	 6 	 7 	 11 	 56 	 61 	 66 	 71 	 76 	 81 	 86 	 91 	 96 	 101 	 106
374 	 178 	 0 	 2 	 2 	 8 	 9 	 11 	 56 	 61 	 66 	 71 	 76 	 81 	 86 	 91 	 96 	 101 	 106
375 	 178 	 0 	 7 	 2 	 10 	 11 	 11 	 56 	 61 	 66 	 71 	 76 	 81 	 86 	 91 	 96 	 101 	 106
376 	 178 	 0 	 10 	 2 	 12 	 13 	 11 	 56 	 61 	 66 	 71 	 76 	 81 	 86 	 91 	 96 	 101 	 106
377 	 178 	 0 	 2 	 2 	 14 	 15 	 11 	 56 	 61 	 66 	 71 	 76 	 81 	 86 	 91 	 96 	 101 	 106
378 	 178 	 0 	 6 	 2 	 16 	 17 	 11 	 56 	 61 	 66 	 71 	 76 	 81 	 86 	 91 	 96 	 101 	 106
379 	 179 	 0 	 2 	 2 	 10 	 11 	 11 	 56 	 61 	 66 	 71 	 76 	 81 	 86 	 91 	 96 	 101 	 106
380 	 180 	 0 	 5 	 4 	 2 	 3 	 4 	 5 	 6 	 4 	 14 	 24 	 34 	 44 	 54
381 	 181 	 0 	 7 	 2 	 2 	 3 	 6 	 4 	 14 	 24 	 34 	 44 	 54
382 	 182 	 0 	 7 	 2 	 6 	 7 	 5 	 60 	 70 	 80 	 90 	 100
383 	 183 	 0 	 6 	 2 	 2 	 3 	 5 	 64 	 74 	 84 	 94 	 104
384 	 183 	 0 	 8 	 2 	 4 	 5 	 5 	 64 	 74 	 84 	 94 	 104
385 	 183 	 0 	 8 	 2 	 6 	 7 	 5 	 64 	 74 	 84 	 94 	 104
386 	 183 	 0 	 7 	 2 	 8 	 9 	 5 	 64 	 74 	 84 	 94 	 104
387 	 183 	 0 	 1 	 2 	 10 	 11 	 5 	 64 	 74 	 84 	 94 	 104
388 	 183 	 0 	 4 	 2 	 12 	 13 	 5 	 64 	 74 	 84 	 94 	 104
389 	 184 	 0 	 9 	 2 	 5 	 6 	 5 	 62 	 72 	 82 	 92 	 102
390 	 184 	 0 	 6 	 4 	 2 	 3 	 4 	 5 	 5 	 61 	 71 	 81 	 91 	 101
391 	 185 	 0 	 9 	 2 	 4 	 5 	 11 	 4 	 9 	 14 	 19 	 24 	 29 	 34 	 39 	 44 	 49 	 54
392 	 186 	 0 	 3 	 4 	 14 	 15 	 16 	 17 	 5 	 63 	 73 	 83 	 93 	 103
393 	 187 	 0 	 10 	 2 	 11 	 12 	 5 	 5 	 15 	 25 	 35 	 45
394 	 188 	 0 	 6 	 4 	 7 	 8 	 9 	 10 	 11 	 3 	 8 	 13 	 18 	 23 	 28 	 33 	 38 	 43 	 48 	 53
395 	 189 	 0 	 7 	 2 	 5 	 6 	 6 	 59 	 69 	 79 	 89 	 99 	 109
396 	 189 	 0 	 6 	 4 	 10 	 11 	 12 	 13 	 6 	 56 	 66 	 76 	 86 	 96 	 106
397 	 190 	 0 	 3 	 2 	 5 	 6 	 5 	 63 	 73 	 83 	 93 	 103
398 	 191 	 0 	 5 	 4 	 5 	 6 	 7 	 8 	 6 	 4 	 14 	 24 	 34 	 44 	 54
399 	 192 	 0 	 5 	 2 	 6 	 7 	 11 	 55 	 60 	 65 	 70 	 75 	 80 	 85 	 90 	 95 	 100 	 105
400 	 193 	 0 	 4 	 2 	 13 	 14 	 5 	 5 	 15 	 25 	 35 	 45
401 	 194 	 0 	 4 	 2 	 7 	 8 	 11 	 59 	 64 	 69 	 74 	 79 	 84 	 89 	 94 	 99 	 104 	 109
402 	 195 	 0 	 1 	 2 	 10 	 11 	 6 	 58 	 68 	 78 	 88 	 98 	 108
403 	 196 	 0 	 3 	 2 	 11 	 12 	 6 	 57 	 67 	 77 	 87 	 97 	 107
404 	 197 	 0 	 4 	 2 	 13 	 14 	 5 	 6 	 16 	 26 	 36 	 46
405 	 198 	 0 	 7 	 4 	 7 	 8 	 9 	 10 	 5 	 8 	 18 	 28 	 38 	 48
406 	 198 	 0 	 3 	 2 	 12 	 13 	 5 	 6 	 16 	 26 	 36 	 46
407 	 199 	 0 	 1 	 2 	 2 	 3 	 11 	 0 	 5 	 10 	 15 	 20 	 25 	 30 	 35 	 40 	 45 	 50
408 	 199 	 0 	 9 	 2 	 6 	 7 	 11 	 2 	 7 	 12 	 17 	 22 	 27 	 32 	 37 	 42 	 47 	 52
409 	 199 	 0 	 4 	 2 	 7 	 8 	 11 	 1 	 6 	 11 	 16 	 21 	 26 	 31 	 36 	 41 	 46 	 51
410	0	0	0	4	7	8	9	10	11	55	60	65	70	75	80	85	90	95	100	105	
411	0	0	0	4	0	1	2	3	11	58	63	68	73	78	83	88	93	98	103	108	
412	1	0	0	4	11	12	13	14	6	58	68	78	88	98	108	
413	1	0	0	2	15	16	6	57	67	77	87	97	107	
414	2	0	0	4	9	10	11	12	6	1	11	21	31	41	51	
415	2	0	0	2	3	4	6	3	13	23	33	43	53	
416	3	0	0	4	12	13	14	15	11	58	63	68	73	78	83	88	93	98	103	108	
417	4	0	0	2	15	16	11	59	64	69	74	79	84	89	94	99	104	109	
418	4	0	0	4	10	11	12	13	11	56	61	66	71	76	81	86	91	96	101	106	
419	5	0	0	2	2	3	5	8	18	28	38	48	
420	6	0	0	2	12	13	11	55	60	65	70	75	80	85	90	95	100	105	
421	6	0	0	4	7	8	9	10	11	57	62	67	72	77	82	87	92	97	102	107	
422	6	0	0	2	12	13	11	56	61	66	71	76	81	86	91	96	101	106	
423	6	0	0	4	9	10	11	12	11	58	63	68	73	78	83	88	93	98	103	108	
424	7	0	0	2	15	16	11	57	62	67	72	77	82	87	92	97	102	107	
425	8	0	0	2	13	14	11	1	6	11	16	21	26	31	36	41	46	51	
426	9	0	0	4	5	6	7	8	5	63	73	83	93	103	
427	9	0	0	4	9	10	11	12	5	64	74	84	94	104	
428	10	0	0	2	11	12	11	57	62	67	72	77	82	87	92	97	102	107	
429	11	0	0	2	11	12	5	60	70	80	90	100	
430	12	0	0	2	6	7	11	3	8	13	18	23	28	33	38	43	48	53	
431	12	0	0	4	7	8	9	10	11	4	9	14	19	24	29	34	39	44	49	54	
432	13	0	0	2	6	7	6	3	13	23	33	43	53	
433	14	0	0	2	16	17	6	4	14	24	34	44	54	
434	15	0	0	4	1	2	3	4	11	2	7	12	17	22	27	32	37	42	47	52	
435	15	0	0	4	2	3	4	5	11	1	6	11	16	21	26	31	36	41	46	51	
436	16	0	0	2	14	15	6	2	12	22	32	42	52	
437	16	0	0	4	6	7	8	9	6	1	11	21	31	41	51	
438	17	0	0	4	7	8	9	10	11	55	60	65	70	75	80	85	90	95	100	105	
439	17	0	0	4	6	7	8	9	11	58	63	68	73	78	83	88	93	98	103	108	
440	18	0	0	2	13	14	11	59	64	69	74	79	84	89	94	99	104	109	
441	19	0	0	4	11	12	13	14	5	5	15	25	35	45	
442	20	0	0	2	7	8	6	57	67	77	87	97	107	
443	21	0	0	4	12	13	14	15	6	1	11	21	31	41	51	
444	21	0	0	4	6	7	8	9	6	0	10	20	30	40	50	
445	22	0	0	2	3	4	11	55	60	65	70	75	80	85	90	95	100	105	
446	22	0	0	2	0	1	11	57	62	67	72	77	82	87	92	97	102	107	
447	23	0	0	4	2	3	4	5	6	57	67	77	87	97	107	
448	23	0	0	2	6	7	6	56	66	76	86	96	106	
449	24	0	0	2	6	7	5	9	19	29	39	49	
450	25	0	0	2	10	11	11	55	60	65	70	75	80	85	90	95	100	105	
451	25	0	0	2	6	7	11	59	64	69	74	79	84	89	94	99	104	109	
452	26	0	0	2	13	14	6	3	13	23	33	43	53	
453	27	0	0	2	6	7	5	64	74	84	94	104	
454	27	0	0	2	5	6	5	60	70	80	90	100	
455	27	0	0	2	15	16	5	61	71	81	91	101	
456	27	0	0	2	4	5	5	63	73	83	93	103	
457	28	0	0	2	1	2	11	55	60	65	70	75	80	85	90	95	100	105	
458	28	0	0	2	4	5	11	58	63	68	73	78	83	88	93	98	103	108	
459	29	0	0	4	8	9	10	11	6	56	66	76	86	96	106	
460	29	0	0	4	12	13	14	15	6	57	67	77	87	97	107	
461	30	0	0	4	9	10	11	12	11	1	6	11	16	21	26	31	36	41	46	51	
462	31	0	0	2	14	15	6	57	67	77	87	97	107	
463	31	0	0	2	5	6	6	56	66	76	86	96	106	
464	32	0	0	2	4	5	5	6	16	26	36	46	
465	32	0	0	2	9	10	5	7	17	27	37	47	
466	33	0	0	4	10	11	12	13	5	5	15	25	35	45	
467	33	0	0	4	13	14	15	16	5	9	19	29	39	49	
468	34	1	0	4	10	11	12	13	11	57	62	67	72	77	82	87	92	97	102	107	
469	35	0	0	4	2	3	4	5	6	0	10	20	30	40	50	
470	35	0	0	2	9	10	6	4	14	24	34	44	54	
471	36	0	0	2	14	15	6	3	13	23	33	43	53	
472	36	0	0	4	6	7	8	9	6	1	11	21	31	41	51	
473	37	0	0	4	13	14	15	16	5	63	73	83	93	103	
474	38	0	0	4	14	15	16	17	6	57	67	77	87	97	107	
475	38	0	0	4	7	8	9	10	6	55	65	75	85	95	105	
476	39	0	0	4	3	4	5	6	6	1	11	21	31	41	51	
477	39	0	0	4	12	13	14	15	6	3	13	23	33	43	53	
478	39	0	0	2	16	17	6	0	10	20	30	40	50	
479	40	0	0	2	14	15	5	9	19	29	39	49	
480	40	0	0	4	2	3	4	5	5	8	18	28	38	48	
481	41	0	0	4	3	4	5	6	6	0	10	20	30	40	50	
482	42	0	0	4	14	15	16	17	11	55	60	65	70	75	80	85	90	95	100	105	
483	42	0	0	2	7	8	11	59	64	69	74	79	84	89	94	99	104	109	
484	43	0	0	2	6	7	11	56	61	66	71	76	81	86	91	96	101	106	
485	43	0	0	4	5	6	7	8	11	55	60	65	70	75	80	85	90	95	100	105	
486	44	0	0	4	5	6	7	8	6	0	10	20	30	40	50	
487	44	0	0	2	9	10	6	2	12	22	32	42	52	
488	44	0	0	2	6	7	6	4	14	24	34	44	54	
489	45	0	0	2	1	2	5	63	73	83	93	103	
490	45	0	0	2	1	2	5	64	74	84	94	104	
491	46	0	0	2	7	8	11	56	61	66	71	76	81	86	91	96	101	106	
492	47	0	0	2	15	16	6	0	10	20	30	40	50	
493	47	0	0	4	13	14	15	16	6	3	13	23	33	43	53	
494	47	0	0	4	1	2	3	4	6	4	14	24	34	44	54	
495	47	0	0	2	4	5	6	1	11	21	31	41	51	
496	48	0	0	4	14	15	16	17	11	55	60	65	70	75	80	85	90	95	100	105	
497	48	0	0	4	10	11	12	13	11	59	64	69	74	79	84	89	94	99	104	109	
498	49	0	0	2	3	4	11	57	62	67	72	77	82	87	92	97	102	107	
499	50	0	0	2	15	16	6	59	69	79	89	99	109	
500	51	0	0	2	7	8	5	9	19	29	39	49	
501	52	0	0	4	14	15	16	17	5	61	71	81	91	101	
502	53	0	0	4	8	9	10	11	6	58	68	78	88	98	108	
503	53	0	0	2	12	13	6	56	66	76	86	96	106	
504	54	1	0	4	0	1	2	3	11	1	6	11	16	21	26	31	36	41	46	51	
505	54	1	0	4	13	14	15	16	11	4	9	14	19	24	29	34	39	44	49	54	
506	55	0	0	4	4	5	6	7	6	57	67	77	87	97	107	
507	55	0	0	4	14	15	16	17	6	59	69	79	89	99	109	
508	55	0	0	2	5	6	6	58	68	78	88	98	108	
509	55	0	0	4	3	4	5	6	6	55	65	75	85	95	105	
510	56	1	0	4	5	6	7	8	11	58	63	68	73	78	83	88	93	98	103	108	
511	56	1	0	2	0	1	11	59	64	69	74	79	84	89	94	99	104	109	
512	56	1	0	2	9	10	11	56	61	66	71	76	81	86	91	96	101	106	
513	56	1	0	4	10	11	12	13	11	55	60	65	70	75	80	85	90	95	100	105	
514	57	0	0	4	10	11	12	13	11	56	61	66	71	76	81	86	91	96	101	106	
515	58	0	0	2	6	7	11	56	61	66	71	76	81	86	91	96	101	106	
516	59	0	0	4	11	12	13	14	11	0	5	10	15	20	25	30	35	40	45	50	
517	60	0	0	4	1	2	3	4	11	59	64	69	74	79	84	89	94	99	104	109	
518	60	0	0	4	6	7	8	9	11	56	61	66	71	76	81	86	91	96	101	106	
519	61	0	0	2	0	1	5	7	17	27	37	47	
520	62	0	0	4	5	6	7	8	6	58	68	78	88	98	108	
521	63	0	0	4	10	11	12	13	11	56	61	66	71	76	81	86	91	96	101	106	
522	63	0	0	4	8	9	10	11	11	59	64	69	74	79	84	89	94	99	104	109	
523	64	0	0	2	13	14	11	3	8	13	18	23	28	33	38	43	48	53	
524	65	0	0	2	4	5	6	55	65	75	85	95	105	
525	66	0	0	2	16	17	11	59	64	69	74	79	84	89	94	99	104	109	
526	67	0	0	2	13	14	5	61	71	81	91	101	
527	67	0	0	2	4	5	5	60	70	80	90	100	
528	67	0	0	2	16	17	5	64	74	84	94	104	
529	67	0	0	4	3	4	5	6	5	63	73	83	93	103	
530	68	0	0	2	2	3	5	6	16	26	36	46	
531	68	0	0	4	6	7	8	9	5	7	17	27	37	47	
532	69	0	0	4	8	9	10	11	6	59	69	79	89	99	109	
533	69	0	0	4	10	11	12	13	6	57	67	77	87	97	107	
534	70	0	0	4	12	13	14	15	6	4	14	24	34	44	54	
535	71	0	0	4	14	15	16	17	11	56	61	66	71	76	81	86	91	96	101	106	
536	72	0	0	2	4	5	6	55	65	75	85	95	105	
537	72	0	0	2	4	5	6	58	68	78	88	98	108	
538	73	0	0	4	4	5	6	7	6	3	13	23	33	43	53	
539	73	0	0	2	10	11	6	0	10	20	30	40	50	
540	74	0	0	4	4	5	6	7	11	57	62	67	72	77	82	87	92	97	102	107	
541	75	0	0	2	16	17	11	57	62	67	72	77	82	87	92	97	102	107	
542	75	0	0	4	1	2	3	4	11	58	63	68	73	78	83	88	93	98	103	108	
543	76	0	0	4	10	11	12	13	5	61	71	81	91	101	
544	76	0	0	4	3	4	5	6	5	60	70	80	90	100	
545	77	0	0	2	12	13	5	8	18	28	38	48	
546	78	0	0	2	10	11	5	9	19	29	39	49	
547	79	0	0	2	2	3	11	55	60	65	70	75	80	85	90	95	100	105	
548	80	0	0	4	10	11	12	13	11	57	62	67	72	77	82	87	92	97	102	107	
549	80	0	0	4	10	11	12	13	11	55	60	65	70	75	80	85	90	95	100	105	
550	81	0	0	2	10	11	6	1	11	21	31	41	51	
551	81	0	0	4	6	7	8	9	6	0	10	20	30	40	50	
552	82	0	0	2	8	9	11	57	62	67	72	77	82	87	92	97	102	107	
553	82	0	0	4	0	1	2	3	11	58	63	68	73	78	83	88	93	98	103	108	
554	83	0	0	4	11	12	13	14	11	2	7	12	17	22	27	32	37	42	47	52	
555	84	0	0	2	16	17	6	0	10	20	30	40	50	
556	84	0	0	4	12	13	14	15	6	3	13	23	33	43	53	
557	84	0	0	4	13	14	15	16	6	1	11	21	31	41	51	
558	84	0	0	2	14	15	6	4	14	24	34	44	54	
559	85	1	0	4	3	4	5	6	5	60	70	80	90	100	
560	86	0	0	4	13	14	15	16	5	5	15	25	35	45	
561	87	0	0	2	4	5	6	4	14	24	34	44	54	
562	88	0	0	2	13	14	5	7	17	27	37	47	
563	88	0	0	2	3	4	5	6	16	26	36	46	
564	89	0	0	2	0	1	5	60	70	80	90	100	
565	89	0	0	2	8	9	5	64	74	84	94	104	
566	90	0	0	2	15	16	6	3	13	23	33	43	53	
567	90	0	0	2	7	8	6	2	12	22	32	42	52	
568	90	0	0	2	3	4	6	1	11	21	31	41	51	
569	91	0	0	2	6	7	6	55	65	75	85	95	105	
570	92	0	0	4	7	8	9	10	6	4	14	24	34	44	54	
571	93	0	0	4	3	4	5	6	11	0	5	10	15	20	25	30	35	40	45	50	
572	94	0	0	2	9	10	6	59	69	79	89	99	109	
573	94	0	0	2	3	4	6	57	67	77	87	97	107	
574	94	0	0	4	4	5	6	7	6	58	68	78	88	98	108	
575	94	0	0	2	14	15	6	56	66	76	86	96	106	
576	95	0	0	2	10	11	6	57	67	77	87	97	107	
577	95	0	0	4	12	13	14	15	6	56	66	76	86	96	106	
578	95	0	0	2	10	11	6	58	68	78	88	98	108	
579	95	0	0	2	1	2	6	59	69	79	89	99	109	
580	96	0	0	4	1	2	3	4	5	5	15	25	35	45	
581	97	0	0	2	0	1	5	9	19	29	39	49	
582	97	0	0	2	2	3	5	8	18	28	38	48	
583	97	0	0	4	10	11	12	13	5	5	15	25	35	45	
584	98	0	0	4	0	1	2	3	6	56	66	76	86	96	106	
585	99	0	0	4	10	11	12	13	11	3	8	13	18	23	28	33	38	43	48	53	
586	99	0	0	2	2	3	11	2	7	12	17	22	27	32	37	42	47	52	
587	100	0	0	2	14	15	6	0	10	20	30	40	50	
588	100	0	0	4	1	2	3	4	6	1	11	21	31	41	51	
589	101	0	0	2	1	2	11	57	62	67	72	77	82	87	92	97	102	107	
590	101	0	0	2	4	5	11	55	60	65	70	75	80	85	90	95	100	105	
591	101	0	0	2	12	13	11	56	61	66	71	76	81	86	91	96	101	106	
592	102	0	0	4	7	8	9	10	11	0	5	10	15	20	25	30	35	40	45	50	
593	102	0	0	4	6	7	8	9	11	3	8	13	18	23	28	33	38	43	48	53	
594	103	0	0	2	8	9	5	64	74	84	94	104	
595	104	0	0	4	7	8	9	10	11	4	9	14	19	24	29	34	39	44	49	54	
596	104	0	0	4	7	8	9	10	11	1	6	11	16	21	26	31	36	41	46	51	
597	104	0	0	2	8	9	11	0	5	10	15	20	25	30	35	40	45	50	
598	105	1	0	4	7	8	9	10	6	4	14	24	34	44	54	
599	105	1	0	2	9	10	6	0	10	20	30	40	50	
600	106	0	0	4	3	4	5	6	11	59	64	69	74	79	84	89	94	99	104	109	
601	107	0	0	2	5	6	6	2	12	22	32	42	52	
602	108	0	0	4	3	4	5	6	6	3	13	23	33	43	53	
603	108	0	0	4	11	12	13	14	6	4	14	24	34	44	54	
604	109	0	0	2	10	11	6	56	66	76	86	96	106	
605	110	0	0	4	13	14	15	16	5	6	16	26	36	46	
606	110	0	0	4	14	15	16	17	5	8	18	28	38	48	
607	110	0	0	2	12	13	5	5	15	25	35	45	
608	111	0	0	4	13	14	15	16	5	5	15	25	35	45	
609	112	0	0	4	7	8	9	10	11	56	61	66	71	76	81	86	91	96	101	106	
610	112	0	0	4	2	3	4	5	11	57	62	67	72	77	82	87	92	97	102	107	
611	113	0	0	4	7	8	9	10	6	58	68	78	88	98	108	
612	113	0	0	2	15	16	6	57	67	77	87	97	107	
613	114	0	0	4	6	7	8	9	5	8	18	28	38	48	
614	114	0	0	2	3	4	5	5	15	25	35	45	
615	114	0	0	4	6	7	8	9	5	7	17	27	37	47	
616	114	0	0	4	0	1	2	3	5	9	19	29	39	49	
617	115	0	0	2	1	2	5	7	17	27	37	47	
618	115	0	0	4	8	9	10	11	5	6	16	26	36	46	
619	116	0	0	2	11	12	5	64	74	84	94	104	
620	116	0	0	2	6	7	5	61	71	81	91	101	
621	117	0	0	4	5	6	7	8	6	59	69	79	89	99	109	
622	117	0	0	4	0	1	2	3	6	57	67	77	87	97	107	
623	118	0	0	4	1	2	3	4	5	62	72	82	92	102	
624	119	1	0	4	4	5	6	7	6	59	69	79	89	99	109	
625	120	0	0	4	0	1	2	3	11	59	64	69	74	79	84	89	94	99	104	109	
626	120	0	0	2	8	9	11	55	60	65	70	75	80	85	90	95	100	105	
627	121	0	0	4	5	6	7	8	6	57	67	77	87	97	107	
628	121	0	0	2	9	10	6	59	69	79	89	99	109	
629	122	0	0	2	9	10	6	58	68	78	88	98	108	
630	122	0	0	2	8	9	6	59	69	79	89	99	109	
631	123	0	0	4	8	9	10	11	5	9	19	29	39	49	
632	123	0	0	4	12	13	14	15	5	8	18	28	38	48	
633	124	0	0	4	13	14	15	16	6	1	11	21	31	41	51	
634	124	0	0	4	14	15	16	17	6	3	13	23	33	43	53	
635	125	1	0	2	15	16	11	58	63	68	73	78	83	88	93	98	103	108	
636	126	0	0	4	14	15	16	17	5	62	72	82	92	102	
637	126	0	0	4	6	7	8	9	5	64	74	84	94	104	
638	127	0	0	4	9	10	11	12	6	0	10	20	30	40	50	
639	128	0	0	4	11	12	13	14	6	55	65	75	85	95	105	
640	129	0	0	4	11	12	13	14	6	2	12	22	32	42	52	
641	129	0	0	4	8	9	10	11	6	1	11	21	31	41	51	
642	129	0	0	4	14	15	16	17	6	0	10	20	30	40	50	
643	129	0	0	2	0	1	6	3	13	23	33	43	53	
644	130	0	0	4	2	3	4	5	6	4	14	24	34	44	54	
645	130	0	0	2	13	14	6	2	12	22	32	42	52	
646	131	0	0	4	6	7	8	9	6	55	65	75	85	95	105	
647	132	0	0	4	4	5	6	7	11	58	63	68	73	78	83	88	93	98	103	108	
648	133	0	0	2	2	3	11	1	6	11	16	21	26	31	36	41	46	51	
649	133	0	0	4	7	8	9	10	11	0	5	10	15	20	25	30	35	40	45	50	
650	134	0	0	4	11	12	13	14	5	64	74	84	94	104	
651	134	0	0	2	13	14	5	62	72	82	92	102	
652	135	0	0	2	14	15	11	2	7	12	17	22	27	32	37	42	47	52	
653	136	0	0	4	8	9	10	11	5	61	71	81	91	101	
654	137	0	0	2	10	11	11	59	64	69	74	79	84	89	94	99	104	109	
655	138	0	0	2	0	1	6	57	67	77	87	97	107	
656	138	0	0	4	9	10	11	12	6	59	69	79	89	99	109	
657	139	0	0	2	15	16	11	1	6	11	16	21	26	31	36	41	46	51	
658	140	0	0	4	4	5	6	7	6	4	14	24	34	44	54	
659	140	0	0	4	12	13	14	15	6	0	10	20	30	40	50	
660	141	0	0	4	5	6	7	8	11	58	63	68	73	78	83	88	93	98	103	108	
661	142	0	0	2	11	12	6	55	65	75	85	95	105	
662	142	0	0	2	9	10	6	59	69	79	89	99	109	
663	143	0	0	2	15	16	11	1	6	11	16	21	26	31	36	41	46	51	
664	143	0	0	4	10	11	12	13	11	0	5	10	15	20	25	30	35	40	45	50	
665	144	0	0	4	3	4	5	6	6	2	12	22	32	42	52	
666	145	0	0	4	9	10	11	12	11	57	62	67	72	77	82	87	92	97	102	107	
667	145	0	0	4	0	1	2	3	11	55	60	65	70	75	80	85	90	95	100	105	
668	145	0	0	2	5	6	11	58	63	68	73	78	83	88	93	98	103	108	
669	146	0	0	2	6	7	11	0	5	10	15	20	25	30	35	40	45	50	
670	146	0	0	4	14	15	16	17	11	4	9	14	19	24	29	34	39	44	49	54	
671	147	0	0	2	0	1	5	5	15	25	35	45	
672	148	0	0	2	10	11	5	6	16	26	36	46	
673	148	0	0	2	4	5	5	9	19	29	39	49	
674	149	0	0	2	12	13	11	56	61	66	71	76	81	86	91	96	101	106	
675	150	1	0	2	7	8	6	57	67	77	87	97	107	
676	150	1	0	4	12	13	14	15	6	59	69	79	89	99	109	
677	151	0	0	4	4	5	6	7	5	64	74	84	94	104	
678	152	0	0	2	12	13	5	64	74	84	94	104	
679	152	0	0	4	6	7	8	9	5	63	73	83	93	103	
680	153	0	0	2	6	7	11	2	7	12	17	22	27	32	37	42	47	52	
681	153	0	0	2	13	14	11	1	6	11	16	21	26	31	36	41	46	51	
682	154	0	0	2	0	1	5	5	15	25	35	45	
683	155	0	0	2	0	1	6	59	69	79	89	99	109	
684	155	0	0	2	7	8	6	56	66	76	86	96	106	
685	156	0	0	2	12	13	6	58	68	78	88	98	108	
686	156	0	0	4	12	13	14	15	6	56	66	76	86	96	106	
687	157	0	0	2	10	11	6	3	13	23	33	43	53	
688	157	0	0	4	13	14	15	16	6	4	14	24	34	44	54	
689	158	0	0	2	6	7	11	2	7	12	17	22	27	32	37	42	47	52	
690	158	0	0	2	12	13	11	4	9	14	19	24	29	34	39	44	49	54	
691	159	0	0	4	9	10	11	12	11	57	62	67	72	77	82	87	92	97	102	107	
692	159	0	0	4	7	8	9	10	11	56	61	66	71	76	81	86	91	96	101	106	
693	160	0	0	2	9	10	6	4	14	24	34	44	54	
694	160	0	0	2	10	11	6	0	10	20	30	40	50	
695	161	0	0	2	3	4	6	4	14	24	34	44	54	
696	161	0	0	4	0	1	2	3	6	2	12	22	32	42	52	
697	162	0	0	4	12	13	14	15	5	9	19	29	39	49	
698	163	0	0	2	10	11	5	7	17	27	37	47	
699	164	0	0	4	1	2	3	4	6	58	68	78	88	98	108	
700	165	0	0	2	4	5	5	7	17	27	37	47	
701	166	0	0	4	5	6	7	8	11	58	63	68	73	78	83	88	93	98	103	108	
702	167	0	0	4	10	11	12	13	5	6	16	26	36	46	
703	167	0	0	4	3	4	5	6	5	8	18	28	38	48	
704	167	0	0	2	15	16	5	5	15	25	35	45	
705	168	0	0	2	12	13	5	9	19	29	39	49	
706	168	0	0	4	0	1	2	3	5	7	17	27	37	47	
707	169	0	0	2	6	7	11	2	7	12	17	22	27	32	37	42	47	52	
708	169	0	0	4	4	5	6	7	11	0	5	10	15	20	25	30	35	40	45	50	
709	170	0	0	2	4	5	5	8	18	28	38	48	
710	171	0	0	2	0	1	11	3	8	13	18	23	28	33	38	43	48	53	
711	171	0	0	4	9	10	11	12	11	4	9	14	19	24	29	34	39	44	49	54	
712	172	0	0	4	10	11	12	13	6	57	67	77	87	97	107	
713	172	0	0	2	13	14	6	59	69	79	89	99	109	
714	173	0	0	2	15	16	11	59	64	69	74	79	84	89	94	99	104	109	
715	174	0	0	4	5	6	7	8	6	58	68	78	88	98	108	
716	174	0	0	2	15	16	6	56	66	76	86	96	106	
717	175	0	0	4	6	7	8	9	5	63	73	83	93	103	
718	175	0	0	2	0	1	5	62	72	82	92	102	
719	175	0	0	2	7	8	5	64	74	84	94	104	
720	176	0	0	4	2	3	4	5	11	3	8	13	18	23	28	33	38	43	48	53	
721	177	0	0	4	11	12	13	14	6	4	14	24	34	44	54	
722	178	0	0	4	10	11	12	13	11	59	64	69	74	79	84	89	94	99	104	109	
723	178	0	0	4	1	2	3	4	11	55	60	65	70	75	80	85	90	95	100	105	
724	178	0	0	4	3	4	5	6	11	58	63	68	73	78	83	88	93	98	103	108	
725	178	0	0	4	14	15	16	17	11	57	62	67	72	77	82	87	92	97	102	107	
726	179	0	0	4	7	8	9	10	11	57	62	67	72	77	82	87	92	97	102	107	
727	180	0	0	2	10	11	6	1	11	21	31	41	51	
728	180	0	0	4	11	12	13	14	6	0	10	20	30	40	50	
729	181	0	0	4	7	8	9	10	6	1	11	21	31	41	51	
730	182	0	0	2	9	10	5	63	73	83	93	103	
731	182	0	0	4	2	3	4	5	5	64	74	84	94	104	
732	183	0	0	2	10	11	5	62	72	82	92	102	
733	183	0	0	4	10	11	12	13	5	63	73	83	93	103	
734	183	0	0	2	4	5	5	61	71	81	91	101	
735	184	0	0	4	1	2	3	4	5	60	70	80	90	100	
736	184	0	0	2	15	16	5	64	74	84	94	104	
737	185	0	0	2	16	17	11	0	5	10	15	20	25	30	35	40	45	50	
738	185	0	0	2	9	10	11	3	8	13	18	23	28	33	38	43	48	53	
739	186	0	0	2	12	13	5	61	71	81	91	101	
740	187	0	0	2	10	11	5	9	19	29	39	49	
741	187	0	0	4	1	2	3	4	5	7	17	27	37	47	
742	188	0	0	4	12	13	14	15	11	0	5	10	15	20	25	30	35	40	45	50	
743	188	0	0	2	12	13	11	2	7	12	17	22	27	32	37	42	47	52	
744	189	0	0	4	5	6	7	8	6	58	68	78	88	98	108	
745	189	0	0	4	12	13	14	15	6	57	67	77	87	97	107	
746	190	0	0	4	7	8	9	10	5	62	72	82	92	102	
747	190	0	0	2	15	16	5	61	71	81	91	101	
748	191	0	0	4	4	5	6	7	6	1	11	21	31	41	51	
749	192	0	0	2	3	4	11	57	62	67	72	77	82	87	92	97	102	107	
750	193	0	0	2	9	10	5	7	17	27	37	47	
751	194	0	0	4	13	14	15	16	11	56	61	66	71	76	81	86	91	96	101	106	
752	194	0	0	4	14	15	16	17	11	58	63	68	73	78	83	88	93	98	103	108	
753	195	0	0	4	13	14	15	16	6	55	65	75	85	95	105	
754	196	0	0	2	11	12	6	58	68	78	88	98	108	
755	197	0	0	4	4	5	6	7	5	5	15	25	35	45	
756	197	0	0	2	7	8	5	9	19	29	39	49	
757	198	0	0	4	11	12	13	14	5	5	15	25	35	45	
758	198	0	0	4	6	7	8	9	5	7	17	27	37	47	
759	199	0	0	2	6	7	11	4	9	14	19	24	29	34	39	44	49	54	

