1186	634	552
0
0 	 0 	 0 	 2 	 4 	 11 	 12 	 13 	 14 	 5 	 6 	 16 	 26 	 36 	 46
1 	 0 	 0 	 5 	 4 	 9 	 10 	 11 	 12 	 5 	 9 	 19 	 29 	 39 	 49
2 	 0 	 0 	 3 	 2 	 2 	 3 	 5 	 7 	 17 	 27 	 37 	 47
3 	 1 	 0 	 7 	 2 	 12 	 13 	 11 	 0 	 5 	 10 	 15 	 20 	 25 	 30 	 35 	 40 	 45 	 50
4 	 2 	 0 	 10 	 2 	 6 	 7 	 11 	 2 	 7 	 12 	 17 	 22 	 27 	 32 	 37 	 42 	 47 	 52
5 	 3 	 0 	 9 	 4 	 11 	 12 	 13 	 14 	 6 	 3 	 13 	 23 	 33 	 43 	 53
6 	 3 	 0 	 4 	 4 	 7 	 8 	 9 	 10 	 6 	 1 	 11 	 21 	 31 	 41 	 51
7 	 3 	 0 	 3 	 2 	 16 	 17 	 6 	 4 	 14 	 24 	 34 	 44 	 54
8 	 4 	 0 	 3 	 2 	 3 	 4 	 6 	 59 	 69 	 79 	 89 	 99 	 109
9 	 5 	 1 	 6 	 2 	 8 	 9 	 5 	 9 	 19 	 29 	 39 	 49
10 	 6 	 0 	 4 	 2 	 16 	 17 	 11 	 3 	 8 	 13 	 18 	 23 	 28 	 33 	 38 	 43 	 48 	 53
11 	 6 	 0 	 10 	 2 	 13 	 14 	 11 	 2 	 7 	 12 	 17 	 22 	 27 	 32 	 37 	 42 	 47 	 52
12 	 6 	 0 	 5 	 4 	 12 	 13 	 14 	 15 	 11 	 4 	 9 	 14 	 19 	 24 	 29 	 34 	 39 	 44 	 49 	 54
13 	 7 	 1 	 6 	 2 	 14 	 15 	 11 	 59 	 64 	 69 	 74 	 79 	 84 	 89 	 94 	 99 	 104 	 109
14 	 8 	 0 	 1 	 2 	 5 	 6 	 11 	 3 	 8 	 13 	 18 	 23 	 28 	 33 	 38 	 43 	 48 	 53
15 	 9 	 1 	 2 	 4 	 5 	 6 	 7 	 8 	 5 	 60 	 70 	 80 	 90 	 100
16 	 10 	 0 	 1 	 2 	 9 	 10 	 11 	 2 	 7 	 12 	 17 	 22 	 27 	 32 	 37 	 42 	 47 	 52
17 	 10 	 0 	 3 	 2 	 13 	 14 	 11 	 1 	 6 	 11 	 16 	 21 	 26 	 31 	 36 	 41 	 46 	 51
18 	 11 	 0 	 10 	 2 	 2 	 3 	 5 	 60 	 70 	 80 	 90 	 100
19 	 11 	 0 	 3 	 2 	 4 	 5 	 5 	 60 	 70 	 80 	 90 	 100
20 	 11 	 0 	 4 	 2 	 6 	 7 	 5 	 60 	 70 	 80 	 90 	 100
21 	 11 	 0 	 5 	 2 	 8 	 9 	 5 	 60 	 70 	 80 	 90 	 100
22 	 11 	 0 	 9 	 2 	 10 	 11 	 5 	 60 	 70 	 80 	 90 	 100
23 	 11 	 0 	 3 	 2 	 12 	 13 	 5 	 60 	 70 	 80 	 90 	 100
24 	 11 	 0 	 1 	 2 	 14 	 15 	 5 	 60 	 70 	 80 	 90 	 100
25 	 11 	 0 	 3 	 2 	 16 	 17 	 5 	 60 	 70 	 80 	 90 	 100
26 	 12 	 0 	 5 	 2 	 11 	 12 	 6 	 59 	 69 	 79 	 89 	 99 	 109
27 	 13 	 0 	 5 	 2 	 3 	 4 	 11 	 58 	 63 	 68 	 73 	 78 	 83 	 88 	 93 	 98 	 103 	 108
28 	 13 	 0 	 8 	 2 	 5 	 6 	 11 	 58 	 63 	 68 	 73 	 78 	 83 	 88 	 93 	 98 	 103 	 108
29 	 13 	 0 	 7 	 2 	 7 	 8 	 11 	 58 	 63 	 68 	 73 	 78 	 83 	 88 	 93 	 98 	 103 	 108
30 	 13 	 0 	 6 	 2 	 9 	 10 	 11 	 58 	 63 	 68 	 73 	 78 	 83 	 88 	 93 	 98 	 103 	 108
31 	 13 	 0 	 1 	 2 	 11 	 12 	 11 	 58 	 63 	 68 	 73 	 78 	 83 	 88 	 93 	 98 	 103 	 108
32 	 14 	 0 	 9 	 2 	 15 	 16 	 5 	 6 	 16 	 26 	 36 	 46
33 	 15 	 0 	 3 	 4 	 5 	 6 	 7 	 8 	 11 	 57 	 62 	 67 	 72 	 77 	 82 	 87 	 92 	 97 	 102 	 107
34 	 16 	 0 	 5 	 2 	 13 	 14 	 5 	 6 	 16 	 26 	 36 	 46
35 	 16 	 0 	 2 	 2 	 7 	 8 	 5 	 8 	 18 	 28 	 38 	 48
36 	 17 	 0 	 9 	 2 	 15 	 16 	 6 	 59 	 69 	 79 	 89 	 99 	 109
37 	 18 	 0 	 3 	 2 	 9 	 10 	 11 	 59 	 64 	 69 	 74 	 79 	 84 	 89 	 94 	 99 	 104 	 109
38 	 19 	 1 	 8 	 2 	 12 	 13 	 5 	 8 	 18 	 28 	 38 	 48
39 	 20 	 0 	 3 	 2 	 2 	 3 	 5 	 63 	 73 	 83 	 93 	 103
40 	 21 	 0 	 6 	 2 	 12 	 13 	 6 	 3 	 13 	 23 	 33 	 43 	 53
41 	 22 	 0 	 3 	 2 	 5 	 6 	 6 	 2 	 12 	 22 	 32 	 42 	 52
42 	 22 	 0 	 1 	 2 	 7 	 8 	 6 	 2 	 12 	 22 	 32 	 42 	 52
43 	 22 	 0 	 2 	 2 	 9 	 10 	 6 	 2 	 12 	 22 	 32 	 42 	 52
44 	 22 	 0 	 8 	 2 	 11 	 12 	 6 	 2 	 12 	 22 	 32 	 42 	 52
45 	 22 	 0 	 2 	 2 	 13 	 14 	 6 	 2 	 12 	 22 	 32 	 42 	 52
46 	 22 	 0 	 9 	 2 	 15 	 16 	 6 	 2 	 12 	 22 	 32 	 42 	 52
47 	 23 	 0 	 5 	 2 	 0 	 1 	 11 	 55 	 60 	 65 	 70 	 75 	 80 	 85 	 90 	 95 	 100 	 105
48 	 23 	 0 	 9 	 2 	 2 	 3 	 11 	 55 	 60 	 65 	 70 	 75 	 80 	 85 	 90 	 95 	 100 	 105
49 	 23 	 0 	 7 	 2 	 4 	 5 	 11 	 55 	 60 	 65 	 70 	 75 	 80 	 85 	 90 	 95 	 100 	 105
50 	 23 	 0 	 9 	 2 	 6 	 7 	 11 	 55 	 60 	 65 	 70 	 75 	 80 	 85 	 90 	 95 	 100 	 105
51 	 23 	 0 	 9 	 2 	 8 	 9 	 11 	 55 	 60 	 65 	 70 	 75 	 80 	 85 	 90 	 95 	 100 	 105
52 	 23 	 0 	 9 	 2 	 10 	 11 	 11 	 55 	 60 	 65 	 70 	 75 	 80 	 85 	 90 	 95 	 100 	 105
53 	 23 	 0 	 4 	 2 	 12 	 13 	 11 	 55 	 60 	 65 	 70 	 75 	 80 	 85 	 90 	 95 	 100 	 105
54 	 23 	 0 	 6 	 2 	 14 	 15 	 11 	 55 	 60 	 65 	 70 	 75 	 80 	 85 	 90 	 95 	 100 	 105
55 	 23 	 0 	 2 	 2 	 16 	 17 	 11 	 55 	 60 	 65 	 70 	 75 	 80 	 85 	 90 	 95 	 100 	 105
56 	 24 	 0 	 4 	 2 	 2 	 3 	 6 	 55 	 65 	 75 	 85 	 95 	 105
57 	 24 	 0 	 3 	 2 	 4 	 5 	 6 	 55 	 65 	 75 	 85 	 95 	 105
58 	 24 	 0 	 8 	 2 	 6 	 7 	 6 	 55 	 65 	 75 	 85 	 95 	 105
59 	 24 	 0 	 8 	 2 	 8 	 9 	 6 	 55 	 65 	 75 	 85 	 95 	 105
60 	 24 	 0 	 1 	 2 	 10 	 11 	 6 	 55 	 65 	 75 	 85 	 95 	 105
61 	 25 	 0 	 10 	 4 	 0 	 1 	 2 	 3 	 11 	 58 	 63 	 68 	 73 	 78 	 83 	 88 	 93 	 98 	 103 	 108
62 	 25 	 0 	 4 	 4 	 10 	 11 	 12 	 13 	 11 	 59 	 64 	 69 	 74 	 79 	 84 	 89 	 94 	 99 	 104 	 109
63 	 25 	 0 	 4 	 2 	 2 	 3 	 11 	 55 	 60 	 65 	 70 	 75 	 80 	 85 	 90 	 95 	 100 	 105
64 	 26 	 0 	 4 	 2 	 6 	 7 	 6 	 55 	 65 	 75 	 85 	 95 	 105
65 	 27 	 0 	 1 	 2 	 12 	 13 	 6 	 56 	 66 	 76 	 86 	 96 	 106
66 	 27 	 0 	 2 	 4 	 0 	 1 	 2 	 3 	 6 	 58 	 68 	 78 	 88 	 98 	 108
67 	 28 	 0 	 4 	 2 	 9 	 10 	 11 	 57 	 62 	 67 	 72 	 77 	 82 	 87 	 92 	 97 	 102 	 107
68 	 28 	 0 	 3 	 2 	 1 	 2 	 11 	 58 	 63 	 68 	 73 	 78 	 83 	 88 	 93 	 98 	 103 	 108
69 	 29 	 0 	 10 	 2 	 12 	 13 	 11 	 3 	 8 	 13 	 18 	 23 	 28 	 33 	 38 	 43 	 48 	 53
70 	 29 	 0 	 8 	 2 	 7 	 8 	 11 	 4 	 9 	 14 	 19 	 24 	 29 	 34 	 39 	 44 	 49 	 54
71 	 30 	 0 	 6 	 4 	 14 	 15 	 16 	 17 	 6 	 56 	 66 	 76 	 86 	 96 	 106
72 	 31 	 0 	 10 	 2 	 14 	 15 	 11 	 59 	 64 	 69 	 74 	 79 	 84 	 89 	 94 	 99 	 104 	 109
73 	 32 	 0 	 7 	 4 	 1 	 2 	 3 	 4 	 5 	 60 	 70 	 80 	 90 	 100
74 	 33 	 0 	 10 	 4 	 9 	 10 	 11 	 12 	 11 	 56 	 61 	 66 	 71 	 76 	 81 	 86 	 91 	 96 	 101 	 106
75 	 33 	 0 	 10 	 2 	 7 	 8 	 11 	 59 	 64 	 69 	 74 	 79 	 84 	 89 	 94 	 99 	 104 	 109
76 	 34 	 0 	 8 	 2 	 0 	 1 	 5 	 62 	 72 	 82 	 92 	 102
77 	 34 	 0 	 8 	 2 	 2 	 3 	 5 	 62 	 72 	 82 	 92 	 102
78 	 34 	 0 	 10 	 2 	 4 	 5 	 5 	 62 	 72 	 82 	 92 	 102
79 	 34 	 0 	 5 	 2 	 6 	 7 	 5 	 62 	 72 	 82 	 92 	 102
80 	 34 	 0 	 5 	 2 	 8 	 9 	 5 	 62 	 72 	 82 	 92 	 102
81 	 34 	 0 	 4 	 2 	 10 	 11 	 5 	 62 	 72 	 82 	 92 	 102
82 	 34 	 0 	 9 	 2 	 12 	 13 	 5 	 62 	 72 	 82 	 92 	 102
83 	 34 	 0 	 10 	 2 	 14 	 15 	 5 	 62 	 72 	 82 	 92 	 102
84 	 34 	 0 	 2 	 2 	 16 	 17 	 5 	 62 	 72 	 82 	 92 	 102
85 	 35 	 0 	 3 	 2 	 10 	 11 	 6 	 3 	 13 	 23 	 33 	 43 	 53
86 	 36 	 0 	 7 	 2 	 16 	 17 	 6 	 58 	 68 	 78 	 88 	 98 	 108
87 	 37 	 0 	 3 	 4 	 1 	 2 	 3 	 4 	 5 	 7 	 17 	 27 	 37 	 47
88 	 38 	 0 	 8 	 2 	 11 	 12 	 5 	 62 	 72 	 82 	 92 	 102
89 	 39 	 0 	 4 	 2 	 2 	 3 	 5 	 6 	 16 	 26 	 36 	 46
90 	 39 	 0 	 7 	 2 	 3 	 4 	 5 	 8 	 18 	 28 	 38 	 48
91 	 39 	 0 	 5 	 4 	 5 	 6 	 7 	 8 	 5 	 9 	 19 	 29 	 39 	 49
92 	 40 	 0 	 2 	 2 	 9 	 10 	 11 	 0 	 5 	 10 	 15 	 20 	 25 	 30 	 35 	 40 	 45 	 50
93 	 41 	 0 	 6 	 2 	 0 	 1 	 6 	 55 	 65 	 75 	 85 	 95 	 105
94 	 41 	 0 	 5 	 2 	 12 	 13 	 6 	 56 	 66 	 76 	 86 	 96 	 106
95 	 42 	 0 	 4 	 2 	 10 	 11 	 5 	 61 	 71 	 81 	 91 	 101
96 	 43 	 0 	 7 	 2 	 6 	 7 	 5 	 60 	 70 	 80 	 90 	 100
97 	 43 	 0 	 6 	 2 	 8 	 9 	 5 	 62 	 72 	 82 	 92 	 102
98 	 43 	 0 	 2 	 2 	 4 	 5 	 5 	 64 	 74 	 84 	 94 	 104
99 	 44 	 0 	 4 	 2 	 9 	 10 	 5 	 5 	 15 	 25 	 35 	 45
100 	 45 	 0 	 4 	 2 	 7 	 8 	 6 	 59 	 69 	 79 	 89 	 99 	 109
101 	 46 	 0 	 7 	 2 	 12 	 13 	 6 	 58 	 68 	 78 	 88 	 98 	 108
102 	 46 	 0 	 10 	 4 	 9 	 10 	 11 	 12 	 6 	 56 	 66 	 76 	 86 	 96 	 106
103 	 46 	 0 	 1 	 2 	 14 	 15 	 6 	 57 	 67 	 77 	 87 	 97 	 107
104 	 47 	 0 	 2 	 2 	 12 	 13 	 11 	 59 	 64 	 69 	 74 	 79 	 84 	 89 	 94 	 99 	 104 	 109
105 	 48 	 0 	 8 	 2 	 0 	 1 	 6 	 3 	 13 	 23 	 33 	 43 	 53
106 	 48 	 0 	 8 	 2 	 2 	 3 	 6 	 3 	 13 	 23 	 33 	 43 	 53
107 	 48 	 0 	 3 	 2 	 4 	 5 	 6 	 3 	 13 	 23 	 33 	 43 	 53
108 	 48 	 0 	 2 	 2 	 6 	 7 	 6 	 3 	 13 	 23 	 33 	 43 	 53
109 	 48 	 0 	 1 	 2 	 8 	 9 	 6 	 3 	 13 	 23 	 33 	 43 	 53
110 	 49 	 0 	 4 	 4 	 7 	 8 	 9 	 10 	 5 	 62 	 72 	 82 	 92 	 102
111 	 50 	 0 	 3 	 2 	 2 	 3 	 11 	 58 	 63 	 68 	 73 	 78 	 83 	 88 	 93 	 98 	 103 	 108
112 	 51 	 0 	 10 	 2 	 2 	 3 	 6 	 57 	 67 	 77 	 87 	 97 	 107
113 	 51 	 0 	 10 	 2 	 0 	 1 	 6 	 58 	 68 	 78 	 88 	 98 	 108
114 	 52 	 0 	 10 	 2 	 16 	 17 	 6 	 4 	 14 	 24 	 34 	 44 	 54
115 	 53 	 0 	 1 	 2 	 4 	 5 	 5 	 8 	 18 	 28 	 38 	 48
116 	 54 	 0 	 4 	 2 	 0 	 1 	 5 	 60 	 70 	 80 	 90 	 100
117 	 54 	 0 	 3 	 4 	 1 	 2 	 3 	 4 	 5 	 62 	 72 	 82 	 92 	 102
118 	 55 	 0 	 5 	 2 	 2 	 3 	 5 	 62 	 72 	 82 	 92 	 102
119 	 56 	 0 	 7 	 4 	 11 	 12 	 13 	 14 	 6 	 59 	 69 	 79 	 89 	 99 	 109
120 	 57 	 0 	 1 	 2 	 10 	 11 	 11 	 56 	 61 	 66 	 71 	 76 	 81 	 86 	 91 	 96 	 101 	 106
121 	 57 	 0 	 7 	 2 	 3 	 4 	 11 	 58 	 63 	 68 	 73 	 78 	 83 	 88 	 93 	 98 	 103 	 108
122 	 57 	 0 	 7 	 2 	 13 	 14 	 11 	 55 	 60 	 65 	 70 	 75 	 80 	 85 	 90 	 95 	 100 	 105
123 	 58 	 0 	 7 	 2 	 14 	 15 	 5 	 5 	 15 	 25 	 35 	 45
124 	 59 	 0 	 3 	 2 	 4 	 5 	 11 	 55 	 60 	 65 	 70 	 75 	 80 	 85 	 90 	 95 	 100 	 105
125 	 59 	 0 	 4 	 2 	 12 	 13 	 11 	 56 	 61 	 66 	 71 	 76 	 81 	 86 	 91 	 96 	 101 	 106
126 	 60 	 1 	 4 	 2 	 0 	 1 	 5 	 62 	 72 	 82 	 92 	 102
127 	 60 	 1 	 5 	 4 	 2 	 3 	 4 	 5 	 5 	 64 	 74 	 84 	 94 	 104
128 	 60 	 1 	 3 	 2 	 15 	 16 	 5 	 63 	 73 	 83 	 93 	 103
129 	 61 	 0 	 10 	 2 	 0 	 1 	 6 	 58 	 68 	 78 	 88 	 98 	 108
130 	 62 	 0 	 10 	 2 	 9 	 10 	 5 	 63 	 73 	 83 	 93 	 103
131 	 63 	 0 	 10 	 2 	 6 	 7 	 6 	 57 	 67 	 77 	 87 	 97 	 107
132 	 64 	 0 	 4 	 4 	 3 	 4 	 5 	 6 	 11 	 0 	 5 	 10 	 15 	 20 	 25 	 30 	 35 	 40 	 45 	 50
133 	 65 	 0 	 4 	 2 	 10 	 11 	 5 	 7 	 17 	 27 	 37 	 47
134 	 66 	 0 	 10 	 2 	 7 	 8 	 6 	 57 	 67 	 77 	 87 	 97 	 107
135 	 66 	 0 	 5 	 4 	 0 	 1 	 2 	 3 	 6 	 56 	 66 	 76 	 86 	 96 	 106
136 	 66 	 0 	 8 	 2 	 13 	 14 	 6 	 59 	 69 	 79 	 89 	 99 	 109
137 	 67 	 0 	 10 	 4 	 10 	 11 	 12 	 13 	 5 	 8 	 18 	 28 	 38 	 48
138 	 68 	 0 	 10 	 2 	 0 	 1 	 5 	 60 	 70 	 80 	 90 	 100
139 	 68 	 0 	 10 	 4 	 8 	 9 	 10 	 11 	 5 	 62 	 72 	 82 	 92 	 102
140 	 69 	 0 	 5 	 2 	 4 	 5 	 5 	 62 	 72 	 82 	 92 	 102
141 	 70 	 0 	 9 	 2 	 7 	 8 	 5 	 6 	 16 	 26 	 36 	 46
142 	 71 	 0 	 6 	 4 	 13 	 14 	 15 	 16 	 6 	 59 	 69 	 79 	 89 	 99 	 109
143 	 72 	 0 	 10 	 2 	 0 	 1 	 6 	 56 	 66 	 76 	 86 	 96 	 106
144 	 72 	 0 	 3 	 2 	 2 	 3 	 6 	 56 	 66 	 76 	 86 	 96 	 106
145 	 72 	 0 	 10 	 2 	 4 	 5 	 6 	 56 	 66 	 76 	 86 	 96 	 106
146 	 72 	 0 	 2 	 2 	 6 	 7 	 6 	 56 	 66 	 76 	 86 	 96 	 106
147 	 72 	 0 	 2 	 2 	 8 	 9 	 6 	 56 	 66 	 76 	 86 	 96 	 106
148 	 72 	 0 	 2 	 2 	 10 	 11 	 6 	 56 	 66 	 76 	 86 	 96 	 106
149 	 72 	 0 	 9 	 2 	 12 	 13 	 6 	 56 	 66 	 76 	 86 	 96 	 106
150 	 72 	 0 	 3 	 2 	 14 	 15 	 6 	 56 	 66 	 76 	 86 	 96 	 106
151 	 73 	 0 	 3 	 2 	 3 	 4 	 6 	 55 	 65 	 75 	 85 	 95 	 105
152 	 74 	 0 	 6 	 2 	 14 	 15 	 6 	 55 	 65 	 75 	 85 	 95 	 105
153 	 75 	 1 	 7 	 2 	 6 	 7 	 11 	 58 	 63 	 68 	 73 	 78 	 83 	 88 	 93 	 98 	 103 	 108
154 	 75 	 1 	 5 	 2 	 8 	 9 	 11 	 55 	 60 	 65 	 70 	 75 	 80 	 85 	 90 	 95 	 100 	 105
155 	 76 	 0 	 7 	 2 	 5 	 6 	 6 	 3 	 13 	 23 	 33 	 43 	 53
156 	 76 	 0 	 10 	 2 	 7 	 8 	 6 	 3 	 13 	 23 	 33 	 43 	 53
157 	 76 	 0 	 9 	 2 	 9 	 10 	 6 	 3 	 13 	 23 	 33 	 43 	 53
158 	 76 	 0 	 9 	 2 	 11 	 12 	 6 	 3 	 13 	 23 	 33 	 43 	 53
159 	 76 	 0 	 2 	 2 	 13 	 14 	 6 	 3 	 13 	 23 	 33 	 43 	 53
160 	 77 	 0 	 6 	 4 	 0 	 1 	 2 	 3 	 11 	 56 	 61 	 66 	 71 	 76 	 81 	 86 	 91 	 96 	 101 	 106
161 	 78 	 0 	 5 	 2 	 5 	 6 	 6 	 59 	 69 	 79 	 89 	 99 	 109
162 	 78 	 0 	 10 	 2 	 5 	 6 	 6 	 57 	 67 	 77 	 87 	 97 	 107
163 	 78 	 0 	 10 	 2 	 10 	 11 	 6 	 56 	 66 	 76 	 86 	 96 	 106
164 	 79 	 0 	 3 	 2 	 7 	 8 	 6 	 58 	 68 	 78 	 88 	 98 	 108
165 	 80 	 0 	 1 	 2 	 3 	 4 	 11 	 4 	 9 	 14 	 19 	 24 	 29 	 34 	 39 	 44 	 49 	 54
166 	 81 	 0 	 4 	 2 	 12 	 13 	 11 	 56 	 61 	 66 	 71 	 76 	 81 	 86 	 91 	 96 	 101 	 106
167 	 82 	 0 	 3 	 4 	 1 	 2 	 3 	 4 	 6 	 4 	 14 	 24 	 34 	 44 	 54
168 	 83 	 0 	 7 	 2 	 14 	 15 	 6 	 57 	 67 	 77 	 87 	 97 	 107
169 	 84 	 0 	 8 	 2 	 1 	 2 	 5 	 61 	 71 	 81 	 91 	 101
170 	 85 	 0 	 3 	 2 	 1 	 2 	 11 	 59 	 64 	 69 	 74 	 79 	 84 	 89 	 94 	 99 	 104 	 109
171 	 85 	 0 	 9 	 2 	 3 	 4 	 11 	 59 	 64 	 69 	 74 	 79 	 84 	 89 	 94 	 99 	 104 	 109
172 	 85 	 0 	 3 	 2 	 5 	 6 	 11 	 59 	 64 	 69 	 74 	 79 	 84 	 89 	 94 	 99 	 104 	 109
173 	 85 	 0 	 5 	 2 	 7 	 8 	 11 	 59 	 64 	 69 	 74 	 79 	 84 	 89 	 94 	 99 	 104 	 109
174 	 85 	 0 	 3 	 2 	 9 	 10 	 11 	 59 	 64 	 69 	 74 	 79 	 84 	 89 	 94 	 99 	 104 	 109
175 	 85 	 0 	 9 	 2 	 11 	 12 	 11 	 59 	 64 	 69 	 74 	 79 	 84 	 89 	 94 	 99 	 104 	 109
176 	 85 	 0 	 2 	 2 	 13 	 14 	 11 	 59 	 64 	 69 	 74 	 79 	 84 	 89 	 94 	 99 	 104 	 109
177 	 85 	 0 	 10 	 2 	 15 	 16 	 11 	 59 	 64 	 69 	 74 	 79 	 84 	 89 	 94 	 99 	 104 	 109
178 	 86 	 1 	 9 	 4 	 1 	 2 	 3 	 4 	 6 	 55 	 65 	 75 	 85 	 95 	 105
179 	 87 	 0 	 2 	 2 	 7 	 8 	 11 	 57 	 62 	 67 	 72 	 77 	 82 	 87 	 92 	 97 	 102 	 107
180 	 88 	 0 	 4 	 2 	 2 	 3 	 6 	 56 	 66 	 76 	 86 	 96 	 106
181 	 88 	 0 	 7 	 2 	 7 	 8 	 6 	 55 	 65 	 75 	 85 	 95 	 105
182 	 89 	 0 	 8 	 2 	 13 	 14 	 6 	 56 	 66 	 76 	 86 	 96 	 106
183 	 90 	 0 	 4 	 2 	 4 	 5 	 5 	 63 	 73 	 83 	 93 	 103
184 	 91 	 0 	 7 	 4 	 9 	 10 	 11 	 12 	 11 	 4 	 9 	 14 	 19 	 24 	 29 	 34 	 39 	 44 	 49 	 54
185 	 92 	 0 	 10 	 4 	 12 	 13 	 14 	 15 	 11 	 59 	 64 	 69 	 74 	 79 	 84 	 89 	 94 	 99 	 104 	 109
186 	 92 	 0 	 3 	 2 	 1 	 2 	 11 	 56 	 61 	 66 	 71 	 76 	 81 	 86 	 91 	 96 	 101 	 106
187 	 92 	 0 	 7 	 4 	 10 	 11 	 12 	 13 	 11 	 55 	 60 	 65 	 70 	 75 	 80 	 85 	 90 	 95 	 100 	 105
188 	 93 	 0 	 5 	 2 	 6 	 7 	 5 	 63 	 73 	 83 	 93 	 103
189 	 94 	 0 	 2 	 2 	 5 	 6 	 6 	 1 	 11 	 21 	 31 	 41 	 51
190 	 94 	 0 	 6 	 2 	 7 	 8 	 6 	 1 	 11 	 21 	 31 	 41 	 51
191 	 94 	 0 	 3 	 2 	 9 	 10 	 6 	 1 	 11 	 21 	 31 	 41 	 51
192 	 94 	 0 	 2 	 2 	 11 	 12 	 6 	 1 	 11 	 21 	 31 	 41 	 51
193 	 94 	 0 	 7 	 2 	 13 	 14 	 6 	 1 	 11 	 21 	 31 	 41 	 51
194 	 95 	 1 	 3 	 2 	 5 	 6 	 6 	 0 	 10 	 20 	 30 	 40 	 50
195 	 96 	 0 	 4 	 2 	 11 	 12 	 5 	 5 	 15 	 25 	 35 	 45
196 	 97 	 0 	 6 	 4 	 14 	 15 	 16 	 17 	 6 	 4 	 14 	 24 	 34 	 44 	 54
197 	 98 	 0 	 5 	 2 	 1 	 2 	 11 	 4 	 9 	 14 	 19 	 24 	 29 	 34 	 39 	 44 	 49 	 54
198 	 98 	 0 	 10 	 2 	 3 	 4 	 11 	 4 	 9 	 14 	 19 	 24 	 29 	 34 	 39 	 44 	 49 	 54
199 	 98 	 0 	 10 	 2 	 5 	 6 	 11 	 4 	 9 	 14 	 19 	 24 	 29 	 34 	 39 	 44 	 49 	 54
200 	 98 	 0 	 5 	 2 	 7 	 8 	 11 	 4 	 9 	 14 	 19 	 24 	 29 	 34 	 39 	 44 	 49 	 54
201 	 98 	 0 	 10 	 2 	 9 	 10 	 11 	 4 	 9 	 14 	 19 	 24 	 29 	 34 	 39 	 44 	 49 	 54
202 	 98 	 0 	 10 	 2 	 11 	 12 	 11 	 4 	 9 	 14 	 19 	 24 	 29 	 34 	 39 	 44 	 49 	 54
203 	 98 	 0 	 3 	 2 	 13 	 14 	 11 	 4 	 9 	 14 	 19 	 24 	 29 	 34 	 39 	 44 	 49 	 54
204 	 98 	 0 	 4 	 2 	 15 	 16 	 11 	 4 	 9 	 14 	 19 	 24 	 29 	 34 	 39 	 44 	 49 	 54
205 	 99 	 0 	 9 	 2 	 8 	 9 	 6 	 1 	 11 	 21 	 31 	 41 	 51
206 	 100 	 0 	 6 	 2 	 7 	 8 	 6 	 2 	 12 	 22 	 32 	 42 	 52
207 	 101 	 0 	 1 	 2 	 4 	 5 	 6 	 59 	 69 	 79 	 89 	 99 	 109
208 	 101 	 0 	 2 	 2 	 6 	 7 	 6 	 59 	 69 	 79 	 89 	 99 	 109
209 	 101 	 0 	 3 	 2 	 8 	 9 	 6 	 59 	 69 	 79 	 89 	 99 	 109
210 	 101 	 0 	 5 	 2 	 10 	 11 	 6 	 59 	 69 	 79 	 89 	 99 	 109
211 	 101 	 0 	 3 	 2 	 12 	 13 	 6 	 59 	 69 	 79 	 89 	 99 	 109
212 	 102 	 0 	 1 	 2 	 6 	 7 	 6 	 59 	 69 	 79 	 89 	 99 	 109
213 	 103 	 0 	 8 	 2 	 0 	 1 	 5 	 9 	 19 	 29 	 39 	 49
214 	 103 	 0 	 8 	 2 	 2 	 3 	 5 	 9 	 19 	 29 	 39 	 49
215 	 103 	 0 	 10 	 2 	 4 	 5 	 5 	 9 	 19 	 29 	 39 	 49
216 	 103 	 0 	 6 	 2 	 6 	 7 	 5 	 9 	 19 	 29 	 39 	 49
217 	 103 	 0 	 7 	 2 	 8 	 9 	 5 	 9 	 19 	 29 	 39 	 49
218 	 103 	 0 	 6 	 2 	 10 	 11 	 5 	 9 	 19 	 29 	 39 	 49
219 	 103 	 0 	 7 	 2 	 12 	 13 	 5 	 9 	 19 	 29 	 39 	 49
220 	 103 	 0 	 10 	 2 	 14 	 15 	 5 	 9 	 19 	 29 	 39 	 49
221 	 104 	 0 	 5 	 4 	 0 	 1 	 2 	 3 	 11 	 3 	 8 	 13 	 18 	 23 	 28 	 33 	 38 	 43 	 48 	 53
222 	 105 	 0 	 10 	 4 	 12 	 13 	 14 	 15 	 5 	 64 	 74 	 84 	 94 	 104
223 	 106 	 1 	 1 	 2 	 12 	 13 	 6 	 57 	 67 	 77 	 87 	 97 	 107
224 	 107 	 0 	 7 	 2 	 8 	 9 	 6 	 55 	 65 	 75 	 85 	 95 	 105
225 	 107 	 0 	 5 	 2 	 10 	 11 	 6 	 59 	 69 	 79 	 89 	 99 	 109
226 	 107 	 0 	 3 	 2 	 6 	 7 	 6 	 56 	 66 	 76 	 86 	 96 	 106
227 	 108 	 0 	 7 	 2 	 16 	 17 	 6 	 59 	 69 	 79 	 89 	 99 	 109
228 	 109 	 0 	 8 	 2 	 12 	 13 	 6 	 57 	 67 	 77 	 87 	 97 	 107
229 	 110 	 0 	 1 	 2 	 0 	 1 	 5 	 8 	 18 	 28 	 38 	 48
230 	 110 	 0 	 4 	 2 	 2 	 3 	 5 	 8 	 18 	 28 	 38 	 48
231 	 110 	 0 	 7 	 2 	 4 	 5 	 5 	 8 	 18 	 28 	 38 	 48
232 	 110 	 0 	 8 	 2 	 6 	 7 	 5 	 8 	 18 	 28 	 38 	 48
233 	 110 	 0 	 7 	 2 	 8 	 9 	 5 	 8 	 18 	 28 	 38 	 48
234 	 110 	 0 	 5 	 2 	 10 	 11 	 5 	 8 	 18 	 28 	 38 	 48
235 	 110 	 0 	 8 	 2 	 12 	 13 	 5 	 8 	 18 	 28 	 38 	 48
236 	 110 	 0 	 2 	 2 	 14 	 15 	 5 	 8 	 18 	 28 	 38 	 48
237 	 110 	 0 	 3 	 2 	 16 	 17 	 5 	 8 	 18 	 28 	 38 	 48
238 	 111 	 0 	 3 	 2 	 0 	 1 	 6 	 55 	 65 	 75 	 85 	 95 	 105
239 	 111 	 0 	 8 	 2 	 2 	 3 	 6 	 55 	 65 	 75 	 85 	 95 	 105
240 	 111 	 0 	 1 	 2 	 4 	 5 	 6 	 55 	 65 	 75 	 85 	 95 	 105
241 	 111 	 0 	 4 	 2 	 6 	 7 	 6 	 55 	 65 	 75 	 85 	 95 	 105
242 	 111 	 0 	 5 	 2 	 8 	 9 	 6 	 55 	 65 	 75 	 85 	 95 	 105
243 	 111 	 0 	 5 	 2 	 10 	 11 	 6 	 55 	 65 	 75 	 85 	 95 	 105
244 	 112 	 0 	 3 	 4 	 6 	 7 	 8 	 9 	 5 	 64 	 74 	 84 	 94 	 104
245 	 113 	 0 	 1 	 2 	 15 	 16 	 11 	 55 	 60 	 65 	 70 	 75 	 80 	 85 	 90 	 95 	 100 	 105
246 	 114 	 0 	 9 	 2 	 5 	 6 	 5 	 7 	 17 	 27 	 37 	 47
247 	 115 	 0 	 8 	 2 	 3 	 4 	 6 	 57 	 67 	 77 	 87 	 97 	 107
248 	 116 	 0 	 2 	 2 	 13 	 14 	 11 	 0 	 5 	 10 	 15 	 20 	 25 	 30 	 35 	 40 	 45 	 50
249 	 117 	 0 	 4 	 2 	 6 	 7 	 11 	 1 	 6 	 11 	 16 	 21 	 26 	 31 	 36 	 41 	 46 	 51
250 	 118 	 0 	 7 	 2 	 3 	 4 	 6 	 59 	 69 	 79 	 89 	 99 	 109
251 	 118 	 0 	 8 	 4 	 7 	 8 	 9 	 10 	 6 	 55 	 65 	 75 	 85 	 95 	 105
252 	 119 	 0 	 1 	 2 	 11 	 12 	 5 	 5 	 15 	 25 	 35 	 45
253 	 120 	 0 	 6 	 2 	 3 	 4 	 11 	 2 	 7 	 12 	 17 	 22 	 27 	 32 	 37 	 42 	 47 	 52
254 	 120 	 0 	 10 	 6 	 2 	 3 	 4 	 5 	 6 	 7 	 11 	 3 	 8 	 13 	 18 	 23 	 28 	 33 	 38 	 43 	 48 	 53
255 	 121 	 0 	 2 	 2 	 15 	 16 	 11 	 2 	 7 	 12 	 17 	 22 	 27 	 32 	 37 	 42 	 47 	 52
256 	 122 	 0 	 1 	 4 	 13 	 14 	 15 	 16 	 6 	 3 	 13 	 23 	 33 	 43 	 53
257 	 123 	 0 	 9 	 2 	 4 	 5 	 6 	 57 	 67 	 77 	 87 	 97 	 107
258 	 124 	 0 	 3 	 2 	 11 	 12 	 5 	 8 	 18 	 28 	 38 	 48
259 	 125 	 0 	 3 	 4 	 10 	 11 	 12 	 13 	 5 	 63 	 73 	 83 	 93 	 103
260 	 125 	 0 	 5 	 2 	 3 	 4 	 5 	 61 	 71 	 81 	 91 	 101
261 	 125 	 0 	 5 	 4 	 8 	 9 	 10 	 11 	 5 	 62 	 72 	 82 	 92 	 102
262 	 126 	 0 	 9 	 2 	 4 	 5 	 11 	 55 	 60 	 65 	 70 	 75 	 80 	 85 	 90 	 95 	 100 	 105
263 	 126 	 0 	 5 	 2 	 3 	 4 	 11 	 59 	 64 	 69 	 74 	 79 	 84 	 89 	 94 	 99 	 104 	 109
264 	 126 	 0 	 3 	 4 	 9 	 10 	 11 	 12 	 11 	 56 	 61 	 66 	 71 	 76 	 81 	 86 	 91 	 96 	 101 	 106
265 	 127 	 0 	 2 	 4 	 14 	 15 	 16 	 17 	 11 	 56 	 61 	 66 	 71 	 76 	 81 	 86 	 91 	 96 	 101 	 106
266 	 128 	 0 	 8 	 2 	 15 	 16 	 5 	 8 	 18 	 28 	 38 	 48
267 	 129 	 0 	 4 	 2 	 10 	 11 	 6 	 59 	 69 	 79 	 89 	 99 	 109
268 	 130 	 0 	 9 	 2 	 4 	 5 	 11 	 57 	 62 	 67 	 72 	 77 	 82 	 87 	 92 	 97 	 102 	 107
269 	 130 	 0 	 5 	 2 	 6 	 7 	 11 	 57 	 62 	 67 	 72 	 77 	 82 	 87 	 92 	 97 	 102 	 107
270 	 130 	 0 	 5 	 2 	 8 	 9 	 11 	 57 	 62 	 67 	 72 	 77 	 82 	 87 	 92 	 97 	 102 	 107
271 	 130 	 0 	 3 	 2 	 10 	 11 	 11 	 57 	 62 	 67 	 72 	 77 	 82 	 87 	 92 	 97 	 102 	 107
272 	 130 	 0 	 9 	 2 	 12 	 13 	 11 	 57 	 62 	 67 	 72 	 77 	 82 	 87 	 92 	 97 	 102 	 107
273 	 130 	 0 	 10 	 2 	 14 	 15 	 11 	 57 	 62 	 67 	 72 	 77 	 82 	 87 	 92 	 97 	 102 	 107
274 	 130 	 0 	 5 	 2 	 16 	 17 	 11 	 57 	 62 	 67 	 72 	 77 	 82 	 87 	 92 	 97 	 102 	 107
275 	 131 	 1 	 5 	 2 	 4 	 5 	 5 	 61 	 71 	 81 	 91 	 101
276 	 131 	 1 	 8 	 2 	 16 	 17 	 5 	 63 	 73 	 83 	 93 	 103
277 	 131 	 1 	 7 	 2 	 5 	 6 	 5 	 64 	 74 	 84 	 94 	 104
278 	 132 	 0 	 6 	 2 	 10 	 11 	 6 	 56 	 66 	 76 	 86 	 96 	 106
279 	 132 	 0 	 6 	 2 	 12 	 13 	 6 	 56 	 66 	 76 	 86 	 96 	 106
280 	 132 	 0 	 3 	 2 	 14 	 15 	 6 	 56 	 66 	 76 	 86 	 96 	 106
281 	 132 	 0 	 6 	 2 	 16 	 17 	 6 	 56 	 66 	 76 	 86 	 96 	 106
282 	 133 	 1 	 1 	 4 	 3 	 4 	 5 	 6 	 5 	 6 	 16 	 26 	 36 	 46
283 	 134 	 0 	 5 	 2 	 8 	 9 	 6 	 58 	 68 	 78 	 88 	 98 	 108
284 	 134 	 0 	 10 	 2 	 10 	 11 	 6 	 58 	 68 	 78 	 88 	 98 	 108
285 	 134 	 0 	 9 	 2 	 12 	 13 	 6 	 58 	 68 	 78 	 88 	 98 	 108
286 	 134 	 0 	 6 	 2 	 14 	 15 	 6 	 58 	 68 	 78 	 88 	 98 	 108
287 	 135 	 0 	 3 	 2 	 7 	 8 	 11 	 58 	 63 	 68 	 73 	 78 	 83 	 88 	 93 	 98 	 103 	 108
288 	 136 	 0 	 1 	 4 	 1 	 2 	 3 	 4 	 6 	 4 	 14 	 24 	 34 	 44 	 54
289 	 137 	 0 	 8 	 2 	 1 	 2 	 11 	 59 	 64 	 69 	 74 	 79 	 84 	 89 	 94 	 99 	 104 	 109
290 	 138 	 0 	 4 	 2 	 15 	 16 	 5 	 7 	 17 	 27 	 37 	 47
291 	 139 	 0 	 3 	 6 	 7 	 8 	 9 	 10 	 11 	 12 	 5 	 62 	 72 	 82 	 92 	 102
292 	 140 	 0 	 6 	 2 	 7 	 8 	 11 	 0 	 5 	 10 	 15 	 20 	 25 	 30 	 35 	 40 	 45 	 50
293 	 140 	 0 	 8 	 2 	 8 	 9 	 11 	 1 	 6 	 11 	 16 	 21 	 26 	 31 	 36 	 41 	 46 	 51
294 	 141 	 0 	 10 	 2 	 4 	 5 	 5 	 5 	 15 	 25 	 35 	 45
295 	 142 	 1 	 9 	 4 	 13 	 14 	 15 	 16 	 11 	 57 	 62 	 67 	 72 	 77 	 82 	 87 	 92 	 97 	 102 	 107
296 	 143 	 0 	 4 	 2 	 16 	 17 	 5 	 5 	 15 	 25 	 35 	 45
297 	 144 	 0 	 5 	 2 	 16 	 17 	 6 	 1 	 11 	 21 	 31 	 41 	 51
298 	 145 	 0 	 10 	 2 	 2 	 3 	 5 	 64 	 74 	 84 	 94 	 104
299 	 145 	 0 	 7 	 2 	 4 	 5 	 5 	 64 	 74 	 84 	 94 	 104
300 	 145 	 0 	 3 	 2 	 6 	 7 	 5 	 64 	 74 	 84 	 94 	 104
301 	 145 	 0 	 4 	 2 	 8 	 9 	 5 	 64 	 74 	 84 	 94 	 104
302 	 145 	 0 	 2 	 2 	 10 	 11 	 5 	 64 	 74 	 84 	 94 	 104
303 	 145 	 0 	 8 	 2 	 12 	 13 	 5 	 64 	 74 	 84 	 94 	 104
304 	 145 	 0 	 7 	 2 	 14 	 15 	 5 	 64 	 74 	 84 	 94 	 104
305 	 145 	 0 	 7 	 2 	 16 	 17 	 5 	 64 	 74 	 84 	 94 	 104
306 	 146 	 0 	 9 	 4 	 10 	 11 	 12 	 13 	 5 	 5 	 15 	 25 	 35 	 45
307 	 147 	 0 	 2 	 4 	 1 	 2 	 3 	 4 	 6 	 56 	 66 	 76 	 86 	 96 	 106
308 	 148 	 0 	 2 	 2 	 14 	 15 	 11 	 1 	 6 	 11 	 16 	 21 	 26 	 31 	 36 	 41 	 46 	 51
309 	 148 	 0 	 8 	 4 	 2 	 3 	 4 	 5 	 11 	 3 	 8 	 13 	 18 	 23 	 28 	 33 	 38 	 43 	 48 	 53
310 	 149 	 0 	 10 	 6 	 11 	 12 	 13 	 14 	 15 	 16 	 6 	 59 	 69 	 79 	 89 	 99 	 109
311 	 149 	 0 	 2 	 2 	 6 	 7 	 6 	 55 	 65 	 75 	 85 	 95 	 105
312 	 150 	 0 	 4 	 4 	 8 	 9 	 10 	 11 	 6 	 56 	 66 	 76 	 86 	 96 	 106
313 	 150 	 0 	 4 	 2 	 13 	 14 	 6 	 59 	 69 	 79 	 89 	 99 	 109
314 	 151 	 0 	 1 	 2 	 6 	 7 	 11 	 57 	 62 	 67 	 72 	 77 	 82 	 87 	 92 	 97 	 102 	 107
315 	 152 	 0 	 7 	 4 	 8 	 9 	 10 	 11 	 11 	 1 	 6 	 11 	 16 	 21 	 26 	 31 	 36 	 41 	 46 	 51
316 	 153 	 0 	 3 	 2 	 3 	 4 	 6 	 2 	 12 	 22 	 32 	 42 	 52
317 	 154 	 0 	 8 	 2 	 13 	 14 	 6 	 2 	 12 	 22 	 32 	 42 	 52
318 	 155 	 0 	 6 	 2 	 1 	 2 	 5 	 6 	 16 	 26 	 36 	 46
319 	 156 	 0 	 6 	 4 	 1 	 2 	 3 	 4 	 5 	 60 	 70 	 80 	 90 	 100
320 	 157 	 0 	 1 	 2 	 16 	 17 	 11 	 3 	 8 	 13 	 18 	 23 	 28 	 33 	 38 	 43 	 48 	 53
321 	 158 	 0 	 5 	 2 	 0 	 1 	 5 	 7 	 17 	 27 	 37 	 47
322 	 158 	 0 	 1 	 2 	 2 	 3 	 5 	 7 	 17 	 27 	 37 	 47
323 	 158 	 0 	 6 	 2 	 4 	 5 	 5 	 7 	 17 	 27 	 37 	 47
324 	 158 	 0 	 10 	 2 	 6 	 7 	 5 	 7 	 17 	 27 	 37 	 47
325 	 159 	 0 	 10 	 2 	 14 	 15 	 11 	 4 	 9 	 14 	 19 	 24 	 29 	 34 	 39 	 44 	 49 	 54
326 	 160 	 0 	 4 	 2 	 1 	 2 	 5 	 64 	 74 	 84 	 94 	 104
327 	 161 	 0 	 2 	 2 	 7 	 8 	 6 	 57 	 67 	 77 	 87 	 97 	 107
328 	 162 	 0 	 2 	 2 	 9 	 10 	 6 	 58 	 68 	 78 	 88 	 98 	 108
329 	 163 	 0 	 7 	 2 	 3 	 4 	 5 	 8 	 18 	 28 	 38 	 48
330 	 163 	 0 	 10 	 2 	 5 	 6 	 5 	 5 	 15 	 25 	 35 	 45
331 	 164 	 0 	 8 	 2 	 6 	 7 	 5 	 62 	 72 	 82 	 92 	 102
332 	 164 	 0 	 8 	 2 	 8 	 9 	 5 	 62 	 72 	 82 	 92 	 102
333 	 164 	 0 	 7 	 2 	 10 	 11 	 5 	 62 	 72 	 82 	 92 	 102
334 	 164 	 0 	 4 	 2 	 12 	 13 	 5 	 62 	 72 	 82 	 92 	 102
335 	 164 	 0 	 10 	 2 	 14 	 15 	 5 	 62 	 72 	 82 	 92 	 102
336 	 164 	 0 	 7 	 2 	 16 	 17 	 5 	 62 	 72 	 82 	 92 	 102
337 	 165 	 0 	 2 	 2 	 12 	 13 	 11 	 58 	 63 	 68 	 73 	 78 	 83 	 88 	 93 	 98 	 103 	 108
338 	 166 	 0 	 7 	 4 	 14 	 15 	 16 	 17 	 11 	 0 	 5 	 10 	 15 	 20 	 25 	 30 	 35 	 40 	 45 	 50
339 	 167 	 0 	 8 	 2 	 12 	 13 	 6 	 2 	 12 	 22 	 32 	 42 	 52
340 	 168 	 0 	 10 	 4 	 13 	 14 	 15 	 16 	 5 	 6 	 16 	 26 	 36 	 46
341 	 169 	 0 	 2 	 2 	 7 	 8 	 6 	 59 	 69 	 79 	 89 	 99 	 109
342 	 170 	 0 	 1 	 2 	 7 	 8 	 6 	 1 	 11 	 21 	 31 	 41 	 51
343 	 170 	 0 	 7 	 2 	 9 	 10 	 6 	 3 	 13 	 23 	 33 	 43 	 53
344 	 171 	 0 	 9 	 2 	 1 	 2 	 11 	 55 	 60 	 65 	 70 	 75 	 80 	 85 	 90 	 95 	 100 	 105
345 	 172 	 0 	 2 	 4 	 2 	 3 	 4 	 5 	 11 	 2 	 7 	 12 	 17 	 22 	 27 	 32 	 37 	 42 	 47 	 52
346 	 173 	 0 	 10 	 4 	 6 	 7 	 8 	 9 	 11 	 58 	 63 	 68 	 73 	 78 	 83 	 88 	 93 	 98 	 103 	 108
347 	 173 	 0 	 6 	 2 	 16 	 17 	 11 	 55 	 60 	 65 	 70 	 75 	 80 	 85 	 90 	 95 	 100 	 105
348 	 174 	 0 	 5 	 2 	 11 	 12 	 5 	 5 	 15 	 25 	 35 	 45
349 	 174 	 0 	 5 	 4 	 6 	 7 	 8 	 9 	 5 	 7 	 17 	 27 	 37 	 47
350 	 175 	 0 	 5 	 2 	 13 	 14 	 11 	 4 	 9 	 14 	 19 	 24 	 29 	 34 	 39 	 44 	 49 	 54
351 	 176 	 0 	 5 	 4 	 8 	 9 	 10 	 11 	 5 	 61 	 71 	 81 	 91 	 101
352 	 177 	 0 	 9 	 2 	 3 	 4 	 6 	 55 	 65 	 75 	 85 	 95 	 105
353 	 178 	 1 	 1 	 2 	 6 	 7 	 5 	 64 	 74 	 84 	 94 	 104
354 	 179 	 0 	 1 	 2 	 15 	 16 	 5 	 6 	 16 	 26 	 36 	 46
355 	 179 	 0 	 7 	 2 	 3 	 4 	 5 	 8 	 18 	 28 	 38 	 48
356 	 179 	 0 	 9 	 2 	 2 	 3 	 5 	 5 	 15 	 25 	 35 	 45
357 	 180 	 0 	 8 	 2 	 0 	 1 	 6 	 4 	 14 	 24 	 34 	 44 	 54
358 	 181 	 0 	 10 	 2 	 8 	 9 	 11 	 55 	 60 	 65 	 70 	 75 	 80 	 85 	 90 	 95 	 100 	 105
359 	 182 	 0 	 2 	 2 	 12 	 13 	 5 	 64 	 74 	 84 	 94 	 104
360 	 183 	 0 	 2 	 2 	 0 	 1 	 5 	 64 	 74 	 84 	 94 	 104
361 	 183 	 0 	 5 	 2 	 2 	 3 	 5 	 64 	 74 	 84 	 94 	 104
362 	 183 	 0 	 5 	 2 	 4 	 5 	 5 	 64 	 74 	 84 	 94 	 104
363 	 183 	 0 	 6 	 2 	 6 	 7 	 5 	 64 	 74 	 84 	 94 	 104
364 	 183 	 0 	 8 	 2 	 8 	 9 	 5 	 64 	 74 	 84 	 94 	 104
365 	 183 	 0 	 10 	 2 	 10 	 11 	 5 	 64 	 74 	 84 	 94 	 104
366 	 183 	 0 	 8 	 2 	 12 	 13 	 5 	 64 	 74 	 84 	 94 	 104
367 	 183 	 0 	 9 	 2 	 14 	 15 	 5 	 64 	 74 	 84 	 94 	 104
368 	 183 	 0 	 1 	 2 	 16 	 17 	 5 	 64 	 74 	 84 	 94 	 104
369 	 184 	 0 	 5 	 2 	 14 	 15 	 11 	 3 	 8 	 13 	 18 	 23 	 28 	 33 	 38 	 43 	 48 	 53
370 	 185 	 0 	 5 	 2 	 2 	 3 	 11 	 2 	 7 	 12 	 17 	 22 	 27 	 32 	 37 	 42 	 47 	 52
371 	 185 	 0 	 7 	 2 	 11 	 12 	 11 	 4 	 9 	 14 	 19 	 24 	 29 	 34 	 39 	 44 	 49 	 54
372 	 185 	 0 	 7 	 2 	 8 	 9 	 11 	 3 	 8 	 13 	 18 	 23 	 28 	 33 	 38 	 43 	 48 	 53
373 	 186 	 0 	 2 	 2 	 9 	 10 	 6 	 56 	 66 	 76 	 86 	 96 	 106
374 	 187 	 0 	 9 	 2 	 9 	 10 	 11 	 3 	 8 	 13 	 18 	 23 	 28 	 33 	 38 	 43 	 48 	 53
375 	 188 	 0 	 5 	 2 	 7 	 8 	 5 	 7 	 17 	 27 	 37 	 47
376 	 188 	 0 	 9 	 2 	 11 	 12 	 5 	 9 	 19 	 29 	 39 	 49
377 	 188 	 0 	 7 	 4 	 2 	 3 	 4 	 5 	 5 	 6 	 16 	 26 	 36 	 46
378 	 189 	 0 	 1 	 2 	 4 	 5 	 5 	 62 	 72 	 82 	 92 	 102
379 	 189 	 0 	 6 	 2 	 6 	 7 	 5 	 62 	 72 	 82 	 92 	 102
380 	 189 	 0 	 6 	 2 	 8 	 9 	 5 	 62 	 72 	 82 	 92 	 102
381 	 189 	 0 	 8 	 2 	 10 	 11 	 5 	 62 	 72 	 82 	 92 	 102
382 	 189 	 0 	 8 	 2 	 12 	 13 	 5 	 62 	 72 	 82 	 92 	 102
383 	 190 	 0 	 7 	 2 	 0 	 1 	 6 	 1 	 11 	 21 	 31 	 41 	 51
384 	 190 	 0 	 4 	 2 	 2 	 3 	 6 	 1 	 11 	 21 	 31 	 41 	 51
385 	 190 	 0 	 6 	 2 	 4 	 5 	 6 	 1 	 11 	 21 	 31 	 41 	 51
386 	 190 	 0 	 3 	 2 	 6 	 7 	 6 	 1 	 11 	 21 	 31 	 41 	 51
387 	 190 	 0 	 5 	 2 	 8 	 9 	 6 	 1 	 11 	 21 	 31 	 41 	 51
388 	 190 	 0 	 8 	 2 	 10 	 11 	 6 	 1 	 11 	 21 	 31 	 41 	 51
389 	 191 	 0 	 4 	 4 	 3 	 4 	 5 	 6 	 5 	 60 	 70 	 80 	 90 	 100
390 	 192 	 0 	 7 	 2 	 12 	 13 	 6 	 4 	 14 	 24 	 34 	 44 	 54
391 	 193 	 0 	 5 	 2 	 11 	 12 	 5 	 63 	 73 	 83 	 93 	 103
392 	 194 	 0 	 1 	 2 	 9 	 10 	 5 	 6 	 16 	 26 	 36 	 46
393 	 195 	 0 	 6 	 2 	 0 	 1 	 11 	 55 	 60 	 65 	 70 	 75 	 80 	 85 	 90 	 95 	 100 	 105
394 	 196 	 0 	 8 	 2 	 5 	 6 	 11 	 58 	 63 	 68 	 73 	 78 	 83 	 88 	 93 	 98 	 103 	 108
395 	 197 	 0 	 1 	 2 	 2 	 3 	 6 	 2 	 12 	 22 	 32 	 42 	 52
396 	 198 	 0 	 3 	 2 	 7 	 8 	 11 	 59 	 64 	 69 	 74 	 79 	 84 	 89 	 94 	 99 	 104 	 109
397 	 199 	 0 	 9 	 2 	 1 	 2 	 6 	 1 	 11 	 21 	 31 	 41 	 51
398 	 199 	 0 	 6 	 2 	 3 	 4 	 6 	 1 	 11 	 21 	 31 	 41 	 51
399 	 199 	 0 	 8 	 2 	 5 	 6 	 6 	 1 	 11 	 21 	 31 	 41 	 51
400 	 199 	 0 	 4 	 2 	 7 	 8 	 6 	 1 	 11 	 21 	 31 	 41 	 51
401 	 199 	 0 	 4 	 2 	 9 	 10 	 6 	 1 	 11 	 21 	 31 	 41 	 51
402 	 199 	 0 	 2 	 2 	 11 	 12 	 6 	 1 	 11 	 21 	 31 	 41 	 51
403 	 199 	 0 	 7 	 2 	 13 	 14 	 6 	 1 	 11 	 21 	 31 	 41 	 51
404 	 199 	 0 	 7 	 2 	 15 	 16 	 6 	 1 	 11 	 21 	 31 	 41 	 51
405 	 200 	 0 	 7 	 2 	 10 	 11 	 11 	 57 	 62 	 67 	 72 	 77 	 82 	 87 	 92 	 97 	 102 	 107
406 	 201 	 0 	 6 	 2 	 13 	 14 	 5 	 9 	 19 	 29 	 39 	 49
407 	 202 	 0 	 8 	 2 	 10 	 11 	 6 	 55 	 65 	 75 	 85 	 95 	 105
408 	 202 	 0 	 10 	 2 	 12 	 13 	 6 	 55 	 65 	 75 	 85 	 95 	 105
409 	 202 	 0 	 6 	 2 	 14 	 15 	 6 	 55 	 65 	 75 	 85 	 95 	 105
410 	 202 	 0 	 4 	 2 	 16 	 17 	 6 	 55 	 65 	 75 	 85 	 95 	 105
411 	 203 	 0 	 5 	 2 	 0 	 1 	 11 	 4 	 9 	 14 	 19 	 24 	 29 	 34 	 39 	 44 	 49 	 54
412 	 204 	 0 	 2 	 2 	 13 	 14 	 6 	 59 	 69 	 79 	 89 	 99 	 109
413 	 205 	 0 	 8 	 2 	 4 	 5 	 11 	 58 	 63 	 68 	 73 	 78 	 83 	 88 	 93 	 98 	 103 	 108
414 	 205 	 0 	 7 	 2 	 6 	 7 	 11 	 58 	 63 	 68 	 73 	 78 	 83 	 88 	 93 	 98 	 103 	 108
415 	 205 	 0 	 5 	 2 	 8 	 9 	 11 	 58 	 63 	 68 	 73 	 78 	 83 	 88 	 93 	 98 	 103 	 108
416 	 205 	 0 	 5 	 2 	 10 	 11 	 11 	 58 	 63 	 68 	 73 	 78 	 83 	 88 	 93 	 98 	 103 	 108
417 	 205 	 0 	 7 	 2 	 12 	 13 	 11 	 58 	 63 	 68 	 73 	 78 	 83 	 88 	 93 	 98 	 103 	 108
418 	 205 	 0 	 9 	 2 	 14 	 15 	 11 	 58 	 63 	 68 	 73 	 78 	 83 	 88 	 93 	 98 	 103 	 108
419 	 205 	 0 	 2 	 2 	 16 	 17 	 11 	 58 	 63 	 68 	 73 	 78 	 83 	 88 	 93 	 98 	 103 	 108
420 	 206 	 0 	 5 	 2 	 15 	 16 	 11 	 0 	 5 	 10 	 15 	 20 	 25 	 30 	 35 	 40 	 45 	 50
421 	 207 	 0 	 4 	 2 	 5 	 6 	 11 	 59 	 64 	 69 	 74 	 79 	 84 	 89 	 94 	 99 	 104 	 109
422 	 208 	 0 	 6 	 2 	 7 	 8 	 6 	 3 	 13 	 23 	 33 	 43 	 53
423 	 209 	 0 	 2 	 2 	 3 	 4 	 5 	 7 	 17 	 27 	 37 	 47
424 	 210 	 0 	 4 	 2 	 5 	 6 	 5 	 61 	 71 	 81 	 91 	 101
425 	 211 	 0 	 1 	 2 	 5 	 6 	 11 	 56 	 61 	 66 	 71 	 76 	 81 	 86 	 91 	 96 	 101 	 106
426 	 211 	 0 	 4 	 2 	 7 	 8 	 11 	 56 	 61 	 66 	 71 	 76 	 81 	 86 	 91 	 96 	 101 	 106
427 	 211 	 0 	 6 	 2 	 9 	 10 	 11 	 56 	 61 	 66 	 71 	 76 	 81 	 86 	 91 	 96 	 101 	 106
428 	 211 	 0 	 10 	 2 	 11 	 12 	 11 	 56 	 61 	 66 	 71 	 76 	 81 	 86 	 91 	 96 	 101 	 106
429 	 211 	 0 	 9 	 2 	 13 	 14 	 11 	 56 	 61 	 66 	 71 	 76 	 81 	 86 	 91 	 96 	 101 	 106
430 	 212 	 0 	 1 	 4 	 12 	 13 	 14 	 15 	 6 	 56 	 66 	 76 	 86 	 96 	 106
431 	 213 	 0 	 5 	 2 	 6 	 7 	 5 	 6 	 16 	 26 	 36 	 46
432 	 213 	 0 	 3 	 2 	 9 	 10 	 5 	 9 	 19 	 29 	 39 	 49
433 	 214 	 0 	 5 	 4 	 12 	 13 	 14 	 15 	 11 	 1 	 6 	 11 	 16 	 21 	 26 	 31 	 36 	 41 	 46 	 51
434 	 215 	 0 	 7 	 2 	 9 	 10 	 11 	 0 	 5 	 10 	 15 	 20 	 25 	 30 	 35 	 40 	 45 	 50
435 	 216 	 0 	 8 	 2 	 9 	 10 	 11 	 58 	 63 	 68 	 73 	 78 	 83 	 88 	 93 	 98 	 103 	 108
436 	 217 	 0 	 9 	 2 	 8 	 9 	 5 	 61 	 71 	 81 	 91 	 101
437 	 218 	 0 	 5 	 2 	 9 	 10 	 11 	 0 	 5 	 10 	 15 	 20 	 25 	 30 	 35 	 40 	 45 	 50
438 	 219 	 0 	 3 	 2 	 0 	 1 	 11 	 58 	 63 	 68 	 73 	 78 	 83 	 88 	 93 	 98 	 103 	 108
439 	 219 	 0 	 7 	 2 	 2 	 3 	 11 	 58 	 63 	 68 	 73 	 78 	 83 	 88 	 93 	 98 	 103 	 108
440 	 219 	 0 	 10 	 2 	 4 	 5 	 11 	 58 	 63 	 68 	 73 	 78 	 83 	 88 	 93 	 98 	 103 	 108
441 	 219 	 0 	 2 	 2 	 6 	 7 	 11 	 58 	 63 	 68 	 73 	 78 	 83 	 88 	 93 	 98 	 103 	 108
442 	 219 	 0 	 3 	 2 	 8 	 9 	 11 	 58 	 63 	 68 	 73 	 78 	 83 	 88 	 93 	 98 	 103 	 108
443 	 219 	 0 	 9 	 2 	 10 	 11 	 11 	 58 	 63 	 68 	 73 	 78 	 83 	 88 	 93 	 98 	 103 	 108
444 	 219 	 0 	 2 	 2 	 12 	 13 	 11 	 58 	 63 	 68 	 73 	 78 	 83 	 88 	 93 	 98 	 103 	 108
445 	 219 	 0 	 8 	 2 	 14 	 15 	 11 	 58 	 63 	 68 	 73 	 78 	 83 	 88 	 93 	 98 	 103 	 108
446 	 219 	 0 	 8 	 2 	 16 	 17 	 11 	 58 	 63 	 68 	 73 	 78 	 83 	 88 	 93 	 98 	 103 	 108
447 	 220 	 0 	 10 	 2 	 7 	 8 	 6 	 57 	 67 	 77 	 87 	 97 	 107
448 	 220 	 0 	 5 	 4 	 12 	 13 	 14 	 15 	 6 	 56 	 66 	 76 	 86 	 96 	 106
449 	 221 	 0 	 8 	 2 	 12 	 13 	 5 	 60 	 70 	 80 	 90 	 100
450 	 222 	 0 	 5 	 2 	 11 	 12 	 11 	 0 	 5 	 10 	 15 	 20 	 25 	 30 	 35 	 40 	 45 	 50
451 	 222 	 0 	 8 	 2 	 16 	 17 	 11 	 1 	 6 	 11 	 16 	 21 	 26 	 31 	 36 	 41 	 46 	 51
452 	 223 	 0 	 6 	 4 	 4 	 5 	 6 	 7 	 11 	 2 	 7 	 12 	 17 	 22 	 27 	 32 	 37 	 42 	 47 	 52
453 	 223 	 0 	 4 	 2 	 10 	 11 	 11 	 3 	 8 	 13 	 18 	 23 	 28 	 33 	 38 	 43 	 48 	 53
454 	 223 	 0 	 4 	 2 	 13 	 14 	 11 	 4 	 9 	 14 	 19 	 24 	 29 	 34 	 39 	 44 	 49 	 54
455 	 224 	 0 	 2 	 2 	 9 	 10 	 11 	 1 	 6 	 11 	 16 	 21 	 26 	 31 	 36 	 41 	 46 	 51
456 	 225 	 0 	 3 	 2 	 9 	 10 	 11 	 3 	 8 	 13 	 18 	 23 	 28 	 33 	 38 	 43 	 48 	 53
457 	 226 	 0 	 6 	 2 	 4 	 5 	 5 	 60 	 70 	 80 	 90 	 100
458 	 227 	 0 	 8 	 2 	 12 	 13 	 11 	 1 	 6 	 11 	 16 	 21 	 26 	 31 	 36 	 41 	 46 	 51
459 	 228 	 0 	 3 	 2 	 4 	 5 	 5 	 8 	 18 	 28 	 38 	 48
460 	 228 	 0 	 2 	 2 	 9 	 10 	 5 	 7 	 17 	 27 	 37 	 47
461 	 229 	 0 	 2 	 2 	 3 	 4 	 11 	 4 	 9 	 14 	 19 	 24 	 29 	 34 	 39 	 44 	 49 	 54
462 	 230 	 0 	 9 	 2 	 14 	 15 	 11 	 0 	 5 	 10 	 15 	 20 	 25 	 30 	 35 	 40 	 45 	 50
463 	 231 	 0 	 6 	 2 	 9 	 10 	 11 	 1 	 6 	 11 	 16 	 21 	 26 	 31 	 36 	 41 	 46 	 51
464 	 231 	 0 	 6 	 4 	 8 	 9 	 10 	 11 	 11 	 2 	 7 	 12 	 17 	 22 	 27 	 32 	 37 	 42 	 47 	 52
465 	 232 	 0 	 3 	 2 	 6 	 7 	 5 	 61 	 71 	 81 	 91 	 101
466 	 233 	 0 	 7 	 4 	 11 	 12 	 13 	 14 	 5 	 60 	 70 	 80 	 90 	 100
467 	 234 	 0 	 8 	 2 	 10 	 11 	 5 	 64 	 74 	 84 	 94 	 104
468 	 235 	 0 	 8 	 2 	 8 	 9 	 6 	 2 	 12 	 22 	 32 	 42 	 52
469 	 235 	 0 	 2 	 2 	 10 	 11 	 6 	 2 	 12 	 22 	 32 	 42 	 52
470 	 235 	 0 	 4 	 2 	 12 	 13 	 6 	 2 	 12 	 22 	 32 	 42 	 52
471 	 235 	 0 	 1 	 2 	 14 	 15 	 6 	 2 	 12 	 22 	 32 	 42 	 52
472 	 235 	 0 	 4 	 2 	 16 	 17 	 6 	 2 	 12 	 22 	 32 	 42 	 52
473 	 236 	 0 	 5 	 2 	 14 	 15 	 6 	 55 	 65 	 75 	 85 	 95 	 105
474 	 236 	 0 	 6 	 2 	 15 	 16 	 6 	 59 	 69 	 79 	 89 	 99 	 109
475 	 237 	 0 	 2 	 2 	 10 	 11 	 5 	 8 	 18 	 28 	 38 	 48
476 	 237 	 0 	 4 	 2 	 15 	 16 	 5 	 9 	 19 	 29 	 39 	 49
477 	 238 	 0 	 7 	 2 	 12 	 13 	 11 	 55 	 60 	 65 	 70 	 75 	 80 	 85 	 90 	 95 	 100 	 105
478 	 239 	 0 	 2 	 4 	 8 	 9 	 10 	 11 	 6 	 56 	 66 	 76 	 86 	 96 	 106
479 	 240 	 0 	 4 	 2 	 1 	 2 	 6 	 2 	 12 	 22 	 32 	 42 	 52
480 	 241 	 0 	 4 	 2 	 3 	 4 	 6 	 57 	 67 	 77 	 87 	 97 	 107
481 	 242 	 0 	 7 	 2 	 2 	 3 	 6 	 4 	 14 	 24 	 34 	 44 	 54
482 	 242 	 0 	 4 	 2 	 4 	 5 	 6 	 4 	 14 	 24 	 34 	 44 	 54
483 	 242 	 0 	 3 	 2 	 6 	 7 	 6 	 4 	 14 	 24 	 34 	 44 	 54
484 	 242 	 0 	 3 	 2 	 8 	 9 	 6 	 4 	 14 	 24 	 34 	 44 	 54
485 	 242 	 0 	 4 	 2 	 10 	 11 	 6 	 4 	 14 	 24 	 34 	 44 	 54
486 	 242 	 0 	 1 	 2 	 12 	 13 	 6 	 4 	 14 	 24 	 34 	 44 	 54
487 	 242 	 0 	 9 	 2 	 14 	 15 	 6 	 4 	 14 	 24 	 34 	 44 	 54
488 	 242 	 0 	 8 	 2 	 16 	 17 	 6 	 4 	 14 	 24 	 34 	 44 	 54
489 	 243 	 0 	 3 	 2 	 15 	 16 	 6 	 4 	 14 	 24 	 34 	 44 	 54
490 	 244 	 0 	 6 	 2 	 2 	 3 	 6 	 3 	 13 	 23 	 33 	 43 	 53
491 	 244 	 0 	 8 	 2 	 4 	 5 	 6 	 3 	 13 	 23 	 33 	 43 	 53
492 	 244 	 0 	 9 	 2 	 6 	 7 	 6 	 3 	 13 	 23 	 33 	 43 	 53
493 	 244 	 0 	 4 	 2 	 8 	 9 	 6 	 3 	 13 	 23 	 33 	 43 	 53
494 	 244 	 0 	 6 	 2 	 10 	 11 	 6 	 3 	 13 	 23 	 33 	 43 	 53
495 	 244 	 0 	 8 	 2 	 12 	 13 	 6 	 3 	 13 	 23 	 33 	 43 	 53
496 	 244 	 0 	 2 	 2 	 14 	 15 	 6 	 3 	 13 	 23 	 33 	 43 	 53
497 	 244 	 0 	 9 	 2 	 16 	 17 	 6 	 3 	 13 	 23 	 33 	 43 	 53
498 	 245 	 0 	 8 	 2 	 4 	 5 	 5 	 61 	 71 	 81 	 91 	 101
499 	 246 	 0 	 8 	 4 	 7 	 8 	 9 	 10 	 11 	 3 	 8 	 13 	 18 	 23 	 28 	 33 	 38 	 43 	 48 	 53
500 	 246 	 0 	 6 	 2 	 12 	 13 	 11 	 2 	 7 	 12 	 17 	 22 	 27 	 32 	 37 	 42 	 47 	 52
501 	 246 	 0 	 2 	 4 	 13 	 14 	 15 	 16 	 11 	 4 	 9 	 14 	 19 	 24 	 29 	 34 	 39 	 44 	 49 	 54
502 	 247 	 0 	 1 	 2 	 7 	 8 	 6 	 59 	 69 	 79 	 89 	 99 	 109
503 	 247 	 0 	 6 	 2 	 1 	 2 	 6 	 58 	 68 	 78 	 88 	 98 	 108
504 	 247 	 0 	 8 	 4 	 14 	 15 	 16 	 17 	 6 	 55 	 65 	 75 	 85 	 95 	 105
505 	 248 	 0 	 9 	 4 	 1 	 2 	 3 	 4 	 11 	 56 	 61 	 66 	 71 	 76 	 81 	 86 	 91 	 96 	 101 	 106
506 	 248 	 0 	 6 	 2 	 10 	 11 	 11 	 59 	 64 	 69 	 74 	 79 	 84 	 89 	 94 	 99 	 104 	 109
507 	 248 	 0 	 9 	 2 	 10 	 11 	 11 	 58 	 63 	 68 	 73 	 78 	 83 	 88 	 93 	 98 	 103 	 108
508 	 249 	 0 	 6 	 4 	 10 	 11 	 12 	 13 	 6 	 2 	 12 	 22 	 32 	 42 	 52
509 	 249 	 0 	 7 	 2 	 12 	 13 	 6 	 3 	 13 	 23 	 33 	 43 	 53
510 	 249 	 0 	 1 	 2 	 13 	 14 	 6 	 4 	 14 	 24 	 34 	 44 	 54
511 	 250 	 0 	 6 	 2 	 8 	 9 	 11 	 3 	 8 	 13 	 18 	 23 	 28 	 33 	 38 	 43 	 48 	 53
512 	 251 	 0 	 10 	 2 	 3 	 4 	 6 	 3 	 13 	 23 	 33 	 43 	 53
513 	 251 	 0 	 10 	 2 	 12 	 13 	 6 	 1 	 11 	 21 	 31 	 41 	 51
514 	 252 	 1 	 4 	 2 	 0 	 1 	 11 	 1 	 6 	 11 	 16 	 21 	 26 	 31 	 36 	 41 	 46 	 51
515 	 252 	 1 	 9 	 2 	 2 	 3 	 11 	 1 	 6 	 11 	 16 	 21 	 26 	 31 	 36 	 41 	 46 	 51
516 	 252 	 1 	 8 	 2 	 4 	 5 	 11 	 1 	 6 	 11 	 16 	 21 	 26 	 31 	 36 	 41 	 46 	 51
517 	 252 	 1 	 3 	 2 	 6 	 7 	 11 	 1 	 6 	 11 	 16 	 21 	 26 	 31 	 36 	 41 	 46 	 51
518 	 252 	 1 	 10 	 2 	 8 	 9 	 11 	 1 	 6 	 11 	 16 	 21 	 26 	 31 	 36 	 41 	 46 	 51
519 	 252 	 1 	 3 	 2 	 10 	 11 	 11 	 1 	 6 	 11 	 16 	 21 	 26 	 31 	 36 	 41 	 46 	 51
520 	 252 	 1 	 3 	 2 	 12 	 13 	 11 	 1 	 6 	 11 	 16 	 21 	 26 	 31 	 36 	 41 	 46 	 51
521 	 252 	 1 	 8 	 2 	 14 	 15 	 11 	 1 	 6 	 11 	 16 	 21 	 26 	 31 	 36 	 41 	 46 	 51
522 	 253 	 0 	 10 	 4 	 3 	 4 	 5 	 6 	 6 	 0 	 10 	 20 	 30 	 40 	 50
523 	 254 	 0 	 9 	 4 	 2 	 3 	 4 	 5 	 5 	 64 	 74 	 84 	 94 	 104
524 	 255 	 0 	 7 	 2 	 0 	 1 	 5 	 5 	 15 	 25 	 35 	 45
525 	 256 	 0 	 8 	 2 	 10 	 11 	 6 	 55 	 65 	 75 	 85 	 95 	 105
526 	 256 	 0 	 1 	 2 	 8 	 9 	 6 	 58 	 68 	 78 	 88 	 98 	 108
527 	 256 	 0 	 6 	 2 	 5 	 6 	 6 	 56 	 66 	 76 	 86 	 96 	 106
528 	 257 	 0 	 1 	 2 	 2 	 3 	 5 	 60 	 70 	 80 	 90 	 100
529 	 257 	 0 	 8 	 2 	 4 	 5 	 5 	 60 	 70 	 80 	 90 	 100
530 	 257 	 0 	 3 	 2 	 6 	 7 	 5 	 60 	 70 	 80 	 90 	 100
531 	 257 	 0 	 10 	 2 	 8 	 9 	 5 	 60 	 70 	 80 	 90 	 100
532 	 257 	 0 	 4 	 2 	 10 	 11 	 5 	 60 	 70 	 80 	 90 	 100
533 	 258 	 0 	 4 	 2 	 3 	 4 	 5 	 5 	 15 	 25 	 35 	 45
534 	 258 	 0 	 5 	 2 	 5 	 6 	 5 	 9 	 19 	 29 	 39 	 49
535 	 259 	 0 	 10 	 2 	 13 	 14 	 5 	 7 	 17 	 27 	 37 	 47
536 	 260 	 0 	 7 	 2 	 4 	 5 	 11 	 2 	 7 	 12 	 17 	 22 	 27 	 32 	 37 	 42 	 47 	 52
537 	 260 	 0 	 4 	 2 	 15 	 16 	 11 	 0 	 5 	 10 	 15 	 20 	 25 	 30 	 35 	 40 	 45 	 50
538 	 260 	 0 	 10 	 2 	 3 	 4 	 11 	 1 	 6 	 11 	 16 	 21 	 26 	 31 	 36 	 41 	 46 	 51
539 	 261 	 0 	 9 	 2 	 16 	 17 	 6 	 58 	 68 	 78 	 88 	 98 	 108
540 	 262 	 0 	 8 	 2 	 12 	 13 	 6 	 2 	 12 	 22 	 32 	 42 	 52
541 	 263 	 0 	 6 	 2 	 8 	 9 	 5 	 9 	 19 	 29 	 39 	 49
542 	 264 	 0 	 2 	 4 	 0 	 1 	 2 	 3 	 11 	 3 	 8 	 13 	 18 	 23 	 28 	 33 	 38 	 43 	 48 	 53
543 	 264 	 0 	 6 	 2 	 4 	 5 	 11 	 0 	 5 	 10 	 15 	 20 	 25 	 30 	 35 	 40 	 45 	 50
544 	 264 	 0 	 9 	 2 	 0 	 1 	 11 	 1 	 6 	 11 	 16 	 21 	 26 	 31 	 36 	 41 	 46 	 51
545 	 265 	 0 	 6 	 2 	 1 	 2 	 11 	 2 	 7 	 12 	 17 	 22 	 27 	 32 	 37 	 42 	 47 	 52
546 	 266 	 0 	 5 	 2 	 0 	 1 	 5 	 8 	 18 	 28 	 38 	 48
547 	 266 	 0 	 9 	 2 	 2 	 3 	 5 	 8 	 18 	 28 	 38 	 48
548 	 266 	 0 	 2 	 2 	 4 	 5 	 5 	 8 	 18 	 28 	 38 	 48
549 	 266 	 0 	 7 	 2 	 6 	 7 	 5 	 8 	 18 	 28 	 38 	 48
550 	 266 	 0 	 6 	 2 	 8 	 9 	 5 	 8 	 18 	 28 	 38 	 48
551 	 266 	 0 	 10 	 2 	 10 	 11 	 5 	 8 	 18 	 28 	 38 	 48
552 	 267 	 1 	 4 	 2 	 13 	 14 	 6 	 4 	 14 	 24 	 34 	 44 	 54
553 	 268 	 0 	 5 	 2 	 13 	 14 	 6 	 4 	 14 	 24 	 34 	 44 	 54
554 	 269 	 0 	 6 	 2 	 9 	 10 	 11 	 59 	 64 	 69 	 74 	 79 	 84 	 89 	 94 	 99 	 104 	 109
555 	 270 	 0 	 4 	 4 	 7 	 8 	 9 	 10 	 11 	 58 	 63 	 68 	 73 	 78 	 83 	 88 	 93 	 98 	 103 	 108
556 	 270 	 0 	 4 	 2 	 14 	 15 	 11 	 56 	 61 	 66 	 71 	 76 	 81 	 86 	 91 	 96 	 101 	 106
557 	 270 	 0 	 3 	 2 	 3 	 4 	 11 	 57 	 62 	 67 	 72 	 77 	 82 	 87 	 92 	 97 	 102 	 107
558 	 271 	 0 	 5 	 2 	 14 	 15 	 5 	 62 	 72 	 82 	 92 	 102
559 	 272 	 0 	 5 	 2 	 0 	 1 	 11 	 57 	 62 	 67 	 72 	 77 	 82 	 87 	 92 	 97 	 102 	 107
560 	 272 	 0 	 9 	 4 	 6 	 7 	 8 	 9 	 11 	 58 	 63 	 68 	 73 	 78 	 83 	 88 	 93 	 98 	 103 	 108
561 	 272 	 0 	 9 	 2 	 12 	 13 	 11 	 59 	 64 	 69 	 74 	 79 	 84 	 89 	 94 	 99 	 104 	 109
562 	 273 	 0 	 2 	 2 	 0 	 1 	 5 	 64 	 74 	 84 	 94 	 104
563 	 273 	 0 	 10 	 2 	 2 	 3 	 5 	 64 	 74 	 84 	 94 	 104
564 	 273 	 0 	 1 	 2 	 4 	 5 	 5 	 64 	 74 	 84 	 94 	 104
565 	 273 	 0 	 8 	 2 	 6 	 7 	 5 	 64 	 74 	 84 	 94 	 104
566 	 273 	 0 	 1 	 2 	 8 	 9 	 5 	 64 	 74 	 84 	 94 	 104
567 	 273 	 0 	 9 	 2 	 10 	 11 	 5 	 64 	 74 	 84 	 94 	 104
568 	 273 	 0 	 5 	 2 	 12 	 13 	 5 	 64 	 74 	 84 	 94 	 104
569 	 273 	 0 	 1 	 2 	 14 	 15 	 5 	 64 	 74 	 84 	 94 	 104
570 	 273 	 0 	 2 	 2 	 16 	 17 	 5 	 64 	 74 	 84 	 94 	 104
571 	 274 	 0 	 7 	 2 	 10 	 11 	 11 	 3 	 8 	 13 	 18 	 23 	 28 	 33 	 38 	 43 	 48 	 53
572 	 274 	 0 	 4 	 2 	 12 	 13 	 11 	 3 	 8 	 13 	 18 	 23 	 28 	 33 	 38 	 43 	 48 	 53
573 	 274 	 0 	 6 	 2 	 14 	 15 	 11 	 3 	 8 	 13 	 18 	 23 	 28 	 33 	 38 	 43 	 48 	 53
574 	 274 	 0 	 8 	 2 	 16 	 17 	 11 	 3 	 8 	 13 	 18 	 23 	 28 	 33 	 38 	 43 	 48 	 53
575 	 275 	 0 	 7 	 2 	 15 	 16 	 5 	 9 	 19 	 29 	 39 	 49
576 	 276 	 0 	 6 	 2 	 10 	 11 	 11 	 56 	 61 	 66 	 71 	 76 	 81 	 86 	 91 	 96 	 101 	 106
577 	 277 	 0 	 5 	 2 	 16 	 17 	 5 	 61 	 71 	 81 	 91 	 101
578 	 278 	 1 	 9 	 2 	 0 	 1 	 11 	 3 	 8 	 13 	 18 	 23 	 28 	 33 	 38 	 43 	 48 	 53
579 	 278 	 1 	 9 	 4 	 12 	 13 	 14 	 15 	 11 	 1 	 6 	 11 	 16 	 21 	 26 	 31 	 36 	 41 	 46 	 51
580 	 278 	 1 	 9 	 4 	 9 	 10 	 11 	 12 	 11 	 2 	 7 	 12 	 17 	 22 	 27 	 32 	 37 	 42 	 47 	 52
581 	 279 	 0 	 3 	 2 	 12 	 13 	 6 	 1 	 11 	 21 	 31 	 41 	 51
582 	 279 	 0 	 10 	 2 	 3 	 4 	 6 	 2 	 12 	 22 	 32 	 42 	 52
583 	 279 	 0 	 7 	 4 	 2 	 3 	 4 	 5 	 6 	 0 	 10 	 20 	 30 	 40 	 50
584 	 280 	 0 	 9 	 4 	 7 	 8 	 9 	 10 	 5 	 6 	 16 	 26 	 36 	 46
585 	 281 	 0 	 9 	 4 	 6 	 7 	 8 	 9 	 11 	 57 	 62 	 67 	 72 	 77 	 82 	 87 	 92 	 97 	 102 	 107
586 	 281 	 0 	 6 	 4 	 1 	 2 	 3 	 4 	 11 	 58 	 63 	 68 	 73 	 78 	 83 	 88 	 93 	 98 	 103 	 108
587 	 281 	 0 	 5 	 4 	 1 	 2 	 3 	 4 	 11 	 59 	 64 	 69 	 74 	 79 	 84 	 89 	 94 	 99 	 104 	 109
588 	 282 	 0 	 1 	 2 	 0 	 1 	 6 	 0 	 10 	 20 	 30 	 40 	 50
589 	 283 	 0 	 7 	 2 	 5 	 6 	 6 	 2 	 12 	 22 	 32 	 42 	 52
590 	 283 	 0 	 9 	 2 	 13 	 14 	 6 	 4 	 14 	 24 	 34 	 44 	 54
591 	 284 	 0 	 6 	 4 	 5 	 6 	 7 	 8 	 6 	 58 	 68 	 78 	 88 	 98 	 108
592 	 285 	 0 	 1 	 4 	 14 	 15 	 16 	 17 	 6 	 59 	 69 	 79 	 89 	 99 	 109
593 	 286 	 0 	 8 	 2 	 5 	 6 	 5 	 9 	 19 	 29 	 39 	 49
594 	 287 	 0 	 3 	 2 	 3 	 4 	 11 	 1 	 6 	 11 	 16 	 21 	 26 	 31 	 36 	 41 	 46 	 51
595 	 288 	 0 	 1 	 2 	 16 	 17 	 5 	 5 	 15 	 25 	 35 	 45
596 	 289 	 0 	 2 	 4 	 4 	 5 	 6 	 7 	 6 	 0 	 10 	 20 	 30 	 40 	 50
597 	 290 	 0 	 1 	 2 	 0 	 1 	 11 	 55 	 60 	 65 	 70 	 75 	 80 	 85 	 90 	 95 	 100 	 105
598 	 291 	 0 	 8 	 2 	 14 	 15 	 5 	 64 	 74 	 84 	 94 	 104
599 	 292 	 0 	 3 	 4 	 3 	 4 	 5 	 6 	 5 	 6 	 16 	 26 	 36 	 46
600 	 293 	 0 	 1 	 2 	 0 	 1 	 5 	 8 	 18 	 28 	 38 	 48
601 	 293 	 0 	 4 	 2 	 2 	 3 	 5 	 8 	 18 	 28 	 38 	 48
602 	 293 	 0 	 7 	 2 	 4 	 5 	 5 	 8 	 18 	 28 	 38 	 48
603 	 293 	 0 	 1 	 2 	 6 	 7 	 5 	 8 	 18 	 28 	 38 	 48
604 	 293 	 0 	 5 	 2 	 8 	 9 	 5 	 8 	 18 	 28 	 38 	 48
605 	 294 	 0 	 7 	 4 	 8 	 9 	 10 	 11 	 11 	 56 	 61 	 66 	 71 	 76 	 81 	 86 	 91 	 96 	 101 	 106
606 	 295 	 0 	 5 	 2 	 0 	 1 	 11 	 55 	 60 	 65 	 70 	 75 	 80 	 85 	 90 	 95 	 100 	 105
607 	 295 	 0 	 5 	 2 	 2 	 3 	 11 	 55 	 60 	 65 	 70 	 75 	 80 	 85 	 90 	 95 	 100 	 105
608 	 295 	 0 	 7 	 2 	 4 	 5 	 11 	 55 	 60 	 65 	 70 	 75 	 80 	 85 	 90 	 95 	 100 	 105
609 	 295 	 0 	 10 	 2 	 6 	 7 	 11 	 55 	 60 	 65 	 70 	 75 	 80 	 85 	 90 	 95 	 100 	 105
610 	 295 	 0 	 2 	 2 	 8 	 9 	 11 	 55 	 60 	 65 	 70 	 75 	 80 	 85 	 90 	 95 	 100 	 105
611 	 295 	 0 	 5 	 2 	 10 	 11 	 11 	 55 	 60 	 65 	 70 	 75 	 80 	 85 	 90 	 95 	 100 	 105
612 	 295 	 0 	 8 	 2 	 12 	 13 	 11 	 55 	 60 	 65 	 70 	 75 	 80 	 85 	 90 	 95 	 100 	 105
613 	 296 	 0 	 1 	 2 	 0 	 1 	 11 	 2 	 7 	 12 	 17 	 22 	 27 	 32 	 37 	 42 	 47 	 52
614 	 296 	 0 	 5 	 2 	 2 	 3 	 11 	 2 	 7 	 12 	 17 	 22 	 27 	 32 	 37 	 42 	 47 	 52
615 	 296 	 0 	 10 	 2 	 4 	 5 	 11 	 2 	 7 	 12 	 17 	 22 	 27 	 32 	 37 	 42 	 47 	 52
616 	 296 	 0 	 1 	 2 	 6 	 7 	 11 	 2 	 7 	 12 	 17 	 22 	 27 	 32 	 37 	 42 	 47 	 52
617 	 296 	 0 	 8 	 2 	 8 	 9 	 11 	 2 	 7 	 12 	 17 	 22 	 27 	 32 	 37 	 42 	 47 	 52
618 	 296 	 0 	 2 	 2 	 10 	 11 	 11 	 2 	 7 	 12 	 17 	 22 	 27 	 32 	 37 	 42 	 47 	 52
619 	 296 	 0 	 8 	 2 	 12 	 13 	 11 	 2 	 7 	 12 	 17 	 22 	 27 	 32 	 37 	 42 	 47 	 52
620 	 297 	 0 	 6 	 2 	 4 	 5 	 5 	 9 	 19 	 29 	 39 	 49
621 	 297 	 0 	 3 	 2 	 6 	 7 	 5 	 9 	 19 	 29 	 39 	 49
622 	 297 	 0 	 4 	 2 	 8 	 9 	 5 	 9 	 19 	 29 	 39 	 49
623 	 297 	 0 	 8 	 2 	 10 	 11 	 5 	 9 	 19 	 29 	 39 	 49
624 	 297 	 0 	 7 	 2 	 12 	 13 	 5 	 9 	 19 	 29 	 39 	 49
625 	 297 	 0 	 7 	 2 	 14 	 15 	 5 	 9 	 19 	 29 	 39 	 49
626 	 297 	 0 	 4 	 2 	 16 	 17 	 5 	 9 	 19 	 29 	 39 	 49
627 	 298 	 0 	 9 	 2 	 6 	 7 	 6 	 2 	 12 	 22 	 32 	 42 	 52
628 	 298 	 0 	 3 	 2 	 8 	 9 	 6 	 2 	 12 	 22 	 32 	 42 	 52
629 	 298 	 0 	 10 	 2 	 10 	 11 	 6 	 2 	 12 	 22 	 32 	 42 	 52
630 	 298 	 0 	 1 	 2 	 12 	 13 	 6 	 2 	 12 	 22 	 32 	 42 	 52
631 	 298 	 0 	 2 	 2 	 14 	 15 	 6 	 2 	 12 	 22 	 32 	 42 	 52
632 	 298 	 0 	 3 	 2 	 16 	 17 	 6 	 2 	 12 	 22 	 32 	 42 	 52
633 	 299 	 0 	 10 	 2 	 8 	 9 	 5 	 62 	 72 	 82 	 92 	 102
634	0	0	0	2	15	16	5	8	18	28	38	48	
635	1	0	0	2	1	2	11	4	9	14	19	24	29	34	39	44	49	54	
636	1	0	0	2	15	16	11	3	8	13	18	23	28	33	38	43	48	53	
637	2	0	0	4	13	14	15	16	11	0	5	10	15	20	25	30	35	40	45	50	
638	3	0	0	4	7	8	9	10	6	0	10	20	30	40	50	
639	4	0	0	4	12	13	14	15	6	57	67	77	87	97	107	
640	5	1	0	2	15	16	5	8	18	28	38	48	
641	5	1	0	4	12	13	14	15	5	6	16	26	36	46	
642	6	0	0	2	12	13	11	1	6	11	16	21	26	31	36	41	46	51	
643	6	0	0	4	1	2	3	4	11	0	5	10	15	20	25	30	35	40	45	50	
644	7	1	0	4	11	12	13	14	11	55	60	65	70	75	80	85	90	95	100	105	
645	7	1	0	2	7	8	11	57	62	67	72	77	82	87	92	97	102	107	
646	8	0	0	4	11	12	13	14	11	4	9	14	19	24	29	34	39	44	49	54	
647	9	1	0	4	14	15	16	17	5	61	71	81	91	101	
648	9	1	0	4	12	13	14	15	5	62	72	82	92	102	
649	10	0	0	4	4	5	6	7	11	4	9	14	19	24	29	34	39	44	49	54	
650	11	0	0	4	1	2	3	4	5	64	74	84	94	104	
651	11	0	0	4	14	15	16	17	5	61	71	81	91	101	
652	11	0	0	4	13	14	15	16	5	63	73	83	93	103	
653	11	0	0	2	8	9	5	62	72	82	92	102	
654	12	0	0	2	1	2	6	55	65	75	85	95	105	
655	12	0	0	4	12	13	14	15	6	56	66	76	86	96	106	
656	13	0	0	2	14	15	11	59	64	69	74	79	84	89	94	99	104	109	
657	13	0	0	2	14	15	11	56	61	66	71	76	81	86	91	96	101	106	
658	13	0	0	4	9	10	11	12	11	57	62	67	72	77	82	87	92	97	102	107	
659	14	0	0	2	6	7	5	5	15	25	35	45	
660	15	0	0	4	12	13	14	15	11	59	64	69	74	79	84	89	94	99	104	109	
661	16	0	0	2	6	7	5	9	19	29	39	49	
662	17	0	0	2	2	3	6	56	66	76	86	96	106	
663	18	0	0	4	3	4	5	6	11	55	60	65	70	75	80	85	90	95	100	105	
664	19	1	0	2	3	4	5	5	15	25	35	45	
665	19	1	0	2	3	4	5	9	19	29	39	49	
666	20	0	0	2	9	10	5	64	74	84	94	104	
667	20	0	0	4	3	4	5	6	5	62	72	82	92	102	
668	21	0	0	2	4	5	6	4	14	24	34	44	54	
669	21	0	0	2	4	5	6	2	12	22	32	42	52	
670	22	0	0	4	4	5	6	7	6	0	10	20	30	40	50	
671	22	0	0	2	3	4	6	3	13	23	33	43	53	
672	22	0	0	4	13	14	15	16	6	4	14	24	34	44	54	
673	23	0	0	2	16	17	11	56	61	66	71	76	81	86	91	96	101	106	
674	23	0	0	2	3	4	11	58	63	68	73	78	83	88	93	98	103	108	
675	23	0	0	4	3	4	5	6	11	57	62	67	72	77	82	87	92	97	102	107	
676	24	0	0	4	4	5	6	7	6	59	69	79	89	99	109	
677	24	0	0	4	0	1	2	3	6	58	68	78	88	98	108	
678	24	0	0	2	4	5	6	56	66	76	86	96	106	
679	24	0	0	2	4	5	6	57	67	77	87	97	107	
680	25	0	0	4	12	13	14	15	11	56	61	66	71	76	81	86	91	96	101	106	
681	26	0	0	2	16	17	6	59	69	79	89	99	109	
682	27	0	0	4	2	3	4	5	6	55	65	75	85	95	105	
683	27	0	0	2	0	1	6	59	69	79	89	99	109	
684	28	0	0	4	12	13	14	15	11	59	64	69	74	79	84	89	94	99	104	109	
685	29	0	0	4	3	4	5	6	11	1	6	11	16	21	26	31	36	41	46	51	
686	29	0	0	2	0	1	11	0	5	10	15	20	25	30	35	40	45	50	
687	30	0	0	4	3	4	5	6	6	58	68	78	88	98	108	
688	31	0	0	2	9	10	11	58	63	68	73	78	83	88	93	98	103	108	
689	31	0	0	2	3	4	11	56	61	66	71	76	81	86	91	96	101	106	
690	32	0	0	2	16	17	5	64	74	84	94	104	
691	32	0	0	2	15	16	5	63	73	83	93	103	
692	33	0	0	4	12	13	14	15	11	57	62	67	72	77	82	87	92	97	102	107	
693	34	0	0	2	5	6	5	61	71	81	91	101	
694	34	0	0	2	7	8	5	63	73	83	93	103	
695	34	0	0	2	1	2	5	64	74	84	94	104	
696	34	0	0	2	8	9	5	60	70	80	90	100	
697	35	0	0	2	3	4	6	4	14	24	34	44	54	
698	36	0	0	2	2	3	6	55	65	75	85	95	105	
699	37	0	0	2	14	15	5	8	18	28	38	48	
700	38	0	0	4	9	10	11	12	5	60	70	80	90	100	
701	39	0	0	2	12	13	5	7	17	27	37	47	
702	39	0	0	2	1	2	5	5	15	25	35	45	
703	40	0	0	4	12	13	14	15	11	3	8	13	18	23	28	33	38	43	48	53	
704	41	0	0	4	3	4	5	6	6	58	68	78	88	98	108	
705	42	0	0	2	8	9	5	64	74	84	94	104	
706	42	0	0	2	16	17	5	62	72	82	92	102	
707	43	0	0	4	13	14	15	16	5	61	71	81	91	101	
708	44	0	0	4	3	4	5	6	5	6	16	26	36	46	
709	44	0	0	4	14	15	16	17	5	9	19	29	39	49	
710	45	0	0	2	7	8	6	57	67	77	87	97	107	
711	45	0	0	4	13	14	15	16	6	56	66	76	86	96	106	
712	46	0	0	2	2	3	6	59	69	79	89	99	109	
713	47	0	0	2	15	16	11	56	61	66	71	76	81	86	91	96	101	106	
714	47	0	0	4	10	11	12	13	11	58	63	68	73	78	83	88	93	98	103	108	
715	48	0	0	4	6	7	8	9	6	2	12	22	32	42	52	
716	48	0	0	2	16	17	6	4	14	24	34	44	54	
717	48	0	0	4	2	3	4	5	6	0	10	20	30	40	50	
718	49	0	0	4	3	4	5	6	5	60	70	80	90	100	
719	49	0	0	2	16	17	5	63	73	83	93	103	
720	50	0	0	2	4	5	11	59	64	69	74	79	84	89	94	99	104	109	
721	50	0	0	4	0	1	2	3	11	56	61	66	71	76	81	86	91	96	101	106	
722	51	0	0	4	3	4	5	6	6	59	69	79	89	99	109	
723	52	0	0	2	11	12	6	0	10	20	30	40	50	
724	52	0	0	4	8	9	10	11	6	1	11	21	31	41	51	
725	53	0	0	2	11	12	5	6	16	26	36	46	
726	53	0	0	4	2	3	4	5	5	5	15	25	35	45	
727	54	0	0	2	5	6	5	64	74	84	94	104	
728	55	0	0	4	14	15	16	17	5	61	71	81	91	101	
729	55	0	0	2	8	9	5	63	73	83	93	103	
730	56	0	0	4	0	1	2	3	6	55	65	75	85	95	105	
731	57	0	0	2	4	5	11	57	62	67	72	77	82	87	92	97	102	107	
732	58	0	0	2	1	2	5	7	17	27	37	47	
733	58	0	0	2	5	6	5	9	19	29	39	49	
734	59	0	0	2	8	9	11	57	62	67	72	77	82	87	92	97	102	107	
735	59	0	0	4	1	2	3	4	11	58	63	68	73	78	83	88	93	98	103	108	
736	60	1	0	2	7	8	5	61	71	81	91	101	
737	60	1	0	4	5	6	7	8	5	60	70	80	90	100	
738	61	0	0	4	14	15	16	17	6	55	65	75	85	95	105	
739	62	0	0	2	15	16	5	64	74	84	94	104	
740	62	0	0	4	6	7	8	9	5	60	70	80	90	100	
741	63	0	0	2	5	6	6	59	69	79	89	99	109	
742	64	0	0	2	1	2	11	1	6	11	16	21	26	31	36	41	46	51	
743	65	0	0	2	12	13	5	6	16	26	36	46	
744	65	0	0	2	0	1	5	5	15	25	35	45	
745	66	0	0	4	0	1	2	3	6	58	68	78	88	98	108	
746	67	0	0	2	12	13	5	7	17	27	37	47	
747	68	0	0	4	4	5	6	7	5	61	71	81	91	101	
748	68	0	0	4	8	9	10	11	5	64	74	84	94	104	
749	69	0	0	4	10	11	12	13	5	61	71	81	91	101	
750	70	0	0	4	4	5	6	7	5	9	19	29	39	49	
751	70	0	0	4	9	10	11	12	5	8	18	28	38	48	
752	71	0	0	4	12	13	14	15	6	56	66	76	86	96	106	
753	72	0	0	2	9	10	6	59	69	79	89	99	109	
754	72	0	0	4	8	9	10	11	6	58	68	78	88	98	108	
755	72	0	0	4	14	15	16	17	6	57	67	77	87	97	107	
756	72	0	0	4	14	15	16	17	6	55	65	75	85	95	105	
757	73	0	0	2	15	16	6	57	67	77	87	97	107	
758	74	0	0	4	3	4	5	6	6	57	67	77	87	97	107	
759	74	0	0	4	13	14	15	16	6	56	66	76	86	96	106	
760	75	1	0	4	12	13	14	15	11	59	64	69	74	79	84	89	94	99	104	109	
761	75	1	0	4	2	3	4	5	11	56	61	66	71	76	81	86	91	96	101	106	
762	76	0	0	4	5	6	7	8	6	0	10	20	30	40	50	
763	76	0	0	2	8	9	6	2	12	22	32	42	52	
764	76	0	0	4	6	7	8	9	6	4	14	24	34	44	54	
765	76	0	0	4	8	9	10	11	6	1	11	21	31	41	51	
766	77	0	0	2	13	14	11	58	63	68	73	78	83	88	93	98	103	108	
767	78	0	0	4	4	5	6	7	6	55	65	75	85	95	105	
768	78	0	0	4	8	9	10	11	6	58	68	78	88	98	108	
769	79	0	0	4	14	15	16	17	6	56	66	76	86	96	106	
770	80	0	0	4	2	3	4	5	11	0	5	10	15	20	25	30	35	40	45	50	
771	81	0	0	2	7	8	11	57	62	67	72	77	82	87	92	97	102	107	
772	82	0	0	4	4	5	6	7	6	2	12	22	32	42	52	
773	82	0	0	4	1	2	3	4	6	0	10	20	30	40	50	
774	83	0	0	2	15	16	6	56	66	76	86	96	106	
775	84	0	0	2	14	15	5	63	73	83	93	103	
776	84	0	0	2	7	8	5	60	70	80	90	100	
777	85	0	0	4	13	14	15	16	11	57	62	67	72	77	82	87	92	97	102	107	
778	85	0	0	2	3	4	11	55	60	65	70	75	80	85	90	95	100	105	
779	85	0	0	4	3	4	5	6	11	58	63	68	73	78	83	88	93	98	103	108	
780	86	1	0	4	6	7	8	9	6	56	66	76	86	96	106	
781	86	1	0	2	8	9	6	58	68	78	88	98	108	
782	87	0	0	2	5	6	11	56	61	66	71	76	81	86	91	96	101	106	
783	87	0	0	4	12	13	14	15	11	58	63	68	73	78	83	88	93	98	103	108	
784	88	0	0	2	6	7	6	58	68	78	88	98	108	
785	88	0	0	4	13	14	15	16	6	57	67	77	87	97	107	
786	89	0	0	2	12	13	6	55	65	75	85	95	105	
787	90	0	0	4	10	11	12	13	5	61	71	81	91	101	
788	90	0	0	4	5	6	7	8	5	62	72	82	92	102	
789	91	0	0	2	7	8	11	3	8	13	18	23	28	33	38	43	48	53	
790	91	0	0	4	9	10	11	12	11	0	5	10	15	20	25	30	35	40	45	50	
791	92	0	0	4	7	8	9	10	11	58	63	68	73	78	83	88	93	98	103	108	
792	93	0	0	2	0	1	5	64	74	84	94	104	
793	93	0	0	4	6	7	8	9	5	61	71	81	91	101	
794	94	0	0	4	10	11	12	13	6	3	13	23	33	43	53	
795	94	0	0	2	6	7	6	0	10	20	30	40	50	
796	94	0	0	4	3	4	5	6	6	2	12	22	32	42	52	
797	94	0	0	4	14	15	16	17	6	4	14	24	34	44	54	
798	95	1	0	4	6	7	8	9	6	4	14	24	34	44	54	
799	96	0	0	4	1	2	3	4	5	7	17	27	37	47	
800	96	0	0	4	10	11	12	13	5	8	18	28	38	48	
801	97	0	0	4	5	6	7	8	6	1	11	21	31	41	51	
802	97	0	0	2	7	8	6	2	12	22	32	42	52	
803	98	0	0	2	14	15	11	3	8	13	18	23	28	33	38	43	48	53	
804	98	0	0	2	3	4	11	2	7	12	17	22	27	32	37	42	47	52	
805	98	0	0	2	2	3	11	0	5	10	15	20	25	30	35	40	45	50	
806	99	0	0	2	0	1	6	0	10	20	30	40	50	
807	99	0	0	4	3	4	5	6	6	2	12	22	32	42	52	
808	100	0	0	2	12	13	6	0	10	20	30	40	50	
809	101	0	0	2	13	14	6	57	67	77	87	97	107	
810	101	0	0	2	16	17	6	56	66	76	86	96	106	
811	101	0	0	4	9	10	11	12	6	58	68	78	88	98	108	
812	102	0	0	2	12	13	6	57	67	77	87	97	107	
813	103	0	0	4	0	1	2	3	5	7	17	27	37	47	
814	103	0	0	2	13	14	5	8	18	28	38	48	
815	103	0	0	2	12	13	5	6	16	26	36	46	
816	103	0	0	2	6	7	5	5	15	25	35	45	
817	104	0	0	4	6	7	8	9	11	4	9	14	19	24	29	34	39	44	49	54	
818	105	0	0	4	4	5	6	7	5	61	71	81	91	101	
819	106	1	0	4	8	9	10	11	6	55	65	75	85	95	105	
820	106	1	0	2	1	2	6	58	68	78	88	98	108	
821	107	0	0	2	5	6	6	58	68	78	88	98	108	
822	107	0	0	4	6	7	8	9	6	57	67	77	87	97	107	
823	108	0	0	2	12	13	6	57	67	77	87	97	107	
824	108	0	0	4	12	13	14	15	6	55	65	75	85	95	105	
825	109	0	0	4	14	15	16	17	6	56	66	76	86	96	106	
826	110	0	0	2	14	15	5	6	16	26	36	46	
827	110	0	0	2	1	2	5	7	17	27	37	47	
828	110	0	0	2	4	5	5	9	19	29	39	49	
829	110	0	0	4	12	13	14	15	5	5	15	25	35	45	
830	111	0	0	4	11	12	13	14	6	58	68	78	88	98	108	
831	111	0	0	2	13	14	6	56	66	76	86	96	106	
832	111	0	0	4	0	1	2	3	6	57	67	77	87	97	107	
833	112	0	0	2	11	12	5	63	73	83	93	103	
834	112	0	0	2	8	9	5	60	70	80	90	100	
835	113	0	0	4	6	7	8	9	11	57	62	67	72	77	82	87	92	97	102	107	
836	113	0	0	4	12	13	14	15	11	58	63	68	73	78	83	88	93	98	103	108	
837	114	0	0	2	0	1	5	8	18	28	38	48	
838	115	0	0	4	2	3	4	5	6	59	69	79	89	99	109	
839	115	0	0	4	14	15	16	17	6	56	66	76	86	96	106	
840	116	0	0	4	11	12	13	14	11	4	9	14	19	24	29	34	39	44	49	54	
841	117	0	0	4	9	10	11	12	11	3	8	13	18	23	28	33	38	43	48	53	
842	118	0	0	2	11	12	6	56	66	76	86	96	106	
843	118	0	0	4	12	13	14	15	6	57	67	77	87	97	107	
844	119	0	0	2	11	12	5	7	17	27	37	47	
845	119	0	0	2	10	11	5	8	18	28	38	48	
846	120	0	0	4	1	2	3	4	11	0	5	10	15	20	25	30	35	40	45	50	
847	120	0	0	2	15	16	11	4	9	14	19	24	29	34	39	44	49	54	
848	121	0	0	2	4	5	11	0	5	10	15	20	25	30	35	40	45	50	
849	121	0	0	2	11	12	11	1	6	11	16	21	26	31	36	41	46	51	
850	122	0	0	2	8	9	6	4	14	24	34	44	54	
851	123	0	0	2	10	11	6	59	69	79	89	99	109	
852	124	0	0	2	11	12	5	5	15	25	35	45	
853	125	0	0	4	5	6	7	8	5	64	74	84	94	104	
854	125	0	0	4	1	2	3	4	5	60	70	80	90	100	
855	126	0	0	4	1	2	3	4	11	57	62	67	72	77	82	87	92	97	102	107	
856	127	0	0	4	0	1	2	3	11	55	60	65	70	75	80	85	90	95	100	105	
857	127	0	0	2	3	4	11	58	63	68	73	78	83	88	93	98	103	108	
858	128	0	0	4	8	9	10	11	5	7	17	27	37	47	
859	128	0	0	2	8	9	5	5	15	25	35	45	
860	129	0	0	4	13	14	15	16	6	55	65	75	85	95	105	
861	129	0	0	2	1	2	6	58	68	78	88	98	108	
862	130	0	0	4	11	12	13	14	11	55	60	65	70	75	80	85	90	95	100	105	
863	130	0	0	4	9	10	11	12	11	59	64	69	74	79	84	89	94	99	104	109	
864	130	0	0	2	12	13	11	58	63	68	73	78	83	88	93	98	103	108	
865	131	1	0	4	2	3	4	5	5	62	72	82	92	102	
866	132	0	0	4	0	1	2	3	6	59	69	79	89	99	109	
867	132	0	0	2	12	13	6	58	68	78	88	98	108	
868	132	0	0	4	2	3	4	5	6	55	65	75	85	95	105	
869	132	0	0	4	12	13	14	15	6	57	67	77	87	97	107	
870	133	1	0	2	6	7	5	9	19	29	39	49	
871	134	0	0	2	10	11	6	55	65	75	85	95	105	
872	134	0	0	4	9	10	11	12	6	56	66	76	86	96	106	
873	134	0	0	4	14	15	16	17	6	57	67	77	87	97	107	
874	134	0	0	4	11	12	13	14	6	59	69	79	89	99	109	
875	135	0	0	2	5	6	11	56	61	66	71	76	81	86	91	96	101	106	
876	135	0	0	4	10	11	12	13	11	59	64	69	74	79	84	89	94	99	104	109	
877	136	0	0	2	13	14	6	3	13	23	33	43	53	
878	137	0	0	4	0	1	2	3	11	55	60	65	70	75	80	85	90	95	100	105	
879	137	0	0	4	3	4	5	6	11	56	61	66	71	76	81	86	91	96	101	106	
880	138	0	0	2	3	4	5	6	16	26	36	46	
881	139	0	0	2	8	9	5	63	73	83	93	103	
882	139	0	0	2	7	8	5	61	71	81	91	101	
883	140	0	0	2	2	3	11	4	9	14	19	24	29	34	39	44	49	54	
884	140	0	0	2	8	9	11	2	7	12	17	22	27	32	37	42	47	52	
885	141	0	0	4	11	12	13	14	5	6	16	26	36	46	
886	142	1	0	2	2	3	11	58	63	68	73	78	83	88	93	98	103	108	
887	142	1	0	2	3	4	11	56	61	66	71	76	81	86	91	96	101	106	
888	143	0	0	2	2	3	5	6	16	26	36	46	
889	143	0	0	4	12	13	14	15	5	9	19	29	39	49	
890	144	0	0	4	10	11	12	13	6	0	10	20	30	40	50	
891	145	0	0	4	10	11	12	13	5	63	73	83	93	103	
892	145	0	0	2	15	16	5	61	71	81	91	101	
893	145	0	0	2	5	6	5	62	72	82	92	102	
894	145	0	0	4	8	9	10	11	5	60	70	80	90	100	
895	146	0	0	2	10	11	5	9	19	29	39	49	
896	146	0	0	2	2	3	5	8	18	28	38	48	
897	147	0	0	2	0	1	6	57	67	77	87	97	107	
898	148	0	0	2	12	13	11	0	5	10	15	20	25	30	35	40	45	50	
899	148	0	0	4	7	8	9	10	11	4	9	14	19	24	29	34	39	44	49	54	
900	149	0	0	4	1	2	3	4	6	57	67	77	87	97	107	
901	149	0	0	4	7	8	9	10	6	56	66	76	86	96	106	
902	150	0	0	4	9	10	11	12	6	55	65	75	85	95	105	
903	150	0	0	2	2	3	6	58	68	78	88	98	108	
904	151	0	0	4	14	15	16	17	11	55	60	65	70	75	80	85	90	95	100	105	
905	152	0	0	2	16	17	11	4	9	14	19	24	29	34	39	44	49	54	
906	152	0	0	2	4	5	11	2	7	12	17	22	27	32	37	42	47	52	
907	153	0	0	2	1	2	6	4	14	24	34	44	54	
908	154	0	0	2	8	9	6	0	10	20	30	40	50	
909	154	0	0	2	3	4	6	4	14	24	34	44	54	
910	155	0	0	2	9	10	5	8	18	28	38	48	
911	155	0	0	4	10	11	12	13	5	7	17	27	37	47	
912	156	0	0	2	6	7	5	62	72	82	92	102	
913	156	0	0	2	11	12	5	64	74	84	94	104	
914	157	0	0	4	11	12	13	14	11	1	6	11	16	21	26	31	36	41	46	51	
915	157	0	0	2	0	1	11	0	5	10	15	20	25	30	35	40	45	50	
916	158	0	0	2	16	17	5	8	18	28	38	48	
917	158	0	0	4	3	4	5	6	5	5	15	25	35	45	
918	158	0	0	4	14	15	16	17	5	6	16	26	36	46	
919	158	0	0	2	9	10	5	9	19	29	39	49	
920	159	0	0	2	15	16	11	0	5	10	15	20	25	30	35	40	45	50	
921	159	0	0	4	2	3	4	5	11	2	7	12	17	22	27	32	37	42	47	52	
922	160	0	0	2	6	7	5	61	71	81	91	101	
923	161	0	0	4	0	1	2	3	6	59	69	79	89	99	109	
924	161	0	0	2	6	7	6	56	66	76	86	96	106	
925	162	0	0	2	7	8	6	56	66	76	86	96	106	
926	162	0	0	2	6	7	6	57	67	77	87	97	107	
927	163	0	0	4	2	3	4	5	5	7	17	27	37	47	
928	164	0	0	2	13	14	5	64	74	84	94	104	
929	164	0	0	2	13	14	5	61	71	81	91	101	
930	164	0	0	2	10	11	5	60	70	80	90	100	
931	165	0	0	2	6	7	11	55	60	65	70	75	80	85	90	95	100	105	
932	165	0	0	4	5	6	7	8	11	56	61	66	71	76	81	86	91	96	101	106	
933	166	0	0	4	5	6	7	8	11	4	9	14	19	24	29	34	39	44	49	54	
934	166	0	0	4	10	11	12	13	11	3	8	13	18	23	28	33	38	43	48	53	
935	167	0	0	4	11	12	13	14	6	1	11	21	31	41	51	
936	167	0	0	2	11	12	6	0	10	20	30	40	50	
937	168	0	0	4	2	3	4	5	5	7	17	27	37	47	
938	168	0	0	4	13	14	15	16	5	9	19	29	39	49	
939	169	0	0	2	7	8	6	55	65	75	85	95	105	
940	170	0	0	2	5	6	6	2	12	22	32	42	52	
941	170	0	0	2	4	5	6	0	10	20	30	40	50	
942	171	0	0	2	3	4	11	57	62	67	72	77	82	87	92	97	102	107	
943	172	0	0	2	10	11	11	0	5	10	15	20	25	30	35	40	45	50	
944	173	0	0	4	12	13	14	15	11	57	62	67	72	77	82	87	92	97	102	107	
945	174	0	0	4	9	10	11	12	5	9	19	29	39	49	
946	174	0	0	4	7	8	9	10	5	6	16	26	36	46	
947	175	0	0	2	1	2	11	3	8	13	18	23	28	33	38	43	48	53	
948	175	0	0	4	6	7	8	9	11	2	7	12	17	22	27	32	37	42	47	52	
949	176	0	0	2	0	1	5	60	70	80	90	100	
950	176	0	0	4	1	2	3	4	5	64	74	84	94	104	
951	177	0	0	2	6	7	6	56	66	76	86	96	106	
952	177	0	0	4	10	11	12	13	6	58	68	78	88	98	108	
953	178	1	0	2	5	6	5	61	71	81	91	101	
954	178	1	0	4	1	2	3	4	5	63	73	83	93	103	
955	179	0	0	2	16	17	5	7	17	27	37	47	
956	179	0	0	2	12	13	5	9	19	29	39	49	
957	180	0	0	4	8	9	10	11	6	2	12	22	32	42	52	
958	180	0	0	4	0	1	2	3	6	3	13	23	33	43	53	
959	181	0	0	4	10	11	12	13	11	56	61	66	71	76	81	86	91	96	101	106	
960	181	0	0	2	2	3	11	59	64	69	74	79	84	89	94	99	104	109	
961	182	0	0	4	13	14	15	16	5	61	71	81	91	101	
962	183	0	0	4	3	4	5	6	5	61	71	81	91	101	
963	183	0	0	4	5	6	7	8	5	62	72	82	92	102	
964	183	0	0	4	9	10	11	12	5	63	73	83	93	103	
965	184	0	0	2	5	6	11	1	6	11	16	21	26	31	36	41	46	51	
966	185	0	0	4	12	13	14	15	11	0	5	10	15	20	25	30	35	40	45	50	
967	185	0	0	2	16	17	11	1	6	11	16	21	26	31	36	41	46	51	
968	186	0	0	4	13	14	15	16	6	58	68	78	88	98	108	
969	187	0	0	2	9	10	11	1	6	11	16	21	26	31	36	41	46	51	
970	188	0	0	4	14	15	16	17	5	8	18	28	38	48	
971	188	0	0	2	8	9	5	5	15	25	35	45	
972	189	0	0	4	5	6	7	8	5	63	73	83	93	103	
973	189	0	0	2	1	2	5	60	70	80	90	100	
974	189	0	0	2	9	10	5	64	74	84	94	104	
975	190	0	0	4	5	6	7	8	6	2	12	22	32	42	52	
976	190	0	0	2	12	13	6	0	10	20	30	40	50	
977	190	0	0	4	6	7	8	9	6	3	13	23	33	43	53	
978	190	0	0	4	1	2	3	4	6	4	14	24	34	44	54	
979	191	0	0	2	6	7	5	62	72	82	92	102	
980	191	0	0	2	10	11	5	63	73	83	93	103	
981	192	0	0	2	5	6	6	2	12	22	32	42	52	
982	193	0	0	4	3	4	5	6	5	64	74	84	94	104	
983	194	0	0	4	3	4	5	6	5	7	17	27	37	47	
984	194	0	0	2	5	6	5	5	15	25	35	45	
985	195	0	0	2	4	5	11	56	61	66	71	76	81	86	91	96	101	106	
986	195	0	0	4	14	15	16	17	11	57	62	67	72	77	82	87	92	97	102	107	
987	196	0	0	2	9	10	11	57	62	67	72	77	82	87	92	97	102	107	
988	196	0	0	4	2	3	4	5	11	55	60	65	70	75	80	85	90	95	100	105	
989	197	0	0	2	14	15	6	1	11	21	31	41	51	
990	197	0	0	2	14	15	6	0	10	20	30	40	50	
991	198	0	0	2	5	6	11	56	61	66	71	76	81	86	91	96	101	106	
992	199	0	0	2	6	7	6	2	12	22	32	42	52	
993	199	0	0	4	2	3	4	5	6	0	10	20	30	40	50	
994	199	0	0	2	4	5	6	3	13	23	33	43	53	
995	199	0	0	2	3	4	6	4	14	24	34	44	54	
996	200	0	0	4	2	3	4	5	11	59	64	69	74	79	84	89	94	99	104	109	
997	200	0	0	4	1	2	3	4	11	55	60	65	70	75	80	85	90	95	100	105	
998	201	0	0	2	14	15	5	6	16	26	36	46	
999	201	0	0	4	5	6	7	8	5	8	18	28	38	48	
1000	202	0	0	4	7	8	9	10	6	57	67	77	87	97	107	
1001	202	0	0	4	11	12	13	14	6	59	69	79	89	99	109	
1002	202	0	0	2	5	6	6	56	66	76	86	96	106	
1003	203	0	0	2	1	2	11	1	6	11	16	21	26	31	36	41	46	51	
1004	203	0	0	2	13	14	11	2	7	12	17	22	27	32	37	42	47	52	
1005	204	0	0	2	4	5	6	58	68	78	88	98	108	
1006	204	0	0	2	7	8	6	57	67	77	87	97	107	
1007	205	0	0	2	9	10	11	57	62	67	72	77	82	87	92	97	102	107	
1008	205	0	0	2	0	1	11	56	61	66	71	76	81	86	91	96	101	106	
1009	205	0	0	2	0	1	11	55	60	65	70	75	80	85	90	95	100	105	
1010	206	0	0	2	4	5	11	3	8	13	18	23	28	33	38	43	48	53	
1011	207	0	0	2	7	8	11	58	63	68	73	78	83	88	93	98	103	108	
1012	207	0	0	4	5	6	7	8	11	56	61	66	71	76	81	86	91	96	101	106	
1013	208	0	0	4	8	9	10	11	6	4	14	24	34	44	54	
1014	208	0	0	4	8	9	10	11	6	2	12	22	32	42	52	
1015	209	0	0	2	11	12	5	6	16	26	36	46	
1016	209	0	0	2	1	2	5	5	15	25	35	45	
1017	210	0	0	4	14	15	16	17	5	64	74	84	94	104	
1018	210	0	0	2	11	12	5	63	73	83	93	103	
1019	211	0	0	2	9	10	11	55	60	65	70	75	80	85	90	95	100	105	
1020	211	0	0	2	15	16	11	58	63	68	73	78	83	88	93	98	103	108	
1021	211	0	0	2	11	12	11	57	62	67	72	77	82	87	92	97	102	107	
1022	212	0	0	2	7	8	6	59	69	79	89	99	109	
1023	213	0	0	2	14	15	5	8	18	28	38	48	
1024	213	0	0	4	1	2	3	4	5	5	15	25	35	45	
1025	214	0	0	4	11	12	13	14	11	3	8	13	18	23	28	33	38	43	48	53	
1026	215	0	0	2	8	9	11	3	8	13	18	23	28	33	38	43	48	53	
1027	215	0	0	2	16	17	11	2	7	12	17	22	27	32	37	42	47	52	
1028	216	0	0	2	14	15	11	56	61	66	71	76	81	86	91	96	101	106	
1029	216	0	0	4	0	1	2	3	11	59	64	69	74	79	84	89	94	99	104	109	
1030	217	0	0	4	14	15	16	17	5	62	72	82	92	102	
1031	218	0	0	2	8	9	11	3	8	13	18	23	28	33	38	43	48	53	
1032	219	0	0	4	12	13	14	15	11	56	61	66	71	76	81	86	91	96	101	106	
1033	219	0	0	4	12	13	14	15	11	55	60	65	70	75	80	85	90	95	100	105	
1034	219	0	0	4	0	1	2	3	11	57	62	67	72	77	82	87	92	97	102	107	
1035	219	0	0	4	2	3	4	5	11	59	64	69	74	79	84	89	94	99	104	109	
1036	220	0	0	2	2	3	6	59	69	79	89	99	109	
1037	220	0	0	4	6	7	8	9	6	58	68	78	88	98	108	
1038	221	0	0	4	7	8	9	10	5	62	72	82	92	102	
1039	221	0	0	4	1	2	3	4	5	61	71	81	91	101	
1040	222	0	0	2	16	17	11	2	7	12	17	22	27	32	37	42	47	52	
1041	223	0	0	4	2	3	4	5	11	1	6	11	16	21	26	31	36	41	46	51	
1042	223	0	0	4	9	10	11	12	11	0	5	10	15	20	25	30	35	40	45	50	
1043	224	0	0	4	13	14	15	16	11	0	5	10	15	20	25	30	35	40	45	50	
1044	224	0	0	4	2	3	4	5	11	2	7	12	17	22	27	32	37	42	47	52	
1045	225	0	0	2	9	10	11	1	6	11	16	21	26	31	36	41	46	51	
1046	225	0	0	4	8	9	10	11	11	2	7	12	17	22	27	32	37	42	47	52	
1047	226	0	0	2	3	4	5	61	71	81	91	101	
1048	227	0	0	4	7	8	9	10	11	4	9	14	19	24	29	34	39	44	49	54	
1049	228	0	0	4	1	2	3	4	5	9	19	29	39	49	
1050	228	0	0	4	0	1	2	3	5	6	16	26	36	46	
1051	229	0	0	4	14	15	16	17	11	2	7	12	17	22	27	32	37	42	47	52	
1052	230	0	0	4	13	14	15	16	11	4	9	14	19	24	29	34	39	44	49	54	
1053	231	0	0	2	16	17	11	3	8	13	18	23	28	33	38	43	48	53	
1054	231	0	0	4	0	1	2	3	11	4	9	14	19	24	29	34	39	44	49	54	
1055	232	0	0	2	9	10	5	63	73	83	93	103	
1056	233	0	0	4	6	7	8	9	5	62	72	82	92	102	
1057	233	0	0	4	5	6	7	8	5	61	71	81	91	101	
1058	234	0	0	2	14	15	5	63	73	83	93	103	
1059	234	0	0	4	10	11	12	13	5	60	70	80	90	100	
1060	235	0	0	2	7	8	6	3	13	23	33	43	53	
1061	235	0	0	2	14	15	6	1	11	21	31	41	51	
1062	235	0	0	2	4	5	6	0	10	20	30	40	50	
1063	235	0	0	4	11	12	13	14	6	4	14	24	34	44	54	
1064	236	0	0	4	3	4	5	6	6	56	66	76	86	96	106	
1065	236	0	0	2	14	15	6	57	67	77	87	97	107	
1066	237	0	0	2	16	17	5	6	16	26	36	46	
1067	238	0	0	4	8	9	10	11	11	58	63	68	73	78	83	88	93	98	103	108	
1068	238	0	0	2	6	7	11	57	62	67	72	77	82	87	92	97	102	107	
1069	239	0	0	2	5	6	6	59	69	79	89	99	109	
1070	240	0	0	4	14	15	16	17	6	0	10	20	30	40	50	
1071	241	0	0	4	5	6	7	8	6	59	69	79	89	99	109	
1072	242	0	0	2	16	17	6	0	10	20	30	40	50	
1073	242	0	0	2	5	6	6	2	12	22	32	42	52	
1074	242	0	0	2	6	7	6	3	13	23	33	43	53	
1075	242	0	0	2	10	11	6	1	11	21	31	41	51	
1076	243	0	0	4	7	8	9	10	6	0	10	20	30	40	50	
1077	244	0	0	4	5	6	7	8	6	4	14	24	34	44	54	
1078	244	0	0	4	10	11	12	13	6	2	12	22	32	42	52	
1079	244	0	0	4	7	8	9	10	6	1	11	21	31	41	51	
1080	245	0	0	4	8	9	10	11	5	63	73	83	93	103	
1081	245	0	0	4	10	11	12	13	5	64	74	84	94	104	
1082	246	0	0	4	1	2	3	4	11	0	5	10	15	20	25	30	35	40	45	50	
1083	246	0	0	2	11	12	11	1	6	11	16	21	26	31	36	41	46	51	
1084	247	0	0	4	1	2	3	4	6	56	66	76	86	96	106	
1085	247	0	0	2	14	15	6	57	67	77	87	97	107	
1086	248	0	0	2	8	9	11	55	60	65	70	75	80	85	90	95	100	105	
1087	249	0	0	2	9	10	6	1	11	21	31	41	51	
1088	249	0	0	2	1	2	6	0	10	20	30	40	50	
1089	250	0	0	4	10	11	12	13	11	0	5	10	15	20	25	30	35	40	45	50	
1090	250	0	0	4	11	12	13	14	11	4	9	14	19	24	29	34	39	44	49	54	
1091	251	0	0	2	4	5	6	4	14	24	34	44	54	
1092	251	0	0	2	5	6	6	0	10	20	30	40	50	
1093	252	1	0	4	14	15	16	17	11	4	9	14	19	24	29	34	39	44	49	54	
1094	252	1	0	2	16	17	11	3	8	13	18	23	28	33	38	43	48	53	
1095	252	1	0	4	0	1	2	3	11	0	5	10	15	20	25	30	35	40	45	50	
1096	253	0	0	2	0	1	6	3	13	23	33	43	53	
1097	254	0	0	4	10	11	12	13	5	62	72	82	92	102	
1098	254	0	0	4	7	8	9	10	5	60	70	80	90	100	
1099	255	0	0	4	7	8	9	10	5	6	16	26	36	46	
1100	255	0	0	2	10	11	5	8	18	28	38	48	
1101	256	0	0	2	4	5	6	57	67	77	87	97	107	
1102	256	0	0	2	8	9	6	59	69	79	89	99	109	
1103	257	0	0	2	5	6	5	63	73	83	93	103	
1104	257	0	0	2	11	12	5	62	72	82	92	102	
1105	257	0	0	4	1	2	3	4	5	64	74	84	94	104	
1106	257	0	0	2	0	1	5	61	71	81	91	101	
1107	258	0	0	2	3	4	5	7	17	27	37	47	
1108	259	0	0	4	10	11	12	13	5	5	15	25	35	45	
1109	259	0	0	2	1	2	5	6	16	26	36	46	
1110	260	0	0	2	9	10	11	4	9	14	19	24	29	34	39	44	49	54	
1111	261	0	0	2	9	10	6	57	67	77	87	97	107	
1112	262	0	0	4	1	2	3	4	6	0	10	20	30	40	50	
1113	263	0	0	4	14	15	16	17	5	5	15	25	35	45	
1114	264	0	0	2	9	10	11	2	7	12	17	22	27	32	37	42	47	52	
1115	264	0	0	4	4	5	6	7	11	4	9	14	19	24	29	34	39	44	49	54	
1116	265	0	0	4	9	10	11	12	11	3	8	13	18	23	28	33	38	43	48	53	
1117	265	0	0	4	3	4	5	6	11	4	9	14	19	24	29	34	39	44	49	54	
1118	266	0	0	4	1	2	3	4	5	5	15	25	35	45	
1119	266	0	0	4	3	4	5	6	5	9	19	29	39	49	
1120	266	0	0	2	11	12	5	6	16	26	36	46	
1121	266	0	0	2	6	7	5	7	17	27	37	47	
1122	267	1	0	4	11	12	13	14	6	3	13	23	33	43	53	
1123	268	0	0	4	1	2	3	4	6	3	13	23	33	43	53	
1124	269	0	0	2	1	2	11	56	61	66	71	76	81	86	91	96	101	106	
1125	269	0	0	2	15	16	11	58	63	68	73	78	83	88	93	98	103	108	
1126	270	0	0	2	3	4	11	55	60	65	70	75	80	85	90	95	100	105	
1127	271	0	0	4	8	9	10	11	5	60	70	80	90	100	
1128	272	0	0	4	1	2	3	4	11	55	60	65	70	75	80	85	90	95	100	105	
1129	273	0	0	2	10	11	5	60	70	80	90	100	
1130	273	0	0	2	8	9	5	63	73	83	93	103	
1131	273	0	0	2	12	13	5	61	71	81	91	101	
1132	273	0	0	4	1	2	3	4	5	62	72	82	92	102	
1133	274	0	0	4	13	14	15	16	11	0	5	10	15	20	25	30	35	40	45	50	
1134	274	0	0	2	12	13	11	2	7	12	17	22	27	32	37	42	47	52	
1135	274	0	0	2	5	6	11	4	9	14	19	24	29	34	39	44	49	54	
1136	274	0	0	2	12	13	11	1	6	11	16	21	26	31	36	41	46	51	
1137	275	0	0	4	8	9	10	11	5	7	17	27	37	47	
1138	276	0	0	2	13	14	11	58	63	68	73	78	83	88	93	98	103	108	
1139	277	0	0	4	4	5	6	7	5	62	72	82	92	102	
1140	278	1	0	2	1	2	11	4	9	14	19	24	29	34	39	44	49	54	
1141	279	0	0	4	13	14	15	16	6	4	14	24	34	44	54	
1142	279	0	0	2	1	2	6	3	13	23	33	43	53	
1143	280	0	0	2	5	6	5	8	18	28	38	48	
1144	280	0	0	4	7	8	9	10	5	7	17	27	37	47	
1145	281	0	0	4	7	8	9	10	11	55	60	65	70	75	80	85	90	95	100	105	
1146	282	0	0	2	16	17	6	1	11	21	31	41	51	
1147	283	0	0	4	9	10	11	12	6	3	13	23	33	43	53	
1148	284	0	0	2	5	6	6	59	69	79	89	99	109	
1149	285	0	0	2	3	4	6	58	68	78	88	98	108	
1150	285	0	0	2	14	15	6	57	67	77	87	97	107	
1151	286	0	0	2	9	10	5	7	17	27	37	47	
1152	287	0	0	4	2	3	4	5	11	2	7	12	17	22	27	32	37	42	47	52	
1153	287	0	0	4	10	11	12	13	11	4	9	14	19	24	29	34	39	44	49	54	
1154	288	0	0	4	10	11	12	13	5	9	19	29	39	49	
1155	288	0	0	2	16	17	5	6	16	26	36	46	
1156	289	0	0	2	12	13	6	4	14	24	34	44	54	
1157	290	0	0	4	0	1	2	3	11	57	62	67	72	77	82	87	92	97	102	107	
1158	290	0	0	4	11	12	13	14	11	59	64	69	74	79	84	89	94	99	104	109	
1159	291	0	0	4	10	11	12	13	5	60	70	80	90	100	
1160	292	0	0	2	6	7	5	8	18	28	38	48	
1161	292	0	0	2	9	10	5	9	19	29	39	49	
1162	293	0	0	2	15	16	5	9	19	29	39	49	
1163	293	0	0	2	12	13	5	5	15	25	35	45	
1164	293	0	0	2	14	15	5	6	16	26	36	46	
1165	293	0	0	4	10	11	12	13	5	7	17	27	37	47	
1166	294	0	0	4	3	4	5	6	11	59	64	69	74	79	84	89	94	99	104	109	
1167	294	0	0	2	16	17	11	57	62	67	72	77	82	87	92	97	102	107	
1168	295	0	0	2	8	9	11	57	62	67	72	77	82	87	92	97	102	107	
1169	295	0	0	4	9	10	11	12	11	59	64	69	74	79	84	89	94	99	104	109	
1170	295	0	0	2	1	2	11	58	63	68	73	78	83	88	93	98	103	108	
1171	295	0	0	4	2	3	4	5	11	56	61	66	71	76	81	86	91	96	101	106	
1172	296	0	0	4	7	8	9	10	11	3	8	13	18	23	28	33	38	43	48	53	
1173	296	0	0	2	11	12	11	4	9	14	19	24	29	34	39	44	49	54	
1174	296	0	0	4	6	7	8	9	11	1	6	11	16	21	26	31	36	41	46	51	
1175	296	0	0	4	7	8	9	10	11	0	5	10	15	20	25	30	35	40	45	50	
1176	297	0	0	2	0	1	5	8	18	28	38	48	
1177	297	0	0	2	4	5	5	6	16	26	36	46	
1178	297	0	0	2	4	5	5	7	17	27	37	47	
1179	297	0	0	4	13	14	15	16	5	5	15	25	35	45	
1180	298	0	0	4	13	14	15	16	6	3	13	23	33	43	53	
1181	298	0	0	2	8	9	6	4	14	24	34	44	54	
1182	298	0	0	4	4	5	6	7	6	1	11	21	31	41	51	
1183	298	0	0	4	13	14	15	16	6	0	10	20	30	40	50	
1184	299	0	0	4	3	4	5	6	5	61	71	81	91	101	
1185	299	0	0	2	5	6	5	60	70	80	90	100	

