378
0	0	0	1	669	
1	5	0	21	86	87	88	89	90	91	92	93	94	95	96	97	98	99	100	101	102	103	104	105	106	
2	7	0	1	549	
3	8	0	9	1105	1106	1107	1108	1109	1110	1111	1112	1113	
4	10	0	1	786	
5	11	0	7	629	630	631	632	633	634	635	
6	16	0	1	945	
7	17	0	1	76	
8	18	0	1	121	
9	19	0	21	86	87	88	89	90	91	92	93	94	95	96	97	98	99	100	101	102	103	104	105	106	
10	20	0	1	494	
11	21	0	1	255	
12	29	0	1	553	
13	34	0	1	9	
14	35	0	1	519	
15	38	0	1	1031	
16	41	0	1	978	
17	43	0	21	1033	1034	1035	1036	1037	1038	1039	1040	1041	1042	1043	1044	1045	1046	1047	1048	1049	1050	1051	1052	1053	
18	44	0	1	667	
19	45	0	1	259	
20	46	0	1	847	
21	47	0	7	778	779	780	781	782	783	784	
22	48	0	1	349	
23	49	0	3	350	351	352	
24	52	0	3	57	58	59	
25	56	0	1	661	
26	61	0	1	1125	
27	62	0	1	495	
28	63	0	7	802	803	804	805	806	807	808	
29	64	0	21	689	690	691	692	693	694	695	696	697	698	699	700	701	702	703	704	705	706	707	708	709	
30	66	0	24	714	715	716	717	718	719	720	721	722	723	724	725	726	727	728	729	730	731	732	733	734	735	736	737	
31	67	0	1	1133	
32	69	0	9	340	341	342	343	344	345	346	347	348	
33	70	0	1	8	
34	72	0	1	685	
35	77	0	24	851	852	853	854	855	856	857	858	859	860	861	862	863	864	865	866	867	868	869	870	871	872	873	874	
36	78	0	1	1103	
37	80	0	15	742	743	744	745	746	747	748	749	750	751	752	753	754	755	756	
38	81	0	21	900	901	902	903	904	905	906	907	908	909	910	911	912	913	914	915	916	917	918	919	920	
39	82	0	1	283	
40	83	0	1	740	
41	84	0	12	151	152	153	154	155	156	157	158	159	160	161	162	
42	85	0	15	126	127	128	129	130	131	132	133	134	135	136	137	138	139	140	
43	86	0	1	683	
44	90	0	1	1030	
45	91	0	1	1032	
46	95	0	1	997	
47	97	0	1	295	
48	99	0	21	209	210	211	212	213	214	215	216	217	218	219	220	221	222	223	224	225	226	227	228	229	
49	100	0	7	1016	1017	1018	1019	1020	1021	1022	
50	101	0	24	714	715	716	717	718	719	720	721	722	723	724	725	726	727	728	729	730	731	732	733	734	735	736	737	
51	102	0	21	900	901	902	903	904	905	906	907	908	909	910	911	912	913	914	915	916	917	918	919	920	
52	104	0	1	986	
53	105	0	7	49	50	51	52	53	54	55	
54	106	0	1	73	
55	107	0	24	372	373	374	375	376	377	378	379	380	381	382	383	384	385	386	387	388	389	390	391	392	393	394	395	
56	108	0	7	396	397	398	399	400	401	402	
57	110	0	18	1055	1056	1057	1058	1059	1060	1061	1062	1063	1064	1065	1066	1067	1068	1069	1070	1071	1072	
58	113	0	1	141	
59	116	0	3	848	849	850	
60	118	0	7	261	262	263	264	265	266	267	
61	120	0	1	876	
62	121	0	1	254	
63	122	0	1	1134	
64	123	0	21	209	210	211	212	213	214	215	216	217	218	219	220	221	222	223	224	225	226	227	228	229	
65	125	0	1	282	
66	126	0	18	18	19	20	21	22	23	24	25	26	27	28	29	30	31	32	33	34	35	
67	129	0	3	36	37	38	
68	131	0	1	684	
69	132	0	18	610	611	612	613	614	615	616	617	618	619	620	621	622	623	624	625	626	627	
70	138	0	1	607	
71	145	0	1	107	
72	147	0	1	552	
73	149	0	1	72	
74	152	0	1	682	
75	157	0	1	762	
76	163	0	21	900	901	902	903	904	905	906	907	908	909	910	911	912	913	914	915	916	917	918	919	920	
77	166	0	1	286	
78	167	0	7	554	555	556	557	558	559	560	
79	170	0	24	403	404	405	406	407	408	409	410	411	412	413	414	415	416	417	418	419	420	421	422	423	424	425	426	
80	173	0	1	1029	
81	174	0	18	610	611	612	613	614	615	616	617	618	619	620	621	622	623	624	625	626	627	
82	175	0	1	258	
83	179	0	3	1117	1118	1119	
84	180	0	1	875	
85	181	0	7	62	63	64	65	66	67	68	
86	185	0	1	561	
87	186	0	1	666	
88	187	0	1	590	
89	188	0	24	524	525	526	527	528	529	530	531	532	533	534	535	536	537	538	539	540	541	542	543	544	545	546	547	
90	189	0	1	1075	
91	190	0	1	70	
92	193	0	1	587	
93	195	0	7	639	640	641	642	643	644	645	
94	196	0	1	10	
95	197	0	1	302	
96	200	0	1	142	
97	201	0	1	257	
98	202	0	1	1025	
99	204	0	1	208	
100	209	0	1	922	
101	213	0	24	851	852	853	854	855	856	857	858	859	860	861	862	863	864	865	866	867	868	869	870	871	872	873	874	
102	215	0	18	354	355	356	357	358	359	360	361	362	363	364	365	366	367	368	369	370	371	
103	221	0	24	822	823	824	825	826	827	828	829	830	831	832	833	834	835	836	837	838	839	840	841	842	843	844	845	
104	222	0	24	303	304	305	306	307	308	309	310	311	312	313	314	315	316	317	318	319	320	321	322	323	324	325	326	
105	223	0	1	647	
106	226	0	1	586	
107	227	0	1	301	
108	228	0	1	608	
109	229	0	7	591	592	593	594	595	596	597	
110	232	0	3	775	776	777	
111	236	0	1	188	
112	237	0	7	0	1	2	3	4	5	6	
113	238	0	1	637	
114	239	0	21	442	443	444	445	446	447	448	449	450	451	452	453	454	455	456	457	458	459	460	461	462	
115	240	0	1	589	
116	241	0	3	521	522	523	
117	242	0	21	442	443	444	445	446	447	448	449	450	451	452	453	454	455	456	457	458	459	460	461	462	
118	243	0	1	598	
119	245	0	1	649	
120	246	0	3	1129	1130	1131	
121	247	0	18	1136	1137	1138	1139	1140	1141	1142	1143	1144	1145	1146	1147	1148	1149	1150	1151	1152	1153	
122	248	0	21	689	690	691	692	693	694	695	696	697	698	699	700	701	702	703	704	705	706	707	708	709	
123	250	0	1	763	
124	254	0	18	501	502	503	504	505	506	507	508	509	510	511	512	513	514	515	516	517	518	
125	255	0	1	648	
126	256	0	1	609	
127	257	0	24	403	404	405	406	407	408	409	410	411	412	413	414	415	416	417	418	419	420	421	422	423	424	425	426	
128	259	0	3	336	337	338	
129	260	0	18	1055	1056	1057	1058	1059	1060	1061	1062	1063	1064	1065	1066	1067	1068	1069	1070	1071	1072	
130	261	0	24	524	525	526	527	528	529	530	531	532	533	534	535	536	537	538	539	540	541	542	543	544	545	546	547	
131	262	0	1	563	
132	264	0	21	900	901	902	903	904	905	906	907	908	909	910	911	912	913	914	915	916	917	918	919	920	
133	268	0	18	1136	1137	1138	1139	1140	1141	1142	1143	1144	1145	1146	1147	1148	1149	1150	1151	1152	1153	
134	271	0	21	167	168	169	170	171	172	173	174	175	176	177	178	179	180	181	182	183	184	185	186	187	
135	272	0	21	689	690	691	692	693	694	695	696	697	698	699	700	701	702	703	704	705	706	707	708	709	
136	273	0	1	899	
137	276	0	1	143	
138	278	0	1	668	
139	280	0	9	340	341	342	343	344	345	346	347	348	
140	282	0	1	108	
141	283	0	21	1033	1034	1035	1036	1037	1038	1039	1040	1041	1042	1043	1044	1045	1046	1047	1048	1049	1050	1051	1052	1053	
142	285	0	7	989	990	991	992	993	994	995	
143	286	0	1	71	
144	287	0	3	123	124	125	
145	288	0	1	688	
146	290	0	1	284	
147	291	0	21	473	474	475	476	477	478	479	480	481	482	483	484	485	486	487	488	489	490	491	492	493	
148	295	0	1	75	
149	296	0	1	434	
150	298	0	1	119	
151	301	0	21	1076	1077	1078	1079	1080	1081	1082	1083	1084	1085	1086	1087	1088	1089	1090	1091	1092	1093	1094	1095	1096	
152	304	0	1	1098	
153	305	0	3	251	252	253	
154	306	0	7	949	950	951	952	953	954	955	
155	309	0	1	636	
156	310	0	1	117	
157	311	0	1	327	
158	313	0	12	151	152	153	154	155	156	157	158	159	160	161	162	
159	316	0	1	298	
160	318	0	21	473	474	475	476	477	478	479	480	481	482	483	484	485	486	487	488	489	490	491	492	493	
161	319	0	1	773	
162	320	0	18	1055	1056	1057	1058	1059	1060	1061	1062	1063	1064	1065	1066	1067	1068	1069	1070	1071	1072	
163	321	0	1	788	
164	322	0	21	209	210	211	212	213	214	215	216	217	218	219	220	221	222	223	224	225	226	227	228	229	
165	327	0	12	880	881	882	883	884	885	886	887	888	889	890	891	
166	328	0	15	570	571	572	573	574	575	576	577	578	579	580	581	582	583	584	
167	329	0	1	74	
168	330	0	1	61	
169	331	0	1	785	
170	334	0	7	190	191	192	193	194	195	196	
171	335	0	1	1010	
172	338	0	15	126	127	128	129	130	131	132	133	134	135	136	137	138	139	140	
173	339	0	1	628	
174	342	0	1	787	
175	343	0	1	520	
176	344	0	1	996	
177	345	0	18	501	502	503	504	505	506	507	508	509	510	511	512	513	514	515	516	517	518	
178	346	0	3	957	958	959	
179	347	0	1	300	
180	348	0	18	610	611	612	613	614	615	616	617	618	619	620	621	622	623	624	625	626	627	
181	351	0	1	548	
182	352	0	7	39	40	41	42	43	44	45	
183	357	0	1	940	
184	358	0	1	956	
185	362	0	21	86	87	88	89	90	91	92	93	94	95	96	97	98	99	100	101	102	103	104	105	106	
186	365	0	1	564	
187	366	0	3	662	663	664	
188	367	0	1	1104	
189	369	0	24	524	525	526	527	528	529	530	531	532	533	534	535	536	537	538	539	540	541	542	543	544	545	546	547	
190	372	0	1	1014	
191	376	0	7	435	436	437	438	439	440	441	
192	377	0	21	230	231	232	233	234	235	236	237	238	239	240	241	242	243	244	245	246	247	248	249	250	
193	378	0	1	769	
194	379	0	1	947	
195	384	0	21	1033	1034	1035	1036	1037	1038	1039	1040	1041	1042	1043	1044	1045	1046	1047	1048	1049	1050	1051	1052	1053	
196	385	0	21	473	474	475	476	477	478	479	480	481	482	483	484	485	486	487	488	489	490	491	492	493	
197	387	0	21	86	87	88	89	90	91	92	93	94	95	96	97	98	99	100	101	102	103	104	105	106	
198	390	0	7	427	428	429	430	431	432	433	
199	396	0	1	761	
200	398	0	24	372	373	374	375	376	377	378	379	380	381	382	383	384	385	386	387	388	389	390	391	392	393	394	395	
201	399	0	1	770	
202	401	0	1	500	
203	402	0	7	933	934	935	936	937	938	939	
204	403	0	1	1123	
205	404	0	1	1012	
206	405	0	18	18	19	20	21	22	23	24	25	26	27	28	29	30	31	32	33	34	35	
207	406	0	3	1099	1100	1101	
208	407	0	1	771	
209	409	0	1	946	
210	411	0	1	60	
211	412	0	3	164	165	166	
212	413	0	18	354	355	356	357	358	359	360	361	362	363	364	365	366	367	368	369	370	371	
213	415	0	18	1136	1137	1138	1139	1140	1141	1142	1143	1144	1145	1146	1147	1148	1149	1150	1151	1152	1153	
214	418	0	3	599	600	601	
215	421	0	18	960	961	962	963	964	965	966	967	968	969	970	971	972	973	974	975	976	977	
216	423	0	12	880	881	882	883	884	885	886	887	888	889	890	891	
217	424	0	1	1128	
218	425	0	1	687	
219	428	0	1	988	
220	431	0	1	789	
221	435	0	21	209	210	211	212	213	214	215	216	217	218	219	220	221	222	223	224	225	226	227	228	229	
222	436	0	1	1097	
223	440	0	1	665	
224	441	0	24	851	852	853	854	855	856	857	858	859	860	861	862	863	864	865	866	867	868	869	870	871	872	873	874	
225	442	0	3	650	651	652	
226	443	0	1	569	
227	444	0	3	46	47	48	
228	445	0	24	303	304	305	306	307	308	309	310	311	312	313	314	315	316	317	318	319	320	321	322	323	324	325	326	
229	450	0	7	144	145	146	147	148	149	150	
230	455	0	18	960	961	962	963	964	965	966	967	968	969	970	971	972	973	974	975	976	977	
231	456	0	7	77	78	79	80	81	82	83	
232	457	0	24	303	304	305	306	307	308	309	310	311	312	313	314	315	316	317	318	319	320	321	322	323	324	325	326	
233	458	0	1	774	
234	460	0	1	1024	
235	461	0	1	686	
236	462	0	1	921	
237	463	0	12	269	270	271	272	273	274	275	276	277	278	279	280	
238	464	0	15	570	571	572	573	574	575	576	577	578	579	580	581	582	583	584	
239	466	0	3	998	999	1000	
240	470	0	24	372	373	374	375	376	377	378	379	380	381	382	383	384	385	386	387	388	389	390	391	392	393	394	395	
241	478	0	1	944	
242	479	0	15	126	127	128	129	130	131	132	133	134	135	136	137	138	139	140	
243	480	0	24	403	404	405	406	407	408	409	410	411	412	413	414	415	416	417	418	419	420	421	422	423	424	425	426	
244	481	0	1	739	
245	482	0	1	118	
246	483	0	3	1026	1027	1028	
247	485	0	3	799	800	801	
248	486	0	15	742	743	744	745	746	747	748	749	750	751	752	753	754	755	756	
249	487	0	9	790	791	792	793	794	795	796	797	798	
250	488	0	1	1023	
251	489	0	3	1120	1121	1122	
252	490	0	21	230	231	232	233	234	235	236	237	238	239	240	241	242	243	244	245	246	247	248	249	250	
253	492	0	1	1102	
254	493	0	3	670	671	672	
255	494	0	1	56	
256	500	0	3	497	498	499	
257	501	0	24	851	852	853	854	855	856	857	858	859	860	861	862	863	864	865	866	867	868	869	870	871	872	873	874	
258	502	0	1	281	
259	505	0	1	116	
260	506	0	7	11	12	13	14	15	16	17	
261	508	0	7	1001	1002	1003	1004	1005	1006	1007	
262	509	0	1	297	
263	511	0	1	335	
264	514	0	1	1008	
265	519	0	1	1124	
266	520	0	3	710	711	712	
267	521	0	1	1015	
268	523	0	1	296	
269	524	0	1	1135	
270	526	0	7	979	980	981	982	983	984	985	
271	527	0	1	1011	
272	528	0	1	741	
273	531	0	1	605	
274	536	0	24	524	525	526	527	528	529	530	531	532	533	534	535	536	537	538	539	540	541	542	543	544	545	546	547	
275	537	0	1	987	
276	540	0	1	85	
277	541	0	1	1126	
278	543	0	1	1009	
279	546	0	21	1076	1077	1078	1079	1080	1081	1082	1083	1084	1085	1086	1087	1088	1089	1090	1091	1092	1093	1094	1095	1096	
280	548	0	18	960	961	962	963	964	965	966	967	968	969	970	971	972	973	974	975	976	977	
281	549	0	1	1127	
282	552	0	15	742	743	744	745	746	747	748	749	750	751	752	753	754	755	756	
283	553	0	1	931	
284	555	0	21	230	231	232	233	234	235	236	237	238	239	240	241	242	243	244	245	246	247	248	249	250	
285	556	0	3	877	878	879	
286	558	0	1	163	
287	567	0	1	772	
288	568	0	24	822	823	824	825	826	827	828	829	830	831	832	833	834	835	836	837	838	839	840	841	842	843	844	845	
289	573	0	7	328	329	330	331	332	333	334	
290	574	0	1	565	
291	578	0	1	948	
292	579	0	1	930	
293	582	0	1	646	
294	583	0	1	7	
295	584	0	1	285	
296	585	0	21	473	474	475	476	477	478	479	480	481	482	483	484	485	486	487	488	489	490	491	492	493	
297	589	0	1	1074	
298	590	0	1	816	
299	594	0	3	1114	1115	1116	
300	595	0	1	69	
301	597	0	24	303	304	305	306	307	308	309	310	311	312	313	314	315	316	317	318	319	320	321	322	323	324	325	326	
302	600	0	1	821	
303	602	0	21	167	168	169	170	171	172	173	174	175	176	177	178	179	180	181	182	183	184	185	186	187	
304	603	0	3	463	464	465	
305	605	0	7	654	655	656	657	658	659	660	
306	606	0	1	287	
307	607	0	1	760	
308	608	0	24	822	823	824	825	826	827	828	829	830	831	832	833	834	835	836	837	838	839	840	841	842	843	844	845	
309	609	0	7	892	893	894	895	896	897	898	
310	610	0	24	822	823	824	825	826	827	828	829	830	831	832	833	834	835	836	837	838	839	840	841	842	843	844	845	
311	611	0	24	403	404	405	406	407	408	409	410	411	412	413	414	415	416	417	418	419	420	421	422	423	424	425	426	
312	612	0	3	818	819	820	
313	616	0	21	230	231	232	233	234	235	236	237	238	239	240	241	242	243	244	245	246	247	248	249	250	
314	617	0	1	1013	
315	621	0	1	268	
316	626	0	1	1073	
317	628	0	18	18	19	20	21	22	23	24	25	26	27	28	29	30	31	32	33	34	35	
318	629	0	3	757	758	759	
319	631	0	21	1076	1077	1078	1079	1080	1081	1082	1083	1084	1085	1086	1087	1088	1089	1090	1091	1092	1093	1094	1095	1096	
320	633	0	1	122	
321	636	0	1	299	
322	637	0	1	353	
323	640	0	18	501	502	503	504	505	506	507	508	509	510	511	512	513	514	515	516	517	518	
324	642	0	3	764	765	766	
325	643	0	1	207	
326	645	0	21	1033	1034	1035	1036	1037	1038	1039	1040	1041	1042	1043	1044	1045	1046	1047	1048	1049	1050	1051	1052	1053	
327	651	0	1	256	
328	652	0	24	714	715	716	717	718	719	720	721	722	723	724	725	726	727	728	729	730	731	732	733	734	735	736	737	
329	653	0	1	638	
330	655	0	21	442	443	444	445	446	447	448	449	450	451	452	453	454	455	456	457	458	459	460	461	462	
331	659	0	1	653	
332	660	0	24	372	373	374	375	376	377	378	379	380	381	382	383	384	385	386	387	388	389	390	391	392	393	394	395	
333	661	0	21	689	690	691	692	693	694	695	696	697	698	699	700	701	702	703	704	705	706	707	708	709	
334	662	0	1	817	
335	663	0	21	167	168	169	170	171	172	173	174	175	176	177	178	179	180	181	182	183	184	185	186	187	
336	664	0	7	923	924	925	926	927	928	929	
337	665	0	1	768	
338	667	0	1	562	
339	669	0	18	354	355	356	357	358	359	360	361	362	363	364	365	366	367	368	369	370	371	
340	671	0	7	466	467	468	469	470	471	472	
341	672	0	1	588	
342	673	0	1	1054	
343	674	0	12	269	270	271	272	273	274	275	276	277	278	279	280	
344	675	0	24	714	715	716	717	718	719	720	721	722	723	724	725	726	727	728	729	730	731	732	733	734	735	736	737	
345	680	0	1	1132	
346	681	0	7	197	198	199	200	201	202	203	
347	683	0	1	189	
348	685	0	1	339	
349	686	0	21	442	443	444	445	446	447	448	449	450	451	452	453	454	455	456	457	458	459	460	461	462	
350	689	0	7	109	110	111	112	113	114	115	
351	691	0	1	738	
352	694	0	7	288	289	290	291	292	293	294	
353	695	0	1	84	
354	698	0	1	551	
355	700	0	21	167	168	169	170	171	172	173	174	175	176	177	178	179	180	181	182	183	184	185	186	187	
356	701	0	3	602	603	604	
357	702	0	1	550	
358	708	0	9	673	674	675	676	677	678	679	680	681	
359	709	0	21	1076	1077	1078	1079	1080	1081	1082	1083	1084	1085	1086	1087	1088	1089	1090	1091	1092	1093	1094	1095	1096	
360	713	0	9	790	791	792	793	794	795	796	797	798	
361	714	0	1	260	
362	717	0	1	767	
363	718	0	1	585	
364	719	0	1	932	
365	721	0	3	566	567	568	
366	722	0	1	120	
367	723	0	1	713	
368	729	0	3	204	205	206	
369	734	0	9	673	674	675	676	677	678	679	680	681	
370	737	0	15	570	571	572	573	574	575	576	577	578	579	580	581	582	583	584	
371	740	0	1	496	
372	741	0	1	606	
373	742	0	9	1105	1106	1107	1108	1109	1110	1111	1112	1113	
374	744	0	1	846	
375	746	0	7	809	810	811	812	813	814	815	
376	747	0	1	1154	
377	748	0	3	941	942	943	
