413
0	0	1	1	
1	0	1	7	
2	0	1	13	
3	1	2	15	
4	2	2	17	
5	3	2	19	
6	4	2	20	
7	5	1	23	
8	5	1	31	
9	5	1	37	
10	5	1	43	
11	6	2	45	
12	7	2	46	
13	8	2	48	
14	9	2	52	
15	10	2	57	
16	11	2	58	
17	12	2	61	
18	12	1	69	
19	12	2	75	
20	12	1	81	
21	13	2	83	
22	14	2	84	
23	15	2	87	
24	15	2	95	
25	15	2	101	
26	16	2	105	
27	16	1	113	
28	16	1	119	
29	17	2	121	
30	18	2	122	
31	19	2	123	
32	20	1	125	
33	20	2	131	
34	21	2	135	
35	22	2	140	
36	23	2	141	
37	24	2	142	
38	25	2	145	
39	26	2	150	
40	27	2	152	
41	28	2	154	
42	29	2	155	
43	30	2	156	
44	31	2	157	
45	32	2	158	
46	33	2	159	
47	34	2	160	
48	35	2	161	
49	36	2	162	
50	37	2	164	
51	37	2	170	
52	38	2	174	
53	39	2	179	
54	40	2	180	
55	41	2	183	
56	42	2	188	
57	43	2	189	
58	44	2	190	
59	45	2	193	
60	46	2	198	
61	47	2	199	
62	48	2	202	
63	49	2	207	
64	50	2	208	
65	51	2	209	
66	52	2	210	
67	53	2	212	
68	53	1	218	
69	53	2	224	
70	54	2	226	
71	55	2	227	
72	56	2	228	
73	57	2	229	
74	58	2	231	
75	59	2	233	
76	60	2	234	
77	61	2	235	
78	62	1	238	
79	62	1	246	
80	62	1	252	
81	62	2	258	
82	63	2	260	
83	64	2	261	
84	65	2	262	
85	66	2	263	
86	67	2	264	
87	68	1	267	
88	68	1	275	
89	68	1	281	
90	69	2	283	
91	70	2	284	
92	71	2	285	
93	72	2	286	
94	73	2	287	
95	74	2	288	
96	75	1	291	
97	75	2	299	
98	75	1	305	
99	75	2	311	
100	76	2	313	
101	77	2	314	
102	78	2	315	
103	79	2	316	
104	80	2	317	
105	81	1	319	
106	81	1	325	
107	81	2	331	
108	81	2	337	
109	82	2	339	
110	83	2	341	
111	84	2	343	
112	85	2	344	
113	86	2	345	
114	87	2	348	
115	88	2	353	
116	89	2	354	
117	90	1	356	
118	90	2	362	
119	91	2	364	
120	92	2	367	
121	93	2	372	
122	94	2	374	
123	95	2	376	
124	96	2	378	
125	96	2	384	
126	97	2	388	
127	98	2	393	
128	99	1	396	
129	99	2	404	
130	99	1	410	
131	99	1	416	
132	100	2	418	
133	101	2	421	
134	102	2	426	
135	103	2	428	
136	103	1	434	
137	103	1	440	
138	103	1	446	
139	104	2	450	
140	105	2	455	
141	106	2	456	
142	107	2	457	
143	108	2	458	
144	109	2	460	
145	110	2	462	
146	111	2	465	
147	111	1	473	
148	112	2	475	
149	113	2	477	
150	113	1	483	
151	113	2	489	
152	113	1	495	
153	114	2	498	
154	115	2	500	
155	116	2	501	
156	117	2	502	
157	118	2	503	
158	119	2	504	
159	120	2	505	
160	121	2	508	
161	122	2	513	
162	123	2	514	
163	124	2	515	
164	125	2	517	
165	126	2	520	
166	127	2	522	
167	128	2	525	
168	128	2	533	
169	128	1	539	
170	129	2	542	
171	130	2	544	
172	131	2	545	
173	132	2	547	
174	132	1	553	
175	133	2	556	
176	134	2	558	
177	135	2	561	
178	136	2	566	
179	137	1	568	
180	137	2	574	
181	137	1	580	
182	138	2	582	
183	139	2	583	
184	140	2	586	
185	141	2	592	
186	141	2	598	
187	141	1	604	
188	142	2	606	
189	143	2	607	
190	144	1	609	
191	144	1	615	
192	144	2	621	
193	144	2	627	
194	145	2	629	
195	146	2	630	
196	147	2	631	
197	148	2	632	
198	149	2	635	
199	150	2	640	
200	151	1	643	
201	151	1	651	
202	151	1	657	
203	152	2	661	
204	152	1	669	
205	153	2	671	
206	154	2	672	
207	155	2	673	
208	156	2	676	
209	157	2	681	
210	158	2	684	
211	158	1	692	
212	159	2	694	
213	160	2	697	
214	160	1	705	
215	161	1	708	
216	161	1	714	
217	161	2	720	
218	161	1	726	
219	162	2	729	
220	162	2	735	
221	163	2	737	
222	164	2	738	
223	165	2	739	
224	166	2	741	
225	166	2	747	
226	167	2	749	
227	168	2	751	
228	169	2	754	
229	170	2	758	
230	171	2	764	
231	172	2	766	
232	173	2	767	
233	174	2	768	
234	175	2	769	
235	176	2	770	
236	177	2	771	
237	178	2	772	
238	179	2	773	
239	180	1	775	
240	180	2	781	
241	180	1	787	
242	180	2	793	
243	181	2	795	
244	182	2	796	
245	183	2	799	
246	184	2	804	
247	185	2	805	
248	186	2	806	
249	187	1	808	
250	187	2	814	
251	187	1	820	
252	188	2	823	
253	188	1	829	
254	188	2	835	
255	188	1	841	
256	189	2	843	
257	190	2	844	
258	191	2	845	
259	192	2	846	
260	193	2	848	
261	193	2	854	
262	193	1	860	
263	194	2	863	
264	195	2	865	
265	196	2	867	
266	197	1	870	
267	197	2	876	
268	198	2	878	
269	199	1	881	
270	199	2	889	
271	199	1	895	
272	199	1	901	
273	200	2	903	
274	201	2	904	
275	202	2	905	
276	203	2	907	
277	203	1	913	
278	203	1	919	
279	204	2	921	
280	205	2	922	
281	206	2	925	
282	207	2	932	
283	207	1	940	
284	207	2	946	
285	208	2	950	
286	209	2	955	
287	210	2	956	
288	211	2	957	
289	212	2	960	
290	212	1	968	
291	212	2	974	
292	213	2	976	
293	214	2	977	
294	215	2	978	
295	216	2	979	
296	217	2	981	
297	218	1	985	
298	218	1	993	
299	218	1	999	
300	219	2	1001	
301	220	2	1002	
302	221	2	1003	
303	222	2	1005	
304	223	2	1007	
305	224	2	1009	
306	225	2	1012	
307	226	2	1014	
308	227	2	1016	
309	228	2	1018	
310	229	2	1019	
311	230	2	1021	
312	231	2	1023	
313	232	2	1026	
314	233	1	1033	
315	233	1	1041	
316	233	2	1047	
317	233	1	1053	
318	234	1	1056	
319	234	1	1062	
320	234	1	1068	
321	234	2	1074	
322	235	2	1076	
323	236	2	1077	
324	237	2	1078	
325	238	1	1081	
326	238	1	1089	
327	238	1	1095	
328	238	2	1101	
329	239	2	1103	
330	240	1	1106	
331	240	2	1114	
332	240	1	1120	
333	240	2	1126	
334	241	2	1128	
335	242	1	1131	
336	242	1	1139	
337	242	2	1145	
338	243	2	1148	
339	244	2	1150	
340	245	2	1151	
341	246	1	1154	
342	246	1	1162	
343	246	2	1168	
344	246	1	1174	
345	247	2	1177	
346	248	2	1179	
347	249	2	1180	
348	250	1	1183	
349	250	2	1191	
350	250	2	1197	
351	251	2	1199	
352	252	2	1201	
353	253	2	1205	
354	254	2	1212	
355	255	2	1217	
356	256	2	1218	
357	257	2	1221	
358	258	2	1226	
359	259	2	1227	
360	260	2	1230	
361	260	1	1238	
362	260	2	1244	
363	261	1	1247	
364	261	1	1253	
365	261	1	1259	
366	261	2	1265	
367	262	2	1267	
368	263	2	1268	
369	264	1	1270	
370	264	1	1276	
371	265	2	1278	
372	266	2	1279	
373	267	2	1280	
374	268	2	1281	
375	269	2	1282	
376	270	2	1283	
377	271	2	1285	
378	272	2	1287	
379	273	2	1288	
380	274	1	1291	
381	274	2	1299	
382	274	2	1305	
383	274	1	1311	
384	275	2	1313	
385	276	2	1315	
386	277	2	1317	
387	278	2	1318	
388	279	2	1319	
389	280	2	1320	
390	281	2	1321	
391	282	2	1322	
392	283	2	1323	
393	284	2	1325	
394	284	1	1331	
395	285	2	1333	
396	286	2	1334	
397	287	1	1337	
398	287	1	1345	
399	287	2	1351	
400	288	2	1355	
401	288	2	1363	
402	289	2	1365	
403	290	2	1366	
404	291	2	1367	
405	292	2	1368	
406	293	2	1369	
407	294	2	1370	
408	295	2	1371	
409	296	2	1374	
410	297	2	1379	
411	298	2	1380	
412	299	2	1381	
