1403	1103	300
0	0	1	11	1	0	
1	0	1	22	2	0	1	
2	0	1	33	3	0	1	2	
3	0	1	11	1	1	
4	0	1	22	2	1	2	
5	0	1	33	3	1	2	3	
6	0	1	11	1	2	
7	0	1	22	2	2	3	
8	0	1	33	3	2	3	4	
9	0	1	11	1	3	
10	0	1	22	2	3	4	
11	0	1	33	3	3	4	5	
12	0	1	11	1	4	
13	0	1	22	2	4	5	
14	0	1	33	3	4	5	6	
15	0	1	11	1	5	
16	0	1	22	2	5	6	
17	0	1	33	3	5	6	7	
18	0	1	11	1	6	
19	0	1	22	2	6	7	
20	0	1	11	1	7	
21	1	2	6	1	8	
22	1	2	12	2	8	9	
23	1	2	18	3	8	9	10	
24	1	2	6	1	9	
25	1	2	12	2	9	10	
26	1	2	18	3	9	10	11	
27	1	2	6	1	10	
28	1	2	12	2	10	11	
29	1	2	6	1	11	
30	2	2	11	1	12	
31	2	2	22	2	12	13	
32	2	2	33	3	12	13	14	
33	2	2	11	1	13	
34	2	2	22	2	13	14	
35	2	2	33	3	13	14	15	
36	2	2	11	1	14	
37	2	2	22	2	14	15	
38	2	2	33	3	14	15	16	
39	2	2	11	1	15	
40	2	2	22	2	15	16	
41	2	2	33	3	15	16	17	
42	2	2	11	1	16	
43	2	2	22	2	16	17	
44	2	2	33	3	16	17	18	
45	2	2	11	1	17	
46	2	2	22	2	17	18	
47	2	2	33	3	17	18	19	
48	2	2	11	1	18	
49	2	2	22	2	18	19	
50	2	2	33	3	18	19	20	
51	2	2	11	1	19	
52	2	2	22	2	19	20	
53	2	2	11	1	20	
54	3	1	6	1	21	
55	4	1	5	1	22	
56	5	2	6	1	23	
57	6	1	5	1	24	
58	7	2	11	1	25	
59	8	1	11	1	26	
60	8	1	22	2	26	27	
61	8	1	33	3	26	27	28	
62	8	1	11	1	27	
63	8	1	22	2	27	28	
64	8	1	33	3	27	28	29	
65	8	1	11	1	28	
66	8	1	22	2	28	29	
67	8	1	33	3	28	29	30	
68	8	1	11	1	29	
69	8	1	22	2	29	30	
70	8	1	11	1	30	
71	9	2	6	1	31	
72	10	2	11	1	32	
73	10	2	22	2	32	33	
74	10	2	33	3	32	33	34	
75	10	2	11	1	33	
76	10	2	22	2	33	34	
77	10	2	33	3	33	34	35	
78	10	2	11	1	34	
79	10	2	22	2	34	35	
80	10	2	11	1	35	
81	11	2	22	1	36	
82	11	2	33	2	36	37	
83	11	2	44	3	36	37	38	
84	11	2	33	2	36	38	
85	11	2	11	1	37	
86	11	2	22	2	37	38	
87	11	2	11	1	38	
88	12	1	22	1	39	
89	13	1	6	1	40	
90	14	1	6	1	41	
91	15	1	5	1	42	
92	16	1	5	1	43	
93	17	1	12	1	44	
94	18	1	5	1	45	
95	19	1	5	1	46	
96	20	1	11	1	47	
97	21	2	12	1	48	
98	22	1	11	1	49	
99	23	2	11	1	50	
100	23	2	22	2	50	51	
101	23	2	11	1	51	
102	24	2	12	1	52	
103	25	1	5	1	53	
104	26	1	5	1	54	
105	27	1	22	1	55	
106	28	1	11	1	56	
107	29	1	5	1	57	
108	30	2	12	1	58	
109	31	2	11	1	59	
110	32	2	5	1	60	
111	32	2	10	2	60	61	
112	32	2	15	3	60	61	62	
113	32	2	10	2	60	62	
114	32	2	5	1	61	
115	32	2	10	2	61	62	
116	32	2	5	1	62	
117	33	1	6	1	63	
118	34	1	22	1	64	
119	35	1	5	1	65	
120	35	1	10	2	65	66	
121	35	1	15	3	65	66	67	
122	35	1	5	1	66	
123	35	1	10	2	66	67	
124	35	1	15	3	66	67	68	
125	35	1	5	1	67	
126	35	1	10	2	67	68	
127	35	1	5	1	68	
128	36	1	5	1	69	
129	36	1	10	2	69	70	
130	36	1	15	3	69	70	71	
131	36	1	5	1	70	
132	36	1	10	2	70	71	
133	36	1	15	3	70	71	72	
134	36	1	5	1	71	
135	36	1	10	2	71	72	
136	36	1	15	3	71	72	73	
137	36	1	5	1	72	
138	36	1	10	2	72	73	
139	36	1	5	1	73	
140	37	2	11	1	74	
141	37	2	22	2	74	75	
142	37	2	33	3	74	75	76	
143	37	2	11	1	75	
144	37	2	22	2	75	76	
145	37	2	33	3	75	76	77	
146	37	2	11	1	76	
147	37	2	22	2	76	77	
148	37	2	33	3	76	77	78	
149	37	2	11	1	77	
150	37	2	22	2	77	78	
151	37	2	33	3	77	78	79	
152	37	2	11	1	78	
153	37	2	22	2	78	79	
154	37	2	33	3	78	79	80	
155	37	2	11	1	79	
156	37	2	22	2	79	80	
157	37	2	33	3	79	80	81	
158	37	2	11	1	80	
159	37	2	22	2	80	81	
160	37	2	33	3	80	81	82	
161	37	2	11	1	81	
162	37	2	22	2	81	82	
163	37	2	11	1	82	
164	38	2	11	1	83	
165	39	1	5	1	84	
166	40	1	5	1	85	
167	41	1	5	1	86	
168	41	1	10	2	86	87	
169	41	1	15	3	86	87	88	
170	41	1	10	2	86	88	
171	41	1	5	1	87	
172	41	1	10	2	87	88	
173	41	1	5	1	88	
174	42	2	11	1	89	
175	43	1	6	1	90	
176	44	1	11	1	91	
177	45	1	6	1	92	
178	46	2	11	1	93	
179	47	1	5	1	94	
180	47	1	10	2	94	95	
181	47	1	15	3	94	95	96	
182	47	1	5	1	95	
183	47	1	10	2	95	96	
184	47	1	15	3	95	96	97	
185	47	1	5	1	96	
186	47	1	10	2	96	97	
187	47	1	15	3	96	97	98	
188	47	1	5	1	97	
189	47	1	10	2	97	98	
190	47	1	15	3	97	98	99	
191	47	1	5	1	98	
192	47	1	10	2	98	99	
193	47	1	5	1	99	
194	48	1	11	1	100	
195	49	1	6	1	101	
196	50	1	6	1	102	
197	51	1	10	1	103	
198	52	2	6	1	104	
199	52	2	12	2	104	105	
200	52	2	6	1	105	
201	53	2	5	1	106	
202	54	1	5	1	107	
203	54	1	10	2	107	108	
204	54	1	15	3	107	108	109	
205	54	1	5	1	108	
206	54	1	10	2	108	109	
207	54	1	15	3	108	109	110	
208	54	1	5	1	109	
209	54	1	10	2	109	110	
210	54	1	5	1	110	
211	55	1	10	1	111	
212	56	2	11	1	112	
213	57	2	5	1	113	
214	58	1	22	1	114	
215	59	2	5	1	115	
216	59	2	10	2	115	116	
217	59	2	15	3	115	116	117	
218	59	2	10	2	115	117	
219	59	2	5	1	116	
220	59	2	10	2	116	117	
221	59	2	5	1	117	
222	60	1	6	1	118	
223	61	1	6	1	119	
224	61	1	12	2	119	120	
225	61	1	6	1	120	
226	62	1	5	1	121	
227	62	1	10	2	121	122	
228	62	1	15	3	121	122	123	
229	62	1	5	1	122	
230	62	1	10	2	122	123	
231	62	1	15	3	122	123	124	
232	62	1	5	1	123	
233	62	1	10	2	123	124	
234	62	1	5	1	124	
235	63	1	12	1	125	
236	63	1	18	2	125	126	
237	63	1	24	3	125	126	127	
238	63	1	18	2	125	127	
239	63	1	6	1	126	
240	63	1	12	2	126	127	
241	63	1	6	1	127	
242	64	1	11	1	128	
243	64	1	22	2	128	129	
244	64	1	33	3	128	129	130	
245	64	1	11	1	129	
246	64	1	22	2	129	130	
247	64	1	33	3	129	130	131	
248	64	1	11	1	130	
249	64	1	22	2	130	131	
250	64	1	33	3	130	131	132	
251	64	1	11	1	131	
252	64	1	22	2	131	132	
253	64	1	33	3	131	132	133	
254	64	1	11	1	132	
255	64	1	22	2	132	133	
256	64	1	33	3	132	133	134	
257	64	1	11	1	133	
258	64	1	22	2	133	134	
259	64	1	33	3	133	134	135	
260	64	1	11	1	134	
261	64	1	22	2	134	135	
262	64	1	33	3	134	135	136	
263	64	1	11	1	135	
264	64	1	22	2	135	136	
265	64	1	11	1	136	
266	65	1	5	1	137	
267	65	1	10	2	137	138	
268	65	1	5	1	138	
269	66	1	22	1	139	
270	67	2	6	1	140	
271	68	2	11	1	141	
272	69	1	12	1	142	
273	69	1	18	2	142	143	
274	69	1	6	1	143	
275	70	1	22	1	144	
276	71	2	6	1	145	
277	71	2	12	2	145	146	
278	71	2	18	3	145	146	147	
279	71	2	6	1	146	
280	71	2	12	2	146	147	
281	71	2	18	3	146	147	148	
282	71	2	6	1	147	
283	71	2	12	2	147	148	
284	71	2	18	3	147	148	149	
285	71	2	6	1	148	
286	71	2	12	2	148	149	
287	71	2	18	3	148	149	150	
288	71	2	6	1	149	
289	71	2	12	2	149	150	
290	71	2	18	3	149	150	151	
291	71	2	6	1	150	
292	71	2	12	2	150	151	
293	71	2	18	3	150	151	152	
294	71	2	6	1	151	
295	71	2	12	2	151	152	
296	71	2	6	1	152	
297	72	1	10	1	153	
298	73	2	6	1	154	
299	74	1	22	1	155	
300	75	2	12	1	156	
301	75	2	18	2	156	157	
302	75	2	6	1	157	
303	76	2	11	1	158	
304	77	2	6	1	159	
305	78	1	5	1	160	
306	79	1	5	1	161	
307	79	1	10	2	161	162	
308	79	1	5	1	162	
309	80	1	6	1	163	
310	81	1	6	1	164	
311	82	2	5	1	165	
312	83	2	11	1	166	
313	83	2	22	2	166	167	
314	83	2	33	3	166	167	168	
315	83	2	11	1	167	
316	83	2	22	2	167	168	
317	83	2	33	3	167	168	169	
318	83	2	11	1	168	
319	83	2	22	2	168	169	
320	83	2	33	3	168	169	170	
321	83	2	11	1	169	
322	83	2	22	2	169	170	
323	83	2	33	3	169	170	171	
324	83	2	11	1	170	
325	83	2	22	2	170	171	
326	83	2	33	3	170	171	172	
327	83	2	11	1	171	
328	83	2	22	2	171	172	
329	83	2	33	3	171	172	173	
330	83	2	11	1	172	
331	83	2	22	2	172	173	
332	83	2	33	3	172	173	174	
333	83	2	11	1	173	
334	83	2	22	2	173	174	
335	83	2	11	1	174	
336	84	2	5	1	175	
337	84	2	10	2	175	176	
338	84	2	15	3	175	176	177	
339	84	2	10	2	175	177	
340	84	2	5	1	176	
341	84	2	10	2	176	177	
342	84	2	5	1	177	
343	85	1	6	1	178	
344	86	1	5	1	179	
345	87	1	6	1	180	
346	87	1	12	2	180	181	
347	87	1	18	3	180	181	182	
348	87	1	12	2	180	182	
349	87	1	6	1	181	
350	87	1	12	2	181	182	
351	87	1	6	1	182	
352	88	1	6	1	183	
353	88	1	12	2	183	184	
354	88	1	18	3	183	184	185	
355	88	1	6	1	184	
356	88	1	12	2	184	185	
357	88	1	18	3	184	185	186	
358	88	1	6	1	185	
359	88	1	12	2	185	186	
360	88	1	6	1	186	
361	89	1	11	1	187	
362	89	1	22	2	187	188	
363	89	1	11	1	188	
364	90	2	10	1	189	
365	91	2	6	1	190	
366	91	2	12	2	190	191	
367	91	2	18	3	190	191	192	
368	91	2	12	2	190	192	
369	91	2	6	1	191	
370	91	2	12	2	191	192	
371	91	2	6	1	192	
372	92	1	11	1	193	
373	93	2	11	1	194	
374	94	1	11	1	195	
375	94	1	22	2	195	196	
376	94	1	33	3	195	196	197	
377	94	1	11	1	196	
378	94	1	22	2	196	197	
379	94	1	33	3	196	197	198	
380	94	1	11	1	197	
381	94	1	22	2	197	198	
382	94	1	11	1	198	
383	95	1	11	1	199	
384	95	1	22	2	199	200	
385	95	1	33	3	199	200	201	
386	95	1	22	2	199	201	
387	95	1	11	1	200	
388	95	1	22	2	200	201	
389	95	1	11	1	201	
390	96	1	6	1	202	
391	97	2	12	1	203	
392	98	2	11	1	204	
393	98	2	22	2	204	205	
394	98	2	33	3	204	205	206	
395	98	2	11	1	205	
396	98	2	22	2	205	206	
397	98	2	33	3	205	206	207	
398	98	2	11	1	206	
399	98	2	22	2	206	207	
400	98	2	33	3	206	207	208	
401	98	2	11	1	207	
402	98	2	22	2	207	208	
403	98	2	11	1	208	
404	99	1	6	1	209	
405	100	2	5	1	210	
406	101	1	11	1	211	
407	102	1	11	1	212	
408	103	2	5	1	213	
409	104	1	6	1	214	
410	105	1	6	1	215	
411	106	1	6	1	216	
412	107	1	33	1	217	
413	107	1	55	2	217	218	
414	107	1	22	1	218	
415	108	2	11	1	219	
416	108	2	22	2	219	220	
417	108	2	33	3	219	220	221	
418	108	2	11	1	220	
419	108	2	22	2	220	221	
420	108	2	33	3	220	221	222	
421	108	2	11	1	221	
422	108	2	22	2	221	222	
423	108	2	33	3	221	222	223	
424	108	2	11	1	222	
425	108	2	22	2	222	223	
426	108	2	33	3	222	223	224	
427	108	2	11	1	223	
428	108	2	22	2	223	224	
429	108	2	33	3	223	224	225	
430	108	2	11	1	224	
431	108	2	22	2	224	225	
432	108	2	33	3	224	225	226	
433	108	2	11	1	225	
434	108	2	22	2	225	226	
435	108	2	11	1	226	
436	109	1	6	1	227	
437	110	1	5	1	228	
438	111	2	11	1	229	
439	112	1	6	1	230	
440	113	1	5	1	231	
441	113	1	10	2	231	232	
442	113	1	15	3	231	232	233	
443	113	1	5	1	232	
444	113	1	10	2	232	233	
445	113	1	15	3	232	233	234	
446	113	1	5	1	233	
447	113	1	10	2	233	234	
448	113	1	15	3	233	234	235	
449	113	1	5	1	234	
450	113	1	10	2	234	235	
451	113	1	15	3	234	235	236	
452	113	1	5	1	235	
453	113	1	10	2	235	236	
454	113	1	15	3	235	236	237	
455	113	1	5	1	236	
456	113	1	10	2	236	237	
457	113	1	5	1	237	
458	114	1	5	1	238	
459	115	2	6	1	239	
460	116	2	6	1	240	
461	116	2	12	2	240	241	
462	116	2	6	1	241	
463	117	2	11	1	242	
464	118	1	6	1	243	
465	119	2	11	1	244	
466	120	1	12	1	245	
467	121	1	6	1	246	
468	121	1	12	2	246	247	
469	121	1	6	1	247	
470	122	2	6	1	248	
471	123	1	6	1	249	
472	123	1	18	2	249	250	
473	123	1	12	1	250	
474	124	2	6	1	251	
475	124	2	12	2	251	252	
476	124	2	18	3	251	252	253	
477	124	2	12	2	251	253	
478	124	2	6	1	252	
479	124	2	12	2	252	253	
480	124	2	6	1	253	
481	125	2	10	1	254	
482	125	2	15	2	254	255	
483	125	2	5	1	255	
484	126	1	5	1	256	
485	126	1	10	2	256	257	
486	126	1	15	3	256	257	258	
487	126	1	5	1	257	
488	126	1	10	2	257	258	
489	126	1	15	3	257	258	259	
490	126	1	5	1	258	
491	126	1	10	2	258	259	
492	126	1	15	3	258	259	260	
493	126	1	5	1	259	
494	126	1	10	2	259	260	
495	126	1	15	3	259	260	261	
496	126	1	5	1	260	
497	126	1	10	2	260	261	
498	126	1	5	1	261	
499	127	1	11	1	262	
500	128	1	6	1	263	
501	129	1	6	1	264	
502	130	1	5	1	265	
503	130	1	10	2	265	266	
504	130	1	15	3	265	266	267	
505	130	1	5	1	266	
506	130	1	10	2	266	267	
507	130	1	15	3	266	267	268	
508	130	1	5	1	267	
509	130	1	10	2	267	268	
510	130	1	15	3	267	268	269	
511	130	1	5	1	268	
512	130	1	10	2	268	269	
513	130	1	15	3	268	269	270	
514	130	1	5	1	269	
515	130	1	10	2	269	270	
516	130	1	5	1	270	
517	131	2	5	1	271	
518	132	1	11	1	272	
519	133	2	5	1	273	
520	134	1	10	1	274	
521	135	1	5	1	275	
522	136	2	6	1	276	
523	137	2	5	1	277	
524	138	2	10	1	278	
525	139	1	10	1	279	
526	140	2	5	1	280	
527	141	1	6	1	281	
528	142	2	5	1	282	
529	143	2	6	1	283	
530	143	2	12	2	283	284	
531	143	2	18	3	283	284	285	
532	143	2	6	1	284	
533	143	2	12	2	284	285	
534	143	2	18	3	284	285	286	
535	143	2	6	1	285	
536	143	2	12	2	285	286	
537	143	2	18	3	285	286	287	
538	143	2	6	1	286	
539	143	2	12	2	286	287	
540	143	2	18	3	286	287	288	
541	143	2	6	1	287	
542	143	2	12	2	287	288	
543	143	2	18	3	287	288	289	
544	143	2	6	1	288	
545	143	2	12	2	288	289	
546	143	2	18	3	288	289	290	
547	143	2	6	1	289	
548	143	2	12	2	289	290	
549	143	2	18	3	289	290	291	
550	143	2	6	1	290	
551	143	2	12	2	290	291	
552	143	2	6	1	291	
553	144	1	5	1	292	
554	145	1	22	1	293	
555	146	2	6	1	294	
556	146	2	12	2	294	295	
557	146	2	6	1	295	
558	147	1	5	1	296	
559	147	1	10	2	296	297	
560	147	1	15	3	296	297	298	
561	147	1	10	2	296	298	
562	147	1	5	1	297	
563	147	1	10	2	297	298	
564	147	1	5	1	298	
565	148	2	5	1	299	
566	149	2	6	1	300	
567	150	1	6	1	301	
568	151	2	11	1	302	
569	152	2	11	1	303	
570	152	2	22	2	303	304	
571	152	2	44	3	303	304	305	
572	152	2	33	2	303	305	
573	152	2	11	1	304	
574	152	2	33	2	304	305	
575	152	2	22	1	305	
576	153	2	5	1	306	
577	153	2	10	2	306	307	
578	153	2	15	3	306	307	308	
579	153	2	5	1	307	
580	153	2	10	2	307	308	
581	153	2	15	3	307	308	309	
582	153	2	5	1	308	
583	153	2	10	2	308	309	
584	153	2	15	3	308	309	310	
585	153	2	5	1	309	
586	153	2	10	2	309	310	
587	153	2	15	3	309	310	311	
588	153	2	5	1	310	
589	153	2	10	2	310	311	
590	153	2	5	1	311	
591	154	2	11	1	312	
592	155	2	6	1	313	
593	156	1	6	1	314	
594	156	1	12	2	314	315	
595	156	1	6	1	315	
596	157	2	6	1	316	
597	158	2	5	1	317	
598	159	1	11	1	318	
599	160	2	10	1	319	
600	161	1	22	1	320	
601	161	1	33	2	320	321	
602	161	1	44	3	320	321	322	
603	161	1	33	2	320	322	
604	161	1	11	1	321	
605	161	1	22	2	321	322	
606	161	1	11	1	322	
607	162	2	5	1	323	
608	162	2	10	2	323	324	
609	162	2	15	3	323	324	325	
610	162	2	5	1	324	
611	162	2	10	2	324	325	
612	162	2	15	3	324	325	326	
613	162	2	5	1	325	
614	162	2	10	2	325	326	
615	162	2	5	1	326	
616	163	1	18	1	327	
617	164	1	6	1	328	
618	165	2	5	1	329	
619	165	2	10	2	329	330	
620	165	2	15	3	329	330	331	
621	165	2	5	1	330	
622	165	2	10	2	330	331	
623	165	2	15	3	330	331	332	
624	165	2	5	1	331	
625	165	2	10	2	331	332	
626	165	2	5	1	332	
627	166	1	12	1	333	
628	167	2	6	1	334	
629	168	1	11	1	335	
630	168	1	22	2	335	336	
631	168	1	33	3	335	336	337	
632	168	1	22	2	335	337	
633	168	1	11	1	336	
634	168	1	22	2	336	337	
635	168	1	11	1	337	
636	169	2	11	1	338	
637	170	1	5	1	339	
638	171	2	5	1	340	
639	172	1	6	1	341	
640	173	2	6	1	342	
641	174	1	11	1	343	
642	175	1	11	1	344	
643	176	1	11	1	345	
644	177	1	6	1	346	
645	178	2	11	1	347	
646	178	2	22	2	347	348	
647	178	2	33	3	347	348	349	
648	178	2	22	2	347	349	
649	178	2	11	1	348	
650	178	2	22	2	348	349	
651	178	2	11	1	349	
652	179	2	5	1	350	
653	180	1	22	1	351	
654	181	2	11	1	352	
655	181	2	22	2	352	353	
656	181	2	33	3	352	353	354	
657	181	2	22	2	352	354	
658	181	2	11	1	353	
659	181	2	22	2	353	354	
660	181	2	11	1	354	
661	182	1	11	1	355	
662	183	2	6	1	356	
663	184	1	22	1	357	
664	185	1	6	1	358	
665	185	1	12	2	358	359	
666	185	1	18	3	358	359	360	
667	185	1	6	1	359	
668	185	1	12	2	359	360	
669	185	1	18	3	359	360	361	
670	185	1	6	1	360	
671	185	1	12	2	360	361	
672	185	1	18	3	360	361	362	
673	185	1	6	1	361	
674	185	1	12	2	361	362	
675	185	1	18	3	361	362	363	
676	185	1	6	1	362	
677	185	1	12	2	362	363	
678	185	1	18	3	362	363	364	
679	185	1	6	1	363	
680	185	1	12	2	363	364	
681	185	1	18	3	363	364	365	
682	185	1	6	1	364	
683	185	1	12	2	364	365	
684	185	1	6	1	365	
685	186	2	11	1	366	
686	186	2	22	2	366	367	
687	186	2	33	3	366	367	368	
688	186	2	11	1	367	
689	186	2	22	2	367	368	
690	186	2	33	3	367	368	369	
691	186	2	11	1	368	
692	186	2	22	2	368	369	
693	186	2	33	3	368	369	370	
694	186	2	11	1	369	
695	186	2	22	2	369	370	
696	186	2	33	3	369	370	371	
697	186	2	11	1	370	
698	186	2	22	2	370	371	
699	186	2	33	3	370	371	372	
700	186	2	11	1	371	
701	186	2	22	2	371	372	
702	186	2	33	3	371	372	373	
703	186	2	11	1	372	
704	186	2	22	2	372	373	
705	186	2	11	1	373	
706	187	1	11	1	374	
707	187	1	22	2	374	375	
708	187	1	11	1	375	
709	188	1	22	1	376	
710	189	2	11	1	377	
711	189	2	22	2	377	378	
712	189	2	33	3	377	378	379	
713	189	2	11	1	378	
714	189	2	22	2	378	379	
715	189	2	33	3	378	379	380	
716	189	2	11	1	379	
717	189	2	22	2	379	380	
718	189	2	33	3	379	380	381	
719	189	2	11	1	380	
720	189	2	22	2	380	381	
721	189	2	33	3	380	381	382	
722	189	2	11	1	381	
723	189	2	22	2	381	382	
724	189	2	33	3	381	382	383	
725	189	2	11	1	382	
726	189	2	22	2	382	383	
727	189	2	33	3	382	383	384	
728	189	2	11	1	383	
729	189	2	22	2	383	384	
730	189	2	11	1	384	
731	190	1	11	1	385	
732	191	1	6	1	386	
733	192	2	5	1	387	
734	193	2	22	1	388	
735	194	1	5	1	389	
736	195	1	6	1	390	
737	196	2	5	1	391	
738	196	2	10	2	391	392	
739	196	2	15	3	391	392	393	
740	196	2	5	1	392	
741	196	2	10	2	392	393	
742	196	2	15	3	392	393	394	
743	196	2	5	1	393	
744	196	2	10	2	393	394	
745	196	2	15	3	393	394	395	
746	196	2	5	1	394	
747	196	2	10	2	394	395	
748	196	2	15	3	394	395	396	
749	196	2	5	1	395	
750	196	2	10	2	395	396	
751	196	2	5	1	396	
752	197	1	12	1	397	
753	197	1	18	2	397	398	
754	197	1	24	3	397	398	399	
755	197	1	18	2	397	399	
756	197	1	6	1	398	
757	197	1	12	2	398	399	
758	197	1	6	1	399	
759	198	2	11	1	400	
760	198	2	22	2	400	401	
761	198	2	11	1	401	
762	199	2	6	1	402	
763	200	2	11	1	403	
764	200	2	22	2	403	404	
765	200	2	11	1	404	
766	201	1	10	1	405	
767	201	1	15	2	405	406	
768	201	1	5	1	406	
769	202	1	5	1	407	
770	203	1	6	1	408	
771	203	1	12	2	408	409	
772	203	1	18	3	408	409	410	
773	203	1	6	1	409	
774	203	1	12	2	409	410	
775	203	1	18	3	409	410	411	
776	203	1	6	1	410	
777	203	1	12	2	410	411	
778	203	1	6	1	411	
779	204	2	5	1	412	
780	205	2	12	1	413	
781	206	1	5	1	414	
782	206	1	10	2	414	415	
783	206	1	15	3	414	415	416	
784	206	1	10	2	414	416	
785	206	1	5	1	415	
786	206	1	10	2	415	416	
787	206	1	5	1	416	
788	207	2	11	1	417	
789	208	2	6	1	418	
790	209	1	5	1	419	
791	209	1	10	2	419	420	
792	209	1	5	1	420	
793	210	1	5	1	421	
794	211	1	10	1	422	
795	212	2	5	1	423	
796	213	2	6	1	424	
797	214	1	6	1	425	
798	215	1	22	1	426	
799	216	2	5	1	427	
800	217	1	10	1	428	
801	218	2	12	1	429	
802	219	2	6	1	430	
803	219	2	12	2	430	431	
804	219	2	18	3	430	431	432	
805	219	2	6	1	431	
806	219	2	12	2	431	432	
807	219	2	18	3	431	432	433	
808	219	2	6	1	432	
809	219	2	12	2	432	433	
810	219	2	18	3	432	433	434	
811	219	2	6	1	433	
812	219	2	12	2	433	434	
813	219	2	6	1	434	
814	220	1	11	1	435	
815	221	1	11	1	436	
816	222	1	10	1	437	
817	222	1	15	2	437	438	
818	222	1	20	3	437	438	439	
819	222	1	15	2	437	439	
820	222	1	5	1	438	
821	222	1	10	2	438	439	
822	222	1	5	1	439	
823	223	2	6	1	440	
824	223	2	12	2	440	441	
825	223	2	6	1	441	
826	224	1	11	1	442	
827	224	1	22	2	442	443	
828	224	1	11	1	443	
829	225	1	11	1	444	
830	226	1	11	1	445	
831	226	1	22	2	445	446	
832	226	1	33	3	445	446	447	
833	226	1	11	1	446	
834	226	1	22	2	446	447	
835	226	1	33	3	446	447	448	
836	226	1	11	1	447	
837	226	1	22	2	447	448	
838	226	1	33	3	447	448	449	
839	226	1	11	1	448	
840	226	1	22	2	448	449	
841	226	1	11	1	449	
842	227	1	22	1	450	
843	228	1	5	1	451	
844	228	1	10	2	451	452	
845	228	1	5	1	452	
846	229	1	6	1	453	
847	230	2	11	1	454	
848	230	2	22	2	454	455	
849	230	2	33	3	454	455	456	
850	230	2	11	1	455	
851	230	2	22	2	455	456	
852	230	2	33	3	455	456	457	
853	230	2	11	1	456	
854	230	2	22	2	456	457	
855	230	2	33	3	456	457	458	
856	230	2	11	1	457	
857	230	2	22	2	457	458	
858	230	2	33	3	457	458	459	
859	230	2	11	1	458	
860	230	2	22	2	458	459	
861	230	2	33	3	458	459	460	
862	230	2	11	1	459	
863	230	2	22	2	459	460	
864	230	2	33	3	459	460	461	
865	230	2	11	1	460	
866	230	2	22	2	460	461	
867	230	2	33	3	460	461	462	
868	230	2	11	1	461	
869	230	2	22	2	461	462	
870	230	2	11	1	462	
871	231	2	5	1	463	
872	232	2	5	1	464	
873	233	1	11	1	465	
874	234	2	6	1	466	
875	234	2	12	2	466	467	
876	234	2	18	3	466	467	468	
877	234	2	6	1	467	
878	234	2	12	2	467	468	
879	234	2	18	3	467	468	469	
880	234	2	6	1	468	
881	234	2	12	2	468	469	
882	234	2	18	3	468	469	470	
883	234	2	6	1	469	
884	234	2	12	2	469	470	
885	234	2	18	3	469	470	471	
886	234	2	6	1	470	
887	234	2	12	2	470	471	
888	234	2	6	1	471	
889	235	1	11	1	472	
890	236	1	6	1	473	
891	237	2	10	1	474	
892	238	1	12	1	475	
893	239	2	11	1	476	
894	239	2	33	2	476	477	
895	239	2	22	1	477	
896	240	1	5	1	478	
897	241	2	11	1	479	
898	242	2	6	1	480	
899	243	1	6	1	481	
900	244	1	6	1	482	
901	244	1	12	2	482	483	
902	244	1	18	3	482	483	484	
903	244	1	12	2	482	484	
904	244	1	6	1	483	
905	244	1	12	2	483	484	
906	244	1	6	1	484	
907	245	2	11	1	485	
908	245	2	22	2	485	486	
909	245	2	33	3	485	486	487	
910	245	2	11	1	486	
911	245	2	22	2	486	487	
912	245	2	33	3	486	487	488	
913	245	2	11	1	487	
914	245	2	22	2	487	488	
915	245	2	33	3	487	488	489	
916	245	2	11	1	488	
917	245	2	22	2	488	489	
918	245	2	11	1	489	
919	246	2	5	1	490	
920	247	2	5	1	491	
921	248	1	6	1	492	
922	249	2	11	1	493	
923	250	1	6	1	494	
924	251	1	5	1	495	
925	252	2	5	1	496	
926	253	1	5	1	497	
927	253	1	10	2	497	498	
928	253	1	5	1	498	
929	254	2	10	1	499	
930	255	1	11	1	500	
931	256	1	22	1	501	
932	257	1	5	1	502	
933	257	1	10	2	502	503	
934	257	1	15	3	502	503	504	
935	257	1	5	1	503	
936	257	1	10	2	503	504	
937	257	1	15	3	503	504	505	
938	257	1	5	1	504	
939	257	1	10	2	504	505	
940	257	1	15	3	504	505	506	
941	257	1	5	1	505	
942	257	1	10	2	505	506	
943	257	1	15	3	505	506	507	
944	257	1	5	1	506	
945	257	1	10	2	506	507	
946	257	1	15	3	506	507	508	
947	257	1	5	1	507	
948	257	1	10	2	507	508	
949	257	1	15	3	507	508	509	
950	257	1	5	1	508	
951	257	1	10	2	508	509	
952	257	1	15	3	508	509	510	
953	257	1	5	1	509	
954	257	1	10	2	509	510	
955	257	1	5	1	510	
956	258	1	6	1	511	
957	259	1	6	1	512	
958	260	2	11	1	513	
959	261	1	11	1	514	
960	262	1	5	1	515	
961	262	1	10	2	515	516	
962	262	1	5	1	516	
963	263	1	6	1	517	
964	264	1	22	1	518	
965	265	2	5	1	519	
966	265	2	10	2	519	520	
967	265	2	5	1	520	
968	266	2	5	1	521	
969	266	2	10	2	521	522	
970	266	2	15	3	521	522	523	
971	266	2	5	1	522	
972	266	2	10	2	522	523	
973	266	2	15	3	522	523	524	
974	266	2	5	1	523	
975	266	2	10	2	523	524	
976	266	2	15	3	523	524	525	
977	266	2	5	1	524	
978	266	2	10	2	524	525	
979	266	2	15	3	524	525	526	
980	266	2	5	1	525	
981	266	2	10	2	525	526	
982	266	2	5	1	526	
983	267	1	22	1	527	
984	267	1	33	2	527	528	
985	267	1	44	3	527	528	529	
986	267	1	33	2	527	529	
987	267	1	11	1	528	
988	267	1	22	2	528	529	
989	267	1	11	1	529	
990	268	1	11	1	530	
991	269	2	6	1	531	
992	270	1	11	1	532	
993	271	1	11	1	533	
994	272	1	11	1	534	
995	273	2	5	1	535	
996	274	2	10	1	536	
997	275	1	6	1	537	
998	276	1	11	1	538	
999	277	1	6	1	539	
1000	277	1	12	2	539	540	
1001	277	1	18	3	539	540	541	
1002	277	1	6	1	540	
1003	277	1	12	2	540	541	
1004	277	1	18	3	540	541	542	
1005	277	1	6	1	541	
1006	277	1	12	2	541	542	
1007	277	1	18	3	541	542	543	
1008	277	1	6	1	542	
1009	277	1	12	2	542	543	
1010	277	1	18	3	542	543	544	
1011	277	1	6	1	543	
1012	277	1	12	2	543	544	
1013	277	1	18	3	543	544	545	
1014	277	1	6	1	544	
1015	277	1	12	2	544	545	
1016	277	1	18	3	544	545	546	
1017	277	1	6	1	545	
1018	277	1	12	2	545	546	
1019	277	1	6	1	546	
1020	278	1	5	1	547	
1021	279	2	11	1	548	
1022	279	2	22	2	548	549	
1023	279	2	33	3	548	549	550	
1024	279	2	11	1	549	
1025	279	2	22	2	549	550	
1026	279	2	33	3	549	550	551	
1027	279	2	11	1	550	
1028	279	2	22	2	550	551	
1029	279	2	33	3	550	551	552	
1030	279	2	11	1	551	
1031	279	2	22	2	551	552	
1032	279	2	11	1	552	
1033	280	2	12	1	553	
1034	281	2	5	1	554	
1035	282	2	5	1	555	
1036	282	2	15	2	555	556	
1037	282	2	25	3	555	556	557	
1038	282	2	15	2	555	557	
1039	282	2	10	1	556	
1040	282	2	20	2	556	557	
1041	282	2	10	1	557	
1042	283	1	11	1	558	
1043	283	1	33	2	558	559	
1044	283	1	22	1	559	
1045	284	1	6	1	560	
1046	285	1	12	1	561	
1047	286	1	12	1	562	
1048	287	2	6	1	563	
1049	288	2	22	1	564	
1050	289	2	10	1	565	
1051	290	1	5	1	566	
1052	290	1	10	2	566	567	
1053	290	1	15	3	566	567	568	
1054	290	1	5	1	567	
1055	290	1	10	2	567	568	
1056	290	1	15	3	567	568	569	
1057	290	1	5	1	568	
1058	290	1	10	2	568	569	
1059	290	1	15	3	568	569	570	
1060	290	1	5	1	569	
1061	290	1	10	2	569	570	
1062	290	1	15	3	569	570	571	
1063	290	1	5	1	570	
1064	290	1	10	2	570	571	
1065	290	1	15	3	570	571	572	
1066	290	1	5	1	571	
1067	290	1	10	2	571	572	
1068	290	1	15	3	571	572	573	
1069	290	1	5	1	572	
1070	290	1	10	2	572	573	
1071	290	1	15	3	572	573	574	
1072	290	1	5	1	573	
1073	290	1	10	2	573	574	
1074	290	1	5	1	574	
1075	291	2	6	1	575	
1076	292	2	5	1	576	
1077	292	2	10	2	576	577	
1078	292	2	5	1	577	
1079	293	2	10	1	578	
1080	294	2	12	1	579	
1081	295	1	5	1	580	
1082	296	1	10	1	581	
1083	297	2	5	1	582	
1084	298	1	11	1	583	
1085	298	1	22	2	583	584	
1086	298	1	33	3	583	584	585	
1087	298	1	11	1	584	
1088	298	1	22	2	584	585	
1089	298	1	33	3	584	585	586	
1090	298	1	11	1	585	
1091	298	1	22	2	585	586	
1092	298	1	33	3	585	586	587	
1093	298	1	11	1	586	
1094	298	1	22	2	586	587	
1095	298	1	33	3	586	587	588	
1096	298	1	11	1	587	
1097	298	1	22	2	587	588	
1098	298	1	33	3	587	588	589	
1099	298	1	11	1	588	
1100	298	1	22	2	588	589	
1101	298	1	11	1	589	
1102	299	1	5	1	590	
1103	0	1	77	4	591	592	593	594
1104	1	2	30	3	595	596	597
1105	2	2	66	4	598	599	600	601
1106	3	1	12	2	602	603
1107	4	1	15	2	604	605
1108	5	2	12	1	606
1109	6	1	20	2	607	608
1110	7	2	22	1	609
1111	8	1	44	3	610	611	612
1112	9	2	12	1	613
1113	10	2	55	3	614	615	616
1114	11	2	22	2	617	618
1115	12	1	11	1	619
1116	13	1	12	1	620
1117	14	1	18	2	621	622
1118	15	1	5	1	623
1119	16	1	10	1	624
1120	17	1	12	1	625
1121	18	1	5	1	626
1122	19	1	5	1	627
1123	20	1	33	2	628	629
1124	21	2	6	1	630
1125	22	1	22	2	631	632
1126	23	2	44	2	633	634
1127	24	2	18	2	635	636
1128	25	1	5	1	637
1129	26	1	20	2	638	639
1130	27	1	33	2	640	641
1131	28	1	22	2	642	643
1132	29	1	10	2	644	645
1133	30	2	12	1	646
1134	31	2	33	2	647	648
1135	32	2	5	1	649
1136	33	1	24	2	650	651
1137	34	1	22	1	652
1138	35	1	30	3	653	654	655
1139	36	1	25	3	656	657	658
1140	37	2	55	3	659	660	661
1141	38	2	22	1	662
1142	39	1	15	2	663	664
1143	40	1	15	2	665	666
1144	41	1	5	1	667
1145	42	2	11	1	668
1146	43	1	18	2	669	670
1147	44	1	22	2	671	672
1148	45	1	12	2	673	674
1149	46	2	33	2	675	676
1150	47	1	25	3	677	678	679
1151	48	1	11	1	680
1152	49	1	6	1	681
1153	50	1	18	2	682	683
1154	51	1	10	1	684
1155	52	2	6	1	685
1156	53	2	15	2	686	687
1157	54	1	30	4	688	689	690	691
1158	55	1	10	1	692
1159	56	2	44	2	693	694
1160	57	2	10	1	695
1161	58	1	33	2	696	697
1162	59	2	10	1	698
1163	60	1	12	2	699	700
1164	61	1	12	1	701
1165	62	1	25	4	702	703	704	705
1166	63	1	24	2	706	707
1167	64	1	66	3	708	709	710
1168	65	1	10	1	711
1169	66	1	44	2	712	713
1170	67	2	6	1	714
1171	68	2	33	2	715	716
1172	69	1	18	2	717	718
1173	70	1	11	1	719
1174	71	2	18	3	720	721	722
1175	72	1	5	1	723
1176	73	2	6	1	724
1177	74	1	44	2	725	726
1178	75	2	12	1	727
1179	76	2	11	1	728
1180	77	2	6	1	729
1181	78	1	20	2	730	731
1182	79	1	5	1	732
1183	80	1	18	2	733	734
1184	81	1	6	1	735
1185	82	2	15	2	736	737
1186	83	2	55	3	738	739	740
1187	84	2	15	2	741	742
1188	85	1	12	2	743	744
1189	86	1	10	2	745	746
1190	87	1	12	2	747	748
1191	88	1	36	3	749	750	751
1192	89	1	22	1	752
1193	90	2	20	2	753	754
1194	91	2	6	1	755
1195	92	1	33	2	756	757
1196	93	2	22	2	758	759
1197	94	1	66	3	760	761	762
1198	95	1	44	2	763	764
1199	96	1	18	2	765	766
1200	97	2	24	2	767	768
1201	98	2	88	4	769	770	771	772
1202	99	1	24	2	773	774
1203	100	2	10	1	775
1204	101	1	22	2	776	777
1205	102	1	11	1	778
1206	103	2	10	1	779
1207	104	1	18	2	780	781
1208	105	1	24	2	782	783
1209	106	1	12	2	784	785
1210	107	1	11	1	786
1211	108	2	55	3	787	788	789
1212	109	1	6	1	790
1213	110	1	20	2	791	792
1214	111	2	11	1	793
1215	112	1	24	2	794	795
1216	113	1	25	3	796	797	798
1217	114	1	15	2	799	800
1218	115	2	6	1	801
1219	116	2	18	2	802	803
1220	117	2	33	2	804	805
1221	118	1	12	1	806
1222	119	2	11	1	807
1223	120	1	12	1	808
1224	121	1	18	2	809	810
1225	122	2	24	2	811	812
1226	123	1	18	2	813	814
1227	124	2	18	2	815	816
1228	125	2	15	2	817	818
1229	126	1	20	3	819	820	821
1230	127	1	22	1	822
1231	128	1	18	2	823	824
1232	129	1	12	1	825
1233	130	1	25	3	826	827	828
1234	131	2	5	1	829
1235	132	1	33	2	830	831
1236	133	2	5	1	832
1237	134	1	20	2	833	834
1238	135	1	5	1	835
1239	136	2	12	2	836	837
1240	137	2	10	1	838
1241	138	2	5	1	839
1242	139	1	5	1	840
1243	140	2	5	1	841
1244	141	1	12	2	842	843
1245	142	2	5	1	844
1246	143	2	30	3	845	846	847
1247	144	1	15	2	848	849
1248	145	1	44	2	850	851
1249	146	2	6	1	852
1250	147	1	20	2	853	854
1251	148	2	5	1	855
1252	149	2	24	2	856	857
1253	150	1	18	2	858	859
1254	151	2	33	2	860	861
1255	152	2	22	1	862
1256	153	2	25	4	863	864	865	866
1257	154	2	22	1	867
1258	155	2	18	2	868	869
1259	156	1	12	1	870
1260	157	2	24	2	871	872
1261	158	2	15	2	873	874
1262	159	1	44	2	875	876
1263	160	2	15	2	877	878
1264	161	1	11	1	879
1265	162	2	25	3	880	881	882
1266	163	1	12	1	883
1267	164	1	12	1	884
1268	165	2	25	4	885	886	887	888
1269	166	1	18	2	889	890
1270	167	2	6	1	891
1271	168	1	22	2	892	893
1272	169	2	33	2	894	895
1273	170	1	15	2	896	897
1274	171	2	5	1	898
1275	172	1	24	2	899	900
1276	173	2	12	2	901	902
1277	174	1	11	1	903
1278	175	1	33	2	904	905
1279	176	1	33	2	906	907
1280	177	1	12	1	908
1281	178	2	22	2	909	910
1282	179	2	10	1	911
1283	180	1	11	1	912
1284	181	2	22	2	913	914
1285	182	1	22	1	915
1286	183	2	6	1	916
1287	184	1	22	1	917
1288	185	1	36	4	918	919	920	921
1289	186	2	88	4	922	923	924	925
1290	187	1	44	2	926	927
1291	188	1	22	1	928
1292	189	2	66	4	929	930	931	932
1293	190	1	22	2	933	934
1294	191	1	6	1	935
1295	192	2	5	1	936
1296	193	2	33	2	937	938
1297	194	1	15	2	939	940
1298	195	1	18	2	941	942
1299	196	2	25	3	943	944	945
1300	197	1	6	1	946
1301	198	2	33	2	947	948
1302	199	2	12	2	949	950
1303	200	2	33	2	951	952
1304	201	1	5	1	953
1305	202	1	5	1	954
1306	203	1	30	4	955	956	957	958
1307	204	2	15	2	959	960
1308	205	2	12	2	961	962
1309	206	1	5	1	963
1310	207	2	11	1	964
1311	208	2	24	2	965	966
1312	209	1	5	1	967
1313	210	1	5	1	968
1314	211	1	20	2	969	970
1315	212	2	15	2	971	972
1316	213	2	12	1	973
1317	214	1	18	2	974	975
1318	215	1	11	1	976
1319	216	2	5	1	977
1320	217	1	15	2	978	979
1321	218	2	18	2	980	981
1322	219	2	42	4	982	983	984	985
1323	220	1	22	1	986
1324	221	1	22	1	987
1325	222	1	5	1	988
1326	223	2	18	2	989	990
1327	224	1	22	1	991
1328	225	1	11	1	992
1329	226	1	44	4	993	994	995	996
1330	227	1	44	2	997	998
1331	228	1	5	1	999
1332	229	1	6	1	1000
1333	230	2	77	4	1001	1002	1003	1004
1334	231	2	10	1	1005
1335	232	2	5	1	1006
1336	233	1	22	1	1007
1337	234	2	42	4	1008	1009	1010	1011
1338	235	1	22	1	1012
1339	236	1	6	1	1013
1340	237	2	5	1	1014
1341	238	1	18	2	1015	1016
1342	239	2	22	1	1017
1343	240	1	5	1	1018
1344	241	2	22	1	1019
1345	242	2	24	2	1020	1021
1346	243	1	12	1	1022
1347	244	1	6	1	1023
1348	245	2	55	3	1024	1025	1026
1349	246	2	15	2	1027	1028
1350	247	2	5	1	1029
1351	248	1	12	1	1030
1352	249	2	22	2	1031	1032
1353	250	1	18	2	1033	1034
1354	251	1	5	1	1035
1355	252	2	5	1	1036
1356	253	1	10	1	1037
1357	254	2	5	1	1038
1358	255	1	11	1	1039
1359	256	1	44	2	1040	1041
1360	257	1	20	3	1042	1043	1044
1361	258	1	18	2	1045	1046
1362	259	1	18	2	1047	1048
1363	260	2	33	2	1049	1050
1364	261	1	33	2	1051	1052
1365	262	1	15	2	1053	1054
1366	263	1	18	2	1055	1056
1367	264	1	44	2	1057	1058
1368	265	2	5	1	1059
1369	266	2	30	4	1060	1061	1062	1063
1370	267	1	11	1	1064
1371	268	1	11	1	1065
1372	269	2	12	2	1066	1067
1373	270	1	44	2	1068	1069
1374	271	1	33	2	1070	1071
1375	272	1	33	2	1072	1073
1376	273	2	20	2	1074	1075
1377	274	2	20	2	1076	1077
1378	275	1	12	2	1078	1079
1379	276	1	44	2	1080	1081
1380	277	1	30	4	1082	1083	1084	1085
1381	278	1	5	1	1086
1382	279	2	44	3	1087	1088	1089
1383	280	2	6	1	1090
1384	281	2	10	1	1091
1385	282	2	5	1	1092
1386	283	1	11	1	1093
1387	284	1	18	2	1094	1095
1388	285	1	6	1	1096
1389	286	1	12	2	1097	1098
1390	287	2	12	1	1099
1391	288	2	22	1	1100
1392	289	2	20	2	1101	1102
1393	290	1	25	3	1103	1104	1105
1394	291	2	24	2	1106	1107
1395	292	2	5	1	1108
1396	293	2	10	2	1109	1110
1397	294	2	6	1	1111
1398	295	1	20	2	1112	1113
1399	296	1	10	2	1114	1115
1400	297	2	10	2	1116	1117
1401	298	1	55	3	1118	1119	1120
1402	299	1	20	2	1121	1122
