507
0	1	0	1	157	
1	2	0	1	346	
2	3	0	1	1477	
3	4	0	15	21	22	23	24	25	26	27	28	29	30	31	32	33	34	35	
4	8	0	1	931	
5	10	0	1	557	
6	11	0	1	930	
7	13	0	7	650	651	652	653	654	655	656	
8	14	0	9	1115	1116	1117	1118	1119	1120	1121	1122	1123	
9	15	0	1	1366	
10	16	0	1	772	
11	18	0	1	563	
12	20	0	1	806	
13	23	0	15	1445	1446	1447	1448	1449	1450	1451	1452	1453	1454	1455	1456	1457	1458	1459	
14	24	0	24	1030	1031	1032	1033	1034	1035	1036	1037	1038	1039	1040	1041	1042	1043	1044	1045	1046	1047	1048	1049	1050	1051	1052	1053	
15	26	0	9	442	443	444	445	446	447	448	449	450	
16	28	0	18	1056	1057	1058	1059	1060	1061	1062	1063	1064	1065	1066	1067	1068	1069	1070	1071	1072	1073	
17	30	0	3	559	560	561	
18	31	0	7	1308	1309	1310	1311	1312	1313	1314	
19	32	0	3	435	436	437	
20	34	0	1	926	
21	35	0	1	143	
22	36	0	1	1300	
23	38	0	1	1379	
24	40	0	18	753	754	755	756	757	758	759	760	761	762	763	764	765	766	767	768	769	770	
25	41	0	1	1093	
26	45	0	24	1240	1241	1242	1243	1244	1245	1246	1247	1248	1249	1250	1251	1252	1253	1254	1255	1256	1257	1258	1259	1260	1261	1262	1263	
27	46	0	3	341	342	343	
28	47	0	1	130	
29	50	0	18	216	217	218	219	220	221	222	223	224	225	226	227	228	229	230	231	232	233	
30	52	0	3	1487	1488	1489	
31	53	0	1	775	
32	54	0	3	168	169	170	
33	57	0	1	132	
34	58	0	3	356	357	358	
35	61	0	1	140	
36	62	0	24	1030	1031	1032	1033	1034	1035	1036	1037	1038	1039	1040	1041	1042	1043	1044	1045	1046	1047	1048	1049	1050	1051	1052	1053	
37	63	0	1	1390	
38	64	0	7	603	604	605	606	607	608	609	
39	67	0	1	179	
40	72	0	7	818	819	820	821	822	823	824	
41	73	0	1	1364	
42	75	0	12	234	235	236	237	238	239	240	241	242	243	244	245	
43	76	0	1	1111	
44	79	0	7	807	808	809	810	811	812	813	
45	80	0	1	1079	
46	82	0	1	1354	
47	83	0	1	294	
48	84	0	24	1523	1524	1525	1526	1527	1528	1529	1530	1531	1532	1533	1534	1535	1536	1537	1538	1539	1540	1541	1542	1543	1544	1545	1546	
49	86	0	21	372	373	374	375	376	377	378	379	380	381	382	383	384	385	386	387	388	389	390	391	392	
50	87	0	18	1012	1013	1014	1015	1016	1017	1018	1019	1020	1021	1022	1023	1024	1025	1026	1027	1028	1029	
51	88	0	1	1054	
52	90	0	15	75	76	77	78	79	80	81	82	83	84	85	86	87	88	89	
53	94	0	24	692	693	694	695	696	697	698	699	700	701	702	703	704	705	706	707	708	709	710	711	712	713	714	715	
54	97	0	18	451	452	453	454	455	456	457	458	459	460	461	462	463	464	465	466	467	468	
55	100	0	24	726	727	728	729	730	731	732	733	734	735	736	737	738	739	740	741	742	743	744	745	746	747	748	749	
56	103	0	1	1150	
57	104	0	1	418	
58	107	0	1	299	
59	108	0	1	1130	
60	109	0	3	1318	1319	1320	
61	110	0	1	176	
62	111	0	1	777	
63	112	0	7	133	134	135	136	137	138	139	
64	115	0	1	573	
65	116	0	24	902	903	904	905	906	907	908	909	910	911	912	913	914	915	916	917	918	919	920	921	922	923	924	925	
66	117	0	18	880	881	882	883	884	885	886	887	888	889	890	891	892	893	894	895	896	897	
67	119	0	1	691	
68	125	0	1	835	
69	127	0	7	780	781	782	783	784	785	786	
70	128	0	12	1098	1099	1100	1101	1102	1103	1104	1105	1106	1107	1108	1109	
71	130	0	3	501	502	503	
72	131	0	1	345	
73	132	0	18	961	962	963	964	965	966	967	968	969	970	971	972	973	974	975	976	977	978	
74	133	0	15	1445	1446	1447	1448	1449	1450	1451	1452	1453	1454	1455	1456	1457	1458	1459	
75	136	0	18	1427	1428	1429	1430	1431	1432	1433	1434	1435	1436	1437	1438	1439	1440	1441	1442	1443	1444	
76	137	0	1	1114	
77	138	0	1	1176	
78	139	0	18	1282	1283	1284	1285	1286	1287	1288	1289	1290	1291	1292	1293	1294	1295	1296	1297	1298	1299	
79	140	0	1	504	
80	144	0	18	395	396	397	398	399	400	401	402	403	404	405	406	407	408	409	410	411	412	
81	145	0	18	624	625	626	627	628	629	630	631	632	633	634	635	636	637	638	639	640	641	
82	146	0	1	796	
83	147	0	21	1177	1178	1179	1180	1181	1182	1183	1184	1185	1186	1187	1188	1189	1190	1191	1192	1193	1194	1195	1196	1197	
84	148	0	1	53	
85	151	0	1	586	
86	152	0	1	776	
87	154	0	7	260	261	262	263	264	265	266	
88	157	0	1	369	
89	160	0	1	1055	
90	162	0	3	1556	1557	1558	
91	163	0	1	1011	
92	164	0	1	11	
93	165	0	1	1075	
94	167	0	1	1392	
95	170	0	1	1084	
96	172	0	1	1301	
97	173	0	1	141	
98	175	0	15	945	946	947	948	949	950	951	952	953	954	955	956	957	958	959	
99	177	0	1	1271	
100	178	0	1	1316	
101	179	0	3	296	297	298	
102	180	0	3	899	900	901	
103	184	0	1	800	
104	187	0	1	1139	
105	188	0	1	1232	
106	190	0	1	1358	
107	191	0	12	180	181	182	183	184	185	186	187	188	189	190	191	
108	193	0	7	1372	1373	1374	1375	1376	1377	1378	
109	194	0	7	14	15	16	17	18	19	20	
110	199	0	1	580	
111	200	0	18	1427	1428	1429	1430	1431	1432	1433	1434	1435	1436	1437	1438	1439	1440	1441	1442	1443	1444	
112	202	0	15	996	997	998	999	1000	1001	1002	1003	1004	1005	1006	1007	1008	1009	1010	
113	204	0	3	337	338	339	
114	210	0	1	469	
115	211	0	1	335	
116	212	0	1	56	
117	214	0	1	131	
118	215	0	12	90	91	92	93	94	95	96	97	98	99	100	101	
119	216	0	18	753	754	755	756	757	758	759	760	761	762	763	764	765	766	767	768	769	770	
120	218	0	9	548	549	550	551	552	553	554	555	556	
121	219	0	1	52	
122	220	0	7	1200	1201	1202	1203	1204	1205	1206	
123	228	0	12	234	235	236	237	238	239	240	241	242	243	244	245	
124	230	0	1	336	
125	236	0	15	21	22	23	24	25	26	27	28	29	30	31	32	33	34	35	
126	237	0	24	692	693	694	695	696	697	698	699	700	701	702	703	704	705	706	707	708	709	710	711	712	713	714	715	
127	238	0	1	1085	
128	240	0	15	75	76	77	78	79	80	81	82	83	84	85	86	87	88	89	
129	242	0	1	414	
130	243	0	3	415	416	417	
131	244	0	1	1368	
132	246	0	1	393	
133	250	0	1	725	
134	251	0	1	478	
135	252	0	1	1151	
136	255	0	1	359	
137	258	0	1	438	
138	259	0	1	293	
139	260	0	24	520	521	522	523	524	525	526	527	528	529	530	531	532	533	534	535	536	537	538	539	540	541	542	543	
140	261	0	1	1474	
141	268	0	1	348	
142	269	0	1	558	
143	271	0	12	1461	1462	1463	1464	1465	1466	1467	1468	1469	1470	1471	1472	
144	272	0	1	370	
145	275	0	21	372	373	374	375	376	377	378	379	380	381	382	383	384	385	386	387	388	389	390	391	392	
146	276	0	3	5	6	7	
147	277	0	7	1169	1170	1171	1172	1173	1174	1175	
148	278	0	1	178	
149	280	0	24	657	658	659	660	661	662	663	664	665	666	667	668	669	670	671	672	673	674	675	676	677	678	679	680	
150	281	0	3	172	173	174	
151	282	0	1	340	
152	285	0	1	355	
153	287	0	24	1207	1208	1209	1210	1211	1212	1213	1214	1215	1216	1217	1218	1219	1220	1221	1222	1223	1224	1225	1226	1227	1228	1229	1230	
154	290	0	24	692	693	694	695	696	697	698	699	700	701	702	703	704	705	706	707	708	709	710	711	712	713	714	715	
155	292	0	24	1207	1208	1209	1210	1211	1212	1213	1214	1215	1216	1217	1218	1219	1220	1221	1222	1223	1224	1225	1226	1227	1228	1229	1230	
156	293	0	1	564	
157	294	0	1	751	
158	295	0	12	508	509	510	511	512	513	514	515	516	517	518	519	
159	300	0	1	752	
160	301	0	24	268	269	270	271	272	273	274	275	276	277	278	279	280	281	282	283	284	285	286	287	288	289	290	291	
161	303	0	1	597	
162	306	0	7	716	717	718	719	720	721	722	
163	307	0	1	1304	
164	312	0	12	508	509	510	511	512	513	514	515	516	517	518	519	
165	314	0	1	1110	
166	317	0	15	996	997	998	999	1000	1001	1002	1003	1004	1005	1006	1007	1008	1009	1010	
167	318	0	1	1315	
168	319	0	1	354	
169	323	0	3	583	584	585	
170	324	0	1	1129	
171	325	0	1	1273	
172	326	0	9	1140	1141	1142	1143	1144	1145	1146	1147	1148	
173	328	0	1	1357	
174	329	0	3	331	332	333	
175	331	0	15	75	76	77	78	79	80	81	82	83	84	85	86	87	88	89	
176	332	0	1	1382	
177	333	0	1	482	
178	334	0	3	1166	1167	1168	
179	335	0	1	46	
180	337	0	3	645	646	647	
181	340	0	7	419	420	421	422	423	424	425	
182	341	0	3	257	258	259	
183	342	0	1	1371	
184	344	0	1	484	
185	346	0	3	1095	1096	1097	
186	347	0	1	1131	
187	349	0	9	614	615	616	617	618	619	620	621	622	
188	350	0	1	723	
189	352	0	1	858	
190	357	0	7	161	162	163	164	165	166	167	
191	359	0	1	126	
192	360	0	24	268	269	270	271	272	273	274	275	276	277	278	279	280	281	282	283	284	285	286	287	288	289	290	291	
193	361	0	1	507	
194	363	0	1	1381	
195	364	0	24	1523	1524	1525	1526	1527	1528	1529	1530	1531	1532	1533	1534	1535	1536	1537	1538	1539	1540	1541	1542	1543	1544	1545	1546	
196	366	0	1	1353	
197	368	0	1	175	
198	370	0	21	1177	1178	1179	1180	1181	1182	1183	1184	1185	1186	1187	1188	1189	1190	1191	1192	1193	1194	1195	1196	1197	
199	371	0	1	1199	
200	373	0	1	1473	
201	374	0	1	1198	
202	375	0	7	37	38	39	40	41	42	43	
203	377	0	1	1367	
204	379	0	3	600	601	602	
205	380	0	24	1321	1322	1323	1324	1325	1326	1327	1328	1329	1330	1331	1332	1333	1334	1335	1336	1337	1338	1339	1340	1341	1342	1343	1344	
206	382	0	1	1514	
207	383	0	1	171	
208	384	0	24	306	307	308	309	310	311	312	313	314	315	316	317	318	319	320	321	322	323	324	325	326	327	328	329	
209	387	0	18	880	881	882	883	884	885	886	887	888	889	890	891	892	893	894	895	896	897	
210	389	0	9	1115	1116	1117	1118	1119	1120	1121	1122	1123	
211	390	0	3	303	304	305	
212	392	0	1	55	
213	393	0	15	200	201	202	203	204	205	206	207	208	209	210	211	212	213	214	
214	395	0	3	8	9	10	
215	399	0	21	1406	1407	1408	1409	1410	1411	1412	1413	1414	1415	1416	1417	1418	1419	1420	1421	1422	1423	1424	1425	1426	
216	400	0	7	789	790	791	792	793	794	795	
217	401	0	1	51	
218	403	0	1	3	
219	405	0	3	47	48	49	
220	410	0	1	1	
221	414	0	1	0	
222	415	0	3	72	73	74	
223	419	0	1	612	
224	423	0	3	802	803	804	
225	425	0	24	268	269	270	271	272	273	274	275	276	277	278	279	280	281	282	283	284	285	286	287	288	289	290	291	
226	426	0	7	491	492	493	494	495	496	497	
227	428	0	1	506	
228	429	0	18	880	881	882	883	884	885	886	887	888	889	890	891	892	893	894	895	896	897	
229	430	0	1	54	
230	434	0	3	351	352	353	
231	436	0	1	499	
232	439	0	1	1077	
233	441	0	1	57	
234	442	0	3	246	247	248	
235	443	0	1	1094	
236	445	0	1	159	
237	448	0	1	611	
238	449	0	7	1394	1395	1396	1397	1398	1399	1400	
239	450	0	1	59	
240	452	0	1	805	
241	454	0	24	1240	1241	1242	1243	1244	1245	1246	1247	1248	1249	1250	1251	1252	1253	1254	1255	1256	1257	1258	1259	1260	1261	1262	1263	
242	455	0	24	102	103	104	105	106	107	108	109	110	111	112	113	114	115	116	117	118	119	120	121	122	123	124	125	
243	461	0	15	21	22	23	24	25	26	27	28	29	30	31	32	33	34	35	
244	462	0	1	142	
245	463	0	1	1112	
246	464	0	1	779	
247	466	0	12	1461	1462	1463	1464	1465	1466	1467	1468	1469	1470	1471	1472	
248	467	0	1	215	
249	468	0	21	836	837	838	839	840	841	842	843	844	845	846	847	848	849	850	851	852	853	854	855	856	
250	469	0	7	1345	1346	1347	1348	1349	1350	1351	
251	470	0	18	216	217	218	219	220	221	222	223	224	225	226	227	228	229	230	231	232	233	
252	473	0	18	1427	1428	1429	1430	1431	1432	1433	1434	1435	1436	1437	1438	1439	1440	1441	1442	1443	1444	
253	474	0	1	486	
254	477	0	1	774	
255	478	0	24	1030	1031	1032	1033	1034	1035	1036	1037	1038	1039	1040	1041	1042	1043	1044	1045	1046	1047	1048	1049	1050	1051	1052	1053	
256	479	0	1	1074	
257	480	0	1	623	
258	481	0	24	520	521	522	523	524	525	526	527	528	529	530	531	532	533	534	535	536	537	538	539	540	541	542	543	
259	482	0	1	1274	
260	483	0	7	827	828	829	830	831	832	833	
261	484	0	7	1086	1087	1088	1089	1090	1091	1092	
262	485	0	9	442	443	444	445	446	447	448	449	450	
263	487	0	3	577	578	579	
264	488	0	24	306	307	308	309	310	311	312	313	314	315	316	317	318	319	320	321	322	323	324	325	326	327	328	329	
265	491	0	7	1155	1156	1157	1158	1159	1160	1161	
266	492	0	18	451	452	453	454	455	456	457	458	459	460	461	462	463	464	465	466	467	468	
267	493	0	24	306	307	308	309	310	311	312	313	314	315	316	317	318	319	320	321	322	323	324	325	326	327	328	329	
268	497	0	7	470	471	472	473	474	475	476	
269	498	0	1	360	
270	499	0	1	1391	
271	506	0	15	200	201	202	203	204	205	206	207	208	209	210	211	212	213	214	
272	508	0	24	902	903	904	905	906	907	908	909	910	911	912	913	914	915	916	917	918	919	920	921	922	923	924	925	
273	511	0	18	624	625	626	627	628	629	630	631	632	633	634	635	636	637	638	639	640	641	
274	512	0	24	726	727	728	729	730	731	732	733	734	735	736	737	738	739	740	741	742	743	744	745	746	747	748	749	
275	514	0	18	1012	1013	1014	1015	1016	1017	1018	1019	1020	1021	1022	1023	1024	1025	1026	1027	1028	1029	
276	520	0	3	1162	1163	1164	
277	526	0	18	961	962	963	964	965	966	967	968	969	970	971	972	973	974	975	976	977	978	
278	528	0	15	945	946	947	948	949	950	951	952	953	954	955	956	957	958	959	
279	529	0	1	1124	
280	531	0	1	45	
281	532	0	18	961	962	963	964	965	966	967	968	969	970	971	972	973	974	975	976	977	978	
282	533	0	1	1302	
283	534	0	1	371	
284	535	0	1	441	
285	536	0	1	960	
286	538	0	18	1012	1013	1014	1015	1016	1017	1018	1019	1020	1021	1022	1023	1024	1025	1026	1027	1028	1029	
287	541	0	1	815	
288	542	0	3	1125	1126	1127	
289	544	0	1	1113	
290	546	0	1	1401	
291	548	0	21	1177	1178	1179	1180	1181	1182	1183	1184	1185	1186	1187	1188	1189	1190	1191	1192	1193	1194	1195	1196	1197	
292	549	0	1	477	
293	551	0	1	546	
294	553	0	1	13	
295	556	0	24	1207	1208	1209	1210	1211	1212	1213	1214	1215	1216	1217	1218	1219	1220	1221	1222	1223	1224	1225	1226	1227	1228	1229	1230	
296	557	0	9	614	615	616	617	618	619	620	621	622	
297	558	0	1	581	
298	562	0	1	1128	
299	563	0	1	576	
300	564	0	21	859	860	861	862	863	864	865	866	867	868	869	870	871	872	873	874	875	876	877	878	879	
301	566	0	1	1317	
302	567	0	18	395	396	397	398	399	400	401	402	403	404	405	406	407	408	409	410	411	412	
303	568	0	1	426	
304	570	0	1	1076	
305	571	0	1	330	
306	573	0	24	1490	1491	1492	1493	1494	1495	1496	1497	1498	1499	1500	1501	1502	1503	1504	1505	1506	1507	1508	1509	1510	1511	1512	1513	
307	575	0	21	859	860	861	862	863	864	865	866	867	868	869	870	871	872	873	874	875	876	877	878	879	
308	576	0	1	778	
309	577	0	3	642	643	644	
310	579	0	1	1380	
311	580	0	21	372	373	374	375	376	377	378	379	380	381	382	383	384	385	386	387	388	389	390	391	392	
312	581	0	24	1207	1208	1209	1210	1211	1212	1213	1214	1215	1216	1217	1218	1219	1220	1221	1222	1223	1224	1225	1226	1227	1228	1229	1230	
313	584	0	1	932	
314	587	0	18	753	754	755	756	757	758	759	760	761	762	763	764	765	766	767	768	769	770	
315	588	0	1	361	
316	589	0	1	814	
317	591	0	7	192	193	194	195	196	197	198	
318	594	0	1	750	
319	595	0	7	1275	1276	1277	1278	1279	1280	1281	
320	596	0	1	1272	
321	597	0	1	545	
322	599	0	1	1522	
323	601	0	1	1486	
324	602	0	1	1078	
325	603	0	24	902	903	904	905	906	907	908	909	910	911	912	913	914	915	916	917	918	919	920	921	922	923	924	925	
326	607	0	1	683	
327	610	0	7	1132	1133	1134	1135	1136	1137	1138	
328	612	0	7	1264	1265	1266	1267	1268	1269	1270	
329	617	0	18	1056	1057	1058	1059	1060	1061	1062	1063	1064	1065	1066	1067	1068	1069	1070	1071	1072	1073	
330	618	0	1	857	
331	621	0	21	1406	1407	1408	1409	1410	1411	1412	1413	1414	1415	1416	1417	1418	1419	1420	1421	1422	1423	1424	1425	1426	
332	622	0	1	256	
333	623	0	18	1056	1057	1058	1059	1060	1061	1062	1063	1064	1065	1066	1067	1068	1069	1070	1071	1072	1073	
334	625	0	1	817	
335	626	0	24	306	307	308	309	310	311	312	313	314	315	316	317	318	319	320	321	322	323	324	325	326	327	328	329	
336	627	0	7	1515	1516	1517	1518	1519	1520	1521	
337	632	0	1	649	
338	635	0	1	344	
339	636	0	1	50	
340	638	0	24	1240	1241	1242	1243	1244	1245	1246	1247	1248	1249	1250	1251	1252	1253	1254	1255	1256	1257	1258	1259	1260	1261	1262	1263	
341	640	0	1	1231	
342	642	0	1	160	
343	643	0	18	624	625	626	627	628	629	630	631	632	633	634	635	636	637	638	639	640	641	
344	645	0	21	836	837	838	839	840	841	842	843	844	845	846	847	848	849	850	851	852	853	854	855	856	
345	651	0	1	177	
346	652	0	7	249	250	251	252	253	254	255	
347	653	0	24	657	658	659	660	661	662	663	664	665	666	667	668	669	670	671	672	673	674	675	676	677	678	679	680	
348	654	0	1	1081	
349	661	0	21	372	373	374	375	376	377	378	379	380	381	382	383	384	385	386	387	388	389	390	391	392	
350	662	0	7	362	363	364	365	366	367	368	
351	663	0	21	1406	1407	1408	1409	1410	1411	1412	1413	1414	1415	1416	1417	1418	1419	1420	1421	1422	1423	1424	1425	1426	
352	664	0	1	12	
353	665	0	12	180	181	182	183	184	185	186	187	188	189	190	191	
354	666	0	1	1356	
355	667	0	1	648	
356	669	0	9	548	549	550	551	552	553	554	555	556	
357	672	0	1	505	
358	674	0	21	836	837	838	839	840	841	842	843	844	845	846	847	848	849	850	851	852	853	854	855	856	
359	681	0	1	1303	
360	683	0	1	440	
361	684	0	18	451	452	453	454	455	456	457	458	459	460	461	462	463	464	465	466	467	468	
362	687	0	24	268	269	270	271	272	273	274	275	276	277	278	279	280	281	282	283	284	285	286	287	288	289	290	291	
363	688	0	3	487	488	489	
364	689	0	1	933	
365	691	0	1	485	
366	694	0	9	1140	1141	1142	1143	1144	1145	1146	1147	1148	
367	696	0	15	979	980	981	982	983	984	985	986	987	988	989	990	991	992	993	
368	699	0	1	500	
369	702	0	24	657	658	659	660	661	662	663	664	665	666	667	668	669	670	671	672	673	674	675	676	677	678	679	680	
370	705	0	7	566	567	568	569	570	571	572	
371	708	0	1	1370	
372	709	0	1	498	
373	711	0	1	544	
374	715	0	15	996	997	998	999	1000	1001	1002	1003	1004	1005	1006	1007	1008	1009	1010	
375	718	0	12	90	91	92	93	94	95	96	97	98	99	100	101	
376	722	0	12	60	61	62	63	64	65	66	67	68	69	70	71	
377	725	0	21	859	860	861	862	863	864	865	866	867	868	869	870	871	872	873	874	875	876	877	878	879	
378	726	0	24	726	727	728	729	730	731	732	733	734	735	736	737	738	739	740	741	742	743	744	745	746	747	748	749	
379	727	0	1	587	
380	735	0	1	682	
381	741	0	1	1082	
382	742	0	1	439	
383	745	0	3	1361	1362	1363	
384	746	0	15	1445	1446	1447	1448	1449	1450	1451	1452	1453	1454	1455	1456	1457	1458	1459	
385	747	0	12	144	145	146	147	148	149	150	151	152	153	154	155	
386	748	0	3	941	942	943	
387	750	0	24	1321	1322	1323	1324	1325	1326	1327	1328	1329	1330	1331	1332	1333	1334	1335	1336	1337	1338	1339	1340	1341	1342	1343	1344	
388	752	0	1	816	
389	753	0	1	156	
390	759	0	24	1321	1322	1323	1324	1325	1326	1327	1328	1329	1330	1331	1332	1333	1334	1335	1336	1337	1338	1339	1340	1341	1342	1343	1344	
391	761	0	1	347	
392	763	0	1	1307	
393	766	0	24	1490	1491	1492	1493	1494	1495	1496	1497	1498	1499	1500	1501	1502	1503	1504	1505	1506	1507	1508	1509	1510	1511	1512	1513	
394	767	0	1	350	
395	768	0	1	681	
396	770	0	7	428	429	430	431	432	433	434	
397	771	0	7	684	685	686	687	688	689	690	
398	772	0	1	1306	
399	773	0	1	834	
400	774	0	1	1365	
401	775	0	1	574	
402	780	0	15	200	201	202	203	204	205	206	207	208	209	210	211	212	213	214	
403	781	0	1	724	
404	783	0	1	44	
405	784	0	1	898	
406	787	0	12	1098	1099	1100	1101	1102	1103	1104	1105	1106	1107	1108	1109	
407	789	0	15	979	980	981	982	983	984	985	986	987	988	989	990	991	992	993	
408	790	0	7	1547	1548	1549	1550	1551	1552	1553	
409	793	0	21	1406	1407	1408	1409	1410	1411	1412	1413	1414	1415	1416	1417	1418	1419	1420	1421	1422	1423	1424	1425	1426	
410	796	0	24	726	727	728	729	730	731	732	733	734	735	736	737	738	739	740	741	742	743	744	745	746	747	748	749	
411	797	0	3	127	128	129	
412	798	0	1	4	
413	799	0	1	158	
414	801	0	1	1352	
415	809	0	1	58	
416	811	0	24	657	658	659	660	661	662	663	664	665	666	667	668	669	670	671	672	673	674	675	676	677	678	679	680	
417	812	0	1	199	
418	813	0	7	1233	1234	1235	1236	1237	1238	1239	
419	816	0	1	483	
420	818	0	18	395	396	397	398	399	400	401	402	403	404	405	406	407	408	409	410	411	412	
421	828	0	1	2	
422	832	0	1	773	
423	833	0	1	565	
424	835	0	1	801	
425	842	0	1	928	
426	844	0	1	798	
427	845	0	1	995	
428	846	0	1	994	
429	848	0	24	1523	1524	1525	1526	1527	1528	1529	1530	1531	1532	1533	1534	1535	1536	1537	1538	1539	1540	1541	1542	1543	1544	1545	1546	
430	850	0	7	934	935	936	937	938	939	940	
431	852	0	1	610	
432	854	0	1	292	
433	860	0	18	1282	1283	1284	1285	1286	1287	1288	1289	1290	1291	1292	1293	1294	1295	1296	1297	1298	1299	
434	861	0	24	692	693	694	695	696	697	698	699	700	701	702	703	704	705	706	707	708	709	710	711	712	713	714	715	
435	863	0	15	979	980	981	982	983	984	985	986	987	988	989	990	991	992	993	
436	864	0	1	1405	
437	865	0	1	799	
438	866	0	1	1393	
439	868	0	21	859	860	861	862	863	864	865	866	867	868	869	870	871	872	873	874	875	876	877	878	879	
440	870	0	9	588	589	590	591	592	593	594	595	596	
441	872	0	1	1080	
442	873	0	12	60	61	62	63	64	65	66	67	68	69	70	71	
443	876	0	24	102	103	104	105	106	107	108	109	110	111	112	113	114	115	116	117	118	119	120	121	122	123	124	125	
444	877	0	15	945	946	947	948	949	950	951	952	953	954	955	956	957	958	959	
445	878	0	1	36	
446	881	0	3	479	480	481	
447	884	0	1	1083	
448	887	0	24	1030	1031	1032	1033	1034	1035	1036	1037	1038	1039	1040	1041	1042	1043	1044	1045	1046	1047	1048	1049	1050	1051	1052	1053	
449	888	0	1	1476	
450	890	0	1	598	
451	891	0	1	267	
452	892	0	1	1369	
453	893	0	1	927	
454	896	0	1	1149	
455	897	0	1	787	
456	899	0	1	1555	
457	900	0	12	144	145	146	147	148	149	150	151	152	153	154	155	
458	904	0	1	825	
459	907	0	1	547	
460	909	0	1	1554	
461	910	0	1	788	
462	912	0	1	1360	
463	920	0	1	575	
464	921	0	24	520	521	522	523	524	525	526	527	528	529	530	531	532	533	534	535	536	537	538	539	540	541	542	543	
465	924	0	1	349	
466	925	0	3	300	301	302	
467	928	0	1	1475	
468	930	0	7	1383	1384	1385	1386	1387	1388	1389	
469	933	0	1	1305	
470	934	0	3	1152	1153	1154	
471	936	0	24	902	903	904	905	906	907	908	909	910	911	912	913	914	915	916	917	918	919	920	921	922	923	924	925	
472	938	0	1	1460	
473	939	0	1	394	
474	943	0	1	1485	
475	944	0	1	797	
476	946	0	1	490	
477	947	0	24	102	103	104	105	106	107	108	109	110	111	112	113	114	115	116	117	118	119	120	121	122	123	124	125	
478	948	0	9	588	589	590	591	592	593	594	595	596	
479	950	0	24	102	103	104	105	106	107	108	109	110	111	112	113	114	115	116	117	118	119	120	121	122	123	124	125	
480	951	0	1	599	
481	953	0	1	929	
482	954	0	1	826	
483	956	0	1	334	
484	957	0	1	1359	
485	958	0	1	413	
486	959	0	1	562	
487	961	0	24	1490	1491	1492	1493	1494	1495	1496	1497	1498	1499	1500	1501	1502	1503	1504	1505	1506	1507	1508	1509	1510	1511	1512	1513	
488	964	0	24	1523	1524	1525	1526	1527	1528	1529	1530	1531	1532	1533	1534	1535	1536	1537	1538	1539	1540	1541	1542	1543	1544	1545	1546	
489	965	0	1	944	
490	967	0	3	1402	1403	1404	
491	968	0	21	836	837	838	839	840	841	842	843	844	845	846	847	848	849	850	851	852	853	854	855	856	
492	969	0	24	1240	1241	1242	1243	1244	1245	1246	1247	1248	1249	1250	1251	1252	1253	1254	1255	1256	1257	1258	1259	1260	1261	1262	1263	
493	970	0	1	582	
494	971	0	1	427	
495	973	0	1	771	
496	974	0	18	1282	1283	1284	1285	1286	1287	1288	1289	1290	1291	1292	1293	1294	1295	1296	1297	1298	1299	
497	977	0	24	1490	1491	1492	1493	1494	1495	1496	1497	1498	1499	1500	1501	1502	1503	1504	1505	1506	1507	1508	1509	1510	1511	1512	1513	
498	981	0	1	295	
499	982	0	18	216	217	218	219	220	221	222	223	224	225	226	227	228	229	230	231	232	233	
500	983	0	7	1478	1479	1480	1481	1482	1483	1484	
501	988	0	24	520	521	522	523	524	525	526	527	528	529	530	531	532	533	534	535	536	537	538	539	540	541	542	543	
502	989	0	21	1177	1178	1179	1180	1181	1182	1183	1184	1185	1186	1187	1188	1189	1190	1191	1192	1193	1194	1195	1196	1197	
503	990	0	1	1355	
504	991	0	1	613	
505	994	0	24	1321	1322	1323	1324	1325	1326	1327	1328	1329	1330	1331	1332	1333	1334	1335	1336	1337	1338	1339	1340	1341	1342	1343	1344	
506	998	0	1	1165	
