510
0	0	2	0	
1	1	2	1	
2	2	2	2	
3	3	2	3	
4	4	2	5	
5	4	1	11	
6	4	2	17	
7	5	2	19	
8	6	2	22	
9	7	2	29	
10	8	2	34	
11	9	2	35	
12	10	2	36	
13	11	2	38	
14	12	2	40	
15	13	2	43	
16	14	2	49	
17	14	2	55	
18	14	1	61	
19	14	1	67	
20	15	2	70	
21	16	1	73	
22	16	1	79	
23	16	2	85	
24	16	1	91	
25	17	2	95	
26	18	2	102	
27	18	1	110	
28	19	2	113	
29	20	2	115	
30	21	2	116	
31	22	1	118	
32	22	1	124	
33	22	1	130	
34	22	1	136	
35	23	2	138	
36	24	2	141	
37	24	1	149	
38	24	2	155	
39	24	1	161	
40	25	2	163	
41	26	2	165	
42	27	2	168	
43	27	1	174	
44	28	2	176	
45	29	2	179	
46	30	2	184	
47	31	2	185	
48	32	2	186	
49	33	2	187	
50	34	2	188	
51	35	2	189	
52	36	2	190	
53	37	2	192	
54	38	2	196	
55	39	2	201	
56	40	2	202	
57	41	1	204	
58	41	1	210	
59	41	2	216	
60	42	2	218	
61	43	2	220	
62	44	2	222	
63	45	2	223	
64	46	2	224	
65	47	2	225	
66	48	2	226	
67	49	2	229	
68	50	2	235	
69	50	1	241	
70	51	2	243	
71	52	2	244	
72	53	2	245	
73	54	2	247	
74	55	2	249	
75	56	2	250	
76	57	2	251	
77	58	1	253	
78	58	2	259	
79	59	2	261	
80	60	2	264	
81	61	2	269	
82	62	2	270	
83	63	1	272	
84	63	1	278	
85	63	1	284	
86	64	2	287	
87	65	2	289	
88	66	2	290	
89	67	2	292	
90	68	2	294	
91	69	2	297	
92	70	2	302	
93	71	2	303	
94	72	2	304	
95	73	2	306	
96	74	2	308	
97	75	2	309	
98	76	1	311	
99	76	2	317	
100	76	1	323	
101	76	1	329	
102	77	2	331	
103	78	2	332	
104	79	2	335	
105	80	1	341	
106	80	2	347	
107	80	2	353	
108	81	2	355	
109	82	2	356	
110	83	2	358	
111	83	2	364	
112	84	2	366	
113	85	2	367	
114	86	2	368	
115	87	2	369	
116	88	2	371	
117	88	1	377	
118	88	1	383	
119	89	2	385	
120	90	2	386	
121	91	1	388	
122	91	1	394	
123	91	2	400	
124	91	1	406	
125	92	2	408	
126	93	2	409	
127	94	2	410	
128	95	2	412	
129	95	2	418	
130	96	2	420	
131	97	2	421	
132	98	2	423	
133	99	2	425	
134	100	2	428	
135	101	2	433	
136	102	2	434	
137	103	2	435	
138	104	2	436	
139	105	2	437	
140	106	2	439	
141	107	2	443	
142	108	2	448	
143	109	2	449	
144	110	2	450	
145	111	2	451	
146	112	2	453	
147	113	2	455	
148	114	1	458	
149	114	2	466	
150	115	2	469	
151	116	2	471	
152	117	2	472	
153	118	2	474	
154	118	1	480	
155	118	1	486	
156	119	2	488	
157	120	2	489	
158	121	2	490	
159	122	2	493	
160	123	2	500	
161	124	2	505	
162	125	2	506	
163	126	1	509	
164	126	1	517	
165	127	2	519	
166	128	2	520	
167	129	2	521	
168	130	2	522	
169	131	1	524	
170	131	2	530	
171	131	2	536	
172	131	2	542	
173	132	1	546	
174	132	2	554	
175	133	2	556	
176	134	1	558	
177	134	2	564	
178	135	2	566	
179	136	2	567	
180	137	2	569	
181	138	2	571	
182	139	2	573	
183	140	2	575	
184	141	2	576	
185	142	2	577	
186	143	2	578	
187	144	2	579	
188	145	2	580	
189	146	2	581	
190	147	2	582	
191	148	2	585	
192	148	2	593	
193	148	1	599	
194	148	2	605	
195	149	2	608	
196	150	1	612	
197	150	2	620	
198	150	1	626	
199	150	2	632	
200	151	2	635	
201	152	2	637	
202	153	2	638	
203	154	2	641	
204	155	2	646	
205	156	2	649	
206	157	2	654	
207	158	2	655	
208	159	2	656	
209	160	2	657	
210	161	1	660	
211	161	2	668	
212	161	2	674	
213	162	1	678	
214	162	2	686	
215	163	2	688	
216	164	2	689	
217	165	2	692	
218	165	2	700	
219	165	2	706	
220	166	2	708	
221	167	2	709	
222	168	2	710	
223	169	2	711	
224	170	2	712	
225	171	2	713	
226	172	2	714	
227	173	2	715	
228	174	2	717	
229	175	2	719	
230	176	2	720	
231	177	2	721	
232	178	2	724	
233	179	2	731	
234	180	2	736	
235	181	2	739	
236	182	2	746	
237	183	2	751	
238	184	2	752	
239	185	2	754	
240	186	2	756	
241	187	2	757	
242	188	2	758	
243	189	2	759	
244	190	2	761	
245	191	2	765	
246	192	2	770	
247	193	2	772	
248	194	2	774	
249	195	2	775	
250	196	2	778	
251	197	2	783	
252	198	2	784	
253	199	2	785	
254	200	2	786	
255	201	2	788	
256	201	2	794	
257	202	2	796	
258	203	2	799	
259	203	1	807	
260	203	1	813	
261	204	2	815	
262	205	2	816	
263	206	2	817	
264	207	1	819	
265	207	2	825	
266	207	2	831	
267	208	2	833	
268	209	2	834	
269	210	2	835	
270	211	2	836	
271	212	2	837	
272	213	2	839	
273	214	2	841	
274	215	2	842	
275	216	2	843	
276	217	2	844	
277	218	2	845	
278	219	2	848	
279	219	2	856	
280	219	2	862	
281	220	2	866	
282	221	2	871	
283	222	2	872	
284	223	2	875	
285	223	1	883	
286	223	1	889	
287	224	2	891	
288	225	2	892	
289	226	1	894	
290	226	1	900	
291	226	1	906	
292	226	2	912	
293	227	2	914	
294	228	2	915	
295	229	2	918	
296	229	1	926	
297	230	2	928	
298	231	2	929	
299	232	2	930	
300	233	2	931	
301	234	2	932	
302	235	2	933	
303	236	2	934	
304	237	2	937	
305	237	2	945	
306	237	1	951	
307	238	2	953	
308	239	2	955	
309	240	1	959	
310	240	1	967	
311	241	2	969	
312	242	2	970	
313	243	1	972	
314	243	2	978	
315	243	1	984	
316	244	2	986	
317	245	2	987	
318	246	2	988	
319	247	2	989	
320	248	2	990	
321	249	2	991	
322	250	2	993	
323	251	2	995	
324	252	2	997	
325	253	2	999	
326	254	2	1000	
327	255	2	1001	
328	256	2	1003	
329	257	2	1005	
330	258	2	1007	
331	259	2	1009	
332	260	2	1010	
333	261	2	1013	
334	262	2	1019	
335	262	2	1025	
336	263	2	1027	
337	264	2	1028	
338	265	2	1029	
339	266	2	1031	
340	266	1	1037	
341	266	2	1043	
342	266	2	1049	
343	267	2	1052	
344	267	2	1058	
345	267	2	1064	
346	268	2	1066	
347	269	2	1067	
348	270	2	1068	
349	271	2	1069	
350	272	2	1070	
351	273	2	1071	
352	274	1	1074	
353	274	1	1082	
354	275	2	1086	
355	276	2	1093	
356	277	2	1098	
357	278	2	1100	
358	279	2	1103	
359	280	2	1106	
360	281	2	1109	
361	281	1	1115	
362	282	2	1117	
363	283	2	1120	
364	284	2	1125	
365	285	2	1126	
366	286	2	1127	
367	287	2	1128	
368	288	2	1129	
369	289	2	1132	
370	290	2	1138	
371	290	1	1144	
372	290	2	1150	
373	291	2	1152	
374	292	2	1153	
375	293	2	1154	
376	294	2	1155	
377	295	2	1156	
378	296	2	1157	
379	297	2	1158	
380	298	2	1161	
381	299	2	1166	
382	300	2	1168	
383	301	2	1170	
384	302	2	1171	
385	303	2	1173	
386	304	2	1175	
387	305	2	1176	
388	306	2	1177	
389	307	2	1178	
390	308	2	1179	
391	309	1	1182	
392	309	1	1190	
393	309	1	1196	
394	309	1	1202	
395	310	2	1204	
396	311	2	1205	
397	312	2	1206	
398	313	2	1207	
399	314	2	1208	
400	315	2	1209	
401	316	2	1212	
402	317	2	1217	
403	318	2	1218	
404	319	2	1220	
405	319	2	1226	
406	319	2	1232	
407	320	2	1234	
408	321	2	1235	
409	322	2	1236	
410	323	2	1237	
411	324	2	1240	
412	324	1	1248	
413	325	2	1250	
414	326	2	1251	
415	327	2	1252	
416	328	2	1254	
417	328	1	1260	
418	329	2	1262	
419	330	2	1263	
420	331	2	1264	
421	332	2	1265	
422	333	2	1268	
423	333	1	1276	
424	334	2	1278	
425	335	2	1279	
426	336	2	1280	
427	337	2	1283	
428	338	2	1288	
429	339	1	1290	
430	339	2	1296	
431	339	2	1302	
432	340	2	1304	
433	341	2	1307	
434	342	2	1314	
435	343	1	1321	
436	343	2	1329	
437	343	2	1335	
438	344	2	1337	
439	345	2	1338	
440	346	2	1340	
441	347	2	1342	
442	348	2	1345	
443	349	2	1350	
444	350	2	1351	
445	351	2	1354	
446	351	1	1362	
447	351	1	1368	
448	351	1	1374	
449	352	2	1376	
450	353	2	1378	
451	354	2	1381	
452	355	2	1384	
453	355	1	1390	
454	355	2	1396	
455	356	2	1398	
456	357	2	1399	
457	358	2	1401	
458	359	2	1403	
459	360	2	1404	
460	361	2	1405	
461	362	2	1406	
462	363	2	1407	
463	364	2	1408	
464	365	2	1409	
465	366	1	1412	
466	366	1	1420	
467	366	1	1426	
468	367	2	1428	
469	368	2	1431	
470	369	2	1438	
471	370	2	1443	
472	371	2	1444	
473	372	2	1445	
474	373	2	1446	
475	374	2	1447	
476	375	2	1448	
477	376	2	1449	
478	377	2	1450	
479	378	2	1451	
480	379	2	1454	
481	380	2	1459	
482	381	2	1460	
483	382	2	1461	
484	383	2	1463	
485	383	2	1469	
486	383	1	1475	
487	384	2	1477	
488	385	2	1478	
489	386	2	1479	
490	387	2	1482	
491	388	2	1489	
492	388	1	1497	
493	388	1	1503	
494	388	1	1509	
495	389	2	1511	
496	390	2	1514	
497	390	2	1522	
498	390	2	1528	
499	391	2	1530	
500	392	2	1531	
501	393	2	1532	
502	394	1	1535	
503	394	1	1543	
504	394	2	1549	
505	395	2	1551	
506	396	2	1552	
507	397	2	1553	
508	398	2	1554	
509	399	2	1556	
