1564	851	713
0
0 	 0 	 0 	 1 	 2 	 4 	 5 	 6 	 58 	 68 	 78 	 88 	 98 	 108
1 	 0 	 0 	 2 	 2 	 6 	 7 	 6 	 58 	 68 	 78 	 88 	 98 	 108
2 	 0 	 0 	 2 	 2 	 8 	 9 	 6 	 58 	 68 	 78 	 88 	 98 	 108
3 	 0 	 0 	 6 	 2 	 10 	 11 	 6 	 58 	 68 	 78 	 88 	 98 	 108
4 	 0 	 0 	 6 	 2 	 12 	 13 	 6 	 58 	 68 	 78 	 88 	 98 	 108
5 	 0 	 0 	 10 	 2 	 14 	 15 	 6 	 58 	 68 	 78 	 88 	 98 	 108
6 	 1 	 0 	 3 	 4 	 0 	 1 	 2 	 3 	 11 	 58 	 63 	 68 	 73 	 78 	 83 	 88 	 93 	 98 	 103 	 108
7 	 2 	 0 	 6 	 2 	 9 	 10 	 5 	 5 	 15 	 25 	 35 	 45
8 	 3 	 0 	 8 	 2 	 7 	 8 	 5 	 63 	 73 	 83 	 93 	 103
9 	 3 	 0 	 7 	 2 	 1 	 2 	 5 	 64 	 74 	 84 	 94 	 104
10 	 4 	 0 	 4 	 2 	 5 	 6 	 11 	 56 	 61 	 66 	 71 	 76 	 81 	 86 	 91 	 96 	 101 	 106
11 	 5 	 0 	 3 	 2 	 13 	 14 	 11 	 59 	 64 	 69 	 74 	 79 	 84 	 89 	 94 	 99 	 104 	 109
12 	 6 	 0 	 7 	 2 	 14 	 15 	 6 	 56 	 66 	 76 	 86 	 96 	 106
13 	 7 	 0 	 3 	 2 	 11 	 12 	 11 	 3 	 8 	 13 	 18 	 23 	 28 	 33 	 38 	 43 	 48 	 53
14 	 8 	 0 	 1 	 4 	 4 	 5 	 6 	 7 	 5 	 9 	 19 	 29 	 39 	 49
15 	 9 	 0 	 9 	 4 	 10 	 11 	 12 	 13 	 5 	 6 	 16 	 26 	 36 	 46
16 	 10 	 0 	 2 	 2 	 8 	 9 	 6 	 58 	 68 	 78 	 88 	 98 	 108
17 	 11 	 0 	 8 	 2 	 0 	 1 	 5 	 7 	 17 	 27 	 37 	 47
18 	 12 	 0 	 10 	 4 	 9 	 10 	 11 	 12 	 11 	 3 	 8 	 13 	 18 	 23 	 28 	 33 	 38 	 43 	 48 	 53
19 	 12 	 0 	 5 	 2 	 2 	 3 	 11 	 2 	 7 	 12 	 17 	 22 	 27 	 32 	 37 	 42 	 47 	 52
20 	 12 	 0 	 10 	 4 	 14 	 15 	 16 	 17 	 11 	 0 	 5 	 10 	 15 	 20 	 25 	 30 	 35 	 40 	 45 	 50
21 	 13 	 0 	 3 	 2 	 2 	 3 	 6 	 58 	 68 	 78 	 88 	 98 	 108
22 	 14 	 0 	 4 	 4 	 7 	 8 	 9 	 10 	 5 	 61 	 71 	 81 	 91 	 101
23 	 15 	 0 	 7 	 2 	 12 	 13 	 11 	 56 	 61 	 66 	 71 	 76 	 81 	 86 	 91 	 96 	 101 	 106
24 	 16 	 0 	 6 	 2 	 7 	 8 	 5 	 9 	 19 	 29 	 39 	 49
25 	 17 	 0 	 5 	 4 	 4 	 5 	 6 	 7 	 11 	 55 	 60 	 65 	 70 	 75 	 80 	 85 	 90 	 95 	 100 	 105
26 	 18 	 0 	 10 	 2 	 0 	 1 	 6 	 57 	 67 	 77 	 87 	 97 	 107
27 	 19 	 0 	 5 	 2 	 0 	 1 	 11 	 4 	 9 	 14 	 19 	 24 	 29 	 34 	 39 	 44 	 49 	 54
28 	 20 	 0 	 1 	 2 	 11 	 12 	 11 	 59 	 64 	 69 	 74 	 79 	 84 	 89 	 94 	 99 	 104 	 109
29 	 21 	 0 	 1 	 2 	 4 	 5 	 6 	 4 	 14 	 24 	 34 	 44 	 54
30 	 21 	 0 	 6 	 2 	 1 	 2 	 6 	 3 	 13 	 23 	 33 	 43 	 53
31 	 22 	 0 	 4 	 2 	 2 	 3 	 5 	 60 	 70 	 80 	 90 	 100
32 	 22 	 0 	 3 	 2 	 4 	 5 	 5 	 60 	 70 	 80 	 90 	 100
33 	 22 	 0 	 8 	 2 	 6 	 7 	 5 	 60 	 70 	 80 	 90 	 100
34 	 22 	 0 	 4 	 2 	 8 	 9 	 5 	 60 	 70 	 80 	 90 	 100
35 	 22 	 0 	 2 	 2 	 10 	 11 	 5 	 60 	 70 	 80 	 90 	 100
36 	 22 	 0 	 7 	 2 	 12 	 13 	 5 	 60 	 70 	 80 	 90 	 100
37 	 22 	 0 	 9 	 2 	 14 	 15 	 5 	 60 	 70 	 80 	 90 	 100
38 	 23 	 0 	 4 	 4 	 1 	 2 	 3 	 4 	 6 	 59 	 69 	 79 	 89 	 99 	 109
39 	 24 	 0 	 2 	 2 	 3 	 4 	 6 	 58 	 68 	 78 	 88 	 98 	 108
40 	 25 	 0 	 1 	 2 	 15 	 16 	 6 	 0 	 10 	 20 	 30 	 40 	 50
41 	 25 	 0 	 3 	 2 	 7 	 8 	 6 	 1 	 11 	 21 	 31 	 41 	 51
42 	 25 	 0 	 1 	 2 	 12 	 13 	 6 	 3 	 13 	 23 	 33 	 43 	 53
43 	 26 	 0 	 8 	 2 	 11 	 12 	 5 	 62 	 72 	 82 	 92 	 102
44 	 27 	 0 	 2 	 2 	 11 	 12 	 11 	 56 	 61 	 66 	 71 	 76 	 81 	 86 	 91 	 96 	 101 	 106
45 	 28 	 0 	 5 	 2 	 9 	 10 	 11 	 3 	 8 	 13 	 18 	 23 	 28 	 33 	 38 	 43 	 48 	 53
46 	 29 	 0 	 5 	 2 	 9 	 10 	 5 	 5 	 15 	 25 	 35 	 45
47 	 29 	 0 	 3 	 2 	 9 	 10 	 5 	 6 	 16 	 26 	 36 	 46
48 	 30 	 0 	 8 	 2 	 9 	 10 	 5 	 6 	 16 	 26 	 36 	 46
49 	 31 	 0 	 6 	 4 	 6 	 7 	 8 	 9 	 5 	 64 	 74 	 84 	 94 	 104
50 	 32 	 0 	 4 	 2 	 13 	 14 	 6 	 2 	 12 	 22 	 32 	 42 	 52
51 	 33 	 0 	 6 	 4 	 1 	 2 	 3 	 4 	 5 	 61 	 71 	 81 	 91 	 101
52 	 33 	 0 	 4 	 4 	 11 	 12 	 13 	 14 	 5 	 64 	 74 	 84 	 94 	 104
53 	 34 	 0 	 1 	 2 	 8 	 9 	 5 	 5 	 15 	 25 	 35 	 45
54 	 35 	 0 	 7 	 2 	 10 	 11 	 5 	 7 	 17 	 27 	 37 	 47
55 	 36 	 0 	 4 	 2 	 4 	 5 	 5 	 61 	 71 	 81 	 91 	 101
56 	 37 	 0 	 3 	 2 	 4 	 5 	 6 	 55 	 65 	 75 	 85 	 95 	 105
57 	 37 	 0 	 3 	 4 	 0 	 1 	 2 	 3 	 6 	 58 	 68 	 78 	 88 	 98 	 108
58 	 38 	 0 	 10 	 2 	 9 	 10 	 6 	 58 	 68 	 78 	 88 	 98 	 108
59 	 39 	 0 	 6 	 2 	 5 	 6 	 11 	 0 	 5 	 10 	 15 	 20 	 25 	 30 	 35 	 40 	 45 	 50
60 	 40 	 0 	 1 	 2 	 9 	 10 	 11 	 2 	 7 	 12 	 17 	 22 	 27 	 32 	 37 	 42 	 47 	 52
61 	 41 	 0 	 4 	 2 	 3 	 4 	 6 	 56 	 66 	 76 	 86 	 96 	 106
62 	 41 	 0 	 7 	 2 	 5 	 6 	 6 	 56 	 66 	 76 	 86 	 96 	 106
63 	 41 	 0 	 6 	 2 	 7 	 8 	 6 	 56 	 66 	 76 	 86 	 96 	 106
64 	 41 	 0 	 10 	 2 	 9 	 10 	 6 	 56 	 66 	 76 	 86 	 96 	 106
65 	 42 	 0 	 3 	 2 	 16 	 17 	 11 	 1 	 6 	 11 	 16 	 21 	 26 	 31 	 36 	 41 	 46 	 51
66 	 43 	 0 	 10 	 2 	 2 	 3 	 5 	 7 	 17 	 27 	 37 	 47
67 	 44 	 0 	 2 	 2 	 14 	 15 	 6 	 55 	 65 	 75 	 85 	 95 	 105
68 	 45 	 0 	 7 	 4 	 7 	 8 	 9 	 10 	 6 	 2 	 12 	 22 	 32 	 42 	 52
69 	 45 	 0 	 6 	 4 	 0 	 1 	 2 	 3 	 6 	 1 	 11 	 21 	 31 	 41 	 51
70 	 46 	 0 	 10 	 4 	 4 	 5 	 6 	 7 	 6 	 55 	 65 	 75 	 85 	 95 	 105
71 	 47 	 0 	 8 	 2 	 2 	 3 	 11 	 55 	 60 	 65 	 70 	 75 	 80 	 85 	 90 	 95 	 100 	 105
72 	 47 	 0 	 10 	 2 	 13 	 14 	 11 	 59 	 64 	 69 	 74 	 79 	 84 	 89 	 94 	 99 	 104 	 109
73 	 47 	 0 	 1 	 4 	 13 	 14 	 15 	 16 	 11 	 58 	 63 	 68 	 73 	 78 	 83 	 88 	 93 	 98 	 103 	 108
74 	 48 	 0 	 8 	 4 	 1 	 2 	 3 	 4 	 5 	 61 	 71 	 81 	 91 	 101
75 	 49 	 0 	 8 	 2 	 3 	 4 	 5 	 60 	 70 	 80 	 90 	 100
76 	 49 	 0 	 5 	 2 	 2 	 3 	 5 	 62 	 72 	 82 	 92 	 102
77 	 50 	 0 	 9 	 4 	 7 	 8 	 9 	 10 	 6 	 2 	 12 	 22 	 32 	 42 	 52
78 	 51 	 0 	 5 	 4 	 3 	 4 	 5 	 6 	 11 	 56 	 61 	 66 	 71 	 76 	 81 	 86 	 91 	 96 	 101 	 106
79 	 51 	 0 	 10 	 2 	 5 	 6 	 11 	 57 	 62 	 67 	 72 	 77 	 82 	 87 	 92 	 97 	 102 	 107
80 	 51 	 0 	 1 	 2 	 8 	 9 	 11 	 55 	 60 	 65 	 70 	 75 	 80 	 85 	 90 	 95 	 100 	 105
81 	 52 	 0 	 3 	 2 	 13 	 14 	 11 	 1 	 6 	 11 	 16 	 21 	 26 	 31 	 36 	 41 	 46 	 51
82 	 53 	 0 	 6 	 2 	 7 	 8 	 6 	 2 	 12 	 22 	 32 	 42 	 52
83 	 54 	 0 	 10 	 2 	 1 	 2 	 11 	 4 	 9 	 14 	 19 	 24 	 29 	 34 	 39 	 44 	 49 	 54
84 	 55 	 0 	 6 	 2 	 4 	 5 	 6 	 0 	 10 	 20 	 30 	 40 	 50
85 	 56 	 0 	 7 	 2 	 9 	 10 	 6 	 58 	 68 	 78 	 88 	 98 	 108
86 	 57 	 0 	 8 	 4 	 3 	 4 	 5 	 6 	 6 	 4 	 14 	 24 	 34 	 44 	 54
87 	 58 	 0 	 8 	 2 	 2 	 3 	 6 	 4 	 14 	 24 	 34 	 44 	 54
88 	 59 	 0 	 5 	 2 	 0 	 1 	 6 	 59 	 69 	 79 	 89 	 99 	 109
89 	 59 	 0 	 10 	 2 	 8 	 9 	 6 	 58 	 68 	 78 	 88 	 98 	 108
90 	 59 	 0 	 9 	 2 	 2 	 3 	 6 	 57 	 67 	 77 	 87 	 97 	 107
91 	 60 	 0 	 9 	 2 	 13 	 14 	 11 	 57 	 62 	 67 	 72 	 77 	 82 	 87 	 92 	 97 	 102 	 107
92 	 61 	 0 	 9 	 2 	 16 	 17 	 6 	 56 	 66 	 76 	 86 	 96 	 106
93 	 62 	 0 	 10 	 2 	 2 	 3 	 6 	 56 	 66 	 76 	 86 	 96 	 106
94 	 62 	 0 	 2 	 2 	 4 	 5 	 6 	 56 	 66 	 76 	 86 	 96 	 106
95 	 62 	 0 	 7 	 2 	 6 	 7 	 6 	 56 	 66 	 76 	 86 	 96 	 106
96 	 62 	 0 	 10 	 2 	 8 	 9 	 6 	 56 	 66 	 76 	 86 	 96 	 106
97 	 62 	 0 	 5 	 2 	 10 	 11 	 6 	 56 	 66 	 76 	 86 	 96 	 106
98 	 62 	 0 	 6 	 2 	 12 	 13 	 6 	 56 	 66 	 76 	 86 	 96 	 106
99 	 62 	 0 	 8 	 2 	 14 	 15 	 6 	 56 	 66 	 76 	 86 	 96 	 106
100 	 63 	 0 	 4 	 4 	 7 	 8 	 9 	 10 	 6 	 1 	 11 	 21 	 31 	 41 	 51
101 	 64 	 0 	 5 	 2 	 16 	 17 	 11 	 1 	 6 	 11 	 16 	 21 	 26 	 31 	 36 	 41 	 46 	 51
102 	 64 	 0 	 10 	 2 	 4 	 5 	 11 	 4 	 9 	 14 	 19 	 24 	 29 	 34 	 39 	 44 	 49 	 54
103 	 64 	 0 	 6 	 2 	 1 	 2 	 11 	 3 	 8 	 13 	 18 	 23 	 28 	 33 	 38 	 43 	 48 	 53
104 	 65 	 0 	 6 	 2 	 1 	 2 	 6 	 55 	 65 	 75 	 85 	 95 	 105
105 	 65 	 0 	 4 	 2 	 3 	 4 	 6 	 55 	 65 	 75 	 85 	 95 	 105
106 	 65 	 0 	 3 	 2 	 5 	 6 	 6 	 55 	 65 	 75 	 85 	 95 	 105
107 	 65 	 0 	 3 	 2 	 7 	 8 	 6 	 55 	 65 	 75 	 85 	 95 	 105
108 	 65 	 0 	 1 	 2 	 9 	 10 	 6 	 55 	 65 	 75 	 85 	 95 	 105
109 	 66 	 0 	 10 	 2 	 16 	 17 	 5 	 60 	 70 	 80 	 90 	 100
110 	 67 	 0 	 4 	 2 	 3 	 4 	 6 	 58 	 68 	 78 	 88 	 98 	 108
111 	 67 	 0 	 4 	 2 	 5 	 6 	 6 	 58 	 68 	 78 	 88 	 98 	 108
112 	 67 	 0 	 1 	 2 	 7 	 8 	 6 	 58 	 68 	 78 	 88 	 98 	 108
113 	 67 	 0 	 6 	 2 	 9 	 10 	 6 	 58 	 68 	 78 	 88 	 98 	 108
114 	 68 	 0 	 1 	 2 	 11 	 12 	 6 	 4 	 14 	 24 	 34 	 44 	 54
115 	 69 	 0 	 5 	 2 	 5 	 6 	 6 	 2 	 12 	 22 	 32 	 42 	 52
116 	 70 	 0 	 6 	 6 	 5 	 6 	 7 	 8 	 9 	 10 	 11 	 57 	 62 	 67 	 72 	 77 	 82 	 87 	 92 	 97 	 102 	 107
117 	 71 	 0 	 3 	 2 	 16 	 17 	 11 	 59 	 64 	 69 	 74 	 79 	 84 	 89 	 94 	 99 	 104 	 109
118 	 72 	 0 	 1 	 4 	 12 	 13 	 14 	 15 	 11 	 2 	 7 	 12 	 17 	 22 	 27 	 32 	 37 	 42 	 47 	 52
119 	 73 	 0 	 1 	 2 	 16 	 17 	 5 	 8 	 18 	 28 	 38 	 48
120 	 74 	 0 	 4 	 4 	 8 	 9 	 10 	 11 	 5 	 63 	 73 	 83 	 93 	 103
121 	 75 	 0 	 1 	 2 	 3 	 4 	 11 	 0 	 5 	 10 	 15 	 20 	 25 	 30 	 35 	 40 	 45 	 50
122 	 75 	 0 	 10 	 2 	 5 	 6 	 11 	 0 	 5 	 10 	 15 	 20 	 25 	 30 	 35 	 40 	 45 	 50
123 	 75 	 0 	 3 	 2 	 7 	 8 	 11 	 0 	 5 	 10 	 15 	 20 	 25 	 30 	 35 	 40 	 45 	 50
124 	 75 	 0 	 2 	 2 	 9 	 10 	 11 	 0 	 5 	 10 	 15 	 20 	 25 	 30 	 35 	 40 	 45 	 50
125 	 75 	 0 	 7 	 2 	 11 	 12 	 11 	 0 	 5 	 10 	 15 	 20 	 25 	 30 	 35 	 40 	 45 	 50
126 	 75 	 0 	 3 	 2 	 13 	 14 	 11 	 0 	 5 	 10 	 15 	 20 	 25 	 30 	 35 	 40 	 45 	 50
127 	 75 	 0 	 10 	 2 	 15 	 16 	 11 	 0 	 5 	 10 	 15 	 20 	 25 	 30 	 35 	 40 	 45 	 50
128 	 76 	 0 	 9 	 4 	 8 	 9 	 10 	 11 	 6 	 55 	 65 	 75 	 85 	 95 	 105
129 	 77 	 0 	 2 	 2 	 1 	 2 	 6 	 4 	 14 	 24 	 34 	 44 	 54
130 	 77 	 0 	 7 	 2 	 3 	 4 	 6 	 4 	 14 	 24 	 34 	 44 	 54
131 	 77 	 0 	 9 	 2 	 5 	 6 	 6 	 4 	 14 	 24 	 34 	 44 	 54
132 	 77 	 0 	 6 	 2 	 7 	 8 	 6 	 4 	 14 	 24 	 34 	 44 	 54
133 	 77 	 0 	 6 	 2 	 9 	 10 	 6 	 4 	 14 	 24 	 34 	 44 	 54
134 	 77 	 0 	 6 	 2 	 11 	 12 	 6 	 4 	 14 	 24 	 34 	 44 	 54
135 	 77 	 0 	 5 	 2 	 13 	 14 	 6 	 4 	 14 	 24 	 34 	 44 	 54
136 	 77 	 0 	 3 	 2 	 15 	 16 	 6 	 4 	 14 	 24 	 34 	 44 	 54
137 	 78 	 0 	 9 	 2 	 16 	 17 	 6 	 2 	 12 	 22 	 32 	 42 	 52
138 	 79 	 0 	 7 	 2 	 16 	 17 	 6 	 59 	 69 	 79 	 89 	 99 	 109
139 	 80 	 0 	 9 	 2 	 2 	 3 	 6 	 2 	 12 	 22 	 32 	 42 	 52
140 	 80 	 0 	 3 	 2 	 4 	 5 	 6 	 2 	 12 	 22 	 32 	 42 	 52
141 	 80 	 0 	 2 	 2 	 6 	 7 	 6 	 2 	 12 	 22 	 32 	 42 	 52
142 	 80 	 0 	 9 	 2 	 8 	 9 	 6 	 2 	 12 	 22 	 32 	 42 	 52
143 	 80 	 0 	 10 	 2 	 10 	 11 	 6 	 2 	 12 	 22 	 32 	 42 	 52
144 	 80 	 0 	 9 	 2 	 12 	 13 	 6 	 2 	 12 	 22 	 32 	 42 	 52
145 	 80 	 0 	 1 	 2 	 14 	 15 	 6 	 2 	 12 	 22 	 32 	 42 	 52
146 	 80 	 0 	 10 	 2 	 16 	 17 	 6 	 2 	 12 	 22 	 32 	 42 	 52
147 	 81 	 0 	 4 	 2 	 13 	 14 	 5 	 60 	 70 	 80 	 90 	 100
148 	 82 	 0 	 2 	 2 	 5 	 6 	 6 	 56 	 66 	 76 	 86 	 96 	 106
149 	 83 	 0 	 7 	 2 	 8 	 9 	 11 	 3 	 8 	 13 	 18 	 23 	 28 	 33 	 38 	 43 	 48 	 53
150 	 83 	 0 	 1 	 2 	 10 	 11 	 11 	 3 	 8 	 13 	 18 	 23 	 28 	 33 	 38 	 43 	 48 	 53
151 	 83 	 0 	 3 	 2 	 12 	 13 	 11 	 3 	 8 	 13 	 18 	 23 	 28 	 33 	 38 	 43 	 48 	 53
152 	 83 	 0 	 5 	 2 	 14 	 15 	 11 	 3 	 8 	 13 	 18 	 23 	 28 	 33 	 38 	 43 	 48 	 53
153 	 84 	 0 	 4 	 2 	 0 	 1 	 6 	 55 	 65 	 75 	 85 	 95 	 105
154 	 85 	 0 	 1 	 2 	 2 	 3 	 11 	 55 	 60 	 65 	 70 	 75 	 80 	 85 	 90 	 95 	 100 	 105
155 	 85 	 0 	 1 	 2 	 4 	 5 	 11 	 55 	 60 	 65 	 70 	 75 	 80 	 85 	 90 	 95 	 100 	 105
156 	 85 	 0 	 8 	 2 	 6 	 7 	 11 	 55 	 60 	 65 	 70 	 75 	 80 	 85 	 90 	 95 	 100 	 105
157 	 85 	 0 	 4 	 2 	 8 	 9 	 11 	 55 	 60 	 65 	 70 	 75 	 80 	 85 	 90 	 95 	 100 	 105
158 	 85 	 0 	 9 	 2 	 10 	 11 	 11 	 55 	 60 	 65 	 70 	 75 	 80 	 85 	 90 	 95 	 100 	 105
159 	 85 	 0 	 6 	 2 	 12 	 13 	 11 	 55 	 60 	 65 	 70 	 75 	 80 	 85 	 90 	 95 	 100 	 105
160 	 86 	 0 	 10 	 2 	 8 	 9 	 6 	 56 	 66 	 76 	 86 	 96 	 106
161 	 87 	 0 	 6 	 6 	 4 	 5 	 6 	 7 	 8 	 9 	 6 	 58 	 68 	 78 	 88 	 98 	 108
162 	 88 	 0 	 5 	 2 	 11 	 12 	 5 	 8 	 18 	 28 	 38 	 48
163 	 89 	 0 	 6 	 4 	 0 	 1 	 2 	 3 	 6 	 55 	 65 	 75 	 85 	 95 	 105
164 	 90 	 0 	 5 	 4 	 2 	 3 	 4 	 5 	 5 	 61 	 71 	 81 	 91 	 101
165 	 91 	 0 	 6 	 2 	 0 	 1 	 6 	 4 	 14 	 24 	 34 	 44 	 54
166 	 91 	 0 	 4 	 2 	 2 	 3 	 6 	 4 	 14 	 24 	 34 	 44 	 54
167 	 91 	 0 	 5 	 2 	 4 	 5 	 6 	 4 	 14 	 24 	 34 	 44 	 54
168 	 91 	 0 	 4 	 2 	 6 	 7 	 6 	 4 	 14 	 24 	 34 	 44 	 54
169 	 91 	 0 	 2 	 2 	 8 	 9 	 6 	 4 	 14 	 24 	 34 	 44 	 54
170 	 91 	 0 	 6 	 2 	 10 	 11 	 6 	 4 	 14 	 24 	 34 	 44 	 54
171 	 92 	 0 	 5 	 2 	 6 	 7 	 11 	 55 	 60 	 65 	 70 	 75 	 80 	 85 	 90 	 95 	 100 	 105
172 	 93 	 0 	 2 	 2 	 14 	 15 	 5 	 6 	 16 	 26 	 36 	 46
173 	 94 	 0 	 2 	 2 	 5 	 6 	 11 	 0 	 5 	 10 	 15 	 20 	 25 	 30 	 35 	 40 	 45 	 50
174 	 95 	 0 	 5 	 2 	 16 	 17 	 6 	 55 	 65 	 75 	 85 	 95 	 105
175 	 96 	 0 	 10 	 2 	 3 	 4 	 6 	 0 	 10 	 20 	 30 	 40 	 50
176 	 97 	 0 	 2 	 2 	 2 	 3 	 11 	 58 	 63 	 68 	 73 	 78 	 83 	 88 	 93 	 98 	 103 	 108
177 	 97 	 0 	 4 	 2 	 4 	 5 	 11 	 58 	 63 	 68 	 73 	 78 	 83 	 88 	 93 	 98 	 103 	 108
178 	 97 	 0 	 6 	 2 	 6 	 7 	 11 	 58 	 63 	 68 	 73 	 78 	 83 	 88 	 93 	 98 	 103 	 108
179 	 97 	 0 	 3 	 2 	 8 	 9 	 11 	 58 	 63 	 68 	 73 	 78 	 83 	 88 	 93 	 98 	 103 	 108
180 	 97 	 0 	 7 	 2 	 10 	 11 	 11 	 58 	 63 	 68 	 73 	 78 	 83 	 88 	 93 	 98 	 103 	 108
181 	 97 	 0 	 7 	 2 	 12 	 13 	 11 	 58 	 63 	 68 	 73 	 78 	 83 	 88 	 93 	 98 	 103 	 108
182 	 98 	 0 	 2 	 2 	 14 	 15 	 11 	 57 	 62 	 67 	 72 	 77 	 82 	 87 	 92 	 97 	 102 	 107
183 	 99 	 0 	 5 	 2 	 15 	 16 	 11 	 59 	 64 	 69 	 74 	 79 	 84 	 89 	 94 	 99 	 104 	 109
184 	 100 	 0 	 8 	 2 	 2 	 3 	 6 	 0 	 10 	 20 	 30 	 40 	 50
185 	 100 	 0 	 1 	 2 	 4 	 5 	 6 	 0 	 10 	 20 	 30 	 40 	 50
186 	 100 	 0 	 5 	 2 	 6 	 7 	 6 	 0 	 10 	 20 	 30 	 40 	 50
187 	 100 	 0 	 4 	 2 	 8 	 9 	 6 	 0 	 10 	 20 	 30 	 40 	 50
188 	 100 	 0 	 5 	 2 	 10 	 11 	 6 	 0 	 10 	 20 	 30 	 40 	 50
189 	 100 	 0 	 8 	 2 	 12 	 13 	 6 	 0 	 10 	 20 	 30 	 40 	 50
190 	 101 	 0 	 1 	 2 	 5 	 6 	 11 	 4 	 9 	 14 	 19 	 24 	 29 	 34 	 39 	 44 	 49 	 54
191 	 101 	 0 	 5 	 2 	 4 	 5 	 11 	 2 	 7 	 12 	 17 	 22 	 27 	 32 	 37 	 42 	 47 	 52
192 	 102 	 0 	 2 	 2 	 6 	 7 	 5 	 7 	 17 	 27 	 37 	 47
193 	 103 	 0 	 8 	 2 	 1 	 2 	 6 	 59 	 69 	 79 	 89 	 99 	 109
194 	 104 	 0 	 10 	 2 	 6 	 7 	 6 	 2 	 12 	 22 	 32 	 42 	 52
195 	 104 	 0 	 1 	 2 	 8 	 9 	 6 	 2 	 12 	 22 	 32 	 42 	 52
196 	 104 	 0 	 3 	 2 	 10 	 11 	 6 	 2 	 12 	 22 	 32 	 42 	 52
197 	 104 	 0 	 5 	 2 	 12 	 13 	 6 	 2 	 12 	 22 	 32 	 42 	 52
198 	 104 	 0 	 4 	 2 	 14 	 15 	 6 	 2 	 12 	 22 	 32 	 42 	 52
199 	 104 	 0 	 8 	 2 	 16 	 17 	 6 	 2 	 12 	 22 	 32 	 42 	 52
200 	 105 	 0 	 7 	 2 	 7 	 8 	 5 	 64 	 74 	 84 	 94 	 104
201 	 106 	 0 	 3 	 2 	 0 	 1 	 5 	 6 	 16 	 26 	 36 	 46
202 	 106 	 0 	 4 	 2 	 2 	 3 	 5 	 6 	 16 	 26 	 36 	 46
203 	 106 	 0 	 10 	 2 	 4 	 5 	 5 	 6 	 16 	 26 	 36 	 46
204 	 106 	 0 	 7 	 2 	 6 	 7 	 5 	 6 	 16 	 26 	 36 	 46
205 	 106 	 0 	 10 	 2 	 8 	 9 	 5 	 6 	 16 	 26 	 36 	 46
206 	 106 	 0 	 5 	 2 	 10 	 11 	 5 	 6 	 16 	 26 	 36 	 46
207 	 106 	 0 	 10 	 2 	 12 	 13 	 5 	 6 	 16 	 26 	 36 	 46
208 	 106 	 0 	 8 	 2 	 14 	 15 	 5 	 6 	 16 	 26 	 36 	 46
209 	 106 	 0 	 9 	 2 	 16 	 17 	 5 	 6 	 16 	 26 	 36 	 46
210 	 107 	 0 	 1 	 2 	 12 	 13 	 6 	 59 	 69 	 79 	 89 	 99 	 109
211 	 108 	 0 	 9 	 2 	 7 	 8 	 11 	 57 	 62 	 67 	 72 	 77 	 82 	 87 	 92 	 97 	 102 	 107
212 	 109 	 0 	 6 	 2 	 3 	 4 	 5 	 8 	 18 	 28 	 38 	 48
213 	 109 	 0 	 6 	 2 	 4 	 5 	 5 	 7 	 17 	 27 	 37 	 47
214 	 109 	 0 	 3 	 2 	 13 	 14 	 5 	 9 	 19 	 29 	 39 	 49
215 	 110 	 0 	 7 	 2 	 8 	 9 	 5 	 63 	 73 	 83 	 93 	 103
216 	 111 	 0 	 7 	 4 	 10 	 11 	 12 	 13 	 5 	 9 	 19 	 29 	 39 	 49
217 	 112 	 0 	 4 	 4 	 1 	 2 	 3 	 4 	 11 	 4 	 9 	 14 	 19 	 24 	 29 	 34 	 39 	 44 	 49 	 54
218 	 113 	 0 	 1 	 4 	 14 	 15 	 16 	 17 	 5 	 6 	 16 	 26 	 36 	 46
219 	 114 	 0 	 5 	 2 	 13 	 14 	 5 	 61 	 71 	 81 	 91 	 101
220 	 115 	 0 	 5 	 2 	 4 	 5 	 11 	 59 	 64 	 69 	 74 	 79 	 84 	 89 	 94 	 99 	 104 	 109
221 	 116 	 0 	 5 	 2 	 1 	 2 	 5 	 7 	 17 	 27 	 37 	 47
222 	 117 	 0 	 2 	 4 	 4 	 5 	 6 	 7 	 6 	 3 	 13 	 23 	 33 	 43 	 53
223 	 118 	 0 	 4 	 2 	 8 	 9 	 5 	 61 	 71 	 81 	 91 	 101
224 	 118 	 0 	 5 	 2 	 15 	 16 	 5 	 63 	 73 	 83 	 93 	 103
225 	 118 	 0 	 5 	 2 	 7 	 8 	 5 	 62 	 72 	 82 	 92 	 102
226 	 119 	 0 	 6 	 4 	 8 	 9 	 10 	 11 	 6 	 57 	 67 	 77 	 87 	 97 	 107
227 	 120 	 0 	 9 	 4 	 13 	 14 	 15 	 16 	 11 	 2 	 7 	 12 	 17 	 22 	 27 	 32 	 37 	 42 	 47 	 52
228 	 121 	 0 	 1 	 2 	 9 	 10 	 5 	 8 	 18 	 28 	 38 	 48
229 	 121 	 0 	 6 	 2 	 11 	 12 	 5 	 8 	 18 	 28 	 38 	 48
230 	 121 	 0 	 10 	 2 	 13 	 14 	 5 	 8 	 18 	 28 	 38 	 48
231 	 121 	 0 	 7 	 2 	 15 	 16 	 5 	 8 	 18 	 28 	 38 	 48
232 	 122 	 0 	 10 	 2 	 6 	 7 	 6 	 58 	 68 	 78 	 88 	 98 	 108
233 	 123 	 0 	 3 	 4 	 13 	 14 	 15 	 16 	 6 	 59 	 69 	 79 	 89 	 99 	 109
234 	 124 	 0 	 7 	 2 	 2 	 3 	 11 	 4 	 9 	 14 	 19 	 24 	 29 	 34 	 39 	 44 	 49 	 54
235 	 125 	 0 	 6 	 2 	 1 	 2 	 11 	 2 	 7 	 12 	 17 	 22 	 27 	 32 	 37 	 42 	 47 	 52
236 	 125 	 0 	 5 	 2 	 3 	 4 	 11 	 2 	 7 	 12 	 17 	 22 	 27 	 32 	 37 	 42 	 47 	 52
237 	 125 	 0 	 8 	 2 	 5 	 6 	 11 	 2 	 7 	 12 	 17 	 22 	 27 	 32 	 37 	 42 	 47 	 52
238 	 125 	 0 	 10 	 2 	 7 	 8 	 11 	 2 	 7 	 12 	 17 	 22 	 27 	 32 	 37 	 42 	 47 	 52
239 	 125 	 0 	 2 	 2 	 9 	 10 	 11 	 2 	 7 	 12 	 17 	 22 	 27 	 32 	 37 	 42 	 47 	 52
240 	 125 	 0 	 7 	 2 	 11 	 12 	 11 	 2 	 7 	 12 	 17 	 22 	 27 	 32 	 37 	 42 	 47 	 52
241 	 125 	 0 	 10 	 2 	 13 	 14 	 11 	 2 	 7 	 12 	 17 	 22 	 27 	 32 	 37 	 42 	 47 	 52
242 	 125 	 0 	 8 	 2 	 15 	 16 	 11 	 2 	 7 	 12 	 17 	 22 	 27 	 32 	 37 	 42 	 47 	 52
243 	 126 	 0 	 1 	 4 	 0 	 1 	 2 	 3 	 5 	 62 	 72 	 82 	 92 	 102
244 	 126 	 0 	 4 	 2 	 2 	 3 	 5 	 63 	 73 	 83 	 93 	 103
245 	 126 	 0 	 3 	 6 	 3 	 4 	 5 	 6 	 7 	 8 	 5 	 61 	 71 	 81 	 91 	 101
246 	 127 	 0 	 9 	 2 	 0 	 1 	 11 	 59 	 64 	 69 	 74 	 79 	 84 	 89 	 94 	 99 	 104 	 109
247 	 128 	 0 	 6 	 2 	 5 	 6 	 11 	 2 	 7 	 12 	 17 	 22 	 27 	 32 	 37 	 42 	 47 	 52
248 	 129 	 0 	 3 	 2 	 15 	 16 	 11 	 55 	 60 	 65 	 70 	 75 	 80 	 85 	 90 	 95 	 100 	 105
249 	 129 	 0 	 4 	 2 	 11 	 12 	 11 	 58 	 63 	 68 	 73 	 78 	 83 	 88 	 93 	 98 	 103 	 108
250 	 130 	 0 	 9 	 2 	 3 	 4 	 6 	 3 	 13 	 23 	 33 	 43 	 53
251 	 130 	 0 	 1 	 2 	 5 	 6 	 6 	 3 	 13 	 23 	 33 	 43 	 53
252 	 130 	 0 	 5 	 2 	 7 	 8 	 6 	 3 	 13 	 23 	 33 	 43 	 53
253 	 130 	 0 	 8 	 2 	 9 	 10 	 6 	 3 	 13 	 23 	 33 	 43 	 53
254 	 130 	 0 	 8 	 2 	 11 	 12 	 6 	 3 	 13 	 23 	 33 	 43 	 53
255 	 130 	 0 	 6 	 2 	 13 	 14 	 6 	 3 	 13 	 23 	 33 	 43 	 53
256 	 130 	 0 	 5 	 2 	 15 	 16 	 6 	 3 	 13 	 23 	 33 	 43 	 53
257 	 131 	 0 	 8 	 2 	 8 	 9 	 6 	 58 	 68 	 78 	 88 	 98 	 108
258 	 132 	 0 	 8 	 2 	 2 	 3 	 5 	 63 	 73 	 83 	 93 	 103
259 	 133 	 0 	 1 	 4 	 8 	 9 	 10 	 11 	 6 	 56 	 66 	 76 	 86 	 96 	 106
260 	 134 	 0 	 6 	 2 	 4 	 5 	 5 	 63 	 73 	 83 	 93 	 103
261 	 135 	 0 	 8 	 2 	 3 	 4 	 11 	 58 	 63 	 68 	 73 	 78 	 83 	 88 	 93 	 98 	 103 	 108
262 	 136 	 0 	 1 	 2 	 16 	 17 	 11 	 4 	 9 	 14 	 19 	 24 	 29 	 34 	 39 	 44 	 49 	 54
263 	 137 	 0 	 9 	 2 	 1 	 2 	 11 	 3 	 8 	 13 	 18 	 23 	 28 	 33 	 38 	 43 	 48 	 53
264 	 138 	 0 	 9 	 4 	 8 	 9 	 10 	 11 	 6 	 59 	 69 	 79 	 89 	 99 	 109
265 	 139 	 0 	 7 	 4 	 8 	 9 	 10 	 11 	 11 	 58 	 63 	 68 	 73 	 78 	 83 	 88 	 93 	 98 	 103 	 108
266 	 140 	 0 	 3 	 4 	 10 	 11 	 12 	 13 	 6 	 55 	 65 	 75 	 85 	 95 	 105
267 	 140 	 0 	 7 	 2 	 15 	 16 	 6 	 59 	 69 	 79 	 89 	 99 	 109
268 	 141 	 0 	 9 	 2 	 6 	 7 	 5 	 8 	 18 	 28 	 38 	 48
269 	 142 	 0 	 10 	 2 	 8 	 9 	 11 	 2 	 7 	 12 	 17 	 22 	 27 	 32 	 37 	 42 	 47 	 52
270 	 142 	 0 	 5 	 2 	 10 	 11 	 11 	 2 	 7 	 12 	 17 	 22 	 27 	 32 	 37 	 42 	 47 	 52
271 	 142 	 0 	 2 	 2 	 12 	 13 	 11 	 2 	 7 	 12 	 17 	 22 	 27 	 32 	 37 	 42 	 47 	 52
272 	 142 	 0 	 10 	 2 	 14 	 15 	 11 	 2 	 7 	 12 	 17 	 22 	 27 	 32 	 37 	 42 	 47 	 52
273 	 142 	 0 	 10 	 2 	 16 	 17 	 11 	 2 	 7 	 12 	 17 	 22 	 27 	 32 	 37 	 42 	 47 	 52
274 	 143 	 0 	 10 	 4 	 5 	 6 	 7 	 8 	 5 	 62 	 72 	 82 	 92 	 102
275 	 144 	 0 	 2 	 4 	 14 	 15 	 16 	 17 	 5 	 63 	 73 	 83 	 93 	 103
276 	 145 	 0 	 8 	 2 	 14 	 15 	 11 	 58 	 63 	 68 	 73 	 78 	 83 	 88 	 93 	 98 	 103 	 108
277 	 145 	 0 	 8 	 2 	 2 	 3 	 11 	 56 	 61 	 66 	 71 	 76 	 81 	 86 	 91 	 96 	 101 	 106
278 	 146 	 0 	 3 	 2 	 3 	 4 	 5 	 62 	 72 	 82 	 92 	 102
279 	 146 	 0 	 9 	 2 	 5 	 6 	 5 	 62 	 72 	 82 	 92 	 102
280 	 146 	 0 	 5 	 2 	 7 	 8 	 5 	 62 	 72 	 82 	 92 	 102
281 	 146 	 0 	 5 	 2 	 9 	 10 	 5 	 62 	 72 	 82 	 92 	 102
282 	 146 	 0 	 5 	 2 	 11 	 12 	 5 	 62 	 72 	 82 	 92 	 102
283 	 146 	 0 	 6 	 2 	 13 	 14 	 5 	 62 	 72 	 82 	 92 	 102
284 	 146 	 0 	 5 	 2 	 15 	 16 	 5 	 62 	 72 	 82 	 92 	 102
285 	 147 	 0 	 4 	 4 	 7 	 8 	 9 	 10 	 5 	 61 	 71 	 81 	 91 	 101
286 	 148 	 0 	 6 	 2 	 10 	 11 	 6 	 0 	 10 	 20 	 30 	 40 	 50
287 	 149 	 0 	 6 	 2 	 14 	 15 	 6 	 1 	 11 	 21 	 31 	 41 	 51
288 	 150 	 0 	 10 	 2 	 2 	 3 	 6 	 2 	 12 	 22 	 32 	 42 	 52
289 	 150 	 0 	 7 	 2 	 4 	 5 	 6 	 2 	 12 	 22 	 32 	 42 	 52
290 	 150 	 0 	 2 	 2 	 6 	 7 	 6 	 2 	 12 	 22 	 32 	 42 	 52
291 	 150 	 0 	 8 	 2 	 8 	 9 	 6 	 2 	 12 	 22 	 32 	 42 	 52
292 	 150 	 0 	 1 	 2 	 10 	 11 	 6 	 2 	 12 	 22 	 32 	 42 	 52
293 	 150 	 0 	 2 	 2 	 12 	 13 	 6 	 2 	 12 	 22 	 32 	 42 	 52
294 	 150 	 0 	 5 	 2 	 14 	 15 	 6 	 2 	 12 	 22 	 32 	 42 	 52
295 	 150 	 0 	 3 	 2 	 16 	 17 	 6 	 2 	 12 	 22 	 32 	 42 	 52
296 	 151 	 0 	 10 	 4 	 5 	 6 	 7 	 8 	 5 	 62 	 72 	 82 	 92 	 102
297 	 152 	 0 	 6 	 2 	 13 	 14 	 11 	 55 	 60 	 65 	 70 	 75 	 80 	 85 	 90 	 95 	 100 	 105
298 	 152 	 0 	 4 	 2 	 16 	 17 	 11 	 57 	 62 	 67 	 72 	 77 	 82 	 87 	 92 	 97 	 102 	 107
299 	 152 	 0 	 1 	 2 	 16 	 17 	 11 	 58 	 63 	 68 	 73 	 78 	 83 	 88 	 93 	 98 	 103 	 108
300 	 153 	 0 	 9 	 2 	 5 	 6 	 6 	 2 	 12 	 22 	 32 	 42 	 52
301 	 154 	 0 	 10 	 4 	 4 	 5 	 6 	 7 	 11 	 57 	 62 	 67 	 72 	 77 	 82 	 87 	 92 	 97 	 102 	 107
302 	 155 	 0 	 9 	 2 	 11 	 12 	 6 	 3 	 13 	 23 	 33 	 43 	 53
303 	 156 	 0 	 5 	 2 	 1 	 2 	 5 	 60 	 70 	 80 	 90 	 100
304 	 157 	 0 	 6 	 2 	 8 	 9 	 11 	 2 	 7 	 12 	 17 	 22 	 27 	 32 	 37 	 42 	 47 	 52
305 	 158 	 0 	 7 	 2 	 3 	 4 	 6 	 3 	 13 	 23 	 33 	 43 	 53
306 	 158 	 0 	 2 	 2 	 5 	 6 	 6 	 3 	 13 	 23 	 33 	 43 	 53
307 	 158 	 0 	 1 	 2 	 7 	 8 	 6 	 3 	 13 	 23 	 33 	 43 	 53
308 	 158 	 0 	 4 	 2 	 9 	 10 	 6 	 3 	 13 	 23 	 33 	 43 	 53
309 	 158 	 0 	 9 	 2 	 11 	 12 	 6 	 3 	 13 	 23 	 33 	 43 	 53
310 	 158 	 0 	 6 	 2 	 13 	 14 	 6 	 3 	 13 	 23 	 33 	 43 	 53
311 	 158 	 0 	 10 	 2 	 15 	 16 	 6 	 3 	 13 	 23 	 33 	 43 	 53
312 	 159 	 0 	 6 	 2 	 7 	 8 	 11 	 4 	 9 	 14 	 19 	 24 	 29 	 34 	 39 	 44 	 49 	 54
313 	 159 	 0 	 5 	 2 	 9 	 10 	 11 	 0 	 5 	 10 	 15 	 20 	 25 	 30 	 35 	 40 	 45 	 50
314 	 160 	 0 	 8 	 2 	 13 	 14 	 5 	 63 	 73 	 83 	 93 	 103
315 	 161 	 0 	 10 	 2 	 3 	 4 	 11 	 55 	 60 	 65 	 70 	 75 	 80 	 85 	 90 	 95 	 100 	 105
316 	 161 	 0 	 4 	 2 	 5 	 6 	 11 	 55 	 60 	 65 	 70 	 75 	 80 	 85 	 90 	 95 	 100 	 105
317 	 161 	 0 	 1 	 2 	 7 	 8 	 11 	 55 	 60 	 65 	 70 	 75 	 80 	 85 	 90 	 95 	 100 	 105
318 	 161 	 0 	 3 	 2 	 9 	 10 	 11 	 55 	 60 	 65 	 70 	 75 	 80 	 85 	 90 	 95 	 100 	 105
319 	 161 	 0 	 6 	 2 	 11 	 12 	 11 	 55 	 60 	 65 	 70 	 75 	 80 	 85 	 90 	 95 	 100 	 105
320 	 162 	 0 	 1 	 4 	 12 	 13 	 14 	 15 	 5 	 8 	 18 	 28 	 38 	 48
321 	 162 	 0 	 4 	 4 	 7 	 8 	 9 	 10 	 5 	 6 	 16 	 26 	 36 	 46
322 	 163 	 0 	 2 	 2 	 2 	 3 	 5 	 63 	 73 	 83 	 93 	 103
323 	 163 	 0 	 9 	 2 	 4 	 5 	 5 	 63 	 73 	 83 	 93 	 103
324 	 163 	 0 	 4 	 2 	 6 	 7 	 5 	 63 	 73 	 83 	 93 	 103
325 	 163 	 0 	 2 	 2 	 8 	 9 	 5 	 63 	 73 	 83 	 93 	 103
326 	 163 	 0 	 2 	 2 	 10 	 11 	 5 	 63 	 73 	 83 	 93 	 103
327 	 163 	 0 	 6 	 2 	 12 	 13 	 5 	 63 	 73 	 83 	 93 	 103
328 	 163 	 0 	 4 	 2 	 14 	 15 	 5 	 63 	 73 	 83 	 93 	 103
329 	 163 	 0 	 4 	 2 	 16 	 17 	 5 	 63 	 73 	 83 	 93 	 103
330 	 164 	 0 	 6 	 2 	 15 	 16 	 5 	 61 	 71 	 81 	 91 	 101
331 	 164 	 0 	 9 	 4 	 6 	 7 	 8 	 9 	 5 	 63 	 73 	 83 	 93 	 103
332 	 164 	 0 	 5 	 4 	 8 	 9 	 10 	 11 	 5 	 64 	 74 	 84 	 94 	 104
333 	 165 	 0 	 3 	 2 	 10 	 11 	 5 	 6 	 16 	 26 	 36 	 46
334 	 165 	 0 	 3 	 2 	 7 	 8 	 5 	 9 	 19 	 29 	 39 	 49
335 	 166 	 0 	 8 	 2 	 6 	 7 	 5 	 62 	 72 	 82 	 92 	 102
336 	 166 	 0 	 2 	 2 	 11 	 12 	 5 	 60 	 70 	 80 	 90 	 100
337 	 167 	 0 	 7 	 2 	 12 	 13 	 5 	 6 	 16 	 26 	 36 	 46
338 	 168 	 0 	 9 	 2 	 14 	 15 	 6 	 2 	 12 	 22 	 32 	 42 	 52
339 	 169 	 0 	 9 	 2 	 1 	 2 	 5 	 8 	 18 	 28 	 38 	 48
340 	 169 	 0 	 10 	 2 	 3 	 4 	 5 	 8 	 18 	 28 	 38 	 48
341 	 169 	 0 	 6 	 2 	 5 	 6 	 5 	 8 	 18 	 28 	 38 	 48
342 	 169 	 0 	 1 	 2 	 7 	 8 	 5 	 8 	 18 	 28 	 38 	 48
343 	 169 	 0 	 6 	 2 	 9 	 10 	 5 	 8 	 18 	 28 	 38 	 48
344 	 169 	 0 	 3 	 2 	 11 	 12 	 5 	 8 	 18 	 28 	 38 	 48
345 	 170 	 0 	 9 	 2 	 13 	 14 	 6 	 58 	 68 	 78 	 88 	 98 	 108
346 	 170 	 0 	 9 	 2 	 6 	 7 	 6 	 59 	 69 	 79 	 89 	 99 	 109
347 	 171 	 0 	 1 	 2 	 2 	 3 	 6 	 56 	 66 	 76 	 86 	 96 	 106
348 	 171 	 0 	 4 	 2 	 4 	 5 	 6 	 56 	 66 	 76 	 86 	 96 	 106
349 	 171 	 0 	 5 	 2 	 6 	 7 	 6 	 56 	 66 	 76 	 86 	 96 	 106
350 	 171 	 0 	 3 	 2 	 8 	 9 	 6 	 56 	 66 	 76 	 86 	 96 	 106
351 	 171 	 0 	 7 	 2 	 10 	 11 	 6 	 56 	 66 	 76 	 86 	 96 	 106
352 	 172 	 0 	 3 	 2 	 4 	 5 	 11 	 57 	 62 	 67 	 72 	 77 	 82 	 87 	 92 	 97 	 102 	 107
353 	 172 	 0 	 9 	 2 	 6 	 7 	 11 	 57 	 62 	 67 	 72 	 77 	 82 	 87 	 92 	 97 	 102 	 107
354 	 172 	 0 	 8 	 2 	 8 	 9 	 11 	 57 	 62 	 67 	 72 	 77 	 82 	 87 	 92 	 97 	 102 	 107
355 	 172 	 0 	 6 	 2 	 10 	 11 	 11 	 57 	 62 	 67 	 72 	 77 	 82 	 87 	 92 	 97 	 102 	 107
356 	 172 	 0 	 5 	 2 	 12 	 13 	 11 	 57 	 62 	 67 	 72 	 77 	 82 	 87 	 92 	 97 	 102 	 107
357 	 173 	 0 	 3 	 2 	 14 	 15 	 11 	 57 	 62 	 67 	 72 	 77 	 82 	 87 	 92 	 97 	 102 	 107
358 	 173 	 0 	 9 	 4 	 0 	 1 	 2 	 3 	 11 	 59 	 64 	 69 	 74 	 79 	 84 	 89 	 94 	 99 	 104 	 109
359 	 173 	 0 	 8 	 2 	 0 	 1 	 11 	 56 	 61 	 66 	 71 	 76 	 81 	 86 	 91 	 96 	 101 	 106
360 	 174 	 0 	 5 	 2 	 9 	 10 	 6 	 57 	 67 	 77 	 87 	 97 	 107
361 	 175 	 0 	 7 	 2 	 8 	 9 	 6 	 55 	 65 	 75 	 85 	 95 	 105
362 	 176 	 0 	 7 	 2 	 10 	 11 	 11 	 59 	 64 	 69 	 74 	 79 	 84 	 89 	 94 	 99 	 104 	 109
363 	 177 	 0 	 3 	 2 	 15 	 16 	 5 	 60 	 70 	 80 	 90 	 100
364 	 177 	 0 	 6 	 2 	 16 	 17 	 5 	 61 	 71 	 81 	 91 	 101
365 	 178 	 0 	 1 	 2 	 14 	 15 	 5 	 7 	 17 	 27 	 37 	 47
366 	 178 	 0 	 6 	 4 	 14 	 15 	 16 	 17 	 5 	 6 	 16 	 26 	 36 	 46
367 	 179 	 0 	 6 	 2 	 7 	 8 	 5 	 61 	 71 	 81 	 91 	 101
368 	 179 	 0 	 9 	 2 	 7 	 8 	 5 	 64 	 74 	 84 	 94 	 104
369 	 179 	 0 	 6 	 4 	 14 	 15 	 16 	 17 	 5 	 62 	 72 	 82 	 92 	 102
370 	 180 	 0 	 10 	 2 	 5 	 6 	 5 	 8 	 18 	 28 	 38 	 48
371 	 181 	 0 	 4 	 4 	 6 	 7 	 8 	 9 	 11 	 56 	 61 	 66 	 71 	 76 	 81 	 86 	 91 	 96 	 101 	 106
372 	 182 	 0 	 5 	 2 	 0 	 1 	 11 	 3 	 8 	 13 	 18 	 23 	 28 	 33 	 38 	 43 	 48 	 53
373 	 183 	 0 	 4 	 2 	 15 	 16 	 11 	 58 	 63 	 68 	 73 	 78 	 83 	 88 	 93 	 98 	 103 	 108
374 	 184 	 0 	 7 	 2 	 4 	 5 	 11 	 1 	 6 	 11 	 16 	 21 	 26 	 31 	 36 	 41 	 46 	 51
375 	 184 	 0 	 4 	 2 	 16 	 17 	 11 	 0 	 5 	 10 	 15 	 20 	 25 	 30 	 35 	 40 	 45 	 50
376 	 185 	 0 	 8 	 4 	 4 	 5 	 6 	 7 	 11 	 4 	 9 	 14 	 19 	 24 	 29 	 34 	 39 	 44 	 49 	 54
377 	 185 	 0 	 6 	 2 	 15 	 16 	 11 	 3 	 8 	 13 	 18 	 23 	 28 	 33 	 38 	 43 	 48 	 53
378 	 186 	 0 	 4 	 2 	 0 	 1 	 5 	 9 	 19 	 29 	 39 	 49
379 	 187 	 0 	 7 	 2 	 2 	 3 	 11 	 3 	 8 	 13 	 18 	 23 	 28 	 33 	 38 	 43 	 48 	 53
380 	 188 	 0 	 1 	 4 	 3 	 4 	 5 	 6 	 11 	 58 	 63 	 68 	 73 	 78 	 83 	 88 	 93 	 98 	 103 	 108
381 	 189 	 0 	 8 	 2 	 10 	 11 	 11 	 1 	 6 	 11 	 16 	 21 	 26 	 31 	 36 	 41 	 46 	 51
382 	 190 	 0 	 1 	 2 	 3 	 4 	 11 	 3 	 8 	 13 	 18 	 23 	 28 	 33 	 38 	 43 	 48 	 53
383 	 190 	 0 	 3 	 2 	 5 	 6 	 11 	 3 	 8 	 13 	 18 	 23 	 28 	 33 	 38 	 43 	 48 	 53
384 	 190 	 0 	 9 	 2 	 7 	 8 	 11 	 3 	 8 	 13 	 18 	 23 	 28 	 33 	 38 	 43 	 48 	 53
385 	 190 	 0 	 3 	 2 	 9 	 10 	 11 	 3 	 8 	 13 	 18 	 23 	 28 	 33 	 38 	 43 	 48 	 53
386 	 190 	 0 	 2 	 2 	 11 	 12 	 11 	 3 	 8 	 13 	 18 	 23 	 28 	 33 	 38 	 43 	 48 	 53
387 	 190 	 0 	 2 	 2 	 13 	 14 	 11 	 3 	 8 	 13 	 18 	 23 	 28 	 33 	 38 	 43 	 48 	 53
388 	 190 	 0 	 7 	 2 	 15 	 16 	 11 	 3 	 8 	 13 	 18 	 23 	 28 	 33 	 38 	 43 	 48 	 53
389 	 191 	 0 	 9 	 2 	 10 	 11 	 5 	 7 	 17 	 27 	 37 	 47
390 	 192 	 0 	 1 	 2 	 10 	 11 	 5 	 61 	 71 	 81 	 91 	 101
391 	 193 	 0 	 10 	 4 	 9 	 10 	 11 	 12 	 6 	 59 	 69 	 79 	 89 	 99 	 109
392 	 194 	 0 	 6 	 2 	 11 	 12 	 5 	 61 	 71 	 81 	 91 	 101
393 	 195 	 0 	 1 	 4 	 1 	 2 	 3 	 4 	 6 	 2 	 12 	 22 	 32 	 42 	 52
394 	 196 	 0 	 7 	 2 	 13 	 14 	 11 	 56 	 61 	 66 	 71 	 76 	 81 	 86 	 91 	 96 	 101 	 106
395 	 196 	 0 	 4 	 2 	 14 	 15 	 11 	 57 	 62 	 67 	 72 	 77 	 82 	 87 	 92 	 97 	 102 	 107
396 	 197 	 0 	 1 	 2 	 5 	 6 	 5 	 5 	 15 	 25 	 35 	 45
397 	 198 	 0 	 8 	 2 	 1 	 2 	 5 	 63 	 73 	 83 	 93 	 103
398 	 199 	 0 	 5 	 2 	 4 	 5 	 5 	 8 	 18 	 28 	 38 	 48
399 	 199 	 0 	 8 	 2 	 0 	 1 	 5 	 9 	 19 	 29 	 39 	 49
400 	 199 	 0 	 5 	 2 	 2 	 3 	 5 	 6 	 16 	 26 	 36 	 46
401 	 200 	 0 	 7 	 4 	 3 	 4 	 5 	 6 	 5 	 61 	 71 	 81 	 91 	 101
402 	 201 	 0 	 3 	 2 	 5 	 6 	 6 	 58 	 68 	 78 	 88 	 98 	 108
403 	 202 	 0 	 1 	 2 	 0 	 1 	 6 	 56 	 66 	 76 	 86 	 96 	 106
404 	 203 	 0 	 7 	 2 	 0 	 1 	 6 	 3 	 13 	 23 	 33 	 43 	 53
405 	 204 	 0 	 6 	 2 	 3 	 4 	 6 	 4 	 14 	 24 	 34 	 44 	 54
406 	 204 	 0 	 4 	 2 	 16 	 17 	 6 	 3 	 13 	 23 	 33 	 43 	 53
407 	 204 	 0 	 9 	 2 	 1 	 2 	 6 	 0 	 10 	 20 	 30 	 40 	 50
408 	 205 	 0 	 9 	 2 	 13 	 14 	 5 	 9 	 19 	 29 	 39 	 49
409 	 206 	 0 	 8 	 2 	 1 	 2 	 11 	 3 	 8 	 13 	 18 	 23 	 28 	 33 	 38 	 43 	 48 	 53
410 	 207 	 0 	 5 	 2 	 3 	 4 	 11 	 0 	 5 	 10 	 15 	 20 	 25 	 30 	 35 	 40 	 45 	 50
411 	 207 	 0 	 7 	 2 	 5 	 6 	 11 	 0 	 5 	 10 	 15 	 20 	 25 	 30 	 35 	 40 	 45 	 50
412 	 207 	 0 	 3 	 2 	 7 	 8 	 11 	 0 	 5 	 10 	 15 	 20 	 25 	 30 	 35 	 40 	 45 	 50
413 	 207 	 0 	 4 	 2 	 9 	 10 	 11 	 0 	 5 	 10 	 15 	 20 	 25 	 30 	 35 	 40 	 45 	 50
414 	 207 	 0 	 10 	 2 	 11 	 12 	 11 	 0 	 5 	 10 	 15 	 20 	 25 	 30 	 35 	 40 	 45 	 50
415 	 208 	 0 	 8 	 2 	 2 	 3 	 5 	 5 	 15 	 25 	 35 	 45
416 	 209 	 0 	 6 	 2 	 4 	 5 	 6 	 3 	 13 	 23 	 33 	 43 	 53
417 	 209 	 0 	 7 	 2 	 6 	 7 	 6 	 3 	 13 	 23 	 33 	 43 	 53
418 	 209 	 0 	 3 	 2 	 8 	 9 	 6 	 3 	 13 	 23 	 33 	 43 	 53
419 	 209 	 0 	 2 	 2 	 10 	 11 	 6 	 3 	 13 	 23 	 33 	 43 	 53
420 	 209 	 0 	 8 	 2 	 12 	 13 	 6 	 3 	 13 	 23 	 33 	 43 	 53
421 	 209 	 0 	 1 	 2 	 14 	 15 	 6 	 3 	 13 	 23 	 33 	 43 	 53
422 	 210 	 0 	 7 	 2 	 7 	 8 	 6 	 0 	 10 	 20 	 30 	 40 	 50
423 	 210 	 0 	 4 	 2 	 9 	 10 	 6 	 0 	 10 	 20 	 30 	 40 	 50
424 	 210 	 0 	 6 	 2 	 11 	 12 	 6 	 0 	 10 	 20 	 30 	 40 	 50
425 	 210 	 0 	 2 	 2 	 13 	 14 	 6 	 0 	 10 	 20 	 30 	 40 	 50
426 	 210 	 0 	 4 	 2 	 15 	 16 	 6 	 0 	 10 	 20 	 30 	 40 	 50
427 	 211 	 0 	 8 	 2 	 2 	 3 	 6 	 0 	 10 	 20 	 30 	 40 	 50
428 	 212 	 0 	 2 	 2 	 7 	 8 	 11 	 0 	 5 	 10 	 15 	 20 	 25 	 30 	 35 	 40 	 45 	 50
429 	 213 	 0 	 10 	 4 	 11 	 12 	 13 	 14 	 11 	 2 	 7 	 12 	 17 	 22 	 27 	 32 	 37 	 42 	 47 	 52
430 	 214 	 0 	 9 	 2 	 5 	 6 	 6 	 4 	 14 	 24 	 34 	 44 	 54
431 	 215 	 0 	 2 	 2 	 11 	 12 	 6 	 59 	 69 	 79 	 89 	 99 	 109
432 	 215 	 0 	 8 	 2 	 11 	 12 	 6 	 56 	 66 	 76 	 86 	 96 	 106
433 	 215 	 0 	 2 	 2 	 7 	 8 	 6 	 58 	 68 	 78 	 88 	 98 	 108
434 	 216 	 0 	 1 	 2 	 3 	 4 	 6 	 56 	 66 	 76 	 86 	 96 	 106
435 	 217 	 0 	 2 	 2 	 11 	 12 	 11 	 1 	 6 	 11 	 16 	 21 	 26 	 31 	 36 	 41 	 46 	 51
436 	 218 	 0 	 5 	 2 	 6 	 7 	 11 	 2 	 7 	 12 	 17 	 22 	 27 	 32 	 37 	 42 	 47 	 52
437 	 219 	 0 	 6 	 4 	 2 	 3 	 4 	 5 	 5 	 6 	 16 	 26 	 36 	 46
438 	 220 	 0 	 8 	 4 	 7 	 8 	 9 	 10 	 11 	 59 	 64 	 69 	 74 	 79 	 84 	 89 	 94 	 99 	 104 	 109
439 	 221 	 0 	 6 	 4 	 3 	 4 	 5 	 6 	 11 	 56 	 61 	 66 	 71 	 76 	 81 	 86 	 91 	 96 	 101 	 106
440 	 221 	 0 	 9 	 4 	 8 	 9 	 10 	 11 	 11 	 57 	 62 	 67 	 72 	 77 	 82 	 87 	 92 	 97 	 102 	 107
441 	 222 	 0 	 8 	 2 	 5 	 6 	 11 	 3 	 8 	 13 	 18 	 23 	 28 	 33 	 38 	 43 	 48 	 53
442 	 222 	 0 	 2 	 2 	 7 	 8 	 11 	 3 	 8 	 13 	 18 	 23 	 28 	 33 	 38 	 43 	 48 	 53
443 	 222 	 0 	 2 	 2 	 9 	 10 	 11 	 3 	 8 	 13 	 18 	 23 	 28 	 33 	 38 	 43 	 48 	 53
444 	 222 	 0 	 3 	 2 	 11 	 12 	 11 	 3 	 8 	 13 	 18 	 23 	 28 	 33 	 38 	 43 	 48 	 53
445 	 223 	 0 	 7 	 2 	 1 	 2 	 6 	 57 	 67 	 77 	 87 	 97 	 107
446 	 223 	 0 	 6 	 2 	 3 	 4 	 6 	 57 	 67 	 77 	 87 	 97 	 107
447 	 223 	 0 	 1 	 2 	 5 	 6 	 6 	 57 	 67 	 77 	 87 	 97 	 107
448 	 223 	 0 	 9 	 2 	 7 	 8 	 6 	 57 	 67 	 77 	 87 	 97 	 107
449 	 223 	 0 	 1 	 2 	 9 	 10 	 6 	 57 	 67 	 77 	 87 	 97 	 107
450 	 223 	 0 	 1 	 2 	 11 	 12 	 6 	 57 	 67 	 77 	 87 	 97 	 107
451 	 223 	 0 	 8 	 2 	 13 	 14 	 6 	 57 	 67 	 77 	 87 	 97 	 107
452 	 224 	 0 	 5 	 2 	 6 	 7 	 11 	 56 	 61 	 66 	 71 	 76 	 81 	 86 	 91 	 96 	 101 	 106
453 	 224 	 0 	 6 	 2 	 6 	 7 	 11 	 55 	 60 	 65 	 70 	 75 	 80 	 85 	 90 	 95 	 100 	 105
454 	 225 	 0 	 9 	 4 	 14 	 15 	 16 	 17 	 5 	 5 	 15 	 25 	 35 	 45
455 	 226 	 0 	 2 	 2 	 1 	 2 	 6 	 3 	 13 	 23 	 33 	 43 	 53
456 	 227 	 0 	 3 	 4 	 7 	 8 	 9 	 10 	 6 	 0 	 10 	 20 	 30 	 40 	 50
457 	 228 	 0 	 2 	 4 	 13 	 14 	 15 	 16 	 6 	 58 	 68 	 78 	 88 	 98 	 108
458 	 229 	 0 	 6 	 2 	 12 	 13 	 6 	 55 	 65 	 75 	 85 	 95 	 105
459 	 230 	 0 	 6 	 2 	 3 	 4 	 11 	 58 	 63 	 68 	 73 	 78 	 83 	 88 	 93 	 98 	 103 	 108
460 	 230 	 0 	 10 	 2 	 5 	 6 	 11 	 58 	 63 	 68 	 73 	 78 	 83 	 88 	 93 	 98 	 103 	 108
461 	 230 	 0 	 2 	 2 	 7 	 8 	 11 	 58 	 63 	 68 	 73 	 78 	 83 	 88 	 93 	 98 	 103 	 108
462 	 230 	 0 	 6 	 2 	 9 	 10 	 11 	 58 	 63 	 68 	 73 	 78 	 83 	 88 	 93 	 98 	 103 	 108
463 	 230 	 0 	 5 	 2 	 11 	 12 	 11 	 58 	 63 	 68 	 73 	 78 	 83 	 88 	 93 	 98 	 103 	 108
464 	 230 	 0 	 5 	 2 	 13 	 14 	 11 	 58 	 63 	 68 	 73 	 78 	 83 	 88 	 93 	 98 	 103 	 108
465 	 231 	 0 	 9 	 4 	 4 	 5 	 6 	 7 	 11 	 1 	 6 	 11 	 16 	 21 	 26 	 31 	 36 	 41 	 46 	 51
466 	 231 	 0 	 3 	 2 	 8 	 9 	 11 	 3 	 8 	 13 	 18 	 23 	 28 	 33 	 38 	 43 	 48 	 53
467 	 232 	 0 	 8 	 2 	 12 	 13 	 6 	 56 	 66 	 76 	 86 	 96 	 106
468 	 233 	 0 	 10 	 2 	 16 	 17 	 5 	 62 	 72 	 82 	 92 	 102
469 	 234 	 0 	 7 	 2 	 5 	 6 	 6 	 3 	 13 	 23 	 33 	 43 	 53
470 	 235 	 0 	 7 	 2 	 1 	 2 	 6 	 57 	 67 	 77 	 87 	 97 	 107
471 	 235 	 0 	 6 	 2 	 3 	 4 	 6 	 57 	 67 	 77 	 87 	 97 	 107
472 	 235 	 0 	 9 	 2 	 5 	 6 	 6 	 57 	 67 	 77 	 87 	 97 	 107
473 	 235 	 0 	 5 	 2 	 7 	 8 	 6 	 57 	 67 	 77 	 87 	 97 	 107
474 	 235 	 0 	 7 	 2 	 9 	 10 	 6 	 57 	 67 	 77 	 87 	 97 	 107
475 	 235 	 0 	 10 	 2 	 11 	 12 	 6 	 57 	 67 	 77 	 87 	 97 	 107
476 	 235 	 0 	 2 	 2 	 13 	 14 	 6 	 57 	 67 	 77 	 87 	 97 	 107
477 	 235 	 0 	 8 	 2 	 15 	 16 	 6 	 57 	 67 	 77 	 87 	 97 	 107
478 	 236 	 0 	 9 	 2 	 10 	 11 	 11 	 58 	 63 	 68 	 73 	 78 	 83 	 88 	 93 	 98 	 103 	 108
479 	 237 	 0 	 8 	 2 	 4 	 5 	 6 	 4 	 14 	 24 	 34 	 44 	 54
480 	 237 	 0 	 1 	 2 	 6 	 7 	 6 	 4 	 14 	 24 	 34 	 44 	 54
481 	 237 	 0 	 4 	 2 	 8 	 9 	 6 	 4 	 14 	 24 	 34 	 44 	 54
482 	 237 	 0 	 9 	 2 	 10 	 11 	 6 	 4 	 14 	 24 	 34 	 44 	 54
483 	 238 	 0 	 3 	 2 	 5 	 6 	 5 	 63 	 73 	 83 	 93 	 103
484 	 239 	 0 	 7 	 2 	 7 	 8 	 5 	 60 	 70 	 80 	 90 	 100
485 	 240 	 0 	 3 	 4 	 12 	 13 	 14 	 15 	 5 	 7 	 17 	 27 	 37 	 47
486 	 241 	 0 	 10 	 2 	 14 	 15 	 11 	 55 	 60 	 65 	 70 	 75 	 80 	 85 	 90 	 95 	 100 	 105
487 	 241 	 0 	 10 	 2 	 0 	 1 	 11 	 56 	 61 	 66 	 71 	 76 	 81 	 86 	 91 	 96 	 101 	 106
488 	 241 	 0 	 4 	 4 	 9 	 10 	 11 	 12 	 11 	 58 	 63 	 68 	 73 	 78 	 83 	 88 	 93 	 98 	 103 	 108
489 	 242 	 0 	 6 	 2 	 0 	 1 	 11 	 59 	 64 	 69 	 74 	 79 	 84 	 89 	 94 	 99 	 104 	 109
490 	 242 	 0 	 4 	 2 	 2 	 3 	 11 	 59 	 64 	 69 	 74 	 79 	 84 	 89 	 94 	 99 	 104 	 109
491 	 242 	 0 	 6 	 2 	 4 	 5 	 11 	 59 	 64 	 69 	 74 	 79 	 84 	 89 	 94 	 99 	 104 	 109
492 	 242 	 0 	 9 	 2 	 6 	 7 	 11 	 59 	 64 	 69 	 74 	 79 	 84 	 89 	 94 	 99 	 104 	 109
493 	 242 	 0 	 3 	 2 	 8 	 9 	 11 	 59 	 64 	 69 	 74 	 79 	 84 	 89 	 94 	 99 	 104 	 109
494 	 242 	 0 	 10 	 2 	 10 	 11 	 11 	 59 	 64 	 69 	 74 	 79 	 84 	 89 	 94 	 99 	 104 	 109
495 	 243 	 0 	 3 	 4 	 1 	 2 	 3 	 4 	 5 	 7 	 17 	 27 	 37 	 47
496 	 244 	 0 	 4 	 2 	 15 	 16 	 5 	 6 	 16 	 26 	 36 	 46
497 	 245 	 0 	 1 	 2 	 0 	 1 	 6 	 58 	 68 	 78 	 88 	 98 	 108
498 	 245 	 0 	 3 	 2 	 2 	 3 	 6 	 58 	 68 	 78 	 88 	 98 	 108
499 	 245 	 0 	 5 	 2 	 4 	 5 	 6 	 58 	 68 	 78 	 88 	 98 	 108
500 	 245 	 0 	 6 	 2 	 6 	 7 	 6 	 58 	 68 	 78 	 88 	 98 	 108
501 	 245 	 0 	 2 	 2 	 8 	 9 	 6 	 58 	 68 	 78 	 88 	 98 	 108
502 	 245 	 0 	 9 	 2 	 10 	 11 	 6 	 58 	 68 	 78 	 88 	 98 	 108
503 	 245 	 0 	 5 	 2 	 12 	 13 	 6 	 58 	 68 	 78 	 88 	 98 	 108
504 	 245 	 0 	 7 	 2 	 14 	 15 	 6 	 58 	 68 	 78 	 88 	 98 	 108
505 	 246 	 0 	 8 	 2 	 9 	 10 	 5 	 62 	 72 	 82 	 92 	 102
506 	 246 	 0 	 5 	 2 	 11 	 12 	 5 	 62 	 72 	 82 	 92 	 102
507 	 246 	 0 	 7 	 2 	 13 	 14 	 5 	 62 	 72 	 82 	 92 	 102
508 	 246 	 0 	 2 	 2 	 15 	 16 	 5 	 62 	 72 	 82 	 92 	 102
509 	 247 	 0 	 8 	 6 	 8 	 9 	 10 	 11 	 12 	 13 	 5 	 5 	 15 	 25 	 35 	 45
510 	 248 	 0 	 10 	 2 	 2 	 3 	 11 	 0 	 5 	 10 	 15 	 20 	 25 	 30 	 35 	 40 	 45 	 50
511 	 248 	 0 	 3 	 2 	 4 	 5 	 11 	 0 	 5 	 10 	 15 	 20 	 25 	 30 	 35 	 40 	 45 	 50
512 	 248 	 0 	 10 	 2 	 6 	 7 	 11 	 0 	 5 	 10 	 15 	 20 	 25 	 30 	 35 	 40 	 45 	 50
513 	 248 	 0 	 2 	 2 	 8 	 9 	 11 	 0 	 5 	 10 	 15 	 20 	 25 	 30 	 35 	 40 	 45 	 50
514 	 248 	 0 	 8 	 2 	 10 	 11 	 11 	 0 	 5 	 10 	 15 	 20 	 25 	 30 	 35 	 40 	 45 	 50
515 	 249 	 0 	 1 	 2 	 11 	 12 	 11 	 59 	 64 	 69 	 74 	 79 	 84 	 89 	 94 	 99 	 104 	 109
516 	 250 	 0 	 4 	 2 	 8 	 9 	 11 	 55 	 60 	 65 	 70 	 75 	 80 	 85 	 90 	 95 	 100 	 105
517 	 251 	 0 	 9 	 2 	 1 	 2 	 5 	 5 	 15 	 25 	 35 	 45
518 	 251 	 0 	 8 	 2 	 3 	 4 	 5 	 5 	 15 	 25 	 35 	 45
519 	 251 	 0 	 5 	 2 	 5 	 6 	 5 	 5 	 15 	 25 	 35 	 45
520 	 251 	 0 	 9 	 2 	 7 	 8 	 5 	 5 	 15 	 25 	 35 	 45
521 	 251 	 0 	 5 	 2 	 9 	 10 	 5 	 5 	 15 	 25 	 35 	 45
522 	 251 	 0 	 10 	 2 	 11 	 12 	 5 	 5 	 15 	 25 	 35 	 45
523 	 251 	 0 	 5 	 2 	 13 	 14 	 5 	 5 	 15 	 25 	 35 	 45
524 	 252 	 0 	 10 	 2 	 0 	 1 	 6 	 1 	 11 	 21 	 31 	 41 	 51
525 	 253 	 0 	 6 	 2 	 7 	 8 	 6 	 59 	 69 	 79 	 89 	 99 	 109
526 	 254 	 0 	 10 	 2 	 15 	 16 	 5 	 8 	 18 	 28 	 38 	 48
527 	 255 	 0 	 8 	 2 	 1 	 2 	 11 	 55 	 60 	 65 	 70 	 75 	 80 	 85 	 90 	 95 	 100 	 105
528 	 256 	 0 	 10 	 2 	 10 	 11 	 6 	 1 	 11 	 21 	 31 	 41 	 51
529 	 257 	 0 	 8 	 2 	 7 	 8 	 6 	 3 	 13 	 23 	 33 	 43 	 53
530 	 257 	 0 	 5 	 2 	 9 	 10 	 6 	 3 	 13 	 23 	 33 	 43 	 53
531 	 257 	 0 	 1 	 2 	 11 	 12 	 6 	 3 	 13 	 23 	 33 	 43 	 53
532 	 257 	 0 	 7 	 2 	 13 	 14 	 6 	 3 	 13 	 23 	 33 	 43 	 53
533 	 257 	 0 	 6 	 2 	 15 	 16 	 6 	 3 	 13 	 23 	 33 	 43 	 53
534 	 258 	 0 	 8 	 2 	 16 	 17 	 5 	 62 	 72 	 82 	 92 	 102
535 	 258 	 0 	 6 	 2 	 2 	 3 	 5 	 61 	 71 	 81 	 91 	 101
536 	 258 	 0 	 7 	 2 	 7 	 8 	 5 	 60 	 70 	 80 	 90 	 100
537 	 259 	 0 	 1 	 2 	 14 	 15 	 5 	 62 	 72 	 82 	 92 	 102
538 	 260 	 0 	 4 	 2 	 1 	 2 	 6 	 0 	 10 	 20 	 30 	 40 	 50
539 	 260 	 0 	 2 	 2 	 3 	 4 	 6 	 0 	 10 	 20 	 30 	 40 	 50
540 	 260 	 0 	 5 	 2 	 5 	 6 	 6 	 0 	 10 	 20 	 30 	 40 	 50
541 	 260 	 0 	 3 	 2 	 7 	 8 	 6 	 0 	 10 	 20 	 30 	 40 	 50
542 	 260 	 0 	 2 	 2 	 9 	 10 	 6 	 0 	 10 	 20 	 30 	 40 	 50
543 	 260 	 0 	 7 	 2 	 11 	 12 	 6 	 0 	 10 	 20 	 30 	 40 	 50
544 	 261 	 0 	 6 	 2 	 1 	 2 	 6 	 57 	 67 	 77 	 87 	 97 	 107
545 	 262 	 0 	 10 	 2 	 4 	 5 	 11 	 1 	 6 	 11 	 16 	 21 	 26 	 31 	 36 	 41 	 46 	 51
546 	 262 	 0 	 6 	 2 	 6 	 7 	 11 	 1 	 6 	 11 	 16 	 21 	 26 	 31 	 36 	 41 	 46 	 51
547 	 262 	 0 	 7 	 2 	 8 	 9 	 11 	 1 	 6 	 11 	 16 	 21 	 26 	 31 	 36 	 41 	 46 	 51
548 	 262 	 0 	 9 	 2 	 10 	 11 	 11 	 1 	 6 	 11 	 16 	 21 	 26 	 31 	 36 	 41 	 46 	 51
549 	 262 	 0 	 4 	 2 	 12 	 13 	 11 	 1 	 6 	 11 	 16 	 21 	 26 	 31 	 36 	 41 	 46 	 51
550 	 262 	 0 	 9 	 2 	 14 	 15 	 11 	 1 	 6 	 11 	 16 	 21 	 26 	 31 	 36 	 41 	 46 	 51
551 	 262 	 0 	 7 	 2 	 16 	 17 	 11 	 1 	 6 	 11 	 16 	 21 	 26 	 31 	 36 	 41 	 46 	 51
552 	 263 	 0 	 10 	 2 	 4 	 5 	 6 	 3 	 13 	 23 	 33 	 43 	 53
553 	 264 	 0 	 4 	 2 	 1 	 2 	 6 	 57 	 67 	 77 	 87 	 97 	 107
554 	 264 	 0 	 9 	 2 	 3 	 4 	 6 	 57 	 67 	 77 	 87 	 97 	 107
555 	 264 	 0 	 5 	 2 	 5 	 6 	 6 	 57 	 67 	 77 	 87 	 97 	 107
556 	 264 	 0 	 9 	 2 	 7 	 8 	 6 	 57 	 67 	 77 	 87 	 97 	 107
557 	 264 	 0 	 2 	 2 	 9 	 10 	 6 	 57 	 67 	 77 	 87 	 97 	 107
558 	 264 	 0 	 4 	 2 	 11 	 12 	 6 	 57 	 67 	 77 	 87 	 97 	 107
559 	 264 	 0 	 1 	 2 	 13 	 14 	 6 	 57 	 67 	 77 	 87 	 97 	 107
560 	 265 	 0 	 5 	 2 	 0 	 1 	 6 	 3 	 13 	 23 	 33 	 43 	 53
561 	 265 	 0 	 10 	 2 	 2 	 3 	 6 	 3 	 13 	 23 	 33 	 43 	 53
562 	 265 	 0 	 1 	 2 	 4 	 5 	 6 	 3 	 13 	 23 	 33 	 43 	 53
563 	 265 	 0 	 1 	 2 	 6 	 7 	 6 	 3 	 13 	 23 	 33 	 43 	 53
564 	 265 	 0 	 8 	 2 	 8 	 9 	 6 	 3 	 13 	 23 	 33 	 43 	 53
565 	 265 	 0 	 2 	 2 	 10 	 11 	 6 	 3 	 13 	 23 	 33 	 43 	 53
566 	 265 	 0 	 2 	 2 	 12 	 13 	 6 	 3 	 13 	 23 	 33 	 43 	 53
567 	 265 	 0 	 7 	 2 	 14 	 15 	 6 	 3 	 13 	 23 	 33 	 43 	 53
568 	 265 	 0 	 7 	 2 	 16 	 17 	 6 	 3 	 13 	 23 	 33 	 43 	 53
569 	 266 	 0 	 10 	 2 	 3 	 4 	 5 	 63 	 73 	 83 	 93 	 103
570 	 266 	 0 	 4 	 2 	 5 	 6 	 5 	 63 	 73 	 83 	 93 	 103
571 	 266 	 0 	 6 	 2 	 7 	 8 	 5 	 63 	 73 	 83 	 93 	 103
572 	 266 	 0 	 10 	 2 	 9 	 10 	 5 	 63 	 73 	 83 	 93 	 103
573 	 266 	 0 	 8 	 2 	 11 	 12 	 5 	 63 	 73 	 83 	 93 	 103
574 	 266 	 0 	 5 	 2 	 13 	 14 	 5 	 63 	 73 	 83 	 93 	 103
575 	 266 	 0 	 6 	 2 	 15 	 16 	 5 	 63 	 73 	 83 	 93 	 103
576 	 267 	 0 	 5 	 2 	 5 	 6 	 5 	 9 	 19 	 29 	 39 	 49
577 	 268 	 0 	 8 	 2 	 3 	 4 	 11 	 58 	 63 	 68 	 73 	 78 	 83 	 88 	 93 	 98 	 103 	 108
578 	 268 	 0 	 4 	 2 	 16 	 17 	 11 	 59 	 64 	 69 	 74 	 79 	 84 	 89 	 94 	 99 	 104 	 109
579 	 268 	 0 	 8 	 2 	 16 	 17 	 11 	 55 	 60 	 65 	 70 	 75 	 80 	 85 	 90 	 95 	 100 	 105
580 	 269 	 0 	 3 	 2 	 10 	 11 	 11 	 2 	 7 	 12 	 17 	 22 	 27 	 32 	 37 	 42 	 47 	 52
581 	 270 	 0 	 7 	 4 	 12 	 13 	 14 	 15 	 6 	 2 	 12 	 22 	 32 	 42 	 52
582 	 271 	 0 	 2 	 2 	 8 	 9 	 6 	 58 	 68 	 78 	 88 	 98 	 108
583 	 271 	 0 	 5 	 2 	 3 	 4 	 6 	 56 	 66 	 76 	 86 	 96 	 106
584 	 272 	 0 	 9 	 4 	 3 	 4 	 5 	 6 	 6 	 0 	 10 	 20 	 30 	 40 	 50
585 	 273 	 0 	 8 	 2 	 4 	 5 	 5 	 62 	 72 	 82 	 92 	 102
586 	 274 	 0 	 1 	 4 	 10 	 11 	 12 	 13 	 11 	 2 	 7 	 12 	 17 	 22 	 27 	 32 	 37 	 42 	 47 	 52
587 	 275 	 0 	 4 	 2 	 12 	 13 	 11 	 2 	 7 	 12 	 17 	 22 	 27 	 32 	 37 	 42 	 47 	 52
588 	 276 	 0 	 1 	 6 	 11 	 12 	 13 	 14 	 15 	 16 	 6 	 58 	 68 	 78 	 88 	 98 	 108
589 	 276 	 0 	 4 	 2 	 7 	 8 	 6 	 56 	 66 	 76 	 86 	 96 	 106
590 	 276 	 0 	 8 	 4 	 1 	 2 	 3 	 4 	 6 	 55 	 65 	 75 	 85 	 95 	 105
591 	 277 	 0 	 6 	 2 	 11 	 12 	 5 	 5 	 15 	 25 	 35 	 45
592 	 278 	 0 	 10 	 2 	 6 	 7 	 6 	 2 	 12 	 22 	 32 	 42 	 52
593 	 278 	 0 	 1 	 2 	 8 	 9 	 6 	 2 	 12 	 22 	 32 	 42 	 52
594 	 278 	 0 	 5 	 2 	 10 	 11 	 6 	 2 	 12 	 22 	 32 	 42 	 52
595 	 278 	 0 	 8 	 2 	 12 	 13 	 6 	 2 	 12 	 22 	 32 	 42 	 52
596 	 278 	 0 	 10 	 2 	 14 	 15 	 6 	 2 	 12 	 22 	 32 	 42 	 52
597 	 279 	 0 	 9 	 2 	 8 	 9 	 6 	 55 	 65 	 75 	 85 	 95 	 105
598 	 279 	 0 	 6 	 2 	 14 	 15 	 6 	 57 	 67 	 77 	 87 	 97 	 107
599 	 279 	 0 	 5 	 2 	 10 	 11 	 6 	 59 	 69 	 79 	 89 	 99 	 109
600 	 280 	 0 	 4 	 2 	 12 	 13 	 11 	 3 	 8 	 13 	 18 	 23 	 28 	 33 	 38 	 43 	 48 	 53
601 	 281 	 0 	 2 	 2 	 16 	 17 	 6 	 58 	 68 	 78 	 88 	 98 	 108
602 	 282 	 0 	 4 	 2 	 8 	 9 	 11 	 3 	 8 	 13 	 18 	 23 	 28 	 33 	 38 	 43 	 48 	 53
603 	 283 	 0 	 5 	 2 	 1 	 2 	 6 	 56 	 66 	 76 	 86 	 96 	 106
604 	 283 	 0 	 3 	 2 	 11 	 12 	 6 	 58 	 68 	 78 	 88 	 98 	 108
605 	 283 	 0 	 6 	 2 	 6 	 7 	 6 	 59 	 69 	 79 	 89 	 99 	 109
606 	 284 	 0 	 2 	 2 	 1 	 2 	 11 	 56 	 61 	 66 	 71 	 76 	 81 	 86 	 91 	 96 	 101 	 106
607 	 285 	 0 	 10 	 2 	 2 	 3 	 6 	 57 	 67 	 77 	 87 	 97 	 107
608 	 285 	 0 	 3 	 2 	 8 	 9 	 6 	 58 	 68 	 78 	 88 	 98 	 108
609 	 286 	 0 	 9 	 2 	 15 	 16 	 6 	 4 	 14 	 24 	 34 	 44 	 54
610 	 287 	 0 	 10 	 2 	 7 	 8 	 11 	 56 	 61 	 66 	 71 	 76 	 81 	 86 	 91 	 96 	 101 	 106
611 	 287 	 0 	 4 	 2 	 9 	 10 	 11 	 56 	 61 	 66 	 71 	 76 	 81 	 86 	 91 	 96 	 101 	 106
612 	 287 	 0 	 1 	 2 	 11 	 12 	 11 	 56 	 61 	 66 	 71 	 76 	 81 	 86 	 91 	 96 	 101 	 106
613 	 287 	 0 	 8 	 2 	 13 	 14 	 11 	 56 	 61 	 66 	 71 	 76 	 81 	 86 	 91 	 96 	 101 	 106
614 	 288 	 0 	 5 	 2 	 11 	 12 	 6 	 58 	 68 	 78 	 88 	 98 	 108
615 	 289 	 0 	 2 	 2 	 11 	 12 	 6 	 59 	 69 	 79 	 89 	 99 	 109
616 	 290 	 0 	 4 	 2 	 7 	 8 	 11 	 56 	 61 	 66 	 71 	 76 	 81 	 86 	 91 	 96 	 101 	 106
617 	 291 	 0 	 9 	 2 	 13 	 14 	 5 	 9 	 19 	 29 	 39 	 49
618 	 292 	 0 	 10 	 2 	 13 	 14 	 6 	 3 	 13 	 23 	 33 	 43 	 53
619 	 293 	 0 	 5 	 2 	 13 	 14 	 11 	 55 	 60 	 65 	 70 	 75 	 80 	 85 	 90 	 95 	 100 	 105
620 	 294 	 0 	 3 	 4 	 0 	 1 	 2 	 3 	 11 	 57 	 62 	 67 	 72 	 77 	 82 	 87 	 92 	 97 	 102 	 107
621 	 295 	 0 	 3 	 2 	 10 	 11 	 11 	 2 	 7 	 12 	 17 	 22 	 27 	 32 	 37 	 42 	 47 	 52
622 	 295 	 0 	 1 	 2 	 16 	 17 	 11 	 3 	 8 	 13 	 18 	 23 	 28 	 33 	 38 	 43 	 48 	 53
623 	 295 	 0 	 8 	 2 	 6 	 7 	 11 	 0 	 5 	 10 	 15 	 20 	 25 	 30 	 35 	 40 	 45 	 50
624 	 296 	 0 	 1 	 2 	 10 	 11 	 5 	 8 	 18 	 28 	 38 	 48
625 	 297 	 0 	 3 	 2 	 13 	 14 	 5 	 61 	 71 	 81 	 91 	 101
626 	 297 	 0 	 5 	 2 	 10 	 11 	 5 	 63 	 73 	 83 	 93 	 103
627 	 298 	 0 	 7 	 2 	 5 	 6 	 5 	 61 	 71 	 81 	 91 	 101
628 	 299 	 0 	 2 	 2 	 9 	 10 	 5 	 61 	 71 	 81 	 91 	 101
629 	 300 	 0 	 5 	 2 	 4 	 5 	 5 	 6 	 16 	 26 	 36 	 46
630 	 300 	 0 	 9 	 2 	 6 	 7 	 5 	 6 	 16 	 26 	 36 	 46
631 	 300 	 0 	 8 	 2 	 8 	 9 	 5 	 6 	 16 	 26 	 36 	 46
632 	 300 	 0 	 2 	 2 	 10 	 11 	 5 	 6 	 16 	 26 	 36 	 46
633 	 300 	 0 	 8 	 2 	 12 	 13 	 5 	 6 	 16 	 26 	 36 	 46
634 	 301 	 0 	 3 	 2 	 0 	 1 	 11 	 2 	 7 	 12 	 17 	 22 	 27 	 32 	 37 	 42 	 47 	 52
635 	 301 	 0 	 10 	 2 	 2 	 3 	 11 	 2 	 7 	 12 	 17 	 22 	 27 	 32 	 37 	 42 	 47 	 52
636 	 301 	 0 	 7 	 2 	 4 	 5 	 11 	 2 	 7 	 12 	 17 	 22 	 27 	 32 	 37 	 42 	 47 	 52
637 	 301 	 0 	 1 	 2 	 6 	 7 	 11 	 2 	 7 	 12 	 17 	 22 	 27 	 32 	 37 	 42 	 47 	 52
638 	 301 	 0 	 1 	 2 	 8 	 9 	 11 	 2 	 7 	 12 	 17 	 22 	 27 	 32 	 37 	 42 	 47 	 52
639 	 301 	 0 	 5 	 2 	 10 	 11 	 11 	 2 	 7 	 12 	 17 	 22 	 27 	 32 	 37 	 42 	 47 	 52
640 	 301 	 0 	 2 	 2 	 12 	 13 	 11 	 2 	 7 	 12 	 17 	 22 	 27 	 32 	 37 	 42 	 47 	 52
641 	 301 	 0 	 3 	 2 	 14 	 15 	 11 	 2 	 7 	 12 	 17 	 22 	 27 	 32 	 37 	 42 	 47 	 52
642 	 301 	 0 	 9 	 2 	 16 	 17 	 11 	 2 	 7 	 12 	 17 	 22 	 27 	 32 	 37 	 42 	 47 	 52
643 	 302 	 0 	 1 	 2 	 8 	 9 	 5 	 9 	 19 	 29 	 39 	 49
644 	 303 	 0 	 10 	 4 	 9 	 10 	 11 	 12 	 5 	 60 	 70 	 80 	 90 	 100
645 	 304 	 0 	 10 	 4 	 13 	 14 	 15 	 16 	 5 	 8 	 18 	 28 	 38 	 48
646 	 305 	 0 	 4 	 2 	 1 	 2 	 5 	 60 	 70 	 80 	 90 	 100
647 	 305 	 0 	 4 	 2 	 3 	 4 	 5 	 60 	 70 	 80 	 90 	 100
648 	 305 	 0 	 3 	 2 	 5 	 6 	 5 	 60 	 70 	 80 	 90 	 100
649 	 305 	 0 	 5 	 2 	 7 	 8 	 5 	 60 	 70 	 80 	 90 	 100
650 	 305 	 0 	 3 	 2 	 9 	 10 	 5 	 60 	 70 	 80 	 90 	 100
651 	 305 	 0 	 10 	 2 	 11 	 12 	 5 	 60 	 70 	 80 	 90 	 100
652 	 305 	 0 	 9 	 2 	 13 	 14 	 5 	 60 	 70 	 80 	 90 	 100
653 	 305 	 0 	 8 	 2 	 15 	 16 	 5 	 60 	 70 	 80 	 90 	 100
654 	 306 	 0 	 2 	 4 	 3 	 4 	 5 	 6 	 5 	 60 	 70 	 80 	 90 	 100
655 	 306 	 0 	 2 	 2 	 10 	 11 	 5 	 61 	 71 	 81 	 91 	 101
656 	 307 	 0 	 10 	 2 	 0 	 1 	 6 	 55 	 65 	 75 	 85 	 95 	 105
657 	 307 	 0 	 7 	 2 	 2 	 3 	 6 	 55 	 65 	 75 	 85 	 95 	 105
658 	 307 	 0 	 4 	 2 	 4 	 5 	 6 	 55 	 65 	 75 	 85 	 95 	 105
659 	 307 	 0 	 1 	 2 	 6 	 7 	 6 	 55 	 65 	 75 	 85 	 95 	 105
660 	 308 	 0 	 1 	 2 	 2 	 3 	 5 	 6 	 16 	 26 	 36 	 46
661 	 309 	 0 	 4 	 2 	 0 	 1 	 6 	 1 	 11 	 21 	 31 	 41 	 51
662 	 310 	 0 	 10 	 2 	 14 	 15 	 11 	 3 	 8 	 13 	 18 	 23 	 28 	 33 	 38 	 43 	 48 	 53
663 	 310 	 0 	 7 	 2 	 0 	 1 	 11 	 1 	 6 	 11 	 16 	 21 	 26 	 31 	 36 	 41 	 46 	 51
664 	 310 	 0 	 5 	 2 	 7 	 8 	 11 	 2 	 7 	 12 	 17 	 22 	 27 	 32 	 37 	 42 	 47 	 52
665 	 311 	 0 	 6 	 2 	 2 	 3 	 11 	 59 	 64 	 69 	 74 	 79 	 84 	 89 	 94 	 99 	 104 	 109
666 	 312 	 0 	 9 	 2 	 0 	 1 	 6 	 57 	 67 	 77 	 87 	 97 	 107
667 	 312 	 0 	 2 	 2 	 2 	 3 	 6 	 57 	 67 	 77 	 87 	 97 	 107
668 	 312 	 0 	 5 	 2 	 4 	 5 	 6 	 57 	 67 	 77 	 87 	 97 	 107
669 	 312 	 0 	 2 	 2 	 6 	 7 	 6 	 57 	 67 	 77 	 87 	 97 	 107
670 	 312 	 0 	 3 	 2 	 8 	 9 	 6 	 57 	 67 	 77 	 87 	 97 	 107
671 	 312 	 0 	 9 	 2 	 10 	 11 	 6 	 57 	 67 	 77 	 87 	 97 	 107
672 	 312 	 0 	 4 	 2 	 12 	 13 	 6 	 57 	 67 	 77 	 87 	 97 	 107
673 	 312 	 0 	 2 	 2 	 14 	 15 	 6 	 57 	 67 	 77 	 87 	 97 	 107
674 	 312 	 0 	 6 	 2 	 16 	 17 	 6 	 57 	 67 	 77 	 87 	 97 	 107
675 	 313 	 0 	 1 	 2 	 0 	 1 	 5 	 7 	 17 	 27 	 37 	 47
676 	 313 	 0 	 10 	 2 	 2 	 3 	 5 	 7 	 17 	 27 	 37 	 47
677 	 313 	 0 	 2 	 2 	 4 	 5 	 5 	 7 	 17 	 27 	 37 	 47
678 	 313 	 0 	 9 	 2 	 6 	 7 	 5 	 7 	 17 	 27 	 37 	 47
679 	 313 	 0 	 8 	 2 	 8 	 9 	 5 	 7 	 17 	 27 	 37 	 47
680 	 313 	 0 	 1 	 2 	 10 	 11 	 5 	 7 	 17 	 27 	 37 	 47
681 	 313 	 0 	 7 	 2 	 12 	 13 	 5 	 7 	 17 	 27 	 37 	 47
682 	 313 	 0 	 6 	 2 	 14 	 15 	 5 	 7 	 17 	 27 	 37 	 47
683 	 314 	 0 	 6 	 2 	 6 	 7 	 5 	 64 	 74 	 84 	 94 	 104
684 	 315 	 0 	 7 	 2 	 6 	 7 	 6 	 0 	 10 	 20 	 30 	 40 	 50
685 	 316 	 0 	 4 	 2 	 2 	 3 	 6 	 4 	 14 	 24 	 34 	 44 	 54
686 	 317 	 0 	 5 	 2 	 5 	 6 	 5 	 9 	 19 	 29 	 39 	 49
687 	 317 	 0 	 2 	 2 	 6 	 7 	 5 	 6 	 16 	 26 	 36 	 46
688 	 318 	 0 	 4 	 4 	 8 	 9 	 10 	 11 	 11 	 58 	 63 	 68 	 73 	 78 	 83 	 88 	 93 	 98 	 103 	 108
689 	 319 	 0 	 3 	 4 	 10 	 11 	 12 	 13 	 6 	 59 	 69 	 79 	 89 	 99 	 109
690 	 319 	 0 	 7 	 4 	 14 	 15 	 16 	 17 	 6 	 55 	 65 	 75 	 85 	 95 	 105
691 	 319 	 0 	 7 	 4 	 10 	 11 	 12 	 13 	 6 	 58 	 68 	 78 	 88 	 98 	 108
692 	 320 	 0 	 4 	 2 	 13 	 14 	 5 	 9 	 19 	 29 	 39 	 49
693 	 321 	 0 	 4 	 2 	 9 	 10 	 11 	 4 	 9 	 14 	 19 	 24 	 29 	 34 	 39 	 44 	 49 	 54
694 	 322 	 0 	 1 	 2 	 14 	 15 	 11 	 56 	 61 	 66 	 71 	 76 	 81 	 86 	 91 	 96 	 101 	 106
695 	 322 	 0 	 7 	 2 	 4 	 5 	 11 	 58 	 63 	 68 	 73 	 78 	 83 	 88 	 93 	 98 	 103 	 108
696 	 323 	 0 	 3 	 6 	 10 	 11 	 12 	 13 	 14 	 15 	 11 	 1 	 6 	 11 	 16 	 21 	 26 	 31 	 36 	 41 	 46 	 51
697 	 323 	 0 	 8 	 2 	 2 	 3 	 11 	 0 	 5 	 10 	 15 	 20 	 25 	 30 	 35 	 40 	 45 	 50
698 	 324 	 0 	 2 	 2 	 6 	 7 	 5 	 7 	 17 	 27 	 37 	 47
699 	 324 	 0 	 5 	 2 	 8 	 9 	 5 	 7 	 17 	 27 	 37 	 47
700 	 324 	 0 	 7 	 2 	 10 	 11 	 5 	 7 	 17 	 27 	 37 	 47
701 	 324 	 0 	 10 	 2 	 12 	 13 	 5 	 7 	 17 	 27 	 37 	 47
702 	 325 	 0 	 7 	 2 	 7 	 8 	 11 	 0 	 5 	 10 	 15 	 20 	 25 	 30 	 35 	 40 	 45 	 50
703 	 326 	 0 	 8 	 2 	 8 	 9 	 5 	 60 	 70 	 80 	 90 	 100
704 	 327 	 0 	 3 	 2 	 14 	 15 	 6 	 58 	 68 	 78 	 88 	 98 	 108
705 	 328 	 0 	 4 	 2 	 11 	 12 	 5 	 62 	 72 	 82 	 92 	 102
706 	 329 	 0 	 1 	 2 	 8 	 9 	 6 	 4 	 14 	 24 	 34 	 44 	 54
707 	 330 	 0 	 3 	 2 	 0 	 1 	 5 	 63 	 73 	 83 	 93 	 103
708 	 330 	 0 	 2 	 2 	 2 	 3 	 5 	 63 	 73 	 83 	 93 	 103
709 	 330 	 0 	 4 	 2 	 4 	 5 	 5 	 63 	 73 	 83 	 93 	 103
710 	 330 	 0 	 1 	 2 	 6 	 7 	 5 	 63 	 73 	 83 	 93 	 103
711 	 330 	 0 	 3 	 2 	 8 	 9 	 5 	 63 	 73 	 83 	 93 	 103
712 	 330 	 0 	 1 	 2 	 10 	 11 	 5 	 63 	 73 	 83 	 93 	 103
713 	 330 	 0 	 2 	 2 	 12 	 13 	 5 	 63 	 73 	 83 	 93 	 103
714 	 330 	 0 	 9 	 2 	 14 	 15 	 5 	 63 	 73 	 83 	 93 	 103
715 	 330 	 0 	 1 	 2 	 16 	 17 	 5 	 63 	 73 	 83 	 93 	 103
716 	 331 	 0 	 10 	 2 	 8 	 9 	 6 	 3 	 13 	 23 	 33 	 43 	 53
717 	 331 	 0 	 5 	 2 	 16 	 17 	 6 	 1 	 11 	 21 	 31 	 41 	 51
718 	 331 	 0 	 10 	 4 	 4 	 5 	 6 	 7 	 6 	 2 	 12 	 22 	 32 	 42 	 52
719 	 332 	 0 	 7 	 2 	 0 	 1 	 6 	 4 	 14 	 24 	 34 	 44 	 54
720 	 332 	 0 	 2 	 2 	 2 	 3 	 6 	 4 	 14 	 24 	 34 	 44 	 54
721 	 332 	 0 	 9 	 2 	 4 	 5 	 6 	 4 	 14 	 24 	 34 	 44 	 54
722 	 332 	 0 	 6 	 2 	 6 	 7 	 6 	 4 	 14 	 24 	 34 	 44 	 54
723 	 332 	 0 	 6 	 2 	 8 	 9 	 6 	 4 	 14 	 24 	 34 	 44 	 54
724 	 332 	 0 	 5 	 2 	 10 	 11 	 6 	 4 	 14 	 24 	 34 	 44 	 54
725 	 332 	 0 	 5 	 2 	 12 	 13 	 6 	 4 	 14 	 24 	 34 	 44 	 54
726 	 332 	 0 	 9 	 2 	 14 	 15 	 6 	 4 	 14 	 24 	 34 	 44 	 54
727 	 333 	 0 	 2 	 2 	 5 	 6 	 5 	 64 	 74 	 84 	 94 	 104
728 	 334 	 0 	 6 	 2 	 8 	 9 	 6 	 3 	 13 	 23 	 33 	 43 	 53
729 	 335 	 0 	 10 	 2 	 4 	 5 	 6 	 1 	 11 	 21 	 31 	 41 	 51
730 	 335 	 0 	 6 	 2 	 6 	 7 	 6 	 1 	 11 	 21 	 31 	 41 	 51
731 	 335 	 0 	 6 	 2 	 8 	 9 	 6 	 1 	 11 	 21 	 31 	 41 	 51
732 	 335 	 0 	 9 	 2 	 10 	 11 	 6 	 1 	 11 	 21 	 31 	 41 	 51
733 	 335 	 0 	 8 	 2 	 12 	 13 	 6 	 1 	 11 	 21 	 31 	 41 	 51
734 	 335 	 0 	 8 	 2 	 14 	 15 	 6 	 1 	 11 	 21 	 31 	 41 	 51
735 	 336 	 0 	 5 	 6 	 9 	 10 	 11 	 12 	 13 	 14 	 11 	 2 	 7 	 12 	 17 	 22 	 27 	 32 	 37 	 42 	 47 	 52
736 	 337 	 0 	 1 	 2 	 0 	 1 	 5 	 62 	 72 	 82 	 92 	 102
737 	 337 	 0 	 1 	 2 	 2 	 3 	 5 	 62 	 72 	 82 	 92 	 102
738 	 337 	 0 	 3 	 2 	 4 	 5 	 5 	 62 	 72 	 82 	 92 	 102
739 	 337 	 0 	 9 	 2 	 6 	 7 	 5 	 62 	 72 	 82 	 92 	 102
740 	 337 	 0 	 7 	 2 	 8 	 9 	 5 	 62 	 72 	 82 	 92 	 102
741 	 337 	 0 	 10 	 2 	 10 	 11 	 5 	 62 	 72 	 82 	 92 	 102
742 	 337 	 0 	 4 	 2 	 12 	 13 	 5 	 62 	 72 	 82 	 92 	 102
743 	 337 	 0 	 1 	 2 	 14 	 15 	 5 	 62 	 72 	 82 	 92 	 102
744 	 337 	 0 	 9 	 2 	 16 	 17 	 5 	 62 	 72 	 82 	 92 	 102
745 	 338 	 0 	 10 	 4 	 9 	 10 	 11 	 12 	 6 	 0 	 10 	 20 	 30 	 40 	 50
746 	 338 	 0 	 8 	 2 	 2 	 3 	 6 	 1 	 11 	 21 	 31 	 41 	 51
747 	 339 	 0 	 5 	 2 	 1 	 2 	 11 	 56 	 61 	 66 	 71 	 76 	 81 	 86 	 91 	 96 	 101 	 106
748 	 340 	 0 	 9 	 2 	 12 	 13 	 5 	 8 	 18 	 28 	 38 	 48
749 	 341 	 0 	 6 	 4 	 12 	 13 	 14 	 15 	 5 	 6 	 16 	 26 	 36 	 46
750 	 341 	 0 	 5 	 4 	 1 	 2 	 3 	 4 	 5 	 7 	 17 	 27 	 37 	 47
751 	 341 	 0 	 1 	 4 	 8 	 9 	 10 	 11 	 5 	 5 	 15 	 25 	 35 	 45
752 	 342 	 0 	 5 	 4 	 10 	 11 	 12 	 13 	 6 	 2 	 12 	 22 	 32 	 42 	 52
753 	 343 	 0 	 7 	 2 	 12 	 13 	 6 	 2 	 12 	 22 	 32 	 42 	 52
754 	 344 	 0 	 10 	 2 	 9 	 10 	 5 	 64 	 74 	 84 	 94 	 104
755 	 345 	 0 	 6 	 2 	 2 	 3 	 11 	 0 	 5 	 10 	 15 	 20 	 25 	 30 	 35 	 40 	 45 	 50
756 	 345 	 0 	 2 	 2 	 4 	 5 	 11 	 0 	 5 	 10 	 15 	 20 	 25 	 30 	 35 	 40 	 45 	 50
757 	 345 	 0 	 6 	 2 	 6 	 7 	 11 	 0 	 5 	 10 	 15 	 20 	 25 	 30 	 35 	 40 	 45 	 50
758 	 345 	 0 	 8 	 2 	 8 	 9 	 11 	 0 	 5 	 10 	 15 	 20 	 25 	 30 	 35 	 40 	 45 	 50
759 	 345 	 0 	 9 	 2 	 10 	 11 	 11 	 0 	 5 	 10 	 15 	 20 	 25 	 30 	 35 	 40 	 45 	 50
760 	 345 	 0 	 8 	 2 	 12 	 13 	 11 	 0 	 5 	 10 	 15 	 20 	 25 	 30 	 35 	 40 	 45 	 50
761 	 345 	 0 	 1 	 2 	 14 	 15 	 11 	 0 	 5 	 10 	 15 	 20 	 25 	 30 	 35 	 40 	 45 	 50
762 	 345 	 0 	 8 	 2 	 16 	 17 	 11 	 0 	 5 	 10 	 15 	 20 	 25 	 30 	 35 	 40 	 45 	 50
763 	 346 	 0 	 10 	 2 	 9 	 10 	 5 	 62 	 72 	 82 	 92 	 102
764 	 346 	 0 	 8 	 2 	 10 	 11 	 5 	 61 	 71 	 81 	 91 	 101
765 	 347 	 0 	 4 	 2 	 9 	 10 	 5 	 62 	 72 	 82 	 92 	 102
766 	 348 	 0 	 3 	 2 	 10 	 11 	 6 	 57 	 67 	 77 	 87 	 97 	 107
767 	 348 	 0 	 2 	 2 	 10 	 11 	 6 	 55 	 65 	 75 	 85 	 95 	 105
768 	 348 	 0 	 2 	 2 	 7 	 8 	 6 	 59 	 69 	 79 	 89 	 99 	 109
769 	 349 	 0 	 10 	 2 	 3 	 4 	 6 	 59 	 69 	 79 	 89 	 99 	 109
770 	 349 	 0 	 8 	 2 	 5 	 6 	 6 	 59 	 69 	 79 	 89 	 99 	 109
771 	 349 	 0 	 8 	 2 	 7 	 8 	 6 	 59 	 69 	 79 	 89 	 99 	 109
772 	 349 	 0 	 5 	 2 	 9 	 10 	 6 	 59 	 69 	 79 	 89 	 99 	 109
773 	 349 	 0 	 6 	 2 	 11 	 12 	 6 	 59 	 69 	 79 	 89 	 99 	 109
774 	 349 	 0 	 8 	 2 	 13 	 14 	 6 	 59 	 69 	 79 	 89 	 99 	 109
775 	 349 	 0 	 8 	 2 	 15 	 16 	 6 	 59 	 69 	 79 	 89 	 99 	 109
776 	 350 	 0 	 10 	 2 	 2 	 3 	 11 	 58 	 63 	 68 	 73 	 78 	 83 	 88 	 93 	 98 	 103 	 108
777 	 351 	 0 	 2 	 2 	 3 	 4 	 6 	 57 	 67 	 77 	 87 	 97 	 107
778 	 351 	 0 	 1 	 4 	 0 	 1 	 2 	 3 	 6 	 56 	 66 	 76 	 86 	 96 	 106
779 	 352 	 0 	 8 	 2 	 10 	 11 	 5 	 62 	 72 	 82 	 92 	 102
780 	 353 	 0 	 1 	 2 	 15 	 16 	 11 	 56 	 61 	 66 	 71 	 76 	 81 	 86 	 91 	 96 	 101 	 106
781 	 353 	 0 	 6 	 4 	 4 	 5 	 6 	 7 	 11 	 57 	 62 	 67 	 72 	 77 	 82 	 87 	 92 	 97 	 102 	 107
782 	 353 	 0 	 10 	 2 	 6 	 7 	 11 	 55 	 60 	 65 	 70 	 75 	 80 	 85 	 90 	 95 	 100 	 105
783 	 354 	 0 	 7 	 2 	 3 	 4 	 5 	 5 	 15 	 25 	 35 	 45
784 	 355 	 0 	 9 	 2 	 14 	 15 	 11 	 58 	 63 	 68 	 73 	 78 	 83 	 88 	 93 	 98 	 103 	 108
785 	 355 	 0 	 3 	 2 	 2 	 3 	 11 	 56 	 61 	 66 	 71 	 76 	 81 	 86 	 91 	 96 	 101 	 106
786 	 356 	 0 	 5 	 2 	 15 	 16 	 5 	 60 	 70 	 80 	 90 	 100
787 	 357 	 0 	 7 	 2 	 12 	 13 	 11 	 1 	 6 	 11 	 16 	 21 	 26 	 31 	 36 	 41 	 46 	 51
788 	 358 	 0 	 9 	 2 	 11 	 12 	 6 	 59 	 69 	 79 	 89 	 99 	 109
789 	 359 	 0 	 7 	 2 	 3 	 4 	 5 	 9 	 19 	 29 	 39 	 49
790 	 360 	 0 	 7 	 2 	 16 	 17 	 11 	 58 	 63 	 68 	 73 	 78 	 83 	 88 	 93 	 98 	 103 	 108
791 	 360 	 0 	 2 	 2 	 16 	 17 	 11 	 57 	 62 	 67 	 72 	 77 	 82 	 87 	 92 	 97 	 102 	 107
792 	 361 	 0 	 2 	 2 	 14 	 15 	 6 	 0 	 10 	 20 	 30 	 40 	 50
793 	 362 	 0 	 6 	 2 	 4 	 5 	 6 	 4 	 14 	 24 	 34 	 44 	 54
794 	 362 	 0 	 6 	 2 	 4 	 5 	 6 	 3 	 13 	 23 	 33 	 43 	 53
795 	 363 	 0 	 1 	 2 	 15 	 16 	 11 	 4 	 9 	 14 	 19 	 24 	 29 	 34 	 39 	 44 	 49 	 54
796 	 363 	 0 	 7 	 2 	 9 	 10 	 11 	 3 	 8 	 13 	 18 	 23 	 28 	 33 	 38 	 43 	 48 	 53
797 	 364 	 0 	 9 	 2 	 10 	 11 	 6 	 1 	 11 	 21 	 31 	 41 	 51
798 	 365 	 0 	 6 	 2 	 8 	 9 	 11 	 55 	 60 	 65 	 70 	 75 	 80 	 85 	 90 	 95 	 100 	 105
799 	 366 	 0 	 4 	 2 	 1 	 2 	 5 	 64 	 74 	 84 	 94 	 104
800 	 366 	 0 	 1 	 2 	 3 	 4 	 5 	 64 	 74 	 84 	 94 	 104
801 	 366 	 0 	 8 	 2 	 5 	 6 	 5 	 64 	 74 	 84 	 94 	 104
802 	 366 	 0 	 6 	 2 	 7 	 8 	 5 	 64 	 74 	 84 	 94 	 104
803 	 366 	 0 	 5 	 2 	 9 	 10 	 5 	 64 	 74 	 84 	 94 	 104
804 	 367 	 0 	 5 	 4 	 10 	 11 	 12 	 13 	 6 	 58 	 68 	 78 	 88 	 98 	 108
805 	 368 	 0 	 4 	 2 	 0 	 1 	 5 	 5 	 15 	 25 	 35 	 45
806 	 369 	 0 	 8 	 2 	 0 	 1 	 11 	 56 	 61 	 66 	 71 	 76 	 81 	 86 	 91 	 96 	 101 	 106
807 	 369 	 0 	 3 	 2 	 3 	 4 	 11 	 59 	 64 	 69 	 74 	 79 	 84 	 89 	 94 	 99 	 104 	 109
808 	 369 	 0 	 8 	 2 	 11 	 12 	 11 	 57 	 62 	 67 	 72 	 77 	 82 	 87 	 92 	 97 	 102 	 107
809 	 370 	 0 	 5 	 2 	 13 	 14 	 5 	 9 	 19 	 29 	 39 	 49
810 	 371 	 0 	 9 	 2 	 0 	 1 	 11 	 57 	 62 	 67 	 72 	 77 	 82 	 87 	 92 	 97 	 102 	 107
811 	 372 	 0 	 5 	 4 	 4 	 5 	 6 	 7 	 5 	 6 	 16 	 26 	 36 	 46
812 	 373 	 0 	 10 	 4 	 6 	 7 	 8 	 9 	 6 	 3 	 13 	 23 	 33 	 43 	 53
813 	 374 	 0 	 8 	 2 	 16 	 17 	 5 	 63 	 73 	 83 	 93 	 103
814 	 375 	 0 	 6 	 4 	 5 	 6 	 7 	 8 	 11 	 55 	 60 	 65 	 70 	 75 	 80 	 85 	 90 	 95 	 100 	 105
815 	 376 	 0 	 1 	 4 	 5 	 6 	 7 	 8 	 6 	 59 	 69 	 79 	 89 	 99 	 109
816 	 377 	 0 	 4 	 2 	 15 	 16 	 6 	 57 	 67 	 77 	 87 	 97 	 107
817 	 378 	 0 	 1 	 4 	 2 	 3 	 4 	 5 	 5 	 8 	 18 	 28 	 38 	 48
818 	 378 	 0 	 6 	 2 	 10 	 11 	 5 	 5 	 15 	 25 	 35 	 45
819 	 378 	 0 	 7 	 2 	 16 	 17 	 5 	 7 	 17 	 27 	 37 	 47
820 	 379 	 0 	 5 	 2 	 12 	 13 	 11 	 3 	 8 	 13 	 18 	 23 	 28 	 33 	 38 	 43 	 48 	 53
821 	 380 	 0 	 3 	 4 	 0 	 1 	 2 	 3 	 11 	 0 	 5 	 10 	 15 	 20 	 25 	 30 	 35 	 40 	 45 	 50
822 	 381 	 0 	 1 	 2 	 14 	 15 	 11 	 55 	 60 	 65 	 70 	 75 	 80 	 85 	 90 	 95 	 100 	 105
823 	 381 	 0 	 7 	 2 	 2 	 3 	 11 	 56 	 61 	 66 	 71 	 76 	 81 	 86 	 91 	 96 	 101 	 106
824 	 382 	 0 	 9 	 2 	 11 	 12 	 6 	 2 	 12 	 22 	 32 	 42 	 52
825 	 383 	 0 	 10 	 2 	 10 	 11 	 11 	 4 	 9 	 14 	 19 	 24 	 29 	 34 	 39 	 44 	 49 	 54
826 	 383 	 0 	 6 	 2 	 0 	 1 	 11 	 2 	 7 	 12 	 17 	 22 	 27 	 32 	 37 	 42 	 47 	 52
827 	 383 	 0 	 3 	 4 	 6 	 7 	 8 	 9 	 11 	 0 	 5 	 10 	 15 	 20 	 25 	 30 	 35 	 40 	 45 	 50
828 	 384 	 0 	 10 	 4 	 12 	 13 	 14 	 15 	 11 	 59 	 64 	 69 	 74 	 79 	 84 	 89 	 94 	 99 	 104 	 109
829 	 384 	 0 	 4 	 2 	 12 	 13 	 11 	 57 	 62 	 67 	 72 	 77 	 82 	 87 	 92 	 97 	 102 	 107
830 	 384 	 0 	 6 	 2 	 10 	 11 	 11 	 58 	 63 	 68 	 73 	 78 	 83 	 88 	 93 	 98 	 103 	 108
831 	 385 	 0 	 9 	 2 	 1 	 2 	 5 	 9 	 19 	 29 	 39 	 49
832 	 386 	 0 	 10 	 2 	 1 	 2 	 5 	 63 	 73 	 83 	 93 	 103
833 	 386 	 0 	 6 	 2 	 14 	 15 	 5 	 60 	 70 	 80 	 90 	 100
834 	 386 	 0 	 5 	 2 	 10 	 11 	 5 	 62 	 72 	 82 	 92 	 102
835 	 387 	 0 	 6 	 2 	 15 	 16 	 6 	 1 	 11 	 21 	 31 	 41 	 51
836 	 388 	 0 	 6 	 2 	 8 	 9 	 5 	 61 	 71 	 81 	 91 	 101
837 	 388 	 0 	 2 	 4 	 14 	 15 	 16 	 17 	 5 	 60 	 70 	 80 	 90 	 100
838 	 389 	 0 	 6 	 2 	 4 	 5 	 5 	 63 	 73 	 83 	 93 	 103
839 	 390 	 0 	 7 	 2 	 5 	 6 	 6 	 2 	 12 	 22 	 32 	 42 	 52
840 	 391 	 0 	 7 	 2 	 12 	 13 	 11 	 4 	 9 	 14 	 19 	 24 	 29 	 34 	 39 	 44 	 49 	 54
841 	 391 	 0 	 10 	 2 	 5 	 6 	 11 	 3 	 8 	 13 	 18 	 23 	 28 	 33 	 38 	 43 	 48 	 53
842 	 392 	 0 	 4 	 2 	 8 	 9 	 6 	 2 	 12 	 22 	 32 	 42 	 52
843 	 393 	 0 	 4 	 4 	 7 	 8 	 9 	 10 	 5 	 64 	 74 	 84 	 94 	 104
844 	 394 	 0 	 9 	 4 	 5 	 6 	 7 	 8 	 5 	 60 	 70 	 80 	 90 	 100
845 	 395 	 0 	 8 	 2 	 15 	 16 	 6 	 55 	 65 	 75 	 85 	 95 	 105
846 	 396 	 0 	 1 	 2 	 6 	 7 	 5 	 9 	 19 	 29 	 39 	 49
847 	 397 	 0 	 6 	 2 	 13 	 14 	 6 	 0 	 10 	 20 	 30 	 40 	 50
848 	 398 	 0 	 9 	 2 	 11 	 12 	 6 	 58 	 68 	 78 	 88 	 98 	 108
849 	 398 	 0 	 4 	 2 	 3 	 4 	 6 	 56 	 66 	 76 	 86 	 96 	 106
850 	 399 	 0 	 8 	 2 	 4 	 5 	 5 	 5 	 15 	 25 	 35 	 45
851	0	0	0	2	6	7	6	56	66	76	86	96	106	
852	0	0	0	2	0	1	6	59	69	79	89	99	109	
853	0	0	0	2	5	6	6	57	67	77	87	97	107	
854	0	0	0	4	4	5	6	7	6	55	65	75	85	95	105	
855	1	0	0	4	12	13	14	15	11	59	64	69	74	79	84	89	94	99	104	109	
856	2	0	0	4	0	1	2	3	5	7	17	27	37	47	
857	3	0	0	2	4	5	5	60	70	80	90	100	
858	4	0	0	2	8	9	11	57	62	67	72	77	82	87	92	97	102	107	
859	5	0	0	4	3	4	5	6	11	56	61	66	71	76	81	86	91	96	101	106	
860	6	0	0	4	8	9	10	11	6	59	69	79	89	99	109	
861	7	0	0	4	13	14	15	16	11	4	9	14	19	24	29	34	39	44	49	54	
862	8	0	0	2	4	5	5	8	18	28	38	48	
863	9	0	0	2	10	11	5	7	17	27	37	47	
864	10	0	0	4	0	1	2	3	6	56	66	76	86	96	106	
865	10	0	0	4	10	11	12	13	6	57	67	77	87	97	107	
866	11	0	0	4	4	5	6	7	5	5	15	25	35	45	
867	12	0	0	2	3	4	11	4	9	14	19	24	29	34	39	44	49	54	
868	12	0	0	2	15	16	11	1	6	11	16	21	26	31	36	41	46	51	
869	13	0	0	4	7	8	9	10	6	56	66	76	86	96	106	
870	13	0	0	4	7	8	9	10	6	57	67	77	87	97	107	
871	14	0	0	4	12	13	14	15	5	62	72	82	92	102	
872	15	0	0	2	16	17	11	59	64	69	74	79	84	89	94	99	104	109	
873	15	0	0	4	3	4	5	6	11	58	63	68	73	78	83	88	93	98	103	108	
874	16	0	0	4	10	11	12	13	5	8	18	28	38	48	
875	17	0	0	4	1	2	3	4	11	58	63	68	73	78	83	88	93	98	103	108	
876	17	0	0	2	3	4	11	57	62	67	72	77	82	87	92	97	102	107	
877	18	0	0	4	8	9	10	11	6	55	65	75	85	95	105	
878	19	0	0	2	8	9	11	2	7	12	17	22	27	32	37	42	47	52	
879	19	0	0	2	9	10	11	3	8	13	18	23	28	33	38	43	48	53	
880	20	0	0	2	0	1	11	56	61	66	71	76	81	86	91	96	101	106	
881	20	0	0	2	13	14	11	55	60	65	70	75	80	85	90	95	100	105	
882	21	0	0	2	4	5	6	1	11	21	31	41	51	
883	21	0	0	4	0	1	2	3	6	0	10	20	30	40	50	
884	22	0	0	2	9	10	5	61	71	81	91	101	
885	22	0	0	4	11	12	13	14	5	64	74	84	94	104	
886	22	0	0	4	5	6	7	8	5	63	73	83	93	103	
887	23	0	0	4	12	13	14	15	6	57	67	77	87	97	107	
888	23	0	0	2	9	10	6	58	68	78	88	98	108	
889	24	0	0	2	4	5	6	57	67	77	87	97	107	
890	24	0	0	4	1	2	3	4	6	55	65	75	85	95	105	
891	25	0	0	2	10	11	6	2	12	22	32	42	52	
892	26	0	0	2	0	1	5	64	74	84	94	104	
893	26	0	0	4	14	15	16	17	5	60	70	80	90	100	
894	27	0	0	2	8	9	11	57	62	67	72	77	82	87	92	97	102	107	
895	28	0	0	2	9	10	11	4	9	14	19	24	29	34	39	44	49	54	
896	28	0	0	4	2	3	4	5	11	0	5	10	15	20	25	30	35	40	45	50	
897	29	0	0	4	10	11	12	13	5	8	18	28	38	48	
898	29	0	0	4	9	10	11	12	5	9	19	29	39	49	
899	30	0	0	4	5	6	7	8	5	7	17	27	37	47	
900	30	0	0	2	4	5	5	9	19	29	39	49	
901	31	0	0	4	7	8	9	10	5	62	72	82	92	102	
902	31	0	0	4	8	9	10	11	5	63	73	83	93	103	
903	32	0	0	2	16	17	6	1	11	21	31	41	51	
904	33	0	0	4	9	10	11	12	5	62	72	82	92	102	
905	34	0	0	4	5	6	7	8	5	8	18	28	38	48	
906	34	0	0	2	5	6	5	9	19	29	39	49	
907	35	0	0	2	12	13	5	5	15	25	35	45	
908	36	0	0	2	1	2	5	63	73	83	93	103	
909	36	0	0	2	3	4	5	62	72	82	92	102	
910	37	0	0	4	14	15	16	17	6	59	69	79	89	99	109	
911	38	0	0	4	7	8	9	10	6	59	69	79	89	99	109	
912	38	0	0	2	15	16	6	56	66	76	86	96	106	
913	39	0	0	2	6	7	11	2	7	12	17	22	27	32	37	42	47	52	
914	40	0	0	4	14	15	16	17	11	1	6	11	16	21	26	31	36	41	46	51	
915	40	0	0	4	11	12	13	14	11	0	5	10	15	20	25	30	35	40	45	50	
916	41	0	0	2	4	5	6	59	69	79	89	99	109	
917	41	0	0	4	14	15	16	17	6	57	67	77	87	97	107	
918	41	0	0	2	7	8	6	58	68	78	88	98	108	
919	42	0	0	4	2	3	4	5	11	2	7	12	17	22	27	32	37	42	47	52	
920	42	0	0	4	5	6	7	8	11	0	5	10	15	20	25	30	35	40	45	50	
921	43	0	0	4	9	10	11	12	5	5	15	25	35	45	
922	44	0	0	2	1	2	6	57	67	77	87	97	107	
923	45	0	0	2	6	7	6	3	13	23	33	43	53	
924	45	0	0	4	14	15	16	17	6	4	14	24	34	44	54	
925	46	0	0	2	3	4	6	59	69	79	89	99	109	
926	46	0	0	4	10	11	12	13	6	58	68	78	88	98	108	
927	47	0	0	4	5	6	7	8	11	57	62	67	72	77	82	87	92	97	102	107	
928	48	0	0	4	11	12	13	14	5	64	74	84	94	104	
929	49	0	0	2	15	16	5	64	74	84	94	104	
930	50	0	0	2	16	17	6	1	11	21	31	41	51	
931	51	0	0	2	14	15	11	59	64	69	74	79	84	89	94	99	104	109	
932	51	0	0	4	2	3	4	5	11	58	63	68	73	78	83	88	93	98	103	108	
933	52	0	0	4	0	1	2	3	11	2	7	12	17	22	27	32	37	42	47	52	
934	52	0	0	2	0	1	11	0	5	10	15	20	25	30	35	40	45	50	
935	53	0	0	2	6	7	6	3	13	23	33	43	53	
936	54	0	0	2	14	15	11	1	6	11	16	21	26	31	36	41	46	51	
937	55	0	0	4	9	10	11	12	6	4	14	24	34	44	54	
938	55	0	0	2	5	6	6	3	13	23	33	43	53	
939	56	0	0	4	6	7	8	9	6	55	65	75	85	95	105	
940	56	0	0	2	0	1	6	56	66	76	86	96	106	
941	57	0	0	2	3	4	6	3	13	23	33	43	53	
942	57	0	0	2	13	14	6	0	10	20	30	40	50	
943	58	0	0	4	1	2	3	4	6	1	11	21	31	41	51	
944	59	0	0	2	16	17	6	55	65	75	85	95	105	
945	60	0	0	2	7	8	11	58	63	68	73	78	83	88	93	98	103	108	
946	61	0	0	2	0	1	6	57	67	77	87	97	107	
947	62	0	0	4	2	3	4	5	6	58	68	78	88	98	108	
948	62	0	0	2	7	8	6	59	69	79	89	99	109	
949	62	0	0	4	5	6	7	8	6	57	67	77	87	97	107	
950	63	0	0	4	9	10	11	12	6	4	14	24	34	44	54	
951	63	0	0	2	15	16	6	0	10	20	30	40	50	
952	64	0	0	4	13	14	15	16	11	2	7	12	17	22	27	32	37	42	47	52	
953	64	0	0	2	3	4	11	0	5	10	15	20	25	30	35	40	45	50	
954	65	0	0	2	3	4	6	56	66	76	86	96	106	
955	65	0	0	2	14	15	6	58	68	78	88	98	108	
956	65	0	0	4	0	1	2	3	6	59	69	79	89	99	109	
957	66	0	0	2	5	6	5	64	74	84	94	104	
958	66	0	0	2	14	15	5	62	72	82	92	102	
959	67	0	0	4	5	6	7	8	6	55	65	75	85	95	105	
960	67	0	0	2	8	9	6	56	66	76	86	96	106	
961	67	0	0	2	11	12	6	57	67	77	87	97	107	
962	68	0	0	2	2	3	6	1	11	21	31	41	51	
963	69	0	0	4	14	15	16	17	6	1	11	21	31	41	51	
964	69	0	0	4	0	1	2	3	6	4	14	24	34	44	54	
965	70	0	0	4	11	12	13	14	11	55	60	65	70	75	80	85	90	95	100	105	
966	70	0	0	2	13	14	11	56	61	66	71	76	81	86	91	96	101	106	
967	71	0	0	4	8	9	10	11	11	56	61	66	71	76	81	86	91	96	101	106	
968	71	0	0	2	9	10	11	58	63	68	73	78	83	88	93	98	103	108	
969	72	0	0	4	3	4	5	6	11	0	5	10	15	20	25	30	35	40	45	50	
970	72	0	0	4	3	4	5	6	11	1	6	11	16	21	26	31	36	41	46	51	
971	73	0	0	4	0	1	2	3	5	9	19	29	39	49	
972	73	0	0	4	0	1	2	3	5	7	17	27	37	47	
973	74	0	0	4	10	11	12	13	5	62	72	82	92	102	
974	74	0	0	2	2	3	5	60	70	80	90	100	
975	75	0	0	2	7	8	11	1	6	11	16	21	26	31	36	41	46	51	
976	75	0	0	4	5	6	7	8	11	3	8	13	18	23	28	33	38	43	48	53	
977	75	0	0	4	6	7	8	9	11	2	7	12	17	22	27	32	37	42	47	52	
978	76	0	0	2	10	11	6	59	69	79	89	99	109	
979	77	0	0	4	3	4	5	6	6	2	12	22	32	42	52	
980	77	0	0	4	10	11	12	13	6	0	10	20	30	40	50	
981	77	0	0	2	4	5	6	3	13	23	33	43	53	
982	77	0	0	4	2	3	4	5	6	1	11	21	31	41	51	
983	78	0	0	4	9	10	11	12	6	4	14	24	34	44	54	
984	78	0	0	4	14	15	16	17	6	3	13	23	33	43	53	
985	79	0	0	4	7	8	9	10	6	57	67	77	87	97	107	
986	80	0	0	4	0	1	2	3	6	1	11	21	31	41	51	
987	80	0	0	4	10	11	12	13	6	4	14	24	34	44	54	
988	80	0	0	4	2	3	4	5	6	0	10	20	30	40	50	
989	81	0	0	2	7	8	5	61	71	81	91	101	
990	81	0	0	4	5	6	7	8	5	63	73	83	93	103	
991	82	0	0	4	10	11	12	13	6	58	68	78	88	98	108	
992	83	0	0	2	16	17	11	4	9	14	19	24	29	34	39	44	49	54	
993	83	0	0	4	5	6	7	8	11	0	5	10	15	20	25	30	35	40	45	50	
994	83	0	0	2	16	17	11	2	7	12	17	22	27	32	37	42	47	52	
995	84	0	0	2	11	12	6	59	69	79	89	99	109	
996	85	0	0	4	13	14	15	16	11	58	63	68	73	78	83	88	93	98	103	108	
997	85	0	0	2	14	15	11	59	64	69	74	79	84	89	94	99	104	109	
998	85	0	0	2	6	7	11	57	62	67	72	77	82	87	92	97	102	107	
999	85	0	0	4	7	8	9	10	11	56	61	66	71	76	81	86	91	96	101	106	
1000	86	0	0	2	9	10	6	59	69	79	89	99	109	
1001	87	0	0	2	14	15	6	59	69	79	89	99	109	
1002	88	0	0	2	5	6	5	6	16	26	36	46	
1003	88	0	0	2	7	8	5	9	19	29	39	49	
1004	89	0	0	2	9	10	6	56	66	76	86	96	106	
1005	90	0	0	2	13	14	5	62	72	82	92	102	
1006	91	0	0	2	5	6	6	3	13	23	33	43	53	
1007	91	0	0	4	4	5	6	7	6	0	10	20	30	40	50	
1008	91	0	0	4	4	5	6	7	6	1	11	21	31	41	51	
1009	92	0	0	4	0	1	2	3	11	59	64	69	74	79	84	89	94	99	104	109	
1010	93	0	0	2	0	1	5	5	15	25	35	45	
1011	93	0	0	2	5	6	5	9	19	29	39	49	
1012	94	0	0	2	11	12	11	4	9	14	19	24	29	34	39	44	49	54	
1013	95	0	0	4	8	9	10	11	6	56	66	76	86	96	106	
1014	96	0	0	2	0	1	6	4	14	24	34	44	54	
1015	96	0	0	4	1	2	3	4	6	3	13	23	33	43	53	
1016	97	0	0	4	5	6	7	8	11	56	61	66	71	76	81	86	91	96	101	106	
1017	97	0	0	4	7	8	9	10	11	57	62	67	72	77	82	87	92	97	102	107	
1018	97	0	0	2	7	8	11	55	60	65	70	75	80	85	90	95	100	105	
1019	97	0	0	4	12	13	14	15	11	59	64	69	74	79	84	89	94	99	104	109	
1020	98	0	0	4	13	14	15	16	11	55	60	65	70	75	80	85	90	95	100	105	
1021	99	0	0	2	4	5	11	57	62	67	72	77	82	87	92	97	102	107	
1022	100	0	0	2	15	16	6	4	14	24	34	44	54	
1023	100	0	0	2	2	3	6	3	13	23	33	43	53	
1024	100	0	0	4	4	5	6	7	6	2	12	22	32	42	52	
1025	100	0	0	4	6	7	8	9	6	1	11	21	31	41	51	
1026	101	0	0	4	5	6	7	8	11	0	5	10	15	20	25	30	35	40	45	50	
1027	102	0	0	4	6	7	8	9	5	9	19	29	39	49	
1028	103	0	0	4	4	5	6	7	6	58	68	78	88	98	108	
1029	104	0	0	4	9	10	11	12	6	1	11	21	31	41	51	
1030	104	0	0	4	13	14	15	16	6	4	14	24	34	44	54	
1031	104	0	0	2	7	8	6	0	10	20	30	40	50	
1032	105	0	0	4	4	5	6	7	5	63	73	83	93	103	
1033	105	0	0	2	11	12	5	60	70	80	90	100	
1034	106	0	0	2	3	4	5	9	19	29	39	49	
1035	106	0	0	2	1	2	5	7	17	27	37	47	
1036	106	0	0	2	10	11	5	5	15	25	35	45	
1037	107	0	0	4	13	14	15	16	6	55	65	75	85	95	105	
1038	108	0	0	4	0	1	2	3	11	59	64	69	74	79	84	89	94	99	104	109	
1039	109	0	0	4	1	2	3	4	5	5	15	25	35	45	
1040	109	0	0	4	0	1	2	3	5	6	16	26	36	46	
1041	110	0	0	4	11	12	13	14	5	61	71	81	91	101	
1042	111	0	0	4	6	7	8	9	5	8	18	28	38	48	
1043	112	0	0	4	5	6	7	8	11	0	5	10	15	20	25	30	35	40	45	50	
1044	112	0	0	4	8	9	10	11	11	1	6	11	16	21	26	31	36	41	46	51	
1045	113	0	0	4	13	14	15	16	5	5	15	25	35	45	
1046	114	0	0	4	10	11	12	13	5	62	72	82	92	102	
1047	115	0	0	2	5	6	11	57	62	67	72	77	82	87	92	97	102	107	
1048	116	0	0	4	11	12	13	14	5	9	19	29	39	49	
1049	116	0	0	2	16	17	5	8	18	28	38	48	
1050	117	0	0	2	12	13	6	1	11	21	31	41	51	
1051	118	0	0	4	9	10	11	12	5	64	74	84	94	104	
1052	118	0	0	4	14	15	16	17	5	60	70	80	90	100	
1053	119	0	0	4	1	2	3	4	6	59	69	79	89	99	109	
1054	120	0	0	2	5	6	11	4	9	14	19	24	29	34	39	44	49	54	
1055	120	0	0	4	11	12	13	14	11	3	8	13	18	23	28	33	38	43	48	53	
1056	121	0	0	4	5	6	7	8	5	6	16	26	36	46	
1057	121	0	0	4	3	4	5	6	5	9	19	29	39	49	
1058	121	0	0	2	5	6	5	5	15	25	35	45	
1059	121	0	0	4	14	15	16	17	5	7	17	27	37	47	
1060	122	0	0	2	13	14	6	57	67	77	87	97	107	
1061	122	0	0	2	10	11	6	59	69	79	89	99	109	
1062	123	0	0	4	5	6	7	8	6	58	68	78	88	98	108	
1063	123	0	0	4	3	4	5	6	6	56	66	76	86	96	106	
1064	124	0	0	2	4	5	11	0	5	10	15	20	25	30	35	40	45	50	
1065	124	0	0	4	11	12	13	14	11	3	8	13	18	23	28	33	38	43	48	53	
1066	125	0	0	2	10	11	11	1	6	11	16	21	26	31	36	41	46	51	
1067	125	0	0	2	16	17	11	0	5	10	15	20	25	30	35	40	45	50	
1068	125	0	0	4	2	3	4	5	11	3	8	13	18	23	28	33	38	43	48	53	
1069	126	0	0	2	1	2	5	64	74	84	94	104	
1070	126	0	0	2	14	15	5	60	70	80	90	100	
1071	127	0	0	2	15	16	11	58	63	68	73	78	83	88	93	98	103	108	
1072	127	0	0	4	9	10	11	12	11	57	62	67	72	77	82	87	92	97	102	107	
1073	128	0	0	4	7	8	9	10	11	4	9	14	19	24	29	34	39	44	49	54	
1074	129	0	0	2	16	17	11	59	64	69	74	79	84	89	94	99	104	109	
1075	130	0	0	4	2	3	4	5	6	0	10	20	30	40	50	
1076	130	0	0	4	7	8	9	10	6	2	12	22	32	42	52	
1077	130	0	0	4	2	3	4	5	6	4	14	24	34	44	54	
1078	130	0	0	4	13	14	15	16	6	1	11	21	31	41	51	
1079	131	0	0	2	11	12	6	56	66	76	86	96	106	
1080	132	0	0	4	8	9	10	11	5	61	71	81	91	101	
1081	133	0	0	4	4	5	6	7	6	55	65	75	85	95	105	
1082	133	0	0	4	3	4	5	6	6	57	67	77	87	97	107	
1083	134	0	0	2	14	15	5	62	72	82	92	102	
1084	134	0	0	4	1	2	3	4	5	64	74	84	94	104	
1085	135	0	0	4	9	10	11	12	11	55	60	65	70	75	80	85	90	95	100	105	
1086	136	0	0	4	5	6	7	8	11	3	8	13	18	23	28	33	38	43	48	53	
1087	136	0	0	2	14	15	11	2	7	12	17	22	27	32	37	42	47	52	
1088	137	0	0	4	14	15	16	17	11	0	5	10	15	20	25	30	35	40	45	50	
1089	137	0	0	4	6	7	8	9	11	2	7	12	17	22	27	32	37	42	47	52	
1090	138	0	0	2	2	3	6	58	68	78	88	98	108	
1091	139	0	0	2	0	1	11	55	60	65	70	75	80	85	90	95	100	105	
1092	140	0	0	4	13	14	15	16	6	57	67	77	87	97	107	
1093	141	0	0	4	3	4	5	6	5	9	19	29	39	49	
1094	141	0	0	2	12	13	5	6	16	26	36	46	
1095	142	0	0	4	4	5	6	7	11	1	6	11	16	21	26	31	36	41	46	51	
1096	142	0	0	2	10	11	11	4	9	14	19	24	29	34	39	44	49	54	
1097	142	0	0	2	9	10	11	3	8	13	18	23	28	33	38	43	48	53	
1098	142	0	0	4	11	12	13	14	11	0	5	10	15	20	25	30	35	40	45	50	
1099	143	0	0	2	11	12	5	60	70	80	90	100	
1100	144	0	0	2	12	13	5	60	70	80	90	100	
1101	144	0	0	2	14	15	5	64	74	84	94	104	
1102	145	0	0	4	3	4	5	6	11	55	60	65	70	75	80	85	90	95	100	105	
1103	146	0	0	4	2	3	4	5	5	63	73	83	93	103	
1104	146	0	0	4	0	1	2	3	5	61	71	81	91	101	
1105	146	0	0	4	2	3	4	5	5	64	74	84	94	104	
1106	146	0	0	4	2	3	4	5	5	60	70	80	90	100	
1107	147	0	0	2	12	13	5	60	70	80	90	100	
1108	148	0	0	4	14	15	16	17	6	3	13	23	33	43	53	
1109	149	0	0	2	5	6	6	3	13	23	33	43	53	
1110	150	0	0	4	5	6	7	8	6	4	14	24	34	44	54	
1111	150	0	0	4	3	4	5	6	6	3	13	23	33	43	53	
1112	150	0	0	4	5	6	7	8	6	0	10	20	30	40	50	
1113	151	0	0	4	2	3	4	5	5	64	74	84	94	104	
1114	151	0	0	4	2	3	4	5	5	61	71	81	91	101	
1115	152	0	0	2	9	10	11	56	61	66	71	76	81	86	91	96	101	106	
1116	152	0	0	4	10	11	12	13	11	59	64	69	74	79	84	89	94	99	104	109	
1117	153	0	0	4	14	15	16	17	6	3	13	23	33	43	53	
1118	154	0	0	4	2	3	4	5	11	55	60	65	70	75	80	85	90	95	100	105	
1119	155	0	0	4	6	7	8	9	6	4	14	24	34	44	54	
1120	155	0	0	2	10	11	6	2	12	22	32	42	52	
1121	156	0	0	4	14	15	16	17	5	64	74	84	94	104	
1122	157	0	0	2	9	10	11	3	8	13	18	23	28	33	38	43	48	53	
1123	158	0	0	2	3	4	6	0	10	20	30	40	50	
1124	158	0	0	2	2	3	6	4	14	24	34	44	54	
1125	158	0	0	2	6	7	6	1	11	21	31	41	51	
1126	159	0	0	4	5	6	7	8	11	3	8	13	18	23	28	33	38	43	48	53	
1127	160	0	0	4	7	8	9	10	5	64	74	84	94	104	
1128	161	0	0	4	7	8	9	10	11	59	64	69	74	79	84	89	94	99	104	109	
1129	161	0	0	4	8	9	10	11	11	58	63	68	73	78	83	88	93	98	103	108	
1130	161	0	0	4	9	10	11	12	11	56	61	66	71	76	81	86	91	96	101	106	
1131	162	0	0	4	9	10	11	12	5	5	15	25	35	45	
1132	163	0	0	4	11	12	13	14	5	60	70	80	90	100	
1133	163	0	0	4	10	11	12	13	5	62	72	82	92	102	
1134	163	0	0	4	11	12	13	14	5	64	74	84	94	104	
1135	164	0	0	4	0	1	2	3	5	60	70	80	90	100	
1136	165	0	0	2	2	3	5	7	17	27	37	47	
1137	166	0	0	4	13	14	15	16	5	61	71	81	91	101	
1138	166	0	0	2	4	5	5	63	73	83	93	103	
1139	167	0	0	4	9	10	11	12	5	5	15	25	35	45	
1140	168	0	0	2	4	5	6	0	10	20	30	40	50	
1141	169	0	0	2	14	15	5	5	15	25	35	45	
1142	169	0	0	4	13	14	15	16	5	6	16	26	36	46	
1143	169	0	0	4	5	6	7	8	5	7	17	27	37	47	
1144	170	0	0	2	8	9	6	56	66	76	86	96	106	
1145	171	0	0	4	6	7	8	9	6	55	65	75	85	95	105	
1146	171	0	0	4	1	2	3	4	6	57	67	77	87	97	107	
1147	171	0	0	2	0	1	6	58	68	78	88	98	108	
1148	172	0	0	2	6	7	11	56	61	66	71	76	81	86	91	96	101	106	
1149	172	0	0	4	11	12	13	14	11	59	64	69	74	79	84	89	94	99	104	109	
1150	172	0	0	4	4	5	6	7	11	58	63	68	73	78	83	88	93	98	103	108	
1151	173	0	0	2	15	16	11	58	63	68	73	78	83	88	93	98	103	108	
1152	173	0	0	2	1	2	11	55	60	65	70	75	80	85	90	95	100	105	
1153	174	0	0	4	14	15	16	17	6	55	65	75	85	95	105	
1154	174	0	0	4	8	9	10	11	6	56	66	76	86	96	106	
1155	175	0	0	2	14	15	6	57	67	77	87	97	107	
1156	176	0	0	4	9	10	11	12	11	58	63	68	73	78	83	88	93	98	103	108	
1157	177	0	0	2	8	9	5	63	73	83	93	103	
1158	178	0	0	4	1	2	3	4	5	9	19	29	39	49	
1159	179	0	0	4	1	2	3	4	5	63	73	83	93	103	
1160	179	0	0	4	3	4	5	6	5	60	70	80	90	100	
1161	180	0	0	4	11	12	13	14	5	5	15	25	35	45	
1162	181	0	0	2	9	10	11	58	63	68	73	78	83	88	93	98	103	108	
1163	181	0	0	2	1	2	11	57	62	67	72	77	82	87	92	97	102	107	
1164	182	0	0	4	14	15	16	17	11	2	7	12	17	22	27	32	37	42	47	52	
1165	183	0	0	4	9	10	11	12	11	59	64	69	74	79	84	89	94	99	104	109	
1166	183	0	0	2	1	2	11	57	62	67	72	77	82	87	92	97	102	107	
1167	184	0	0	2	5	6	11	2	7	12	17	22	27	32	37	42	47	52	
1168	185	0	0	4	14	15	16	17	11	0	5	10	15	20	25	30	35	40	45	50	
1169	186	0	0	2	15	16	5	8	18	28	38	48	
1170	186	0	0	4	8	9	10	11	5	6	16	26	36	46	
1171	187	0	0	2	13	14	11	4	9	14	19	24	29	34	39	44	49	54	
1172	188	0	0	2	16	17	11	56	61	66	71	76	81	86	91	96	101	106	
1173	189	0	0	2	11	12	11	2	7	12	17	22	27	32	37	42	47	52	
1174	189	0	0	4	6	7	8	9	11	4	9	14	19	24	29	34	39	44	49	54	
1175	190	0	0	2	3	4	11	2	7	12	17	22	27	32	37	42	47	52	
1176	190	0	0	2	5	6	11	4	9	14	19	24	29	34	39	44	49	54	
1177	190	0	0	4	3	4	5	6	11	0	5	10	15	20	25	30	35	40	45	50	
1178	190	0	0	2	12	13	11	1	6	11	16	21	26	31	36	41	46	51	
1179	191	0	0	2	0	1	5	8	18	28	38	48	
1180	191	0	0	2	6	7	5	6	16	26	36	46	
1181	192	0	0	2	0	1	5	63	73	83	93	103	
1182	193	0	0	4	12	13	14	15	6	55	65	75	85	95	105	
1183	194	0	0	2	9	10	5	60	70	80	90	100	
1184	195	0	0	2	16	17	6	4	14	24	34	44	54	
1185	196	0	0	4	13	14	15	16	11	59	64	69	74	79	84	89	94	99	104	109	
1186	196	0	0	4	4	5	6	7	11	55	60	65	70	75	80	85	90	95	100	105	
1187	197	0	0	4	3	4	5	6	5	8	18	28	38	48	
1188	197	0	0	4	7	8	9	10	5	7	17	27	37	47	
1189	198	0	0	4	1	2	3	4	5	61	71	81	91	101	
1190	198	0	0	2	0	1	5	62	72	82	92	102	
1191	199	0	0	4	8	9	10	11	5	7	17	27	37	47	
1192	199	0	0	4	7	8	9	10	5	5	15	25	35	45	
1193	200	0	0	4	4	5	6	7	5	63	73	83	93	103	
1194	201	0	0	4	6	7	8	9	6	59	69	79	89	99	109	
1195	201	0	0	4	4	5	6	7	6	56	66	76	86	96	106	
1196	202	0	0	4	1	2	3	4	6	58	68	78	88	98	108	
1197	202	0	0	4	13	14	15	16	6	59	69	79	89	99	109	
1198	203	0	0	2	2	3	6	2	12	22	32	42	52	
1199	204	0	0	4	5	6	7	8	6	2	12	22	32	42	52	
1200	204	0	0	4	8	9	10	11	6	1	11	21	31	41	51	
1201	205	0	0	4	13	14	15	16	5	8	18	28	38	48	
1202	205	0	0	2	13	14	5	6	16	26	36	46	
1203	206	0	0	4	10	11	12	13	11	2	7	12	17	22	27	32	37	42	47	52	
1204	207	0	0	2	4	5	11	3	8	13	18	23	28	33	38	43	48	53	
1205	207	0	0	4	14	15	16	17	11	4	9	14	19	24	29	34	39	44	49	54	
1206	207	0	0	2	3	4	11	2	7	12	17	22	27	32	37	42	47	52	
1207	207	0	0	2	12	13	11	1	6	11	16	21	26	31	36	41	46	51	
1208	208	0	0	4	10	11	12	13	5	7	17	27	37	47	
1209	208	0	0	2	2	3	5	8	18	28	38	48	
1210	209	0	0	2	4	5	6	4	14	24	34	44	54	
1211	209	0	0	2	15	16	6	1	11	21	31	41	51	
1212	209	0	0	2	7	8	6	0	10	20	30	40	50	
1213	210	0	0	4	8	9	10	11	6	1	11	21	31	41	51	
1214	210	0	0	2	10	11	6	4	14	24	34	44	54	
1215	210	0	0	4	3	4	5	6	6	3	13	23	33	43	53	
1216	210	0	0	2	9	10	6	2	12	22	32	42	52	
1217	211	0	0	4	14	15	16	17	6	1	11	21	31	41	51	
1218	211	0	0	4	14	15	16	17	6	4	14	24	34	44	54	
1219	212	0	0	4	5	6	7	8	11	3	8	13	18	23	28	33	38	43	48	53	
1220	212	0	0	4	6	7	8	9	11	1	6	11	16	21	26	31	36	41	46	51	
1221	213	0	0	2	12	13	11	1	6	11	16	21	26	31	36	41	46	51	
1222	214	0	0	2	1	2	6	2	12	22	32	42	52	
1223	214	0	0	2	11	12	6	3	13	23	33	43	53	
1224	215	0	0	2	15	16	6	55	65	75	85	95	105	
1225	215	0	0	4	14	15	16	17	6	57	67	77	87	97	107	
1226	216	0	0	2	11	12	6	55	65	75	85	95	105	
1227	216	0	0	4	9	10	11	12	6	58	68	78	88	98	108	
1228	217	0	0	4	10	11	12	13	11	4	9	14	19	24	29	34	39	44	49	54	
1229	218	0	0	2	14	15	11	3	8	13	18	23	28	33	38	43	48	53	
1230	218	0	0	4	8	9	10	11	11	4	9	14	19	24	29	34	39	44	49	54	
1231	219	0	0	2	1	2	5	7	17	27	37	47	
1232	219	0	0	4	1	2	3	4	5	8	18	28	38	48	
1233	220	0	0	4	14	15	16	17	11	56	61	66	71	76	81	86	91	96	101	106	
1234	221	0	0	4	7	8	9	10	11	59	64	69	74	79	84	89	94	99	104	109	
1235	222	0	0	4	3	4	5	6	11	0	5	10	15	20	25	30	35	40	45	50	
1236	222	0	0	2	13	14	11	2	7	12	17	22	27	32	37	42	47	52	
1237	222	0	0	4	5	6	7	8	11	1	6	11	16	21	26	31	36	41	46	51	
1238	223	0	0	2	13	14	6	59	69	79	89	99	109	
1239	223	0	0	4	0	1	2	3	6	55	65	75	85	95	105	
1240	223	0	0	2	4	5	6	58	68	78	88	98	108	
1241	223	0	0	4	13	14	15	16	6	56	66	76	86	96	106	
1242	224	0	0	2	4	5	11	58	63	68	73	78	83	88	93	98	103	108	
1243	224	0	0	2	6	7	11	57	62	67	72	77	82	87	92	97	102	107	
1244	225	0	0	2	5	6	5	8	18	28	38	48	
1245	225	0	0	2	15	16	5	9	19	29	39	49	
1246	226	0	0	4	12	13	14	15	6	4	14	24	34	44	54	
1247	226	0	0	2	3	4	6	1	11	21	31	41	51	
1248	227	0	0	4	14	15	16	17	6	4	14	24	34	44	54	
1249	228	0	0	2	2	3	6	57	67	77	87	97	107	
1250	228	0	0	4	0	1	2	3	6	55	65	75	85	95	105	
1251	229	0	0	2	3	4	6	58	68	78	88	98	108	
1252	229	0	0	2	0	1	6	56	66	76	86	96	106	
1253	230	0	0	4	1	2	3	4	11	55	60	65	70	75	80	85	90	95	100	105	
1254	230	0	0	4	4	5	6	7	11	57	62	67	72	77	82	87	92	97	102	107	
1255	230	0	0	2	7	8	11	56	61	66	71	76	81	86	91	96	101	106	
1256	231	0	0	4	13	14	15	16	11	0	5	10	15	20	25	30	35	40	45	50	
1257	232	0	0	2	12	13	6	58	68	78	88	98	108	
1258	232	0	0	2	0	1	6	59	69	79	89	99	109	
1259	233	0	0	4	13	14	15	16	5	60	70	80	90	100	
1260	233	0	0	2	7	8	5	64	74	84	94	104	
1261	234	0	0	2	3	4	6	0	10	20	30	40	50	
1262	234	0	0	2	11	12	6	2	12	22	32	42	52	
1263	235	0	0	2	15	16	6	58	68	78	88	98	108	
1264	235	0	0	2	13	14	6	59	69	79	89	99	109	
1265	235	0	0	4	7	8	9	10	6	56	66	76	86	96	106	
1266	235	0	0	2	6	7	6	55	65	75	85	95	105	
1267	236	0	0	2	7	8	11	57	62	67	72	77	82	87	92	97	102	107	
1268	236	0	0	4	9	10	11	12	11	55	60	65	70	75	80	85	90	95	100	105	
1269	237	0	0	2	16	17	6	0	10	20	30	40	50	
1270	237	0	0	2	15	16	6	2	12	22	32	42	52	
1271	237	0	0	4	1	2	3	4	6	1	11	21	31	41	51	
1272	238	0	0	4	0	1	2	3	5	64	74	84	94	104	
1273	239	0	0	2	7	8	5	61	71	81	91	101	
1274	240	0	0	2	0	1	5	5	15	25	35	45	
1275	240	0	0	2	16	17	5	6	16	26	36	46	
1276	241	0	0	4	1	2	3	4	11	59	64	69	74	79	84	89	94	99	104	109	
1277	241	0	0	2	16	17	11	57	62	67	72	77	82	87	92	97	102	107	
1278	242	0	0	4	5	6	7	8	11	56	61	66	71	76	81	86	91	96	101	106	
1279	242	0	0	2	2	3	11	58	63	68	73	78	83	88	93	98	103	108	
1280	242	0	0	2	6	7	11	57	62	67	72	77	82	87	92	97	102	107	
1281	243	0	0	2	0	1	5	6	16	26	36	46	
1282	244	0	0	2	10	11	5	9	19	29	39	49	
1283	244	0	0	2	14	15	5	5	15	25	35	45	
1284	245	0	0	2	10	11	6	59	69	79	89	99	109	
1285	245	0	0	4	10	11	12	13	6	56	66	76	86	96	106	
1286	245	0	0	4	6	7	8	9	6	55	65	75	85	95	105	
1287	246	0	0	4	7	8	9	10	5	64	74	84	94	104	
1288	246	0	0	2	2	3	5	61	71	81	91	101	
1289	246	0	0	4	14	15	16	17	5	63	73	83	93	103	
1290	246	0	0	2	5	6	5	60	70	80	90	100	
1291	247	0	0	4	0	1	2	3	5	9	19	29	39	49	
1292	247	0	0	4	3	4	5	6	5	8	18	28	38	48	
1293	248	0	0	4	7	8	9	10	11	2	7	12	17	22	27	32	37	42	47	52	
1294	248	0	0	2	0	1	11	1	6	11	16	21	26	31	36	41	46	51	
1295	248	0	0	2	13	14	11	4	9	14	19	24	29	34	39	44	49	54	
1296	249	0	0	2	3	4	11	56	61	66	71	76	81	86	91	96	101	106	
1297	249	0	0	4	4	5	6	7	11	55	60	65	70	75	80	85	90	95	100	105	
1298	250	0	0	4	14	15	16	17	11	58	63	68	73	78	83	88	93	98	103	108	
1299	250	0	0	2	13	14	11	56	61	66	71	76	81	86	91	96	101	106	
1300	251	0	0	2	13	14	5	6	16	26	36	46	
1301	251	0	0	4	9	10	11	12	5	9	19	29	39	49	
1302	251	0	0	2	12	13	5	8	18	28	38	48	
1303	252	0	0	4	14	15	16	17	6	4	14	24	34	44	54	
1304	253	0	0	4	11	12	13	14	6	57	67	77	87	97	107	
1305	253	0	0	4	11	12	13	14	6	55	65	75	85	95	105	
1306	254	0	0	4	8	9	10	11	5	7	17	27	37	47	
1307	254	0	0	4	6	7	8	9	5	5	15	25	35	45	
1308	255	0	0	2	8	9	11	58	63	68	73	78	83	88	93	98	103	108	
1309	255	0	0	4	10	11	12	13	11	56	61	66	71	76	81	86	91	96	101	106	
1310	256	0	0	4	3	4	5	6	6	3	13	23	33	43	53	
1311	256	0	0	2	16	17	6	4	14	24	34	44	54	
1312	257	0	0	4	8	9	10	11	6	0	10	20	30	40	50	
1313	257	0	0	4	1	2	3	4	6	4	14	24	34	44	54	
1314	257	0	0	2	9	10	6	2	12	22	32	42	52	
1315	257	0	0	4	3	4	5	6	6	1	11	21	31	41	51	
1316	258	0	0	2	13	14	5	63	73	83	93	103	
1317	259	0	0	2	9	10	5	63	73	83	93	103	
1318	259	0	0	2	1	2	5	64	74	84	94	104	
1319	260	0	0	2	15	16	6	1	11	21	31	41	51	
1320	260	0	0	2	2	3	6	3	13	23	33	43	53	
1321	260	0	0	2	13	14	6	4	14	24	34	44	54	
1322	260	0	0	2	12	13	6	2	12	22	32	42	52	
1323	261	0	0	2	14	15	6	59	69	79	89	99	109	
1324	261	0	0	2	3	4	6	58	68	78	88	98	108	
1325	262	0	0	4	14	15	16	17	11	2	7	12	17	22	27	32	37	42	47	52	
1326	262	0	0	4	9	10	11	12	11	4	9	14	19	24	29	34	39	44	49	54	
1327	262	0	0	2	0	1	11	0	5	10	15	20	25	30	35	40	45	50	
1328	263	0	0	2	13	14	6	4	14	24	34	44	54	
1329	264	0	0	2	13	14	6	55	65	75	85	95	105	
1330	264	0	0	4	2	3	4	5	6	59	69	79	89	99	109	
1331	264	0	0	2	8	9	6	56	66	76	86	96	106	
1332	264	0	0	4	1	2	3	4	6	58	68	78	88	98	108	
1333	265	0	0	2	10	11	6	2	12	22	32	42	52	
1334	265	0	0	2	6	7	6	0	10	20	30	40	50	
1335	265	0	0	4	1	2	3	4	6	1	11	21	31	41	51	
1336	265	0	0	4	3	4	5	6	6	4	14	24	34	44	54	
1337	266	0	0	2	10	11	5	64	74	84	94	104	
1338	266	0	0	2	5	6	5	62	72	82	92	102	
1339	266	0	0	4	0	1	2	3	5	60	70	80	90	100	
1340	266	0	0	4	11	12	13	14	5	61	71	81	91	101	
1341	267	0	0	4	11	12	13	14	5	5	15	25	35	45	
1342	268	0	0	2	2	3	11	56	61	66	71	76	81	86	91	96	101	106	
1343	268	0	0	4	7	8	9	10	11	57	62	67	72	77	82	87	92	97	102	107	
1344	269	0	0	4	0	1	2	3	11	1	6	11	16	21	26	31	36	41	46	51	
1345	270	0	0	2	14	15	6	3	13	23	33	43	53	
1346	271	0	0	2	2	3	6	59	69	79	89	99	109	
1347	271	0	0	2	0	1	6	57	67	77	87	97	107	
1348	272	0	0	2	15	16	6	4	14	24	34	44	54	
1349	272	0	0	2	11	12	6	2	12	22	32	42	52	
1350	273	0	0	4	10	11	12	13	5	61	71	81	91	101	
1351	274	0	0	2	7	8	11	1	6	11	16	21	26	31	36	41	46	51	
1352	275	0	0	4	11	12	13	14	11	0	5	10	15	20	25	30	35	40	45	50	
1353	275	0	0	4	4	5	6	7	11	4	9	14	19	24	29	34	39	44	49	54	
1354	276	0	0	2	16	17	6	59	69	79	89	99	109	
1355	277	0	0	2	4	5	5	6	16	26	36	46	
1356	278	0	0	4	0	1	2	3	6	4	14	24	34	44	54	
1357	278	0	0	2	13	14	6	1	11	21	31	41	51	
1358	278	0	0	2	7	8	6	3	13	23	33	43	53	
1359	279	0	0	4	14	15	16	17	6	56	66	76	86	96	106	
1360	280	0	0	2	14	15	11	1	6	11	16	21	26	31	36	41	46	51	
1361	280	0	0	2	4	5	11	4	9	14	19	24	29	34	39	44	49	54	
1362	281	0	0	2	2	3	6	59	69	79	89	99	109	
1363	281	0	0	2	6	7	6	55	65	75	85	95	105	
1364	282	0	0	4	3	4	5	6	11	1	6	11	16	21	26	31	36	41	46	51	
1365	283	0	0	2	13	14	6	57	67	77	87	97	107	
1366	284	0	0	2	7	8	11	57	62	67	72	77	82	87	92	97	102	107	
1367	284	0	0	4	14	15	16	17	11	59	64	69	74	79	84	89	94	99	104	109	
1368	285	0	0	4	12	13	14	15	6	55	65	75	85	95	105	
1369	286	0	0	4	13	14	15	16	6	2	12	22	32	42	52	
1370	286	0	0	4	12	13	14	15	6	3	13	23	33	43	53	
1371	287	0	0	4	5	6	7	8	11	59	64	69	74	79	84	89	94	99	104	109	
1372	287	0	0	4	11	12	13	14	11	58	63	68	73	78	83	88	93	98	103	108	
1373	287	0	0	4	7	8	9	10	11	57	62	67	72	77	82	87	92	97	102	107	
1374	287	0	0	2	2	3	11	55	60	65	70	75	80	85	90	95	100	105	
1375	288	0	0	2	1	2	6	56	66	76	86	96	106	
1376	289	0	0	2	12	13	6	58	68	78	88	98	108	
1377	289	0	0	2	6	7	6	56	66	76	86	96	106	
1378	290	0	0	4	0	1	2	3	11	57	62	67	72	77	82	87	92	97	102	107	
1379	291	0	0	2	16	17	5	6	16	26	36	46	
1380	292	0	0	2	7	8	6	1	11	21	31	41	51	
1381	293	0	0	2	14	15	11	58	63	68	73	78	83	88	93	98	103	108	
1382	293	0	0	2	5	6	11	57	62	67	72	77	82	87	92	97	102	107	
1383	294	0	0	4	7	8	9	10	11	58	63	68	73	78	83	88	93	98	103	108	
1384	294	0	0	4	10	11	12	13	11	55	60	65	70	75	80	85	90	95	100	105	
1385	295	0	0	4	2	3	4	5	11	4	9	14	19	24	29	34	39	44	49	54	
1386	296	0	0	2	16	17	5	5	15	25	35	45	
1387	297	0	0	4	4	5	6	7	5	60	70	80	90	100	
1388	298	0	0	2	11	12	5	62	72	82	92	102	
1389	299	0	0	2	1	2	5	62	72	82	92	102	
1390	300	0	0	2	0	1	5	8	18	28	38	48	
1391	300	0	0	4	5	6	7	8	5	9	19	29	39	49	
1392	300	0	0	2	12	13	5	5	15	25	35	45	
1393	301	0	0	4	10	11	12	13	11	1	6	11	16	21	26	31	36	41	46	51	
1394	301	0	0	2	2	3	11	4	9	14	19	24	29	34	39	44	49	54	
1395	301	0	0	2	8	9	11	0	5	10	15	20	25	30	35	40	45	50	
1396	302	0	0	4	3	4	5	6	5	5	15	25	35	45	
1397	302	0	0	4	1	2	3	4	5	7	17	27	37	47	
1398	303	0	0	2	3	4	5	63	73	83	93	103	
1399	304	0	0	2	4	5	5	7	17	27	37	47	
1400	305	0	0	4	9	10	11	12	5	62	72	82	92	102	
1401	305	0	0	4	4	5	6	7	5	63	73	83	93	103	
1402	305	0	0	2	12	13	5	64	74	84	94	104	
1403	306	0	0	2	2	3	5	62	72	82	92	102	
1404	307	0	0	4	6	7	8	9	6	59	69	79	89	99	109	
1405	307	0	0	2	14	15	6	57	67	77	87	97	107	
1406	307	0	0	4	12	13	14	15	6	56	66	76	86	96	106	
1407	307	0	0	2	3	4	6	58	68	78	88	98	108	
1408	308	0	0	2	2	3	5	8	18	28	38	48	
1409	308	0	0	2	12	13	5	9	19	29	39	49	
1410	309	0	0	4	5	6	7	8	6	2	12	22	32	42	52	
1411	310	0	0	2	5	6	11	4	9	14	19	24	29	34	39	44	49	54	
1412	310	0	0	4	1	2	3	4	11	0	5	10	15	20	25	30	35	40	45	50	
1413	311	0	0	4	4	5	6	7	11	55	60	65	70	75	80	85	90	95	100	105	
1414	312	0	0	4	9	10	11	12	6	58	68	78	88	98	108	
1415	312	0	0	4	7	8	9	10	6	55	65	75	85	95	105	
1416	312	0	0	4	7	8	9	10	6	56	66	76	86	96	106	
1417	313	0	0	4	0	1	2	3	5	8	18	28	38	48	
1418	313	0	0	2	4	5	5	6	16	26	36	46	
1419	313	0	0	2	4	5	5	9	19	29	39	49	
1420	313	0	0	4	0	1	2	3	5	5	15	25	35	45	
1421	314	0	0	2	10	11	5	63	73	83	93	103	
1422	315	0	0	4	8	9	10	11	6	2	12	22	32	42	52	
1423	315	0	0	4	1	2	3	4	6	3	13	23	33	43	53	
1424	316	0	0	4	11	12	13	14	6	3	13	23	33	43	53	
1425	317	0	0	2	13	14	5	8	18	28	38	48	
1426	317	0	0	2	10	11	5	5	15	25	35	45	
1427	318	0	0	4	6	7	8	9	11	55	60	65	70	75	80	85	90	95	100	105	
1428	318	0	0	4	13	14	15	16	11	59	64	69	74	79	84	89	94	99	104	109	
1429	319	0	0	4	0	1	2	3	6	56	66	76	86	96	106	
1430	319	0	0	4	7	8	9	10	6	57	67	77	87	97	107	
1431	320	0	0	2	7	8	5	8	18	28	38	48	
1432	321	0	0	4	13	14	15	16	11	3	8	13	18	23	28	33	38	43	48	53	
1433	322	0	0	4	9	10	11	12	11	57	62	67	72	77	82	87	92	97	102	107	
1434	323	0	0	4	1	2	3	4	11	3	8	13	18	23	28	33	38	43	48	53	
1435	324	0	0	2	10	11	5	6	16	26	36	46	
1436	324	0	0	2	8	9	5	9	19	29	39	49	
1437	324	0	0	4	4	5	6	7	5	8	18	28	38	48	
1438	324	0	0	2	9	10	5	5	15	25	35	45	
1439	325	0	0	4	8	9	10	11	11	2	7	12	17	22	27	32	37	42	47	52	
1440	325	0	0	4	13	14	15	16	11	1	6	11	16	21	26	31	36	41	46	51	
1441	326	0	0	4	3	4	5	6	5	62	72	82	92	102	
1442	327	0	0	2	3	4	6	56	66	76	86	96	106	
1443	327	0	0	4	8	9	10	11	6	59	69	79	89	99	109	
1444	328	0	0	4	13	14	15	16	5	63	73	83	93	103	
1445	329	0	0	4	0	1	2	3	6	2	12	22	32	42	52	
1446	330	0	0	4	7	8	9	10	5	64	74	84	94	104	
1447	330	0	0	4	14	15	16	17	5	62	72	82	92	102	
1448	330	0	0	4	10	11	12	13	5	60	70	80	90	100	
1449	331	0	0	2	10	11	6	4	14	24	34	44	54	
1450	331	0	0	2	8	9	6	0	10	20	30	40	50	
1451	332	0	0	2	11	12	6	2	12	22	32	42	52	
1452	332	0	0	2	9	10	6	0	10	20	30	40	50	
1453	332	0	0	2	8	9	6	1	11	21	31	41	51	
1454	332	0	0	2	14	15	6	3	13	23	33	43	53	
1455	333	0	0	4	14	15	16	17	5	60	70	80	90	100	
1456	334	0	0	4	1	2	3	4	6	0	10	20	30	40	50	
1457	335	0	0	2	11	12	6	4	14	24	34	44	54	
1458	335	0	0	2	1	2	6	0	10	20	30	40	50	
1459	335	0	0	2	8	9	6	2	12	22	32	42	52	
1460	336	0	0	2	5	6	11	1	6	11	16	21	26	31	36	41	46	51	
1461	336	0	0	4	3	4	5	6	11	3	8	13	18	23	28	33	38	43	48	53	
1462	337	0	0	2	6	7	5	64	74	84	94	104	
1463	337	0	0	4	8	9	10	11	5	60	70	80	90	100	
1464	337	0	0	4	3	4	5	6	5	63	73	83	93	103	
1465	338	0	0	2	2	3	6	2	12	22	32	42	52	
1466	338	0	0	2	5	6	6	4	14	24	34	44	54	
1467	339	0	0	2	10	11	11	57	62	67	72	77	82	87	92	97	102	107	
1468	340	0	0	2	0	1	5	9	19	29	39	49	
1469	341	0	0	2	14	15	5	9	19	29	39	49	
1470	341	0	0	4	2	3	4	5	5	8	18	28	38	48	
1471	342	0	0	4	1	2	3	4	6	4	14	24	34	44	54	
1472	342	0	0	2	9	10	6	0	10	20	30	40	50	
1473	343	0	0	2	10	11	6	3	13	23	33	43	53	
1474	343	0	0	2	4	5	6	1	11	21	31	41	51	
1475	344	0	0	4	12	13	14	15	5	60	70	80	90	100	
1476	345	0	0	2	10	11	11	3	8	13	18	23	28	33	38	43	48	53	
1477	345	0	0	4	13	14	15	16	11	4	9	14	19	24	29	34	39	44	49	54	
1478	345	0	0	2	10	11	11	1	6	11	16	21	26	31	36	41	46	51	
1479	345	0	0	2	8	9	11	2	7	12	17	22	27	32	37	42	47	52	
1480	346	0	0	2	4	5	5	63	73	83	93	103	
1481	346	0	0	4	4	5	6	7	5	64	74	84	94	104	
1482	347	0	0	2	12	13	5	63	73	83	93	103	
1483	348	0	0	2	2	3	6	56	66	76	86	96	106	
1484	349	0	0	4	14	15	16	17	6	57	67	77	87	97	107	
1485	349	0	0	2	15	16	6	56	66	76	86	96	106	
1486	349	0	0	2	16	17	6	58	68	78	88	98	108	
1487	349	0	0	4	13	14	15	16	6	55	65	75	85	95	105	
1488	350	0	0	4	12	13	14	15	11	57	62	67	72	77	82	87	92	97	102	107	
1489	351	0	0	4	9	10	11	12	6	58	68	78	88	98	108	
1490	351	0	0	4	13	14	15	16	6	55	65	75	85	95	105	
1491	352	0	0	4	6	7	8	9	5	61	71	81	91	101	
1492	353	0	0	2	6	7	11	59	64	69	74	79	84	89	94	99	104	109	
1493	354	0	0	2	10	11	5	7	17	27	37	47	
1494	355	0	0	2	16	17	11	59	64	69	74	79	84	89	94	99	104	109	
1495	356	0	0	2	5	6	5	64	74	84	94	104	
1496	357	0	0	2	4	5	11	4	9	14	19	24	29	34	39	44	49	54	
1497	357	0	0	2	16	17	11	3	8	13	18	23	28	33	38	43	48	53	
1498	358	0	0	2	10	11	6	56	66	76	86	96	106	
1499	358	0	0	4	4	5	6	7	6	58	68	78	88	98	108	
1500	359	0	0	4	6	7	8	9	5	5	15	25	35	45	
1501	359	0	0	4	2	3	4	5	5	8	18	28	38	48	
1502	360	0	0	2	10	11	11	56	61	66	71	76	81	86	91	96	101	106	
1503	360	0	0	4	0	1	2	3	11	55	60	65	70	75	80	85	90	95	100	105	
1504	361	0	0	2	6	7	6	4	14	24	34	44	54	
1505	362	0	0	4	9	10	11	12	6	0	10	20	30	40	50	
1506	362	0	0	2	16	17	6	1	11	21	31	41	51	
1507	363	0	0	2	0	1	11	0	5	10	15	20	25	30	35	40	45	50	
1508	364	0	0	4	14	15	16	17	6	3	13	23	33	43	53	
1509	364	0	0	2	16	17	6	2	12	22	32	42	52	
1510	365	0	0	4	13	14	15	16	11	56	61	66	71	76	81	86	91	96	101	106	
1511	365	0	0	2	5	6	11	57	62	67	72	77	82	87	92	97	102	107	
1512	366	0	0	2	7	8	5	61	71	81	91	101	
1513	366	0	0	2	9	10	5	60	70	80	90	100	
1514	366	0	0	2	1	2	5	62	72	82	92	102	
1515	366	0	0	4	5	6	7	8	5	63	73	83	93	103	
1516	367	0	0	2	13	14	6	57	67	77	87	97	107	
1517	367	0	0	2	14	15	6	59	69	79	89	99	109	
1518	368	0	0	4	1	2	3	4	5	8	18	28	38	48	
1519	369	0	0	4	11	12	13	14	11	58	63	68	73	78	83	88	93	98	103	108	
1520	370	0	0	2	1	2	5	8	18	28	38	48	
1521	371	0	0	2	16	17	11	59	64	69	74	79	84	89	94	99	104	109	
1522	371	0	0	2	9	10	11	55	60	65	70	75	80	85	90	95	100	105	
1523	372	0	0	4	0	1	2	3	5	9	19	29	39	49	
1524	373	0	0	2	12	13	6	0	10	20	30	40	50	
1525	374	0	0	2	6	7	5	60	70	80	90	100	
1526	375	0	0	4	4	5	6	7	11	59	64	69	74	79	84	89	94	99	104	109	
1527	376	0	0	2	9	10	6	58	68	78	88	98	108	
1528	377	0	0	4	2	3	4	5	6	55	65	75	85	95	105	
1529	377	0	0	4	6	7	8	9	6	59	69	79	89	99	109	
1530	378	0	0	4	0	1	2	3	5	6	16	26	36	46	
1531	379	0	0	4	7	8	9	10	11	1	6	11	16	21	26	31	36	41	46	51	
1532	379	0	0	4	2	3	4	5	11	4	9	14	19	24	29	34	39	44	49	54	
1533	380	0	0	2	3	4	11	1	6	11	16	21	26	31	36	41	46	51	
1534	381	0	0	4	12	13	14	15	11	58	63	68	73	78	83	88	93	98	103	108	
1535	381	0	0	2	1	2	11	59	64	69	74	79	84	89	94	99	104	109	
1536	382	0	0	2	16	17	6	1	11	21	31	41	51	
1537	382	0	0	2	9	10	6	0	10	20	30	40	50	
1538	383	0	0	2	12	13	11	3	8	13	18	23	28	33	38	43	48	53	
1539	384	0	0	2	0	1	11	56	61	66	71	76	81	86	91	96	101	106	
1540	384	0	0	4	6	7	8	9	11	55	60	65	70	75	80	85	90	95	100	105	
1541	385	0	0	4	11	12	13	14	5	6	16	26	36	46	
1542	385	0	0	2	9	10	5	5	15	25	35	45	
1543	386	0	0	4	12	13	14	15	5	64	74	84	94	104	
1544	386	0	0	2	0	1	5	61	71	81	91	101	
1545	387	0	0	2	16	17	6	2	12	22	32	42	52	
1546	388	0	0	4	4	5	6	7	5	62	72	82	92	102	
1547	389	0	0	4	9	10	11	12	5	60	70	80	90	100	
1548	390	0	0	4	0	1	2	3	6	0	10	20	30	40	50	
1549	390	0	0	2	10	11	6	3	13	23	33	43	53	
1550	391	0	0	2	3	4	11	0	5	10	15	20	25	30	35	40	45	50	
1551	392	0	0	2	15	16	6	3	13	23	33	43	53	
1552	392	0	0	4	5	6	7	8	6	1	11	21	31	41	51	
1553	393	0	0	4	2	3	4	5	5	61	71	81	91	101	
1554	393	0	0	4	6	7	8	9	5	63	73	83	93	103	
1555	394	0	0	2	0	1	5	61	71	81	91	101	
1556	394	0	0	2	16	17	5	63	73	83	93	103	
1557	395	0	0	2	6	7	6	56	66	76	86	96	106	
1558	396	0	0	4	10	11	12	13	5	7	17	27	37	47	
1559	397	0	0	2	1	2	6	1	11	21	31	41	51	
1560	397	0	0	2	2	3	6	3	13	23	33	43	53	
1561	398	0	0	4	6	7	8	9	6	55	65	75	85	95	105	
1562	399	0	0	4	1	2	3	4	5	8	18	28	38	48	
1563	399	0	0	4	10	11	12	13	5	7	17	27	37	47	

