1606	891	715
0
0 	 0 	 0 	 7 	 2 	 14 	 15 	 5 	 9 	 19 	 29 	 39 	 49
1 	 0 	 0 	 6 	 2 	 14 	 15 	 5 	 6 	 16 	 26 	 36 	 46
2 	 0 	 0 	 8 	 2 	 2 	 3 	 5 	 5 	 15 	 25 	 35 	 45
3 	 1 	 0 	 6 	 2 	 14 	 15 	 5 	 5 	 15 	 25 	 35 	 45
4 	 2 	 0 	 4 	 2 	 4 	 5 	 6 	 3 	 13 	 23 	 33 	 43 	 53
5 	 3 	 0 	 4 	 4 	 2 	 3 	 4 	 5 	 11 	 56 	 61 	 66 	 71 	 76 	 81 	 86 	 91 	 96 	 101 	 106
6 	 4 	 0 	 9 	 6 	 5 	 6 	 7 	 8 	 9 	 10 	 6 	 3 	 13 	 23 	 33 	 43 	 53
7 	 4 	 0 	 4 	 4 	 3 	 4 	 5 	 6 	 6 	 1 	 11 	 21 	 31 	 41 	 51
8 	 5 	 0 	 10 	 4 	 2 	 3 	 4 	 5 	 5 	 61 	 71 	 81 	 91 	 101
9 	 6 	 0 	 5 	 4 	 8 	 9 	 10 	 11 	 11 	 57 	 62 	 67 	 72 	 77 	 82 	 87 	 92 	 97 	 102 	 107
10 	 7 	 0 	 6 	 2 	 0 	 1 	 6 	 3 	 13 	 23 	 33 	 43 	 53
11 	 7 	 0 	 1 	 2 	 2 	 3 	 6 	 3 	 13 	 23 	 33 	 43 	 53
12 	 7 	 0 	 10 	 2 	 4 	 5 	 6 	 3 	 13 	 23 	 33 	 43 	 53
13 	 7 	 0 	 9 	 2 	 6 	 7 	 6 	 3 	 13 	 23 	 33 	 43 	 53
14 	 7 	 0 	 2 	 2 	 8 	 9 	 6 	 3 	 13 	 23 	 33 	 43 	 53
15 	 7 	 0 	 4 	 2 	 10 	 11 	 6 	 3 	 13 	 23 	 33 	 43 	 53
16 	 7 	 0 	 10 	 2 	 12 	 13 	 6 	 3 	 13 	 23 	 33 	 43 	 53
17 	 7 	 0 	 3 	 2 	 14 	 15 	 6 	 3 	 13 	 23 	 33 	 43 	 53
18 	 7 	 0 	 7 	 2 	 16 	 17 	 6 	 3 	 13 	 23 	 33 	 43 	 53
19 	 8 	 0 	 2 	 2 	 0 	 1 	 6 	 58 	 68 	 78 	 88 	 98 	 108
20 	 8 	 0 	 4 	 2 	 8 	 9 	 6 	 57 	 67 	 77 	 87 	 97 	 107
21 	 8 	 0 	 1 	 2 	 4 	 5 	 6 	 56 	 66 	 76 	 86 	 96 	 106
22 	 9 	 0 	 10 	 2 	 6 	 7 	 6 	 58 	 68 	 78 	 88 	 98 	 108
23 	 10 	 0 	 9 	 2 	 3 	 4 	 11 	 55 	 60 	 65 	 70 	 75 	 80 	 85 	 90 	 95 	 100 	 105
24 	 11 	 0 	 1 	 2 	 11 	 12 	 5 	 60 	 70 	 80 	 90 	 100
25 	 12 	 0 	 8 	 2 	 3 	 4 	 6 	 58 	 68 	 78 	 88 	 98 	 108
26 	 13 	 0 	 6 	 2 	 9 	 10 	 6 	 59 	 69 	 79 	 89 	 99 	 109
27 	 13 	 0 	 1 	 2 	 11 	 12 	 6 	 59 	 69 	 79 	 89 	 99 	 109
28 	 13 	 0 	 9 	 2 	 13 	 14 	 6 	 59 	 69 	 79 	 89 	 99 	 109
29 	 13 	 0 	 8 	 2 	 15 	 16 	 6 	 59 	 69 	 79 	 89 	 99 	 109
30 	 14 	 0 	 10 	 4 	 9 	 10 	 11 	 12 	 6 	 4 	 14 	 24 	 34 	 44 	 54
31 	 15 	 0 	 5 	 2 	 3 	 4 	 5 	 64 	 74 	 84 	 94 	 104
32 	 16 	 0 	 3 	 2 	 2 	 3 	 5 	 61 	 71 	 81 	 91 	 101
33 	 17 	 0 	 3 	 4 	 5 	 6 	 7 	 8 	 6 	 3 	 13 	 23 	 33 	 43 	 53
34 	 18 	 0 	 1 	 2 	 3 	 4 	 5 	 64 	 74 	 84 	 94 	 104
35 	 18 	 0 	 7 	 2 	 16 	 17 	 5 	 61 	 71 	 81 	 91 	 101
36 	 18 	 0 	 4 	 6 	 1 	 2 	 3 	 4 	 5 	 6 	 5 	 63 	 73 	 83 	 93 	 103
37 	 19 	 0 	 5 	 2 	 5 	 6 	 11 	 55 	 60 	 65 	 70 	 75 	 80 	 85 	 90 	 95 	 100 	 105
38 	 19 	 0 	 8 	 2 	 7 	 8 	 11 	 55 	 60 	 65 	 70 	 75 	 80 	 85 	 90 	 95 	 100 	 105
39 	 19 	 0 	 4 	 2 	 9 	 10 	 11 	 55 	 60 	 65 	 70 	 75 	 80 	 85 	 90 	 95 	 100 	 105
40 	 19 	 0 	 1 	 2 	 11 	 12 	 11 	 55 	 60 	 65 	 70 	 75 	 80 	 85 	 90 	 95 	 100 	 105
41 	 19 	 0 	 7 	 2 	 13 	 14 	 11 	 55 	 60 	 65 	 70 	 75 	 80 	 85 	 90 	 95 	 100 	 105
42 	 19 	 0 	 3 	 2 	 15 	 16 	 11 	 55 	 60 	 65 	 70 	 75 	 80 	 85 	 90 	 95 	 100 	 105
43 	 20 	 0 	 6 	 4 	 6 	 7 	 8 	 9 	 5 	 60 	 70 	 80 	 90 	 100
44 	 21 	 0 	 9 	 2 	 8 	 9 	 6 	 1 	 11 	 21 	 31 	 41 	 51
45 	 22 	 0 	 6 	 2 	 0 	 1 	 5 	 63 	 73 	 83 	 93 	 103
46 	 22 	 0 	 7 	 2 	 2 	 3 	 5 	 63 	 73 	 83 	 93 	 103
47 	 22 	 0 	 7 	 2 	 4 	 5 	 5 	 63 	 73 	 83 	 93 	 103
48 	 22 	 0 	 4 	 2 	 6 	 7 	 5 	 63 	 73 	 83 	 93 	 103
49 	 22 	 0 	 2 	 2 	 8 	 9 	 5 	 63 	 73 	 83 	 93 	 103
50 	 22 	 0 	 9 	 2 	 10 	 11 	 5 	 63 	 73 	 83 	 93 	 103
51 	 22 	 0 	 9 	 2 	 12 	 13 	 5 	 63 	 73 	 83 	 93 	 103
52 	 22 	 0 	 6 	 2 	 14 	 15 	 5 	 63 	 73 	 83 	 93 	 103
53 	 22 	 0 	 2 	 2 	 16 	 17 	 5 	 63 	 73 	 83 	 93 	 103
54 	 23 	 0 	 10 	 4 	 7 	 8 	 9 	 10 	 6 	 55 	 65 	 75 	 85 	 95 	 105
55 	 24 	 0 	 1 	 2 	 8 	 9 	 6 	 2 	 12 	 22 	 32 	 42 	 52
56 	 25 	 0 	 3 	 2 	 6 	 7 	 5 	 60 	 70 	 80 	 90 	 100
57 	 26 	 0 	 10 	 2 	 5 	 6 	 5 	 5 	 15 	 25 	 35 	 45
58 	 26 	 0 	 2 	 2 	 15 	 16 	 5 	 8 	 18 	 28 	 38 	 48
59 	 26 	 0 	 4 	 2 	 13 	 14 	 5 	 9 	 19 	 29 	 39 	 49
60 	 27 	 0 	 6 	 2 	 5 	 6 	 11 	 59 	 64 	 69 	 74 	 79 	 84 	 89 	 94 	 99 	 104 	 109
61 	 28 	 0 	 7 	 2 	 1 	 2 	 6 	 55 	 65 	 75 	 85 	 95 	 105
62 	 29 	 0 	 3 	 2 	 10 	 11 	 6 	 0 	 10 	 20 	 30 	 40 	 50
63 	 30 	 0 	 5 	 2 	 16 	 17 	 5 	 63 	 73 	 83 	 93 	 103
64 	 31 	 0 	 8 	 2 	 16 	 17 	 5 	 61 	 71 	 81 	 91 	 101
65 	 32 	 0 	 3 	 2 	 6 	 7 	 5 	 8 	 18 	 28 	 38 	 48
66 	 33 	 0 	 6 	 2 	 15 	 16 	 11 	 2 	 7 	 12 	 17 	 22 	 27 	 32 	 37 	 42 	 47 	 52
67 	 34 	 0 	 8 	 2 	 6 	 7 	 5 	 7 	 17 	 27 	 37 	 47
68 	 34 	 0 	 10 	 2 	 8 	 9 	 5 	 7 	 17 	 27 	 37 	 47
69 	 34 	 0 	 7 	 2 	 10 	 11 	 5 	 7 	 17 	 27 	 37 	 47
70 	 34 	 0 	 6 	 2 	 12 	 13 	 5 	 7 	 17 	 27 	 37 	 47
71 	 34 	 0 	 1 	 2 	 14 	 15 	 5 	 7 	 17 	 27 	 37 	 47
72 	 35 	 0 	 8 	 2 	 0 	 1 	 6 	 0 	 10 	 20 	 30 	 40 	 50
73 	 35 	 0 	 6 	 2 	 2 	 3 	 6 	 0 	 10 	 20 	 30 	 40 	 50
74 	 35 	 0 	 4 	 2 	 4 	 5 	 6 	 0 	 10 	 20 	 30 	 40 	 50
75 	 35 	 0 	 4 	 2 	 6 	 7 	 6 	 0 	 10 	 20 	 30 	 40 	 50
76 	 35 	 0 	 10 	 2 	 8 	 9 	 6 	 0 	 10 	 20 	 30 	 40 	 50
77 	 35 	 0 	 2 	 2 	 10 	 11 	 6 	 0 	 10 	 20 	 30 	 40 	 50
78 	 35 	 0 	 3 	 2 	 12 	 13 	 6 	 0 	 10 	 20 	 30 	 40 	 50
79 	 35 	 0 	 5 	 2 	 14 	 15 	 6 	 0 	 10 	 20 	 30 	 40 	 50
80 	 35 	 0 	 7 	 2 	 16 	 17 	 6 	 0 	 10 	 20 	 30 	 40 	 50
81 	 36 	 0 	 8 	 4 	 14 	 15 	 16 	 17 	 11 	 4 	 9 	 14 	 19 	 24 	 29 	 34 	 39 	 44 	 49 	 54
82 	 37 	 0 	 5 	 4 	 1 	 2 	 3 	 4 	 5 	 9 	 19 	 29 	 39 	 49
83 	 38 	 0 	 10 	 2 	 12 	 13 	 11 	 57 	 62 	 67 	 72 	 77 	 82 	 87 	 92 	 97 	 102 	 107
84 	 38 	 0 	 10 	 2 	 15 	 16 	 11 	 55 	 60 	 65 	 70 	 75 	 80 	 85 	 90 	 95 	 100 	 105
85 	 39 	 0 	 5 	 2 	 0 	 1 	 6 	 56 	 66 	 76 	 86 	 96 	 106
86 	 39 	 0 	 10 	 4 	 1 	 2 	 3 	 4 	 6 	 55 	 65 	 75 	 85 	 95 	 105
87 	 39 	 0 	 2 	 2 	 3 	 4 	 6 	 58 	 68 	 78 	 88 	 98 	 108
88 	 40 	 0 	 8 	 2 	 10 	 11 	 6 	 2 	 12 	 22 	 32 	 42 	 52
89 	 41 	 0 	 8 	 2 	 15 	 16 	 11 	 56 	 61 	 66 	 71 	 76 	 81 	 86 	 91 	 96 	 101 	 106
90 	 41 	 0 	 4 	 2 	 12 	 13 	 11 	 55 	 60 	 65 	 70 	 75 	 80 	 85 	 90 	 95 	 100 	 105
91 	 41 	 0 	 9 	 2 	 11 	 12 	 11 	 59 	 64 	 69 	 74 	 79 	 84 	 89 	 94 	 99 	 104 	 109
92 	 42 	 0 	 2 	 2 	 2 	 3 	 5 	 60 	 70 	 80 	 90 	 100
93 	 43 	 0 	 10 	 2 	 6 	 7 	 11 	 3 	 8 	 13 	 18 	 23 	 28 	 33 	 38 	 43 	 48 	 53
94 	 44 	 0 	 4 	 2 	 2 	 3 	 5 	 9 	 19 	 29 	 39 	 49
95 	 45 	 0 	 4 	 2 	 8 	 9 	 11 	 3 	 8 	 13 	 18 	 23 	 28 	 33 	 38 	 43 	 48 	 53
96 	 45 	 0 	 10 	 2 	 12 	 13 	 11 	 4 	 9 	 14 	 19 	 24 	 29 	 34 	 39 	 44 	 49 	 54
97 	 45 	 0 	 1 	 2 	 3 	 4 	 11 	 0 	 5 	 10 	 15 	 20 	 25 	 30 	 35 	 40 	 45 	 50
98 	 46 	 0 	 7 	 2 	 1 	 2 	 6 	 2 	 12 	 22 	 32 	 42 	 52
99 	 46 	 0 	 9 	 2 	 3 	 4 	 6 	 2 	 12 	 22 	 32 	 42 	 52
100 	 46 	 0 	 4 	 2 	 5 	 6 	 6 	 2 	 12 	 22 	 32 	 42 	 52
101 	 46 	 0 	 5 	 2 	 7 	 8 	 6 	 2 	 12 	 22 	 32 	 42 	 52
102 	 46 	 0 	 2 	 2 	 9 	 10 	 6 	 2 	 12 	 22 	 32 	 42 	 52
103 	 46 	 0 	 9 	 2 	 11 	 12 	 6 	 2 	 12 	 22 	 32 	 42 	 52
104 	 46 	 0 	 3 	 2 	 13 	 14 	 6 	 2 	 12 	 22 	 32 	 42 	 52
105 	 46 	 0 	 5 	 2 	 15 	 16 	 6 	 2 	 12 	 22 	 32 	 42 	 52
106 	 47 	 0 	 9 	 4 	 8 	 9 	 10 	 11 	 11 	 4 	 9 	 14 	 19 	 24 	 29 	 34 	 39 	 44 	 49 	 54
107 	 47 	 0 	 8 	 2 	 4 	 5 	 11 	 3 	 8 	 13 	 18 	 23 	 28 	 33 	 38 	 43 	 48 	 53
108 	 47 	 0 	 9 	 4 	 7 	 8 	 9 	 10 	 11 	 2 	 7 	 12 	 17 	 22 	 27 	 32 	 37 	 42 	 47 	 52
109 	 48 	 0 	 5 	 2 	 2 	 3 	 11 	 59 	 64 	 69 	 74 	 79 	 84 	 89 	 94 	 99 	 104 	 109
110 	 48 	 0 	 4 	 2 	 4 	 5 	 11 	 59 	 64 	 69 	 74 	 79 	 84 	 89 	 94 	 99 	 104 	 109
111 	 48 	 0 	 1 	 2 	 6 	 7 	 11 	 59 	 64 	 69 	 74 	 79 	 84 	 89 	 94 	 99 	 104 	 109
112 	 48 	 0 	 4 	 2 	 8 	 9 	 11 	 59 	 64 	 69 	 74 	 79 	 84 	 89 	 94 	 99 	 104 	 109
113 	 48 	 0 	 9 	 2 	 10 	 11 	 11 	 59 	 64 	 69 	 74 	 79 	 84 	 89 	 94 	 99 	 104 	 109
114 	 48 	 0 	 10 	 2 	 12 	 13 	 11 	 59 	 64 	 69 	 74 	 79 	 84 	 89 	 94 	 99 	 104 	 109
115 	 48 	 0 	 6 	 2 	 14 	 15 	 11 	 59 	 64 	 69 	 74 	 79 	 84 	 89 	 94 	 99 	 104 	 109
116 	 48 	 0 	 9 	 2 	 16 	 17 	 11 	 59 	 64 	 69 	 74 	 79 	 84 	 89 	 94 	 99 	 104 	 109
117 	 49 	 0 	 2 	 2 	 9 	 10 	 6 	 58 	 68 	 78 	 88 	 98 	 108
118 	 50 	 0 	 7 	 2 	 11 	 12 	 6 	 0 	 10 	 20 	 30 	 40 	 50
119 	 51 	 0 	 1 	 2 	 12 	 13 	 11 	 56 	 61 	 66 	 71 	 76 	 81 	 86 	 91 	 96 	 101 	 106
120 	 51 	 0 	 5 	 2 	 12 	 13 	 11 	 55 	 60 	 65 	 70 	 75 	 80 	 85 	 90 	 95 	 100 	 105
121 	 51 	 0 	 5 	 2 	 4 	 5 	 11 	 59 	 64 	 69 	 74 	 79 	 84 	 89 	 94 	 99 	 104 	 109
122 	 52 	 0 	 5 	 2 	 1 	 2 	 11 	 1 	 6 	 11 	 16 	 21 	 26 	 31 	 36 	 41 	 46 	 51
123 	 52 	 0 	 4 	 2 	 7 	 8 	 11 	 3 	 8 	 13 	 18 	 23 	 28 	 33 	 38 	 43 	 48 	 53
124 	 53 	 0 	 1 	 2 	 15 	 16 	 6 	 1 	 11 	 21 	 31 	 41 	 51
125 	 54 	 0 	 3 	 4 	 14 	 15 	 16 	 17 	 5 	 60 	 70 	 80 	 90 	 100
126 	 55 	 0 	 8 	 2 	 10 	 11 	 6 	 57 	 67 	 77 	 87 	 97 	 107
127 	 56 	 0 	 7 	 4 	 5 	 6 	 7 	 8 	 5 	 63 	 73 	 83 	 93 	 103
128 	 56 	 0 	 6 	 2 	 10 	 11 	 5 	 62 	 72 	 82 	 92 	 102
129 	 56 	 0 	 2 	 2 	 9 	 10 	 5 	 60 	 70 	 80 	 90 	 100
130 	 57 	 0 	 3 	 2 	 1 	 2 	 6 	 0 	 10 	 20 	 30 	 40 	 50
131 	 57 	 0 	 9 	 6 	 5 	 6 	 7 	 8 	 9 	 10 	 6 	 1 	 11 	 21 	 31 	 41 	 51
132 	 57 	 0 	 6 	 2 	 10 	 11 	 6 	 3 	 13 	 23 	 33 	 43 	 53
133 	 58 	 0 	 2 	 6 	 9 	 10 	 11 	 12 	 13 	 14 	 6 	 4 	 14 	 24 	 34 	 44 	 54
134 	 58 	 0 	 5 	 4 	 9 	 10 	 11 	 12 	 6 	 1 	 11 	 21 	 31 	 41 	 51
135 	 58 	 0 	 6 	 2 	 6 	 7 	 6 	 3 	 13 	 23 	 33 	 43 	 53
136 	 59 	 0 	 3 	 2 	 4 	 5 	 6 	 59 	 69 	 79 	 89 	 99 	 109
137 	 60 	 0 	 3 	 2 	 10 	 11 	 11 	 1 	 6 	 11 	 16 	 21 	 26 	 31 	 36 	 41 	 46 	 51
138 	 61 	 0 	 4 	 4 	 7 	 8 	 9 	 10 	 5 	 9 	 19 	 29 	 39 	 49
139 	 61 	 0 	 8 	 2 	 13 	 14 	 5 	 6 	 16 	 26 	 36 	 46
140 	 62 	 0 	 8 	 2 	 8 	 9 	 5 	 8 	 18 	 28 	 38 	 48
141 	 63 	 0 	 2 	 2 	 0 	 1 	 11 	 1 	 6 	 11 	 16 	 21 	 26 	 31 	 36 	 41 	 46 	 51
142 	 64 	 0 	 4 	 4 	 11 	 12 	 13 	 14 	 11 	 59 	 64 	 69 	 74 	 79 	 84 	 89 	 94 	 99 	 104 	 109
143 	 65 	 0 	 6 	 2 	 15 	 16 	 5 	 64 	 74 	 84 	 94 	 104
144 	 66 	 0 	 5 	 4 	 3 	 4 	 5 	 6 	 5 	 64 	 74 	 84 	 94 	 104
145 	 67 	 0 	 7 	 2 	 9 	 10 	 6 	 57 	 67 	 77 	 87 	 97 	 107
146 	 68 	 0 	 6 	 2 	 10 	 11 	 11 	 2 	 7 	 12 	 17 	 22 	 27 	 32 	 37 	 42 	 47 	 52
147 	 69 	 0 	 4 	 2 	 5 	 6 	 6 	 55 	 65 	 75 	 85 	 95 	 105
148 	 70 	 0 	 6 	 2 	 15 	 16 	 6 	 4 	 14 	 24 	 34 	 44 	 54
149 	 71 	 0 	 2 	 4 	 12 	 13 	 14 	 15 	 5 	 62 	 72 	 82 	 92 	 102
150 	 71 	 0 	 1 	 2 	 4 	 5 	 5 	 61 	 71 	 81 	 91 	 101
151 	 71 	 0 	 10 	 2 	 0 	 1 	 5 	 64 	 74 	 84 	 94 	 104
152 	 72 	 0 	 2 	 2 	 16 	 17 	 11 	 56 	 61 	 66 	 71 	 76 	 81 	 86 	 91 	 96 	 101 	 106
153 	 73 	 0 	 7 	 2 	 15 	 16 	 6 	 57 	 67 	 77 	 87 	 97 	 107
154 	 74 	 0 	 5 	 2 	 0 	 1 	 6 	 3 	 13 	 23 	 33 	 43 	 53
155 	 74 	 0 	 10 	 2 	 2 	 3 	 6 	 3 	 13 	 23 	 33 	 43 	 53
156 	 74 	 0 	 5 	 2 	 4 	 5 	 6 	 3 	 13 	 23 	 33 	 43 	 53
157 	 74 	 0 	 9 	 2 	 6 	 7 	 6 	 3 	 13 	 23 	 33 	 43 	 53
158 	 74 	 0 	 1 	 2 	 8 	 9 	 6 	 3 	 13 	 23 	 33 	 43 	 53
159 	 74 	 0 	 9 	 2 	 10 	 11 	 6 	 3 	 13 	 23 	 33 	 43 	 53
160 	 74 	 0 	 9 	 2 	 12 	 13 	 6 	 3 	 13 	 23 	 33 	 43 	 53
161 	 74 	 0 	 4 	 2 	 14 	 15 	 6 	 3 	 13 	 23 	 33 	 43 	 53
162 	 75 	 0 	 6 	 2 	 15 	 16 	 11 	 2 	 7 	 12 	 17 	 22 	 27 	 32 	 37 	 42 	 47 	 52
163 	 76 	 0 	 4 	 2 	 10 	 11 	 5 	 63 	 73 	 83 	 93 	 103
164 	 77 	 0 	 6 	 4 	 5 	 6 	 7 	 8 	 11 	 55 	 60 	 65 	 70 	 75 	 80 	 85 	 90 	 95 	 100 	 105
165 	 77 	 0 	 5 	 2 	 9 	 10 	 11 	 57 	 62 	 67 	 72 	 77 	 82 	 87 	 92 	 97 	 102 	 107
166 	 78 	 0 	 6 	 2 	 7 	 8 	 6 	 3 	 13 	 23 	 33 	 43 	 53
167 	 78 	 0 	 1 	 2 	 13 	 14 	 6 	 2 	 12 	 22 	 32 	 42 	 52
168 	 79 	 0 	 3 	 4 	 4 	 5 	 6 	 7 	 11 	 55 	 60 	 65 	 70 	 75 	 80 	 85 	 90 	 95 	 100 	 105
169 	 80 	 0 	 8 	 2 	 16 	 17 	 6 	 1 	 11 	 21 	 31 	 41 	 51
170 	 80 	 0 	 8 	 2 	 13 	 14 	 6 	 4 	 14 	 24 	 34 	 44 	 54
171 	 81 	 0 	 9 	 2 	 6 	 7 	 5 	 62 	 72 	 82 	 92 	 102
172 	 81 	 0 	 10 	 6 	 11 	 12 	 13 	 14 	 15 	 16 	 5 	 61 	 71 	 81 	 91 	 101
173 	 82 	 0 	 10 	 2 	 10 	 11 	 11 	 0 	 5 	 10 	 15 	 20 	 25 	 30 	 35 	 40 	 45 	 50
174 	 83 	 0 	 5 	 2 	 0 	 1 	 5 	 62 	 72 	 82 	 92 	 102
175 	 84 	 0 	 8 	 2 	 6 	 7 	 5 	 60 	 70 	 80 	 90 	 100
176 	 85 	 0 	 3 	 2 	 16 	 17 	 6 	 3 	 13 	 23 	 33 	 43 	 53
177 	 86 	 0 	 1 	 4 	 0 	 1 	 2 	 3 	 6 	 59 	 69 	 79 	 89 	 99 	 109
178 	 87 	 0 	 7 	 4 	 0 	 1 	 2 	 3 	 11 	 57 	 62 	 67 	 72 	 77 	 82 	 87 	 92 	 97 	 102 	 107
179 	 88 	 0 	 2 	 4 	 13 	 14 	 15 	 16 	 11 	 59 	 64 	 69 	 74 	 79 	 84 	 89 	 94 	 99 	 104 	 109
180 	 88 	 0 	 5 	 2 	 11 	 12 	 11 	 58 	 63 	 68 	 73 	 78 	 83 	 88 	 93 	 98 	 103 	 108
181 	 88 	 0 	 3 	 2 	 8 	 9 	 11 	 57 	 62 	 67 	 72 	 77 	 82 	 87 	 92 	 97 	 102 	 107
182 	 89 	 0 	 1 	 2 	 15 	 16 	 11 	 59 	 64 	 69 	 74 	 79 	 84 	 89 	 94 	 99 	 104 	 109
183 	 90 	 0 	 5 	 2 	 5 	 6 	 11 	 57 	 62 	 67 	 72 	 77 	 82 	 87 	 92 	 97 	 102 	 107
184 	 90 	 0 	 1 	 2 	 14 	 15 	 11 	 55 	 60 	 65 	 70 	 75 	 80 	 85 	 90 	 95 	 100 	 105
185 	 90 	 0 	 3 	 2 	 16 	 17 	 11 	 56 	 61 	 66 	 71 	 76 	 81 	 86 	 91 	 96 	 101 	 106
186 	 91 	 0 	 1 	 2 	 12 	 13 	 11 	 59 	 64 	 69 	 74 	 79 	 84 	 89 	 94 	 99 	 104 	 109
187 	 92 	 0 	 9 	 2 	 0 	 1 	 6 	 0 	 10 	 20 	 30 	 40 	 50
188 	 93 	 0 	 6 	 6 	 10 	 11 	 12 	 13 	 14 	 15 	 5 	 7 	 17 	 27 	 37 	 47
189 	 94 	 0 	 10 	 2 	 4 	 5 	 6 	 56 	 66 	 76 	 86 	 96 	 106
190 	 95 	 0 	 7 	 2 	 0 	 1 	 6 	 4 	 14 	 24 	 34 	 44 	 54
191 	 95 	 0 	 9 	 2 	 2 	 3 	 6 	 4 	 14 	 24 	 34 	 44 	 54
192 	 95 	 0 	 2 	 2 	 4 	 5 	 6 	 4 	 14 	 24 	 34 	 44 	 54
193 	 95 	 0 	 9 	 2 	 6 	 7 	 6 	 4 	 14 	 24 	 34 	 44 	 54
194 	 95 	 0 	 8 	 2 	 8 	 9 	 6 	 4 	 14 	 24 	 34 	 44 	 54
195 	 95 	 0 	 1 	 2 	 10 	 11 	 6 	 4 	 14 	 24 	 34 	 44 	 54
196 	 95 	 0 	 4 	 2 	 12 	 13 	 6 	 4 	 14 	 24 	 34 	 44 	 54
197 	 95 	 0 	 7 	 2 	 14 	 15 	 6 	 4 	 14 	 24 	 34 	 44 	 54
198 	 95 	 0 	 1 	 2 	 16 	 17 	 6 	 4 	 14 	 24 	 34 	 44 	 54
199 	 96 	 0 	 3 	 2 	 5 	 6 	 6 	 0 	 10 	 20 	 30 	 40 	 50
200 	 96 	 0 	 3 	 2 	 7 	 8 	 6 	 0 	 10 	 20 	 30 	 40 	 50
201 	 96 	 0 	 4 	 2 	 9 	 10 	 6 	 0 	 10 	 20 	 30 	 40 	 50
202 	 96 	 0 	 4 	 2 	 11 	 12 	 6 	 0 	 10 	 20 	 30 	 40 	 50
203 	 96 	 0 	 8 	 2 	 13 	 14 	 6 	 0 	 10 	 20 	 30 	 40 	 50
204 	 96 	 0 	 10 	 2 	 15 	 16 	 6 	 0 	 10 	 20 	 30 	 40 	 50
205 	 97 	 0 	 2 	 2 	 4 	 5 	 11 	 59 	 64 	 69 	 74 	 79 	 84 	 89 	 94 	 99 	 104 	 109
206 	 97 	 0 	 1 	 4 	 9 	 10 	 11 	 12 	 11 	 56 	 61 	 66 	 71 	 76 	 81 	 86 	 91 	 96 	 101 	 106
207 	 97 	 0 	 2 	 2 	 6 	 7 	 11 	 57 	 62 	 67 	 72 	 77 	 82 	 87 	 92 	 97 	 102 	 107
208 	 98 	 0 	 4 	 2 	 1 	 2 	 6 	 4 	 14 	 24 	 34 	 44 	 54
209 	 99 	 0 	 8 	 2 	 16 	 17 	 5 	 6 	 16 	 26 	 36 	 46
210 	 100 	 0 	 2 	 2 	 5 	 6 	 6 	 4 	 14 	 24 	 34 	 44 	 54
211 	 101 	 0 	 1 	 2 	 2 	 3 	 5 	 63 	 73 	 83 	 93 	 103
212 	 101 	 0 	 2 	 2 	 4 	 5 	 5 	 63 	 73 	 83 	 93 	 103
213 	 101 	 0 	 3 	 2 	 6 	 7 	 5 	 63 	 73 	 83 	 93 	 103
214 	 101 	 0 	 10 	 2 	 8 	 9 	 5 	 63 	 73 	 83 	 93 	 103
215 	 101 	 0 	 6 	 2 	 10 	 11 	 5 	 63 	 73 	 83 	 93 	 103
216 	 101 	 0 	 5 	 2 	 12 	 13 	 5 	 63 	 73 	 83 	 93 	 103
217 	 101 	 0 	 4 	 2 	 14 	 15 	 5 	 63 	 73 	 83 	 93 	 103
218 	 101 	 0 	 3 	 2 	 16 	 17 	 5 	 63 	 73 	 83 	 93 	 103
219 	 102 	 0 	 1 	 4 	 3 	 4 	 5 	 6 	 11 	 59 	 64 	 69 	 74 	 79 	 84 	 89 	 94 	 99 	 104 	 109
220 	 103 	 0 	 6 	 2 	 7 	 8 	 11 	 4 	 9 	 14 	 19 	 24 	 29 	 34 	 39 	 44 	 49 	 54
221 	 104 	 0 	 1 	 2 	 13 	 14 	 11 	 4 	 9 	 14 	 19 	 24 	 29 	 34 	 39 	 44 	 49 	 54
222 	 105 	 0 	 8 	 2 	 12 	 13 	 6 	 3 	 13 	 23 	 33 	 43 	 53
223 	 105 	 0 	 6 	 2 	 10 	 11 	 6 	 4 	 14 	 24 	 34 	 44 	 54
224 	 105 	 0 	 5 	 2 	 6 	 7 	 6 	 2 	 12 	 22 	 32 	 42 	 52
225 	 106 	 0 	 2 	 2 	 4 	 5 	 6 	 55 	 65 	 75 	 85 	 95 	 105
226 	 106 	 0 	 4 	 2 	 8 	 9 	 6 	 59 	 69 	 79 	 89 	 99 	 109
227 	 106 	 0 	 8 	 4 	 13 	 14 	 15 	 16 	 6 	 57 	 67 	 77 	 87 	 97 	 107
228 	 107 	 0 	 10 	 2 	 11 	 12 	 11 	 3 	 8 	 13 	 18 	 23 	 28 	 33 	 38 	 43 	 48 	 53
229 	 108 	 0 	 2 	 2 	 3 	 4 	 11 	 57 	 62 	 67 	 72 	 77 	 82 	 87 	 92 	 97 	 102 	 107
230 	 108 	 0 	 4 	 2 	 5 	 6 	 11 	 57 	 62 	 67 	 72 	 77 	 82 	 87 	 92 	 97 	 102 	 107
231 	 108 	 0 	 10 	 2 	 7 	 8 	 11 	 57 	 62 	 67 	 72 	 77 	 82 	 87 	 92 	 97 	 102 	 107
232 	 108 	 0 	 1 	 2 	 9 	 10 	 11 	 57 	 62 	 67 	 72 	 77 	 82 	 87 	 92 	 97 	 102 	 107
233 	 108 	 0 	 6 	 2 	 11 	 12 	 11 	 57 	 62 	 67 	 72 	 77 	 82 	 87 	 92 	 97 	 102 	 107
234 	 108 	 0 	 9 	 2 	 13 	 14 	 11 	 57 	 62 	 67 	 72 	 77 	 82 	 87 	 92 	 97 	 102 	 107
235 	 108 	 0 	 6 	 2 	 15 	 16 	 11 	 57 	 62 	 67 	 72 	 77 	 82 	 87 	 92 	 97 	 102 	 107
236 	 109 	 0 	 1 	 2 	 0 	 1 	 5 	 64 	 74 	 84 	 94 	 104
237 	 109 	 0 	 8 	 2 	 2 	 3 	 5 	 64 	 74 	 84 	 94 	 104
238 	 109 	 0 	 9 	 2 	 4 	 5 	 5 	 64 	 74 	 84 	 94 	 104
239 	 109 	 0 	 6 	 2 	 6 	 7 	 5 	 64 	 74 	 84 	 94 	 104
240 	 109 	 0 	 9 	 2 	 8 	 9 	 5 	 64 	 74 	 84 	 94 	 104
241 	 109 	 0 	 9 	 2 	 10 	 11 	 5 	 64 	 74 	 84 	 94 	 104
242 	 109 	 0 	 2 	 2 	 12 	 13 	 5 	 64 	 74 	 84 	 94 	 104
243 	 109 	 0 	 1 	 2 	 14 	 15 	 5 	 64 	 74 	 84 	 94 	 104
244 	 109 	 0 	 7 	 2 	 16 	 17 	 5 	 64 	 74 	 84 	 94 	 104
245 	 110 	 0 	 9 	 2 	 2 	 3 	 11 	 3 	 8 	 13 	 18 	 23 	 28 	 33 	 38 	 43 	 48 	 53
246 	 110 	 0 	 2 	 2 	 4 	 5 	 11 	 3 	 8 	 13 	 18 	 23 	 28 	 33 	 38 	 43 	 48 	 53
247 	 110 	 0 	 5 	 2 	 6 	 7 	 11 	 3 	 8 	 13 	 18 	 23 	 28 	 33 	 38 	 43 	 48 	 53
248 	 110 	 0 	 6 	 2 	 8 	 9 	 11 	 3 	 8 	 13 	 18 	 23 	 28 	 33 	 38 	 43 	 48 	 53
249 	 110 	 0 	 8 	 2 	 10 	 11 	 11 	 3 	 8 	 13 	 18 	 23 	 28 	 33 	 38 	 43 	 48 	 53
250 	 110 	 0 	 7 	 2 	 12 	 13 	 11 	 3 	 8 	 13 	 18 	 23 	 28 	 33 	 38 	 43 	 48 	 53
251 	 110 	 0 	 7 	 2 	 14 	 15 	 11 	 3 	 8 	 13 	 18 	 23 	 28 	 33 	 38 	 43 	 48 	 53
252 	 111 	 0 	 6 	 4 	 10 	 11 	 12 	 13 	 6 	 58 	 68 	 78 	 88 	 98 	 108
253 	 112 	 0 	 5 	 2 	 13 	 14 	 6 	 2 	 12 	 22 	 32 	 42 	 52
254 	 113 	 0 	 7 	 2 	 7 	 8 	 11 	 56 	 61 	 66 	 71 	 76 	 81 	 86 	 91 	 96 	 101 	 106
255 	 114 	 0 	 3 	 2 	 13 	 14 	 5 	 63 	 73 	 83 	 93 	 103
256 	 114 	 0 	 4 	 2 	 9 	 10 	 5 	 61 	 71 	 81 	 91 	 101
257 	 114 	 0 	 8 	 2 	 2 	 3 	 5 	 62 	 72 	 82 	 92 	 102
258 	 115 	 0 	 2 	 2 	 3 	 4 	 6 	 3 	 13 	 23 	 33 	 43 	 53
259 	 115 	 0 	 7 	 2 	 5 	 6 	 6 	 3 	 13 	 23 	 33 	 43 	 53
260 	 115 	 0 	 3 	 2 	 7 	 8 	 6 	 3 	 13 	 23 	 33 	 43 	 53
261 	 115 	 0 	 5 	 2 	 9 	 10 	 6 	 3 	 13 	 23 	 33 	 43 	 53
262 	 115 	 0 	 8 	 2 	 11 	 12 	 6 	 3 	 13 	 23 	 33 	 43 	 53
263 	 115 	 0 	 9 	 2 	 13 	 14 	 6 	 3 	 13 	 23 	 33 	 43 	 53
264 	 115 	 0 	 3 	 2 	 15 	 16 	 6 	 3 	 13 	 23 	 33 	 43 	 53
265 	 116 	 0 	 3 	 2 	 7 	 8 	 6 	 0 	 10 	 20 	 30 	 40 	 50
266 	 117 	 0 	 1 	 2 	 11 	 12 	 6 	 57 	 67 	 77 	 87 	 97 	 107
267 	 117 	 0 	 1 	 2 	 8 	 9 	 6 	 59 	 69 	 79 	 89 	 99 	 109
268 	 117 	 0 	 9 	 2 	 16 	 17 	 6 	 58 	 68 	 78 	 88 	 98 	 108
269 	 118 	 0 	 2 	 2 	 1 	 2 	 6 	 3 	 13 	 23 	 33 	 43 	 53
270 	 118 	 0 	 2 	 2 	 3 	 4 	 6 	 3 	 13 	 23 	 33 	 43 	 53
271 	 118 	 0 	 7 	 2 	 5 	 6 	 6 	 3 	 13 	 23 	 33 	 43 	 53
272 	 118 	 0 	 6 	 2 	 7 	 8 	 6 	 3 	 13 	 23 	 33 	 43 	 53
273 	 119 	 0 	 4 	 2 	 6 	 7 	 5 	 8 	 18 	 28 	 38 	 48
274 	 119 	 0 	 4 	 2 	 8 	 9 	 5 	 8 	 18 	 28 	 38 	 48
275 	 119 	 0 	 9 	 2 	 10 	 11 	 5 	 8 	 18 	 28 	 38 	 48
276 	 119 	 0 	 1 	 2 	 12 	 13 	 5 	 8 	 18 	 28 	 38 	 48
277 	 120 	 0 	 2 	 2 	 0 	 1 	 11 	 2 	 7 	 12 	 17 	 22 	 27 	 32 	 37 	 42 	 47 	 52
278 	 120 	 0 	 8 	 2 	 2 	 3 	 11 	 2 	 7 	 12 	 17 	 22 	 27 	 32 	 37 	 42 	 47 	 52
279 	 120 	 0 	 7 	 2 	 4 	 5 	 11 	 2 	 7 	 12 	 17 	 22 	 27 	 32 	 37 	 42 	 47 	 52
280 	 120 	 0 	 3 	 2 	 6 	 7 	 11 	 2 	 7 	 12 	 17 	 22 	 27 	 32 	 37 	 42 	 47 	 52
281 	 120 	 0 	 1 	 2 	 8 	 9 	 11 	 2 	 7 	 12 	 17 	 22 	 27 	 32 	 37 	 42 	 47 	 52
282 	 120 	 0 	 9 	 2 	 10 	 11 	 11 	 2 	 7 	 12 	 17 	 22 	 27 	 32 	 37 	 42 	 47 	 52
283 	 120 	 0 	 8 	 2 	 12 	 13 	 11 	 2 	 7 	 12 	 17 	 22 	 27 	 32 	 37 	 42 	 47 	 52
284 	 120 	 0 	 6 	 2 	 14 	 15 	 11 	 2 	 7 	 12 	 17 	 22 	 27 	 32 	 37 	 42 	 47 	 52
285 	 120 	 0 	 2 	 2 	 16 	 17 	 11 	 2 	 7 	 12 	 17 	 22 	 27 	 32 	 37 	 42 	 47 	 52
286 	 121 	 0 	 2 	 2 	 4 	 5 	 6 	 0 	 10 	 20 	 30 	 40 	 50
287 	 122 	 0 	 7 	 2 	 0 	 1 	 5 	 7 	 17 	 27 	 37 	 47
288 	 122 	 0 	 8 	 2 	 2 	 3 	 5 	 7 	 17 	 27 	 37 	 47
289 	 122 	 0 	 1 	 2 	 4 	 5 	 5 	 7 	 17 	 27 	 37 	 47
290 	 122 	 0 	 5 	 2 	 6 	 7 	 5 	 7 	 17 	 27 	 37 	 47
291 	 122 	 0 	 9 	 2 	 8 	 9 	 5 	 7 	 17 	 27 	 37 	 47
292 	 122 	 0 	 3 	 2 	 10 	 11 	 5 	 7 	 17 	 27 	 37 	 47
293 	 122 	 0 	 5 	 2 	 12 	 13 	 5 	 7 	 17 	 27 	 37 	 47
294 	 122 	 0 	 1 	 2 	 14 	 15 	 5 	 7 	 17 	 27 	 37 	 47
295 	 122 	 0 	 9 	 2 	 16 	 17 	 5 	 7 	 17 	 27 	 37 	 47
296 	 123 	 0 	 9 	 2 	 6 	 7 	 11 	 3 	 8 	 13 	 18 	 23 	 28 	 33 	 38 	 43 	 48 	 53
297 	 123 	 0 	 8 	 2 	 12 	 13 	 11 	 4 	 9 	 14 	 19 	 24 	 29 	 34 	 39 	 44 	 49 	 54
298 	 124 	 0 	 3 	 2 	 0 	 1 	 6 	 4 	 14 	 24 	 34 	 44 	 54
299 	 124 	 0 	 8 	 2 	 2 	 3 	 6 	 4 	 14 	 24 	 34 	 44 	 54
300 	 124 	 0 	 5 	 2 	 4 	 5 	 6 	 4 	 14 	 24 	 34 	 44 	 54
301 	 124 	 0 	 3 	 2 	 6 	 7 	 6 	 4 	 14 	 24 	 34 	 44 	 54
302 	 124 	 0 	 7 	 2 	 8 	 9 	 6 	 4 	 14 	 24 	 34 	 44 	 54
303 	 124 	 0 	 5 	 2 	 10 	 11 	 6 	 4 	 14 	 24 	 34 	 44 	 54
304 	 124 	 0 	 7 	 2 	 12 	 13 	 6 	 4 	 14 	 24 	 34 	 44 	 54
305 	 124 	 0 	 7 	 2 	 14 	 15 	 6 	 4 	 14 	 24 	 34 	 44 	 54
306 	 124 	 0 	 10 	 2 	 16 	 17 	 6 	 4 	 14 	 24 	 34 	 44 	 54
307 	 125 	 0 	 6 	 2 	 4 	 5 	 11 	 59 	 64 	 69 	 74 	 79 	 84 	 89 	 94 	 99 	 104 	 109
308 	 125 	 0 	 8 	 2 	 12 	 13 	 11 	 55 	 60 	 65 	 70 	 75 	 80 	 85 	 90 	 95 	 100 	 105
309 	 125 	 0 	 2 	 2 	 5 	 6 	 11 	 56 	 61 	 66 	 71 	 76 	 81 	 86 	 91 	 96 	 101 	 106
310 	 126 	 0 	 5 	 4 	 6 	 7 	 8 	 9 	 6 	 1 	 11 	 21 	 31 	 41 	 51
311 	 127 	 0 	 2 	 2 	 3 	 4 	 6 	 0 	 10 	 20 	 30 	 40 	 50
312 	 127 	 0 	 7 	 2 	 9 	 10 	 6 	 4 	 14 	 24 	 34 	 44 	 54
313 	 128 	 0 	 5 	 4 	 10 	 11 	 12 	 13 	 5 	 64 	 74 	 84 	 94 	 104
314 	 129 	 0 	 7 	 2 	 11 	 12 	 6 	 59 	 69 	 79 	 89 	 99 	 109
315 	 130 	 0 	 2 	 2 	 0 	 1 	 5 	 61 	 71 	 81 	 91 	 101
316 	 131 	 0 	 9 	 2 	 8 	 9 	 6 	 2 	 12 	 22 	 32 	 42 	 52
317 	 132 	 0 	 4 	 2 	 6 	 7 	 11 	 59 	 64 	 69 	 74 	 79 	 84 	 89 	 94 	 99 	 104 	 109
318 	 132 	 0 	 10 	 2 	 3 	 4 	 11 	 58 	 63 	 68 	 73 	 78 	 83 	 88 	 93 	 98 	 103 	 108
319 	 132 	 0 	 6 	 2 	 10 	 11 	 11 	 56 	 61 	 66 	 71 	 76 	 81 	 86 	 91 	 96 	 101 	 106
320 	 133 	 0 	 3 	 2 	 3 	 4 	 5 	 6 	 16 	 26 	 36 	 46
321 	 134 	 0 	 8 	 2 	 15 	 16 	 11 	 57 	 62 	 67 	 72 	 77 	 82 	 87 	 92 	 97 	 102 	 107
322 	 135 	 0 	 3 	 2 	 3 	 4 	 6 	 2 	 12 	 22 	 32 	 42 	 52
323 	 135 	 0 	 3 	 4 	 0 	 1 	 2 	 3 	 6 	 1 	 11 	 21 	 31 	 41 	 51
324 	 136 	 0 	 8 	 2 	 9 	 10 	 11 	 4 	 9 	 14 	 19 	 24 	 29 	 34 	 39 	 44 	 49 	 54
325 	 137 	 0 	 3 	 2 	 8 	 9 	 6 	 1 	 11 	 21 	 31 	 41 	 51
326 	 138 	 0 	 2 	 2 	 12 	 13 	 6 	 1 	 11 	 21 	 31 	 41 	 51
327 	 138 	 0 	 1 	 2 	 9 	 10 	 6 	 3 	 13 	 23 	 33 	 43 	 53
328 	 139 	 0 	 2 	 2 	 11 	 12 	 5 	 60 	 70 	 80 	 90 	 100
329 	 140 	 0 	 5 	 4 	 2 	 3 	 4 	 5 	 11 	 0 	 5 	 10 	 15 	 20 	 25 	 30 	 35 	 40 	 45 	 50
330 	 141 	 0 	 1 	 2 	 12 	 13 	 11 	 57 	 62 	 67 	 72 	 77 	 82 	 87 	 92 	 97 	 102 	 107
331 	 142 	 0 	 7 	 2 	 12 	 13 	 11 	 59 	 64 	 69 	 74 	 79 	 84 	 89 	 94 	 99 	 104 	 109
332 	 143 	 0 	 2 	 2 	 9 	 10 	 6 	 2 	 12 	 22 	 32 	 42 	 52
333 	 144 	 0 	 9 	 2 	 1 	 2 	 5 	 9 	 19 	 29 	 39 	 49
334 	 144 	 0 	 6 	 6 	 0 	 1 	 2 	 3 	 4 	 5 	 5 	 5 	 15 	 25 	 35 	 45
335 	 145 	 0 	 7 	 2 	 15 	 16 	 6 	 57 	 67 	 77 	 87 	 97 	 107
336 	 146 	 0 	 6 	 2 	 7 	 8 	 11 	 3 	 8 	 13 	 18 	 23 	 28 	 33 	 38 	 43 	 48 	 53
337 	 147 	 0 	 1 	 2 	 3 	 4 	 6 	 1 	 11 	 21 	 31 	 41 	 51
338 	 148 	 0 	 10 	 2 	 1 	 2 	 5 	 61 	 71 	 81 	 91 	 101
339 	 148 	 0 	 3 	 2 	 3 	 4 	 5 	 61 	 71 	 81 	 91 	 101
340 	 148 	 0 	 4 	 2 	 5 	 6 	 5 	 61 	 71 	 81 	 91 	 101
341 	 148 	 0 	 5 	 2 	 7 	 8 	 5 	 61 	 71 	 81 	 91 	 101
342 	 148 	 0 	 9 	 2 	 9 	 10 	 5 	 61 	 71 	 81 	 91 	 101
343 	 148 	 0 	 10 	 2 	 11 	 12 	 5 	 61 	 71 	 81 	 91 	 101
344 	 148 	 0 	 10 	 2 	 13 	 14 	 5 	 61 	 71 	 81 	 91 	 101
345 	 148 	 0 	 2 	 2 	 15 	 16 	 5 	 61 	 71 	 81 	 91 	 101
346 	 149 	 0 	 9 	 4 	 7 	 8 	 9 	 10 	 6 	 56 	 66 	 76 	 86 	 96 	 106
347 	 150 	 0 	 3 	 2 	 9 	 10 	 5 	 61 	 71 	 81 	 91 	 101
348 	 151 	 0 	 2 	 4 	 0 	 1 	 2 	 3 	 6 	 56 	 66 	 76 	 86 	 96 	 106
349 	 152 	 0 	 8 	 2 	 11 	 12 	 5 	 7 	 17 	 27 	 37 	 47
350 	 153 	 0 	 4 	 2 	 0 	 1 	 11 	 3 	 8 	 13 	 18 	 23 	 28 	 33 	 38 	 43 	 48 	 53
351 	 153 	 0 	 4 	 2 	 4 	 5 	 11 	 2 	 7 	 12 	 17 	 22 	 27 	 32 	 37 	 42 	 47 	 52
352 	 153 	 0 	 2 	 2 	 14 	 15 	 11 	 4 	 9 	 14 	 19 	 24 	 29 	 34 	 39 	 44 	 49 	 54
353 	 154 	 0 	 4 	 2 	 5 	 6 	 11 	 3 	 8 	 13 	 18 	 23 	 28 	 33 	 38 	 43 	 48 	 53
354 	 154 	 0 	 5 	 2 	 8 	 9 	 11 	 1 	 6 	 11 	 16 	 21 	 26 	 31 	 36 	 41 	 46 	 51
355 	 155 	 0 	 2 	 2 	 1 	 2 	 6 	 1 	 11 	 21 	 31 	 41 	 51
356 	 156 	 0 	 7 	 2 	 7 	 8 	 5 	 63 	 73 	 83 	 93 	 103
357 	 156 	 0 	 10 	 2 	 2 	 3 	 5 	 60 	 70 	 80 	 90 	 100
358 	 156 	 0 	 8 	 4 	 12 	 13 	 14 	 15 	 5 	 64 	 74 	 84 	 94 	 104
359 	 157 	 0 	 2 	 2 	 12 	 13 	 6 	 0 	 10 	 20 	 30 	 40 	 50
360 	 158 	 0 	 7 	 2 	 3 	 4 	 6 	 3 	 13 	 23 	 33 	 43 	 53
361 	 158 	 0 	 5 	 4 	 5 	 6 	 7 	 8 	 6 	 1 	 11 	 21 	 31 	 41 	 51
362 	 158 	 0 	 7 	 2 	 1 	 2 	 6 	 4 	 14 	 24 	 34 	 44 	 54
363 	 159 	 0 	 8 	 2 	 0 	 1 	 6 	 56 	 66 	 76 	 86 	 96 	 106
364 	 160 	 0 	 6 	 2 	 7 	 8 	 11 	 57 	 62 	 67 	 72 	 77 	 82 	 87 	 92 	 97 	 102 	 107
365 	 161 	 0 	 4 	 4 	 5 	 6 	 7 	 8 	 11 	 2 	 7 	 12 	 17 	 22 	 27 	 32 	 37 	 42 	 47 	 52
366 	 162 	 0 	 10 	 2 	 12 	 13 	 5 	 61 	 71 	 81 	 91 	 101
367 	 162 	 0 	 7 	 4 	 13 	 14 	 15 	 16 	 5 	 62 	 72 	 82 	 92 	 102
368 	 163 	 0 	 3 	 2 	 8 	 9 	 6 	 1 	 11 	 21 	 31 	 41 	 51
369 	 164 	 0 	 10 	 2 	 4 	 5 	 11 	 55 	 60 	 65 	 70 	 75 	 80 	 85 	 90 	 95 	 100 	 105
370 	 165 	 0 	 5 	 4 	 8 	 9 	 10 	 11 	 6 	 55 	 65 	 75 	 85 	 95 	 105
371 	 166 	 0 	 5 	 2 	 13 	 14 	 5 	 8 	 18 	 28 	 38 	 48
372 	 167 	 0 	 10 	 4 	 14 	 15 	 16 	 17 	 11 	 59 	 64 	 69 	 74 	 79 	 84 	 89 	 94 	 99 	 104 	 109
373 	 168 	 0 	 10 	 2 	 2 	 3 	 5 	 60 	 70 	 80 	 90 	 100
374 	 168 	 0 	 4 	 2 	 4 	 5 	 5 	 60 	 70 	 80 	 90 	 100
375 	 168 	 0 	 8 	 2 	 6 	 7 	 5 	 60 	 70 	 80 	 90 	 100
376 	 168 	 0 	 1 	 2 	 8 	 9 	 5 	 60 	 70 	 80 	 90 	 100
377 	 168 	 0 	 10 	 2 	 10 	 11 	 5 	 60 	 70 	 80 	 90 	 100
378 	 169 	 0 	 2 	 4 	 11 	 12 	 13 	 14 	 11 	 58 	 63 	 68 	 73 	 78 	 83 	 88 	 93 	 98 	 103 	 108
379 	 169 	 0 	 2 	 2 	 8 	 9 	 11 	 59 	 64 	 69 	 74 	 79 	 84 	 89 	 94 	 99 	 104 	 109
380 	 170 	 0 	 2 	 2 	 6 	 7 	 5 	 61 	 71 	 81 	 91 	 101
381 	 171 	 0 	 10 	 2 	 1 	 2 	 5 	 61 	 71 	 81 	 91 	 101
382 	 171 	 0 	 4 	 2 	 4 	 5 	 5 	 60 	 70 	 80 	 90 	 100
383 	 171 	 0 	 4 	 4 	 4 	 5 	 6 	 7 	 5 	 63 	 73 	 83 	 93 	 103
384 	 172 	 0 	 5 	 2 	 0 	 1 	 11 	 58 	 63 	 68 	 73 	 78 	 83 	 88 	 93 	 98 	 103 	 108
385 	 173 	 0 	 2 	 2 	 13 	 14 	 11 	 56 	 61 	 66 	 71 	 76 	 81 	 86 	 91 	 96 	 101 	 106
386 	 174 	 0 	 8 	 2 	 7 	 8 	 5 	 62 	 72 	 82 	 92 	 102
387 	 174 	 0 	 8 	 2 	 8 	 9 	 5 	 64 	 74 	 84 	 94 	 104
388 	 175 	 0 	 6 	 2 	 4 	 5 	 6 	 3 	 13 	 23 	 33 	 43 	 53
389 	 175 	 0 	 9 	 2 	 7 	 8 	 6 	 1 	 11 	 21 	 31 	 41 	 51
390 	 176 	 0 	 2 	 2 	 7 	 8 	 11 	 0 	 5 	 10 	 15 	 20 	 25 	 30 	 35 	 40 	 45 	 50
391 	 176 	 0 	 5 	 2 	 8 	 9 	 11 	 4 	 9 	 14 	 19 	 24 	 29 	 34 	 39 	 44 	 49 	 54
392 	 177 	 0 	 2 	 2 	 4 	 5 	 6 	 4 	 14 	 24 	 34 	 44 	 54
393 	 178 	 0 	 1 	 4 	 7 	 8 	 9 	 10 	 11 	 56 	 61 	 66 	 71 	 76 	 81 	 86 	 91 	 96 	 101 	 106
394 	 179 	 0 	 2 	 2 	 6 	 7 	 6 	 2 	 12 	 22 	 32 	 42 	 52
395 	 180 	 0 	 9 	 2 	 2 	 3 	 11 	 57 	 62 	 67 	 72 	 77 	 82 	 87 	 92 	 97 	 102 	 107
396 	 181 	 0 	 5 	 4 	 2 	 3 	 4 	 5 	 11 	 58 	 63 	 68 	 73 	 78 	 83 	 88 	 93 	 98 	 103 	 108
397 	 182 	 0 	 9 	 4 	 12 	 13 	 14 	 15 	 11 	 55 	 60 	 65 	 70 	 75 	 80 	 85 	 90 	 95 	 100 	 105
398 	 183 	 0 	 9 	 2 	 4 	 5 	 6 	 56 	 66 	 76 	 86 	 96 	 106
399 	 183 	 0 	 10 	 4 	 9 	 10 	 11 	 12 	 6 	 59 	 69 	 79 	 89 	 99 	 109
400 	 183 	 0 	 9 	 2 	 1 	 2 	 6 	 55 	 65 	 75 	 85 	 95 	 105
401 	 184 	 0 	 9 	 2 	 0 	 1 	 6 	 56 	 66 	 76 	 86 	 96 	 106
402 	 184 	 0 	 9 	 2 	 2 	 3 	 6 	 56 	 66 	 76 	 86 	 96 	 106
403 	 184 	 0 	 8 	 2 	 4 	 5 	 6 	 56 	 66 	 76 	 86 	 96 	 106
404 	 184 	 0 	 2 	 2 	 6 	 7 	 6 	 56 	 66 	 76 	 86 	 96 	 106
405 	 184 	 0 	 4 	 2 	 8 	 9 	 6 	 56 	 66 	 76 	 86 	 96 	 106
406 	 184 	 0 	 6 	 2 	 10 	 11 	 6 	 56 	 66 	 76 	 86 	 96 	 106
407 	 184 	 0 	 8 	 2 	 12 	 13 	 6 	 56 	 66 	 76 	 86 	 96 	 106
408 	 184 	 0 	 4 	 2 	 14 	 15 	 6 	 56 	 66 	 76 	 86 	 96 	 106
409 	 184 	 0 	 5 	 2 	 16 	 17 	 6 	 56 	 66 	 76 	 86 	 96 	 106
410 	 185 	 0 	 1 	 2 	 14 	 15 	 6 	 58 	 68 	 78 	 88 	 98 	 108
411 	 186 	 0 	 3 	 4 	 5 	 6 	 7 	 8 	 6 	 59 	 69 	 79 	 89 	 99 	 109
412 	 187 	 0 	 5 	 2 	 1 	 2 	 5 	 62 	 72 	 82 	 92 	 102
413 	 187 	 0 	 3 	 2 	 16 	 17 	 5 	 60 	 70 	 80 	 90 	 100
414 	 188 	 0 	 5 	 2 	 2 	 3 	 11 	 57 	 62 	 67 	 72 	 77 	 82 	 87 	 92 	 97 	 102 	 107
415 	 188 	 0 	 6 	 2 	 7 	 8 	 11 	 55 	 60 	 65 	 70 	 75 	 80 	 85 	 90 	 95 	 100 	 105
416 	 189 	 0 	 5 	 4 	 12 	 13 	 14 	 15 	 5 	 61 	 71 	 81 	 91 	 101
417 	 189 	 0 	 5 	 4 	 1 	 2 	 3 	 4 	 5 	 60 	 70 	 80 	 90 	 100
418 	 190 	 0 	 7 	 2 	 15 	 16 	 6 	 2 	 12 	 22 	 32 	 42 	 52
419 	 191 	 0 	 9 	 4 	 8 	 9 	 10 	 11 	 11 	 1 	 6 	 11 	 16 	 21 	 26 	 31 	 36 	 41 	 46 	 51
420 	 192 	 0 	 3 	 2 	 12 	 13 	 5 	 5 	 15 	 25 	 35 	 45
421 	 193 	 0 	 4 	 2 	 6 	 7 	 6 	 2 	 12 	 22 	 32 	 42 	 52
422 	 194 	 0 	 5 	 2 	 1 	 2 	 5 	 6 	 16 	 26 	 36 	 46
423 	 195 	 0 	 6 	 4 	 5 	 6 	 7 	 8 	 11 	 58 	 63 	 68 	 73 	 78 	 83 	 88 	 93 	 98 	 103 	 108
424 	 196 	 0 	 9 	 2 	 5 	 6 	 6 	 59 	 69 	 79 	 89 	 99 	 109
425 	 196 	 0 	 1 	 2 	 8 	 9 	 6 	 55 	 65 	 75 	 85 	 95 	 105
426 	 196 	 0 	 1 	 4 	 9 	 10 	 11 	 12 	 6 	 58 	 68 	 78 	 88 	 98 	 108
427 	 197 	 0 	 10 	 2 	 9 	 10 	 6 	 1 	 11 	 21 	 31 	 41 	 51
428 	 198 	 0 	 8 	 2 	 15 	 16 	 6 	 59 	 69 	 79 	 89 	 99 	 109
429 	 199 	 0 	 10 	 4 	 9 	 10 	 11 	 12 	 11 	 4 	 9 	 14 	 19 	 24 	 29 	 34 	 39 	 44 	 49 	 54
430 	 200 	 0 	 8 	 4 	 9 	 10 	 11 	 12 	 11 	 58 	 63 	 68 	 73 	 78 	 83 	 88 	 93 	 98 	 103 	 108
431 	 200 	 0 	 10 	 2 	 15 	 16 	 11 	 56 	 61 	 66 	 71 	 76 	 81 	 86 	 91 	 96 	 101 	 106
432 	 200 	 0 	 5 	 2 	 0 	 1 	 11 	 57 	 62 	 67 	 72 	 77 	 82 	 87 	 92 	 97 	 102 	 107
433 	 201 	 0 	 6 	 2 	 3 	 4 	 6 	 57 	 67 	 77 	 87 	 97 	 107
434 	 202 	 0 	 10 	 2 	 9 	 10 	 5 	 62 	 72 	 82 	 92 	 102
435 	 203 	 0 	 4 	 4 	 7 	 8 	 9 	 10 	 5 	 60 	 70 	 80 	 90 	 100
436 	 204 	 0 	 10 	 2 	 3 	 4 	 11 	 55 	 60 	 65 	 70 	 75 	 80 	 85 	 90 	 95 	 100 	 105
437 	 205 	 0 	 6 	 2 	 4 	 5 	 11 	 4 	 9 	 14 	 19 	 24 	 29 	 34 	 39 	 44 	 49 	 54
438 	 206 	 0 	 1 	 2 	 0 	 1 	 6 	 0 	 10 	 20 	 30 	 40 	 50
439 	 206 	 0 	 3 	 2 	 2 	 3 	 6 	 0 	 10 	 20 	 30 	 40 	 50
440 	 206 	 0 	 4 	 2 	 4 	 5 	 6 	 0 	 10 	 20 	 30 	 40 	 50
441 	 206 	 0 	 6 	 2 	 6 	 7 	 6 	 0 	 10 	 20 	 30 	 40 	 50
442 	 206 	 0 	 7 	 2 	 8 	 9 	 6 	 0 	 10 	 20 	 30 	 40 	 50
443 	 206 	 0 	 5 	 2 	 10 	 11 	 6 	 0 	 10 	 20 	 30 	 40 	 50
444 	 206 	 0 	 1 	 2 	 12 	 13 	 6 	 0 	 10 	 20 	 30 	 40 	 50
445 	 206 	 0 	 4 	 2 	 14 	 15 	 6 	 0 	 10 	 20 	 30 	 40 	 50
446 	 206 	 0 	 5 	 2 	 16 	 17 	 6 	 0 	 10 	 20 	 30 	 40 	 50
447 	 207 	 0 	 6 	 2 	 2 	 3 	 6 	 1 	 11 	 21 	 31 	 41 	 51
448 	 207 	 0 	 6 	 2 	 4 	 5 	 6 	 1 	 11 	 21 	 31 	 41 	 51
449 	 207 	 0 	 7 	 2 	 6 	 7 	 6 	 1 	 11 	 21 	 31 	 41 	 51
450 	 207 	 0 	 9 	 2 	 8 	 9 	 6 	 1 	 11 	 21 	 31 	 41 	 51
451 	 207 	 0 	 5 	 2 	 10 	 11 	 6 	 1 	 11 	 21 	 31 	 41 	 51
452 	 207 	 0 	 4 	 2 	 12 	 13 	 6 	 1 	 11 	 21 	 31 	 41 	 51
453 	 207 	 0 	 6 	 2 	 14 	 15 	 6 	 1 	 11 	 21 	 31 	 41 	 51
454 	 207 	 0 	 1 	 2 	 16 	 17 	 6 	 1 	 11 	 21 	 31 	 41 	 51
455 	 208 	 0 	 7 	 2 	 12 	 13 	 5 	 61 	 71 	 81 	 91 	 101
456 	 209 	 0 	 4 	 2 	 9 	 10 	 11 	 59 	 64 	 69 	 74 	 79 	 84 	 89 	 94 	 99 	 104 	 109
457 	 210 	 0 	 3 	 2 	 4 	 5 	 11 	 0 	 5 	 10 	 15 	 20 	 25 	 30 	 35 	 40 	 45 	 50
458 	 210 	 0 	 1 	 2 	 6 	 7 	 11 	 0 	 5 	 10 	 15 	 20 	 25 	 30 	 35 	 40 	 45 	 50
459 	 210 	 0 	 10 	 2 	 8 	 9 	 11 	 0 	 5 	 10 	 15 	 20 	 25 	 30 	 35 	 40 	 45 	 50
460 	 210 	 0 	 9 	 2 	 10 	 11 	 11 	 0 	 5 	 10 	 15 	 20 	 25 	 30 	 35 	 40 	 45 	 50
461 	 210 	 0 	 10 	 2 	 12 	 13 	 11 	 0 	 5 	 10 	 15 	 20 	 25 	 30 	 35 	 40 	 45 	 50
462 	 210 	 0 	 8 	 2 	 14 	 15 	 11 	 0 	 5 	 10 	 15 	 20 	 25 	 30 	 35 	 40 	 45 	 50
463 	 211 	 0 	 5 	 2 	 5 	 6 	 6 	 3 	 13 	 23 	 33 	 43 	 53
464 	 212 	 0 	 3 	 2 	 1 	 2 	 6 	 59 	 69 	 79 	 89 	 99 	 109
465 	 213 	 0 	 8 	 4 	 9 	 10 	 11 	 12 	 6 	 55 	 65 	 75 	 85 	 95 	 105
466 	 214 	 0 	 7 	 4 	 7 	 8 	 9 	 10 	 11 	 0 	 5 	 10 	 15 	 20 	 25 	 30 	 35 	 40 	 45 	 50
467 	 214 	 0 	 6 	 4 	 1 	 2 	 3 	 4 	 11 	 2 	 7 	 12 	 17 	 22 	 27 	 32 	 37 	 42 	 47 	 52
468 	 214 	 0 	 6 	 2 	 3 	 4 	 11 	 1 	 6 	 11 	 16 	 21 	 26 	 31 	 36 	 41 	 46 	 51
469 	 215 	 0 	 9 	 2 	 5 	 6 	 11 	 58 	 63 	 68 	 73 	 78 	 83 	 88 	 93 	 98 	 103 	 108
470 	 216 	 0 	 8 	 2 	 15 	 16 	 6 	 56 	 66 	 76 	 86 	 96 	 106
471 	 217 	 0 	 8 	 2 	 5 	 6 	 11 	 57 	 62 	 67 	 72 	 77 	 82 	 87 	 92 	 97 	 102 	 107
472 	 218 	 0 	 8 	 4 	 9 	 10 	 11 	 12 	 6 	 56 	 66 	 76 	 86 	 96 	 106
473 	 219 	 0 	 4 	 2 	 9 	 10 	 5 	 6 	 16 	 26 	 36 	 46
474 	 219 	 0 	 6 	 4 	 7 	 8 	 9 	 10 	 5 	 5 	 15 	 25 	 35 	 45
475 	 220 	 0 	 4 	 2 	 6 	 7 	 6 	 58 	 68 	 78 	 88 	 98 	 108
476 	 220 	 0 	 5 	 2 	 13 	 14 	 6 	 59 	 69 	 79 	 89 	 99 	 109
477 	 221 	 0 	 1 	 2 	 12 	 13 	 5 	 61 	 71 	 81 	 91 	 101
478 	 222 	 0 	 3 	 2 	 5 	 6 	 11 	 4 	 9 	 14 	 19 	 24 	 29 	 34 	 39 	 44 	 49 	 54
479 	 222 	 0 	 2 	 2 	 5 	 6 	 11 	 0 	 5 	 10 	 15 	 20 	 25 	 30 	 35 	 40 	 45 	 50
480 	 222 	 0 	 5 	 2 	 16 	 17 	 11 	 3 	 8 	 13 	 18 	 23 	 28 	 33 	 38 	 43 	 48 	 53
481 	 223 	 0 	 2 	 2 	 16 	 17 	 11 	 4 	 9 	 14 	 19 	 24 	 29 	 34 	 39 	 44 	 49 	 54
482 	 223 	 0 	 6 	 2 	 8 	 9 	 11 	 3 	 8 	 13 	 18 	 23 	 28 	 33 	 38 	 43 	 48 	 53
483 	 223 	 0 	 3 	 2 	 16 	 17 	 11 	 1 	 6 	 11 	 16 	 21 	 26 	 31 	 36 	 41 	 46 	 51
484 	 224 	 0 	 5 	 2 	 10 	 11 	 11 	 1 	 6 	 11 	 16 	 21 	 26 	 31 	 36 	 41 	 46 	 51
485 	 225 	 0 	 7 	 2 	 5 	 6 	 11 	 1 	 6 	 11 	 16 	 21 	 26 	 31 	 36 	 41 	 46 	 51
486 	 225 	 0 	 10 	 2 	 7 	 8 	 11 	 1 	 6 	 11 	 16 	 21 	 26 	 31 	 36 	 41 	 46 	 51
487 	 225 	 0 	 6 	 2 	 9 	 10 	 11 	 1 	 6 	 11 	 16 	 21 	 26 	 31 	 36 	 41 	 46 	 51
488 	 225 	 0 	 4 	 2 	 11 	 12 	 11 	 1 	 6 	 11 	 16 	 21 	 26 	 31 	 36 	 41 	 46 	 51
489 	 225 	 0 	 8 	 2 	 13 	 14 	 11 	 1 	 6 	 11 	 16 	 21 	 26 	 31 	 36 	 41 	 46 	 51
490 	 226 	 0 	 10 	 2 	 5 	 6 	 5 	 64 	 74 	 84 	 94 	 104
491 	 227 	 0 	 4 	 2 	 11 	 12 	 6 	 1 	 11 	 21 	 31 	 41 	 51
492 	 228 	 0 	 9 	 2 	 6 	 7 	 6 	 56 	 66 	 76 	 86 	 96 	 106
493 	 229 	 0 	 9 	 2 	 3 	 4 	 5 	 64 	 74 	 84 	 94 	 104
494 	 230 	 0 	 7 	 2 	 1 	 2 	 6 	 58 	 68 	 78 	 88 	 98 	 108
495 	 230 	 0 	 1 	 4 	 6 	 7 	 8 	 9 	 6 	 57 	 67 	 77 	 87 	 97 	 107
496 	 231 	 0 	 7 	 2 	 14 	 15 	 11 	 2 	 7 	 12 	 17 	 22 	 27 	 32 	 37 	 42 	 47 	 52
497 	 232 	 0 	 10 	 2 	 6 	 7 	 6 	 4 	 14 	 24 	 34 	 44 	 54
498 	 232 	 0 	 5 	 2 	 8 	 9 	 6 	 4 	 14 	 24 	 34 	 44 	 54
499 	 232 	 0 	 2 	 2 	 10 	 11 	 6 	 4 	 14 	 24 	 34 	 44 	 54
500 	 232 	 0 	 5 	 2 	 12 	 13 	 6 	 4 	 14 	 24 	 34 	 44 	 54
501 	 232 	 0 	 8 	 2 	 14 	 15 	 6 	 4 	 14 	 24 	 34 	 44 	 54
502 	 233 	 0 	 9 	 2 	 4 	 5 	 11 	 58 	 63 	 68 	 73 	 78 	 83 	 88 	 93 	 98 	 103 	 108
503 	 233 	 0 	 10 	 2 	 6 	 7 	 11 	 58 	 63 	 68 	 73 	 78 	 83 	 88 	 93 	 98 	 103 	 108
504 	 233 	 0 	 5 	 2 	 8 	 9 	 11 	 58 	 63 	 68 	 73 	 78 	 83 	 88 	 93 	 98 	 103 	 108
505 	 233 	 0 	 7 	 2 	 10 	 11 	 11 	 58 	 63 	 68 	 73 	 78 	 83 	 88 	 93 	 98 	 103 	 108
506 	 233 	 0 	 1 	 2 	 12 	 13 	 11 	 58 	 63 	 68 	 73 	 78 	 83 	 88 	 93 	 98 	 103 	 108
507 	 233 	 0 	 1 	 2 	 14 	 15 	 11 	 58 	 63 	 68 	 73 	 78 	 83 	 88 	 93 	 98 	 103 	 108
508 	 233 	 0 	 8 	 2 	 16 	 17 	 11 	 58 	 63 	 68 	 73 	 78 	 83 	 88 	 93 	 98 	 103 	 108
509 	 234 	 0 	 9 	 2 	 5 	 6 	 5 	 7 	 17 	 27 	 37 	 47
510 	 234 	 0 	 7 	 2 	 7 	 8 	 5 	 7 	 17 	 27 	 37 	 47
511 	 234 	 0 	 5 	 2 	 9 	 10 	 5 	 7 	 17 	 27 	 37 	 47
512 	 234 	 0 	 9 	 2 	 11 	 12 	 5 	 7 	 17 	 27 	 37 	 47
513 	 234 	 0 	 2 	 2 	 13 	 14 	 5 	 7 	 17 	 27 	 37 	 47
514 	 235 	 0 	 9 	 2 	 6 	 7 	 11 	 58 	 63 	 68 	 73 	 78 	 83 	 88 	 93 	 98 	 103 	 108
515 	 235 	 0 	 9 	 2 	 8 	 9 	 11 	 58 	 63 	 68 	 73 	 78 	 83 	 88 	 93 	 98 	 103 	 108
516 	 235 	 0 	 7 	 2 	 10 	 11 	 11 	 58 	 63 	 68 	 73 	 78 	 83 	 88 	 93 	 98 	 103 	 108
517 	 235 	 0 	 10 	 2 	 12 	 13 	 11 	 58 	 63 	 68 	 73 	 78 	 83 	 88 	 93 	 98 	 103 	 108
518 	 235 	 0 	 4 	 2 	 14 	 15 	 11 	 58 	 63 	 68 	 73 	 78 	 83 	 88 	 93 	 98 	 103 	 108
519 	 236 	 0 	 2 	 2 	 11 	 12 	 11 	 55 	 60 	 65 	 70 	 75 	 80 	 85 	 90 	 95 	 100 	 105
520 	 237 	 0 	 2 	 2 	 8 	 9 	 11 	 2 	 7 	 12 	 17 	 22 	 27 	 32 	 37 	 42 	 47 	 52
521 	 238 	 0 	 4 	 2 	 8 	 9 	 6 	 57 	 67 	 77 	 87 	 97 	 107
522 	 238 	 0 	 4 	 2 	 4 	 5 	 6 	 56 	 66 	 76 	 86 	 96 	 106
523 	 239 	 0 	 9 	 2 	 3 	 4 	 11 	 59 	 64 	 69 	 74 	 79 	 84 	 89 	 94 	 99 	 104 	 109
524 	 240 	 0 	 3 	 2 	 0 	 1 	 6 	 57 	 67 	 77 	 87 	 97 	 107
525 	 241 	 0 	 6 	 2 	 13 	 14 	 5 	 6 	 16 	 26 	 36 	 46
526 	 241 	 0 	 3 	 2 	 1 	 2 	 5 	 9 	 19 	 29 	 39 	 49
527 	 242 	 0 	 3 	 2 	 11 	 12 	 6 	 4 	 14 	 24 	 34 	 44 	 54
528 	 243 	 0 	 6 	 2 	 9 	 10 	 5 	 63 	 73 	 83 	 93 	 103
529 	 243 	 0 	 10 	 4 	 7 	 8 	 9 	 10 	 5 	 62 	 72 	 82 	 92 	 102
530 	 244 	 0 	 9 	 2 	 1 	 2 	 5 	 5 	 15 	 25 	 35 	 45
531 	 245 	 0 	 6 	 2 	 2 	 3 	 5 	 64 	 74 	 84 	 94 	 104
532 	 245 	 0 	 5 	 2 	 4 	 5 	 5 	 64 	 74 	 84 	 94 	 104
533 	 245 	 0 	 6 	 2 	 6 	 7 	 5 	 64 	 74 	 84 	 94 	 104
534 	 245 	 0 	 9 	 2 	 8 	 9 	 5 	 64 	 74 	 84 	 94 	 104
535 	 246 	 0 	 8 	 2 	 4 	 5 	 11 	 57 	 62 	 67 	 72 	 77 	 82 	 87 	 92 	 97 	 102 	 107
536 	 247 	 0 	 8 	 4 	 3 	 4 	 5 	 6 	 11 	 0 	 5 	 10 	 15 	 20 	 25 	 30 	 35 	 40 	 45 	 50
537 	 248 	 0 	 6 	 2 	 0 	 1 	 5 	 62 	 72 	 82 	 92 	 102
538 	 248 	 0 	 7 	 4 	 0 	 1 	 2 	 3 	 5 	 61 	 71 	 81 	 91 	 101
539 	 249 	 0 	 6 	 2 	 1 	 2 	 11 	 57 	 62 	 67 	 72 	 77 	 82 	 87 	 92 	 97 	 102 	 107
540 	 250 	 0 	 6 	 2 	 1 	 2 	 6 	 4 	 14 	 24 	 34 	 44 	 54
541 	 250 	 0 	 2 	 2 	 3 	 4 	 6 	 0 	 10 	 20 	 30 	 40 	 50
542 	 250 	 0 	 2 	 2 	 9 	 10 	 6 	 1 	 11 	 21 	 31 	 41 	 51
543 	 251 	 0 	 8 	 2 	 14 	 15 	 5 	 62 	 72 	 82 	 92 	 102
544 	 252 	 0 	 6 	 2 	 1 	 2 	 5 	 63 	 73 	 83 	 93 	 103
545 	 253 	 0 	 7 	 2 	 11 	 12 	 6 	 3 	 13 	 23 	 33 	 43 	 53
546 	 253 	 0 	 5 	 2 	 0 	 1 	 6 	 0 	 10 	 20 	 30 	 40 	 50
547 	 254 	 0 	 7 	 2 	 14 	 15 	 5 	 64 	 74 	 84 	 94 	 104
548 	 255 	 0 	 8 	 4 	 5 	 6 	 7 	 8 	 5 	 9 	 19 	 29 	 39 	 49
549 	 255 	 0 	 6 	 2 	 6 	 7 	 5 	 7 	 17 	 27 	 37 	 47
550 	 256 	 0 	 5 	 2 	 6 	 7 	 5 	 9 	 19 	 29 	 39 	 49
551 	 257 	 0 	 9 	 2 	 9 	 10 	 6 	 2 	 12 	 22 	 32 	 42 	 52
552 	 257 	 0 	 7 	 2 	 11 	 12 	 6 	 2 	 12 	 22 	 32 	 42 	 52
553 	 257 	 0 	 10 	 2 	 13 	 14 	 6 	 2 	 12 	 22 	 32 	 42 	 52
554 	 257 	 0 	 5 	 2 	 15 	 16 	 6 	 2 	 12 	 22 	 32 	 42 	 52
555 	 258 	 0 	 9 	 2 	 1 	 2 	 6 	 59 	 69 	 79 	 89 	 99 	 109
556 	 258 	 0 	 7 	 2 	 3 	 4 	 6 	 59 	 69 	 79 	 89 	 99 	 109
557 	 258 	 0 	 9 	 2 	 5 	 6 	 6 	 59 	 69 	 79 	 89 	 99 	 109
558 	 258 	 0 	 8 	 2 	 7 	 8 	 6 	 59 	 69 	 79 	 89 	 99 	 109
559 	 258 	 0 	 1 	 2 	 9 	 10 	 6 	 59 	 69 	 79 	 89 	 99 	 109
560 	 258 	 0 	 5 	 2 	 11 	 12 	 6 	 59 	 69 	 79 	 89 	 99 	 109
561 	 258 	 0 	 5 	 2 	 13 	 14 	 6 	 59 	 69 	 79 	 89 	 99 	 109
562 	 258 	 0 	 9 	 2 	 15 	 16 	 6 	 59 	 69 	 79 	 89 	 99 	 109
563 	 259 	 0 	 5 	 2 	 13 	 14 	 5 	 60 	 70 	 80 	 90 	 100
564 	 260 	 0 	 8 	 2 	 9 	 10 	 6 	 57 	 67 	 77 	 87 	 97 	 107
565 	 261 	 0 	 3 	 2 	 15 	 16 	 11 	 55 	 60 	 65 	 70 	 75 	 80 	 85 	 90 	 95 	 100 	 105
566 	 262 	 0 	 2 	 2 	 6 	 7 	 6 	 55 	 65 	 75 	 85 	 95 	 105
567 	 262 	 0 	 7 	 2 	 8 	 9 	 6 	 55 	 65 	 75 	 85 	 95 	 105
568 	 262 	 0 	 7 	 2 	 10 	 11 	 6 	 55 	 65 	 75 	 85 	 95 	 105
569 	 262 	 0 	 8 	 2 	 12 	 13 	 6 	 55 	 65 	 75 	 85 	 95 	 105
570 	 262 	 0 	 8 	 2 	 14 	 15 	 6 	 55 	 65 	 75 	 85 	 95 	 105
571 	 263 	 0 	 8 	 2 	 2 	 3 	 6 	 1 	 11 	 21 	 31 	 41 	 51
572 	 263 	 0 	 2 	 4 	 13 	 14 	 15 	 16 	 6 	 3 	 13 	 23 	 33 	 43 	 53
573 	 264 	 0 	 1 	 2 	 10 	 11 	 5 	 8 	 18 	 28 	 38 	 48
574 	 265 	 0 	 2 	 2 	 1 	 2 	 6 	 4 	 14 	 24 	 34 	 44 	 54
575 	 266 	 0 	 6 	 2 	 15 	 16 	 5 	 9 	 19 	 29 	 39 	 49
576 	 266 	 0 	 2 	 2 	 2 	 3 	 5 	 7 	 17 	 27 	 37 	 47
577 	 267 	 0 	 2 	 2 	 2 	 3 	 11 	 1 	 6 	 11 	 16 	 21 	 26 	 31 	 36 	 41 	 46 	 51
578 	 268 	 0 	 7 	 2 	 5 	 6 	 6 	 55 	 65 	 75 	 85 	 95 	 105
579 	 269 	 0 	 3 	 2 	 3 	 4 	 5 	 6 	 16 	 26 	 36 	 46
580 	 269 	 0 	 7 	 2 	 5 	 6 	 5 	 8 	 18 	 28 	 38 	 48
581 	 270 	 0 	 2 	 2 	 9 	 10 	 5 	 5 	 15 	 25 	 35 	 45
582 	 271 	 0 	 3 	 2 	 9 	 10 	 5 	 60 	 70 	 80 	 90 	 100
583 	 271 	 0 	 10 	 2 	 11 	 12 	 5 	 60 	 70 	 80 	 90 	 100
584 	 271 	 0 	 5 	 2 	 13 	 14 	 5 	 60 	 70 	 80 	 90 	 100
585 	 271 	 0 	 6 	 2 	 15 	 16 	 5 	 60 	 70 	 80 	 90 	 100
586 	 272 	 0 	 1 	 4 	 2 	 3 	 4 	 5 	 6 	 0 	 10 	 20 	 30 	 40 	 50
587 	 272 	 0 	 5 	 4 	 13 	 14 	 15 	 16 	 6 	 4 	 14 	 24 	 34 	 44 	 54
588 	 273 	 0 	 10 	 4 	 12 	 13 	 14 	 15 	 6 	 57 	 67 	 77 	 87 	 97 	 107
589 	 274 	 0 	 3 	 2 	 12 	 13 	 5 	 61 	 71 	 81 	 91 	 101
590 	 274 	 0 	 3 	 2 	 3 	 4 	 5 	 62 	 72 	 82 	 92 	 102
591 	 275 	 0 	 6 	 2 	 11 	 12 	 6 	 59 	 69 	 79 	 89 	 99 	 109
592 	 276 	 0 	 8 	 2 	 6 	 7 	 11 	 0 	 5 	 10 	 15 	 20 	 25 	 30 	 35 	 40 	 45 	 50
593 	 277 	 0 	 3 	 2 	 2 	 3 	 6 	 3 	 13 	 23 	 33 	 43 	 53
594 	 278 	 0 	 5 	 2 	 8 	 9 	 11 	 55 	 60 	 65 	 70 	 75 	 80 	 85 	 90 	 95 	 100 	 105
595 	 279 	 0 	 6 	 4 	 11 	 12 	 13 	 14 	 5 	 7 	 17 	 27 	 37 	 47
596 	 279 	 0 	 4 	 4 	 7 	 8 	 9 	 10 	 5 	 6 	 16 	 26 	 36 	 46
597 	 279 	 0 	 2 	 2 	 12 	 13 	 5 	 9 	 19 	 29 	 39 	 49
598 	 280 	 0 	 7 	 2 	 3 	 4 	 11 	 3 	 8 	 13 	 18 	 23 	 28 	 33 	 38 	 43 	 48 	 53
599 	 281 	 0 	 9 	 2 	 14 	 15 	 5 	 63 	 73 	 83 	 93 	 103
600 	 281 	 0 	 6 	 2 	 14 	 15 	 5 	 61 	 71 	 81 	 91 	 101
601 	 282 	 0 	 10 	 2 	 12 	 13 	 6 	 58 	 68 	 78 	 88 	 98 	 108
602 	 283 	 0 	 5 	 2 	 0 	 1 	 11 	 2 	 7 	 12 	 17 	 22 	 27 	 32 	 37 	 42 	 47 	 52
603 	 283 	 0 	 7 	 2 	 2 	 3 	 11 	 2 	 7 	 12 	 17 	 22 	 27 	 32 	 37 	 42 	 47 	 52
604 	 283 	 0 	 9 	 2 	 4 	 5 	 11 	 2 	 7 	 12 	 17 	 22 	 27 	 32 	 37 	 42 	 47 	 52
605 	 283 	 0 	 1 	 2 	 6 	 7 	 11 	 2 	 7 	 12 	 17 	 22 	 27 	 32 	 37 	 42 	 47 	 52
606 	 283 	 0 	 5 	 2 	 8 	 9 	 11 	 2 	 7 	 12 	 17 	 22 	 27 	 32 	 37 	 42 	 47 	 52
607 	 283 	 0 	 8 	 2 	 10 	 11 	 11 	 2 	 7 	 12 	 17 	 22 	 27 	 32 	 37 	 42 	 47 	 52
608 	 284 	 0 	 5 	 4 	 0 	 1 	 2 	 3 	 6 	 0 	 10 	 20 	 30 	 40 	 50
609 	 285 	 0 	 7 	 2 	 6 	 7 	 5 	 7 	 17 	 27 	 37 	 47
610 	 285 	 0 	 1 	 2 	 8 	 9 	 5 	 7 	 17 	 27 	 37 	 47
611 	 285 	 0 	 5 	 2 	 10 	 11 	 5 	 7 	 17 	 27 	 37 	 47
612 	 285 	 0 	 7 	 2 	 12 	 13 	 5 	 7 	 17 	 27 	 37 	 47
613 	 285 	 0 	 3 	 2 	 14 	 15 	 5 	 7 	 17 	 27 	 37 	 47
614 	 285 	 0 	 1 	 2 	 16 	 17 	 5 	 7 	 17 	 27 	 37 	 47
615 	 286 	 0 	 2 	 4 	 0 	 1 	 2 	 3 	 5 	 60 	 70 	 80 	 90 	 100
616 	 286 	 0 	 5 	 2 	 7 	 8 	 5 	 64 	 74 	 84 	 94 	 104
617 	 287 	 0 	 6 	 4 	 5 	 6 	 7 	 8 	 11 	 59 	 64 	 69 	 74 	 79 	 84 	 89 	 94 	 99 	 104 	 109
618 	 288 	 0 	 6 	 2 	 0 	 1 	 6 	 4 	 14 	 24 	 34 	 44 	 54
619 	 288 	 0 	 5 	 2 	 2 	 3 	 6 	 4 	 14 	 24 	 34 	 44 	 54
620 	 288 	 0 	 8 	 2 	 4 	 5 	 6 	 4 	 14 	 24 	 34 	 44 	 54
621 	 288 	 0 	 7 	 2 	 6 	 7 	 6 	 4 	 14 	 24 	 34 	 44 	 54
622 	 288 	 0 	 8 	 2 	 8 	 9 	 6 	 4 	 14 	 24 	 34 	 44 	 54
623 	 288 	 0 	 2 	 2 	 10 	 11 	 6 	 4 	 14 	 24 	 34 	 44 	 54
624 	 288 	 0 	 4 	 2 	 12 	 13 	 6 	 4 	 14 	 24 	 34 	 44 	 54
625 	 288 	 0 	 3 	 2 	 14 	 15 	 6 	 4 	 14 	 24 	 34 	 44 	 54
626 	 289 	 0 	 5 	 2 	 0 	 1 	 11 	 0 	 5 	 10 	 15 	 20 	 25 	 30 	 35 	 40 	 45 	 50
627 	 289 	 0 	 2 	 2 	 2 	 3 	 11 	 0 	 5 	 10 	 15 	 20 	 25 	 30 	 35 	 40 	 45 	 50
628 	 289 	 0 	 7 	 2 	 4 	 5 	 11 	 0 	 5 	 10 	 15 	 20 	 25 	 30 	 35 	 40 	 45 	 50
629 	 289 	 0 	 10 	 2 	 6 	 7 	 11 	 0 	 5 	 10 	 15 	 20 	 25 	 30 	 35 	 40 	 45 	 50
630 	 289 	 0 	 1 	 2 	 8 	 9 	 11 	 0 	 5 	 10 	 15 	 20 	 25 	 30 	 35 	 40 	 45 	 50
631 	 289 	 0 	 7 	 2 	 10 	 11 	 11 	 0 	 5 	 10 	 15 	 20 	 25 	 30 	 35 	 40 	 45 	 50
632 	 289 	 0 	 2 	 2 	 12 	 13 	 11 	 0 	 5 	 10 	 15 	 20 	 25 	 30 	 35 	 40 	 45 	 50
633 	 289 	 0 	 6 	 2 	 14 	 15 	 11 	 0 	 5 	 10 	 15 	 20 	 25 	 30 	 35 	 40 	 45 	 50
634 	 289 	 0 	 1 	 2 	 16 	 17 	 11 	 0 	 5 	 10 	 15 	 20 	 25 	 30 	 35 	 40 	 45 	 50
635 	 290 	 0 	 5 	 2 	 10 	 11 	 11 	 3 	 8 	 13 	 18 	 23 	 28 	 33 	 38 	 43 	 48 	 53
636 	 291 	 0 	 9 	 4 	 9 	 10 	 11 	 12 	 11 	 55 	 60 	 65 	 70 	 75 	 80 	 85 	 90 	 95 	 100 	 105
637 	 292 	 0 	 6 	 2 	 0 	 1 	 5 	 9 	 19 	 29 	 39 	 49
638 	 293 	 0 	 7 	 2 	 13 	 14 	 6 	 1 	 11 	 21 	 31 	 41 	 51
639 	 294 	 0 	 7 	 2 	 9 	 10 	 5 	 60 	 70 	 80 	 90 	 100
640 	 295 	 0 	 1 	 2 	 5 	 6 	 5 	 60 	 70 	 80 	 90 	 100
641 	 296 	 0 	 3 	 2 	 0 	 1 	 5 	 61 	 71 	 81 	 91 	 101
642 	 297 	 0 	 4 	 4 	 7 	 8 	 9 	 10 	 5 	 5 	 15 	 25 	 35 	 45
643 	 298 	 0 	 3 	 2 	 2 	 3 	 5 	 62 	 72 	 82 	 92 	 102
644 	 298 	 0 	 1 	 2 	 4 	 5 	 5 	 62 	 72 	 82 	 92 	 102
645 	 298 	 0 	 6 	 2 	 6 	 7 	 5 	 62 	 72 	 82 	 92 	 102
646 	 298 	 0 	 3 	 2 	 8 	 9 	 5 	 62 	 72 	 82 	 92 	 102
647 	 298 	 0 	 9 	 2 	 10 	 11 	 5 	 62 	 72 	 82 	 92 	 102
648 	 298 	 0 	 5 	 2 	 12 	 13 	 5 	 62 	 72 	 82 	 92 	 102
649 	 298 	 0 	 4 	 2 	 14 	 15 	 5 	 62 	 72 	 82 	 92 	 102
650 	 299 	 0 	 1 	 4 	 12 	 13 	 14 	 15 	 5 	 5 	 15 	 25 	 35 	 45
651 	 300 	 0 	 1 	 4 	 11 	 12 	 13 	 14 	 6 	 56 	 66 	 76 	 86 	 96 	 106
652 	 301 	 0 	 8 	 2 	 10 	 11 	 11 	 1 	 6 	 11 	 16 	 21 	 26 	 31 	 36 	 41 	 46 	 51
653 	 301 	 0 	 3 	 2 	 10 	 11 	 11 	 2 	 7 	 12 	 17 	 22 	 27 	 32 	 37 	 42 	 47 	 52
654 	 301 	 0 	 1 	 2 	 3 	 4 	 11 	 0 	 5 	 10 	 15 	 20 	 25 	 30 	 35 	 40 	 45 	 50
655 	 302 	 0 	 6 	 2 	 9 	 10 	 6 	 4 	 14 	 24 	 34 	 44 	 54
656 	 302 	 0 	 6 	 4 	 7 	 8 	 9 	 10 	 6 	 2 	 12 	 22 	 32 	 42 	 52
657 	 302 	 0 	 8 	 2 	 12 	 13 	 6 	 3 	 13 	 23 	 33 	 43 	 53
658 	 303 	 0 	 3 	 2 	 12 	 13 	 11 	 1 	 6 	 11 	 16 	 21 	 26 	 31 	 36 	 41 	 46 	 51
659 	 304 	 0 	 5 	 2 	 15 	 16 	 5 	 7 	 17 	 27 	 37 	 47
660 	 305 	 0 	 7 	 2 	 2 	 3 	 6 	 55 	 65 	 75 	 85 	 95 	 105
661 	 305 	 0 	 8 	 2 	 4 	 5 	 6 	 55 	 65 	 75 	 85 	 95 	 105
662 	 305 	 0 	 10 	 2 	 6 	 7 	 6 	 55 	 65 	 75 	 85 	 95 	 105
663 	 305 	 0 	 10 	 2 	 8 	 9 	 6 	 55 	 65 	 75 	 85 	 95 	 105
664 	 305 	 0 	 1 	 2 	 10 	 11 	 6 	 55 	 65 	 75 	 85 	 95 	 105
665 	 305 	 0 	 10 	 2 	 12 	 13 	 6 	 55 	 65 	 75 	 85 	 95 	 105
666 	 306 	 0 	 3 	 2 	 6 	 7 	 11 	 59 	 64 	 69 	 74 	 79 	 84 	 89 	 94 	 99 	 104 	 109
667 	 307 	 0 	 9 	 2 	 13 	 14 	 5 	 61 	 71 	 81 	 91 	 101
668 	 307 	 0 	 9 	 2 	 5 	 6 	 5 	 62 	 72 	 82 	 92 	 102
669 	 307 	 0 	 6 	 2 	 13 	 14 	 5 	 63 	 73 	 83 	 93 	 103
670 	 308 	 0 	 2 	 2 	 0 	 1 	 6 	 0 	 10 	 20 	 30 	 40 	 50
671 	 308 	 0 	 5 	 4 	 2 	 3 	 4 	 5 	 6 	 2 	 12 	 22 	 32 	 42 	 52
672 	 308 	 0 	 8 	 2 	 12 	 13 	 6 	 3 	 13 	 23 	 33 	 43 	 53
673 	 309 	 0 	 3 	 4 	 5 	 6 	 7 	 8 	 11 	 57 	 62 	 67 	 72 	 77 	 82 	 87 	 92 	 97 	 102 	 107
674 	 310 	 0 	 7 	 2 	 9 	 10 	 11 	 58 	 63 	 68 	 73 	 78 	 83 	 88 	 93 	 98 	 103 	 108
675 	 311 	 0 	 10 	 2 	 14 	 15 	 5 	 6 	 16 	 26 	 36 	 46
676 	 312 	 0 	 9 	 2 	 11 	 12 	 6 	 0 	 10 	 20 	 30 	 40 	 50
677 	 313 	 0 	 2 	 2 	 8 	 9 	 6 	 56 	 66 	 76 	 86 	 96 	 106
678 	 314 	 0 	 9 	 2 	 14 	 15 	 6 	 59 	 69 	 79 	 89 	 99 	 109
679 	 314 	 0 	 1 	 2 	 2 	 3 	 6 	 57 	 67 	 77 	 87 	 97 	 107
680 	 314 	 0 	 5 	 2 	 14 	 15 	 6 	 55 	 65 	 75 	 85 	 95 	 105
681 	 315 	 0 	 2 	 2 	 0 	 1 	 5 	 63 	 73 	 83 	 93 	 103
682 	 315 	 0 	 9 	 2 	 2 	 3 	 5 	 63 	 73 	 83 	 93 	 103
683 	 315 	 0 	 6 	 2 	 4 	 5 	 5 	 63 	 73 	 83 	 93 	 103
684 	 315 	 0 	 8 	 2 	 6 	 7 	 5 	 63 	 73 	 83 	 93 	 103
685 	 315 	 0 	 1 	 2 	 8 	 9 	 5 	 63 	 73 	 83 	 93 	 103
686 	 315 	 0 	 8 	 2 	 10 	 11 	 5 	 63 	 73 	 83 	 93 	 103
687 	 315 	 0 	 9 	 2 	 12 	 13 	 5 	 63 	 73 	 83 	 93 	 103
688 	 315 	 0 	 7 	 2 	 14 	 15 	 5 	 63 	 73 	 83 	 93 	 103
689 	 315 	 0 	 9 	 2 	 16 	 17 	 5 	 63 	 73 	 83 	 93 	 103
690 	 316 	 0 	 6 	 2 	 4 	 5 	 11 	 4 	 9 	 14 	 19 	 24 	 29 	 34 	 39 	 44 	 49 	 54
691 	 316 	 0 	 3 	 2 	 6 	 7 	 11 	 4 	 9 	 14 	 19 	 24 	 29 	 34 	 39 	 44 	 49 	 54
692 	 316 	 0 	 2 	 2 	 8 	 9 	 11 	 4 	 9 	 14 	 19 	 24 	 29 	 34 	 39 	 44 	 49 	 54
693 	 316 	 0 	 9 	 2 	 10 	 11 	 11 	 4 	 9 	 14 	 19 	 24 	 29 	 34 	 39 	 44 	 49 	 54
694 	 316 	 0 	 2 	 2 	 12 	 13 	 11 	 4 	 9 	 14 	 19 	 24 	 29 	 34 	 39 	 44 	 49 	 54
695 	 316 	 0 	 7 	 2 	 14 	 15 	 11 	 4 	 9 	 14 	 19 	 24 	 29 	 34 	 39 	 44 	 49 	 54
696 	 316 	 0 	 3 	 2 	 16 	 17 	 11 	 4 	 9 	 14 	 19 	 24 	 29 	 34 	 39 	 44 	 49 	 54
697 	 317 	 0 	 5 	 2 	 10 	 11 	 5 	 9 	 19 	 29 	 39 	 49
698 	 318 	 0 	 7 	 6 	 5 	 6 	 7 	 8 	 9 	 10 	 11 	 58 	 63 	 68 	 73 	 78 	 83 	 88 	 93 	 98 	 103 	 108
699 	 318 	 0 	 1 	 2 	 10 	 11 	 11 	 57 	 62 	 67 	 72 	 77 	 82 	 87 	 92 	 97 	 102 	 107
700 	 318 	 0 	 10 	 2 	 13 	 14 	 11 	 55 	 60 	 65 	 70 	 75 	 80 	 85 	 90 	 95 	 100 	 105
701 	 319 	 0 	 7 	 4 	 8 	 9 	 10 	 11 	 11 	 56 	 61 	 66 	 71 	 76 	 81 	 86 	 91 	 96 	 101 	 106
702 	 320 	 0 	 10 	 4 	 10 	 11 	 12 	 13 	 6 	 1 	 11 	 21 	 31 	 41 	 51
703 	 321 	 0 	 1 	 2 	 9 	 10 	 5 	 64 	 74 	 84 	 94 	 104
704 	 321 	 0 	 3 	 4 	 11 	 12 	 13 	 14 	 5 	 61 	 71 	 81 	 91 	 101
705 	 321 	 0 	 7 	 2 	 5 	 6 	 5 	 63 	 73 	 83 	 93 	 103
706 	 322 	 0 	 7 	 2 	 9 	 10 	 5 	 63 	 73 	 83 	 93 	 103
707 	 322 	 0 	 10 	 2 	 16 	 17 	 5 	 62 	 72 	 82 	 92 	 102
708 	 322 	 0 	 4 	 2 	 13 	 14 	 5 	 60 	 70 	 80 	 90 	 100
709 	 323 	 0 	 8 	 2 	 7 	 8 	 11 	 1 	 6 	 11 	 16 	 21 	 26 	 31 	 36 	 41 	 46 	 51
710 	 324 	 0 	 2 	 2 	 1 	 2 	 5 	 63 	 73 	 83 	 93 	 103
711 	 325 	 0 	 7 	 2 	 4 	 5 	 5 	 64 	 74 	 84 	 94 	 104
712 	 325 	 0 	 6 	 2 	 6 	 7 	 5 	 64 	 74 	 84 	 94 	 104
713 	 325 	 0 	 6 	 2 	 8 	 9 	 5 	 64 	 74 	 84 	 94 	 104
714 	 325 	 0 	 4 	 2 	 10 	 11 	 5 	 64 	 74 	 84 	 94 	 104
715 	 325 	 0 	 1 	 2 	 12 	 13 	 5 	 64 	 74 	 84 	 94 	 104
716 	 325 	 0 	 9 	 2 	 14 	 15 	 5 	 64 	 74 	 84 	 94 	 104
717 	 326 	 0 	 1 	 4 	 9 	 10 	 11 	 12 	 5 	 60 	 70 	 80 	 90 	 100
718 	 327 	 0 	 2 	 4 	 4 	 5 	 6 	 7 	 6 	 1 	 11 	 21 	 31 	 41 	 51
719 	 327 	 0 	 8 	 4 	 13 	 14 	 15 	 16 	 6 	 0 	 10 	 20 	 30 	 40 	 50
720 	 327 	 0 	 8 	 2 	 11 	 12 	 6 	 4 	 14 	 24 	 34 	 44 	 54
721 	 328 	 0 	 6 	 2 	 5 	 6 	 5 	 9 	 19 	 29 	 39 	 49
722 	 328 	 0 	 6 	 2 	 7 	 8 	 5 	 9 	 19 	 29 	 39 	 49
723 	 328 	 0 	 4 	 2 	 9 	 10 	 5 	 9 	 19 	 29 	 39 	 49
724 	 328 	 0 	 9 	 2 	 11 	 12 	 5 	 9 	 19 	 29 	 39 	 49
725 	 328 	 0 	 3 	 2 	 13 	 14 	 5 	 9 	 19 	 29 	 39 	 49
726 	 328 	 0 	 4 	 2 	 15 	 16 	 5 	 9 	 19 	 29 	 39 	 49
727 	 329 	 0 	 10 	 2 	 1 	 2 	 5 	 8 	 18 	 28 	 38 	 48
728 	 329 	 0 	 1 	 2 	 4 	 5 	 5 	 7 	 17 	 27 	 37 	 47
729 	 329 	 0 	 2 	 2 	 7 	 8 	 5 	 6 	 16 	 26 	 36 	 46
730 	 330 	 0 	 7 	 2 	 8 	 9 	 5 	 7 	 17 	 27 	 37 	 47
731 	 331 	 0 	 4 	 2 	 16 	 17 	 5 	 9 	 19 	 29 	 39 	 49
732 	 332 	 0 	 6 	 2 	 12 	 13 	 6 	 4 	 14 	 24 	 34 	 44 	 54
733 	 333 	 0 	 7 	 2 	 14 	 15 	 11 	 2 	 7 	 12 	 17 	 22 	 27 	 32 	 37 	 42 	 47 	 52
734 	 334 	 0 	 6 	 2 	 9 	 10 	 11 	 55 	 60 	 65 	 70 	 75 	 80 	 85 	 90 	 95 	 100 	 105
735 	 335 	 0 	 5 	 2 	 10 	 11 	 11 	 55 	 60 	 65 	 70 	 75 	 80 	 85 	 90 	 95 	 100 	 105
736 	 335 	 0 	 9 	 4 	 7 	 8 	 9 	 10 	 11 	 59 	 64 	 69 	 74 	 79 	 84 	 89 	 94 	 99 	 104 	 109
737 	 335 	 0 	 2 	 2 	 6 	 7 	 11 	 57 	 62 	 67 	 72 	 77 	 82 	 87 	 92 	 97 	 102 	 107
738 	 336 	 0 	 4 	 2 	 15 	 16 	 5 	 64 	 74 	 84 	 94 	 104
739 	 336 	 0 	 1 	 6 	 2 	 3 	 4 	 5 	 6 	 7 	 5 	 61 	 71 	 81 	 91 	 101
740 	 336 	 0 	 3 	 4 	 2 	 3 	 4 	 5 	 5 	 63 	 73 	 83 	 93 	 103
741 	 337 	 0 	 2 	 2 	 7 	 8 	 6 	 57 	 67 	 77 	 87 	 97 	 107
742 	 338 	 0 	 1 	 2 	 14 	 15 	 11 	 3 	 8 	 13 	 18 	 23 	 28 	 33 	 38 	 43 	 48 	 53
743 	 339 	 0 	 8 	 2 	 8 	 9 	 11 	 0 	 5 	 10 	 15 	 20 	 25 	 30 	 35 	 40 	 45 	 50
744 	 340 	 0 	 1 	 4 	 9 	 10 	 11 	 12 	 11 	 56 	 61 	 66 	 71 	 76 	 81 	 86 	 91 	 96 	 101 	 106
745 	 341 	 0 	 5 	 2 	 0 	 1 	 6 	 2 	 12 	 22 	 32 	 42 	 52
746 	 341 	 0 	 9 	 2 	 2 	 3 	 6 	 2 	 12 	 22 	 32 	 42 	 52
747 	 341 	 0 	 1 	 2 	 4 	 5 	 6 	 2 	 12 	 22 	 32 	 42 	 52
748 	 341 	 0 	 5 	 2 	 6 	 7 	 6 	 2 	 12 	 22 	 32 	 42 	 52
749 	 341 	 0 	 5 	 2 	 8 	 9 	 6 	 2 	 12 	 22 	 32 	 42 	 52
750 	 341 	 0 	 8 	 2 	 10 	 11 	 6 	 2 	 12 	 22 	 32 	 42 	 52
751 	 341 	 0 	 10 	 2 	 12 	 13 	 6 	 2 	 12 	 22 	 32 	 42 	 52
752 	 341 	 0 	 5 	 2 	 14 	 15 	 6 	 2 	 12 	 22 	 32 	 42 	 52
753 	 341 	 0 	 1 	 2 	 16 	 17 	 6 	 2 	 12 	 22 	 32 	 42 	 52
754 	 342 	 0 	 5 	 4 	 7 	 8 	 9 	 10 	 5 	 60 	 70 	 80 	 90 	 100
755 	 343 	 0 	 1 	 2 	 9 	 10 	 5 	 6 	 16 	 26 	 36 	 46
756 	 344 	 0 	 8 	 2 	 9 	 10 	 6 	 56 	 66 	 76 	 86 	 96 	 106
757 	 344 	 0 	 10 	 4 	 0 	 1 	 2 	 3 	 6 	 58 	 68 	 78 	 88 	 98 	 108
758 	 344 	 0 	 7 	 2 	 0 	 1 	 6 	 57 	 67 	 77 	 87 	 97 	 107
759 	 345 	 0 	 6 	 2 	 3 	 4 	 6 	 56 	 66 	 76 	 86 	 96 	 106
760 	 346 	 0 	 4 	 2 	 3 	 4 	 6 	 2 	 12 	 22 	 32 	 42 	 52
761 	 346 	 0 	 1 	 2 	 5 	 6 	 6 	 2 	 12 	 22 	 32 	 42 	 52
762 	 346 	 0 	 7 	 2 	 7 	 8 	 6 	 2 	 12 	 22 	 32 	 42 	 52
763 	 346 	 0 	 7 	 2 	 9 	 10 	 6 	 2 	 12 	 22 	 32 	 42 	 52
764 	 346 	 0 	 8 	 2 	 11 	 12 	 6 	 2 	 12 	 22 	 32 	 42 	 52
765 	 346 	 0 	 8 	 2 	 13 	 14 	 6 	 2 	 12 	 22 	 32 	 42 	 52
766 	 346 	 0 	 4 	 2 	 15 	 16 	 6 	 2 	 12 	 22 	 32 	 42 	 52
767 	 347 	 0 	 8 	 2 	 8 	 9 	 5 	 60 	 70 	 80 	 90 	 100
768 	 347 	 0 	 8 	 2 	 10 	 11 	 5 	 60 	 70 	 80 	 90 	 100
769 	 347 	 0 	 6 	 2 	 12 	 13 	 5 	 60 	 70 	 80 	 90 	 100
770 	 347 	 0 	 3 	 2 	 14 	 15 	 5 	 60 	 70 	 80 	 90 	 100
771 	 347 	 0 	 2 	 2 	 16 	 17 	 5 	 60 	 70 	 80 	 90 	 100
772 	 348 	 0 	 6 	 2 	 4 	 5 	 11 	 0 	 5 	 10 	 15 	 20 	 25 	 30 	 35 	 40 	 45 	 50
773 	 349 	 0 	 2 	 2 	 11 	 12 	 6 	 59 	 69 	 79 	 89 	 99 	 109
774 	 350 	 0 	 10 	 2 	 5 	 6 	 6 	 59 	 69 	 79 	 89 	 99 	 109
775 	 351 	 0 	 1 	 2 	 12 	 13 	 6 	 55 	 65 	 75 	 85 	 95 	 105
776 	 352 	 0 	 7 	 2 	 6 	 7 	 11 	 0 	 5 	 10 	 15 	 20 	 25 	 30 	 35 	 40 	 45 	 50
777 	 353 	 0 	 8 	 6 	 12 	 13 	 14 	 15 	 16 	 17 	 6 	 59 	 69 	 79 	 89 	 99 	 109
778 	 354 	 0 	 2 	 4 	 2 	 3 	 4 	 5 	 6 	 0 	 10 	 20 	 30 	 40 	 50
779 	 355 	 0 	 9 	 2 	 14 	 15 	 6 	 3 	 13 	 23 	 33 	 43 	 53
780 	 355 	 0 	 9 	 2 	 2 	 3 	 6 	 4 	 14 	 24 	 34 	 44 	 54
781 	 355 	 0 	 2 	 2 	 4 	 5 	 6 	 1 	 11 	 21 	 31 	 41 	 51
782 	 356 	 0 	 10 	 2 	 0 	 1 	 11 	 4 	 9 	 14 	 19 	 24 	 29 	 34 	 39 	 44 	 49 	 54
783 	 356 	 0 	 9 	 2 	 2 	 3 	 11 	 4 	 9 	 14 	 19 	 24 	 29 	 34 	 39 	 44 	 49 	 54
784 	 356 	 0 	 7 	 2 	 4 	 5 	 11 	 4 	 9 	 14 	 19 	 24 	 29 	 34 	 39 	 44 	 49 	 54
785 	 356 	 0 	 1 	 2 	 6 	 7 	 11 	 4 	 9 	 14 	 19 	 24 	 29 	 34 	 39 	 44 	 49 	 54
786 	 356 	 0 	 10 	 2 	 8 	 9 	 11 	 4 	 9 	 14 	 19 	 24 	 29 	 34 	 39 	 44 	 49 	 54
787 	 356 	 0 	 5 	 2 	 10 	 11 	 11 	 4 	 9 	 14 	 19 	 24 	 29 	 34 	 39 	 44 	 49 	 54
788 	 356 	 0 	 8 	 2 	 12 	 13 	 11 	 4 	 9 	 14 	 19 	 24 	 29 	 34 	 39 	 44 	 49 	 54
789 	 356 	 0 	 2 	 2 	 14 	 15 	 11 	 4 	 9 	 14 	 19 	 24 	 29 	 34 	 39 	 44 	 49 	 54
790 	 356 	 0 	 2 	 2 	 16 	 17 	 11 	 4 	 9 	 14 	 19 	 24 	 29 	 34 	 39 	 44 	 49 	 54
791 	 357 	 0 	 8 	 2 	 7 	 8 	 5 	 64 	 74 	 84 	 94 	 104
792 	 358 	 0 	 2 	 2 	 2 	 3 	 6 	 58 	 68 	 78 	 88 	 98 	 108
793 	 358 	 0 	 10 	 4 	 1 	 2 	 3 	 4 	 6 	 56 	 66 	 76 	 86 	 96 	 106
794 	 358 	 0 	 3 	 2 	 6 	 7 	 6 	 59 	 69 	 79 	 89 	 99 	 109
795 	 359 	 0 	 6 	 2 	 12 	 13 	 5 	 64 	 74 	 84 	 94 	 104
796 	 360 	 0 	 5 	 2 	 6 	 7 	 11 	 0 	 5 	 10 	 15 	 20 	 25 	 30 	 35 	 40 	 45 	 50
797 	 361 	 0 	 2 	 2 	 3 	 4 	 6 	 56 	 66 	 76 	 86 	 96 	 106
798 	 361 	 0 	 9 	 2 	 5 	 6 	 6 	 56 	 66 	 76 	 86 	 96 	 106
799 	 361 	 0 	 1 	 2 	 7 	 8 	 6 	 56 	 66 	 76 	 86 	 96 	 106
800 	 361 	 0 	 8 	 2 	 9 	 10 	 6 	 56 	 66 	 76 	 86 	 96 	 106
801 	 362 	 0 	 4 	 2 	 10 	 11 	 11 	 1 	 6 	 11 	 16 	 21 	 26 	 31 	 36 	 41 	 46 	 51
802 	 362 	 0 	 5 	 2 	 6 	 7 	 11 	 2 	 7 	 12 	 17 	 22 	 27 	 32 	 37 	 42 	 47 	 52
803 	 362 	 0 	 8 	 4 	 10 	 11 	 12 	 13 	 11 	 4 	 9 	 14 	 19 	 24 	 29 	 34 	 39 	 44 	 49 	 54
804 	 363 	 0 	 7 	 2 	 6 	 7 	 6 	 4 	 14 	 24 	 34 	 44 	 54
805 	 363 	 0 	 1 	 2 	 9 	 10 	 6 	 1 	 11 	 21 	 31 	 41 	 51
806 	 364 	 0 	 7 	 4 	 5 	 6 	 7 	 8 	 6 	 55 	 65 	 75 	 85 	 95 	 105
807 	 365 	 0 	 4 	 2 	 8 	 9 	 11 	 55 	 60 	 65 	 70 	 75 	 80 	 85 	 90 	 95 	 100 	 105
808 	 366 	 0 	 3 	 2 	 13 	 14 	 11 	 3 	 8 	 13 	 18 	 23 	 28 	 33 	 38 	 43 	 48 	 53
809 	 367 	 0 	 10 	 2 	 5 	 6 	 6 	 57 	 67 	 77 	 87 	 97 	 107
810 	 368 	 0 	 3 	 2 	 4 	 5 	 5 	 64 	 74 	 84 	 94 	 104
811 	 369 	 0 	 4 	 2 	 0 	 1 	 11 	 3 	 8 	 13 	 18 	 23 	 28 	 33 	 38 	 43 	 48 	 53
812 	 369 	 0 	 7 	 2 	 2 	 3 	 11 	 3 	 8 	 13 	 18 	 23 	 28 	 33 	 38 	 43 	 48 	 53
813 	 369 	 0 	 1 	 2 	 4 	 5 	 11 	 3 	 8 	 13 	 18 	 23 	 28 	 33 	 38 	 43 	 48 	 53
814 	 369 	 0 	 6 	 2 	 6 	 7 	 11 	 3 	 8 	 13 	 18 	 23 	 28 	 33 	 38 	 43 	 48 	 53
815 	 369 	 0 	 5 	 2 	 8 	 9 	 11 	 3 	 8 	 13 	 18 	 23 	 28 	 33 	 38 	 43 	 48 	 53
816 	 369 	 0 	 5 	 2 	 10 	 11 	 11 	 3 	 8 	 13 	 18 	 23 	 28 	 33 	 38 	 43 	 48 	 53
817 	 370 	 0 	 3 	 2 	 3 	 4 	 5 	 61 	 71 	 81 	 91 	 101
818 	 370 	 0 	 7 	 2 	 5 	 6 	 5 	 61 	 71 	 81 	 91 	 101
819 	 370 	 0 	 5 	 2 	 7 	 8 	 5 	 61 	 71 	 81 	 91 	 101
820 	 370 	 0 	 4 	 2 	 9 	 10 	 5 	 61 	 71 	 81 	 91 	 101
821 	 370 	 0 	 6 	 2 	 11 	 12 	 5 	 61 	 71 	 81 	 91 	 101
822 	 370 	 0 	 10 	 2 	 13 	 14 	 5 	 61 	 71 	 81 	 91 	 101
823 	 370 	 0 	 9 	 2 	 15 	 16 	 5 	 61 	 71 	 81 	 91 	 101
824 	 371 	 0 	 4 	 2 	 1 	 2 	 6 	 4 	 14 	 24 	 34 	 44 	 54
825 	 372 	 0 	 1 	 2 	 10 	 11 	 5 	 6 	 16 	 26 	 36 	 46
826 	 373 	 0 	 6 	 2 	 13 	 14 	 5 	 63 	 73 	 83 	 93 	 103
827 	 373 	 0 	 6 	 4 	 14 	 15 	 16 	 17 	 5 	 60 	 70 	 80 	 90 	 100
828 	 374 	 0 	 4 	 2 	 13 	 14 	 6 	 2 	 12 	 22 	 32 	 42 	 52
829 	 375 	 0 	 5 	 2 	 15 	 16 	 5 	 60 	 70 	 80 	 90 	 100
830 	 376 	 0 	 4 	 2 	 12 	 13 	 11 	 58 	 63 	 68 	 73 	 78 	 83 	 88 	 93 	 98 	 103 	 108
831 	 377 	 0 	 2 	 2 	 9 	 10 	 5 	 5 	 15 	 25 	 35 	 45
832 	 377 	 0 	 7 	 4 	 6 	 7 	 8 	 9 	 5 	 9 	 19 	 29 	 39 	 49
833 	 377 	 0 	 9 	 2 	 11 	 12 	 5 	 6 	 16 	 26 	 36 	 46
834 	 378 	 0 	 4 	 2 	 8 	 9 	 11 	 1 	 6 	 11 	 16 	 21 	 26 	 31 	 36 	 41 	 46 	 51
835 	 379 	 0 	 5 	 2 	 1 	 2 	 5 	 64 	 74 	 84 	 94 	 104
836 	 379 	 0 	 6 	 2 	 3 	 4 	 5 	 64 	 74 	 84 	 94 	 104
837 	 379 	 0 	 4 	 2 	 5 	 6 	 5 	 64 	 74 	 84 	 94 	 104
838 	 379 	 0 	 7 	 2 	 7 	 8 	 5 	 64 	 74 	 84 	 94 	 104
839 	 379 	 0 	 5 	 2 	 9 	 10 	 5 	 64 	 74 	 84 	 94 	 104
840 	 379 	 0 	 2 	 2 	 11 	 12 	 5 	 64 	 74 	 84 	 94 	 104
841 	 379 	 0 	 8 	 2 	 13 	 14 	 5 	 64 	 74 	 84 	 94 	 104
842 	 379 	 0 	 4 	 2 	 15 	 16 	 5 	 64 	 74 	 84 	 94 	 104
843 	 380 	 0 	 1 	 2 	 5 	 6 	 11 	 0 	 5 	 10 	 15 	 20 	 25 	 30 	 35 	 40 	 45 	 50
844 	 381 	 0 	 9 	 4 	 13 	 14 	 15 	 16 	 11 	 56 	 61 	 66 	 71 	 76 	 81 	 86 	 91 	 96 	 101 	 106
845 	 382 	 0 	 2 	 2 	 0 	 1 	 5 	 5 	 15 	 25 	 35 	 45
846 	 383 	 0 	 1 	 2 	 8 	 9 	 11 	 0 	 5 	 10 	 15 	 20 	 25 	 30 	 35 	 40 	 45 	 50
847 	 384 	 0 	 5 	 2 	 16 	 17 	 6 	 56 	 66 	 76 	 86 	 96 	 106
848 	 385 	 0 	 5 	 4 	 5 	 6 	 7 	 8 	 5 	 61 	 71 	 81 	 91 	 101
849 	 385 	 0 	 2 	 2 	 9 	 10 	 5 	 64 	 74 	 84 	 94 	 104
850 	 385 	 0 	 1 	 2 	 0 	 1 	 5 	 62 	 72 	 82 	 92 	 102
851 	 386 	 0 	 5 	 2 	 2 	 3 	 5 	 61 	 71 	 81 	 91 	 101
852 	 387 	 0 	 9 	 2 	 3 	 4 	 5 	 60 	 70 	 80 	 90 	 100
853 	 388 	 0 	 5 	 2 	 4 	 5 	 11 	 1 	 6 	 11 	 16 	 21 	 26 	 31 	 36 	 41 	 46 	 51
854 	 388 	 0 	 8 	 2 	 6 	 7 	 11 	 1 	 6 	 11 	 16 	 21 	 26 	 31 	 36 	 41 	 46 	 51
855 	 388 	 0 	 1 	 2 	 8 	 9 	 11 	 1 	 6 	 11 	 16 	 21 	 26 	 31 	 36 	 41 	 46 	 51
856 	 388 	 0 	 9 	 2 	 10 	 11 	 11 	 1 	 6 	 11 	 16 	 21 	 26 	 31 	 36 	 41 	 46 	 51
857 	 388 	 0 	 1 	 2 	 12 	 13 	 11 	 1 	 6 	 11 	 16 	 21 	 26 	 31 	 36 	 41 	 46 	 51
858 	 389 	 0 	 6 	 2 	 1 	 2 	 11 	 1 	 6 	 11 	 16 	 21 	 26 	 31 	 36 	 41 	 46 	 51
859 	 389 	 0 	 7 	 2 	 3 	 4 	 11 	 1 	 6 	 11 	 16 	 21 	 26 	 31 	 36 	 41 	 46 	 51
860 	 389 	 0 	 1 	 2 	 5 	 6 	 11 	 1 	 6 	 11 	 16 	 21 	 26 	 31 	 36 	 41 	 46 	 51
861 	 389 	 0 	 10 	 2 	 7 	 8 	 11 	 1 	 6 	 11 	 16 	 21 	 26 	 31 	 36 	 41 	 46 	 51
862 	 389 	 0 	 6 	 2 	 9 	 10 	 11 	 1 	 6 	 11 	 16 	 21 	 26 	 31 	 36 	 41 	 46 	 51
863 	 389 	 0 	 2 	 2 	 11 	 12 	 11 	 1 	 6 	 11 	 16 	 21 	 26 	 31 	 36 	 41 	 46 	 51
864 	 389 	 0 	 8 	 2 	 13 	 14 	 11 	 1 	 6 	 11 	 16 	 21 	 26 	 31 	 36 	 41 	 46 	 51
865 	 389 	 0 	 10 	 2 	 15 	 16 	 11 	 1 	 6 	 11 	 16 	 21 	 26 	 31 	 36 	 41 	 46 	 51
866 	 390 	 0 	 9 	 2 	 1 	 2 	 5 	 64 	 74 	 84 	 94 	 104
867 	 390 	 0 	 10 	 2 	 3 	 4 	 5 	 64 	 74 	 84 	 94 	 104
868 	 390 	 0 	 8 	 2 	 5 	 6 	 5 	 64 	 74 	 84 	 94 	 104
869 	 390 	 0 	 9 	 2 	 7 	 8 	 5 	 64 	 74 	 84 	 94 	 104
870 	 390 	 0 	 10 	 2 	 9 	 10 	 5 	 64 	 74 	 84 	 94 	 104
871 	 390 	 0 	 1 	 2 	 11 	 12 	 5 	 64 	 74 	 84 	 94 	 104
872 	 390 	 0 	 10 	 2 	 13 	 14 	 5 	 64 	 74 	 84 	 94 	 104
873 	 390 	 0 	 8 	 2 	 15 	 16 	 5 	 64 	 74 	 84 	 94 	 104
874 	 391 	 0 	 7 	 2 	 7 	 8 	 11 	 56 	 61 	 66 	 71 	 76 	 81 	 86 	 91 	 96 	 101 	 106
875 	 392 	 0 	 6 	 4 	 3 	 4 	 5 	 6 	 11 	 56 	 61 	 66 	 71 	 76 	 81 	 86 	 91 	 96 	 101 	 106
876 	 392 	 0 	 2 	 2 	 14 	 15 	 11 	 57 	 62 	 67 	 72 	 77 	 82 	 87 	 92 	 97 	 102 	 107
877 	 392 	 0 	 1 	 4 	 14 	 15 	 16 	 17 	 11 	 59 	 64 	 69 	 74 	 79 	 84 	 89 	 94 	 99 	 104 	 109
878 	 393 	 0 	 2 	 2 	 12 	 13 	 5 	 60 	 70 	 80 	 90 	 100
879 	 394 	 0 	 10 	 4 	 12 	 13 	 14 	 15 	 11 	 0 	 5 	 10 	 15 	 20 	 25 	 30 	 35 	 40 	 45 	 50
880 	 395 	 0 	 4 	 2 	 4 	 5 	 5 	 9 	 19 	 29 	 39 	 49
881 	 395 	 0 	 1 	 2 	 6 	 7 	 5 	 9 	 19 	 29 	 39 	 49
882 	 395 	 0 	 9 	 2 	 8 	 9 	 5 	 9 	 19 	 29 	 39 	 49
883 	 395 	 0 	 6 	 2 	 10 	 11 	 5 	 9 	 19 	 29 	 39 	 49
884 	 396 	 0 	 8 	 2 	 9 	 10 	 5 	 5 	 15 	 25 	 35 	 45
885 	 397 	 0 	 10 	 4 	 10 	 11 	 12 	 13 	 5 	 7 	 17 	 27 	 37 	 47
886 	 398 	 0 	 4 	 4 	 9 	 10 	 11 	 12 	 5 	 61 	 71 	 81 	 91 	 101
887 	 398 	 0 	 4 	 2 	 2 	 3 	 5 	 60 	 70 	 80 	 90 	 100
888 	 399 	 0 	 2 	 4 	 11 	 12 	 13 	 14 	 6 	 55 	 65 	 75 	 85 	 95 	 105
889 	 399 	 0 	 1 	 2 	 5 	 6 	 6 	 59 	 69 	 79 	 89 	 99 	 109
890 	 399 	 0 	 10 	 2 	 10 	 11 	 6 	 58 	 68 	 78 	 88 	 98 	 108
891	0	0	0	4	10	11	12	13	5	7	17	27	37	47	
892	1	0	0	2	2	3	5	6	16	26	36	46	
893	1	0	0	4	0	1	2	3	5	9	19	29	39	49	
894	2	0	0	4	0	1	2	3	6	2	12	22	32	42	52	
895	3	0	0	2	4	5	11	59	64	69	74	79	84	89	94	99	104	109	
896	3	0	0	4	9	10	11	12	11	55	60	65	70	75	80	85	90	95	100	105	
897	4	0	0	4	13	14	15	16	6	2	12	22	32	42	52	
898	5	0	0	4	9	10	11	12	5	62	72	82	92	102	
899	6	0	0	2	16	17	11	56	61	66	71	76	81	86	91	96	101	106	
900	7	0	0	2	13	14	6	2	12	22	32	42	52	
901	7	0	0	2	2	3	6	0	10	20	30	40	50	
902	7	0	0	4	0	1	2	3	6	1	11	21	31	41	51	
903	8	0	0	4	8	9	10	11	6	55	65	75	85	95	105	
904	9	0	0	2	1	2	6	57	67	77	87	97	107	
905	9	0	0	2	3	4	6	55	65	75	85	95	105	
906	10	0	0	4	1	2	3	4	11	58	63	68	73	78	83	88	93	98	103	108	
907	10	0	0	4	3	4	5	6	11	59	64	69	74	79	84	89	94	99	104	109	
908	11	0	0	2	11	12	5	63	73	83	93	103	
909	12	0	0	4	13	14	15	16	6	57	67	77	87	97	107	
910	13	0	0	4	3	4	5	6	6	57	67	77	87	97	107	
911	13	0	0	2	5	6	6	58	68	78	88	98	108	
912	13	0	0	4	0	1	2	3	6	55	65	75	85	95	105	
913	13	0	0	4	11	12	13	14	6	56	66	76	86	96	106	
914	14	0	0	2	6	7	6	2	12	22	32	42	52	
915	14	0	0	2	5	6	6	0	10	20	30	40	50	
916	15	0	0	2	12	13	5	63	73	83	93	103	
917	16	0	0	2	10	11	5	60	70	80	90	100	
918	16	0	0	4	10	11	12	13	5	62	72	82	92	102	
919	17	0	0	4	6	7	8	9	6	0	10	20	30	40	50	
920	17	0	0	2	3	4	6	2	12	22	32	42	52	
921	18	0	0	4	6	7	8	9	5	60	70	80	90	100	
922	19	0	0	2	14	15	11	57	62	67	72	77	82	87	92	97	102	107	
923	19	0	0	4	2	3	4	5	11	58	63	68	73	78	83	88	93	98	103	108	
924	19	0	0	2	2	3	11	59	64	69	74	79	84	89	94	99	104	109	
925	20	0	0	4	1	2	3	4	5	64	74	84	94	104	
926	21	0	0	4	14	15	16	17	6	0	10	20	30	40	50	
927	21	0	0	2	3	4	6	3	13	23	33	43	53	
928	22	0	0	2	10	11	5	61	71	81	91	101	
929	22	0	0	2	10	11	5	62	72	82	92	102	
930	22	0	0	4	8	9	10	11	5	64	74	84	94	104	
931	23	0	0	4	11	12	13	14	6	58	68	78	88	98	108	
932	24	0	0	4	14	15	16	17	6	1	11	21	31	41	51	
933	25	0	0	4	8	9	10	11	5	63	73	83	93	103	
934	26	0	0	4	9	10	11	12	5	7	17	27	37	47	
935	27	0	0	4	5	6	7	8	11	55	60	65	70	75	80	85	90	95	100	105	
936	27	0	0	2	14	15	11	57	62	67	72	77	82	87	92	97	102	107	
937	28	0	0	2	13	14	6	56	66	76	86	96	106	
938	29	0	0	2	16	17	6	3	13	23	33	43	53	
939	30	0	0	2	11	12	5	64	74	84	94	104	
940	30	0	0	2	12	13	5	61	71	81	91	101	
941	31	0	0	4	7	8	9	10	5	60	70	80	90	100	
942	32	0	0	4	9	10	11	12	5	5	15	25	35	45	
943	33	0	0	2	14	15	11	3	8	13	18	23	28	33	38	43	48	53	
944	33	0	0	2	0	1	11	4	9	14	19	24	29	34	39	44	49	54	
945	34	0	0	2	11	12	5	5	15	25	35	45	
946	34	0	0	2	12	13	5	8	18	28	38	48	
947	34	0	0	4	7	8	9	10	5	9	19	29	39	49	
948	35	0	0	4	13	14	15	16	6	3	13	23	33	43	53	
949	35	0	0	4	3	4	5	6	6	4	14	24	34	44	54	
950	35	0	0	2	12	13	6	2	12	22	32	42	52	
951	35	0	0	2	11	12	6	1	11	21	31	41	51	
952	36	0	0	2	2	3	11	2	7	12	17	22	27	32	37	42	47	52	
953	36	0	0	2	3	4	11	0	5	10	15	20	25	30	35	40	45	50	
954	37	0	0	2	13	14	5	7	17	27	37	47	
955	37	0	0	4	6	7	8	9	5	6	16	26	36	46	
956	38	0	0	4	6	7	8	9	11	59	64	69	74	79	84	89	94	99	104	109	
957	39	0	0	4	10	11	12	13	6	57	67	77	87	97	107	
958	39	0	0	4	2	3	4	5	6	59	69	79	89	99	109	
959	40	0	0	2	16	17	6	1	11	21	31	41	51	
960	41	0	0	2	1	2	11	58	63	68	73	78	83	88	93	98	103	108	
961	41	0	0	4	10	11	12	13	11	57	62	67	72	77	82	87	92	97	102	107	
962	42	0	0	4	7	8	9	10	5	63	73	83	93	103	
963	42	0	0	2	1	2	5	64	74	84	94	104	
964	43	0	0	4	1	2	3	4	11	1	6	11	16	21	26	31	36	41	46	51	
965	43	0	0	4	2	3	4	5	11	2	7	12	17	22	27	32	37	42	47	52	
966	44	0	0	2	3	4	5	8	18	28	38	48	
967	45	0	0	2	5	6	11	1	6	11	16	21	26	31	36	41	46	51	
968	45	0	0	4	11	12	13	14	11	2	7	12	17	22	27	32	37	42	47	52	
969	46	0	0	4	0	1	2	3	6	1	11	21	31	41	51	
970	46	0	0	4	7	8	9	10	6	3	13	23	33	43	53	
971	46	0	0	2	5	6	6	4	14	24	34	44	54	
972	47	0	0	4	2	3	4	5	11	0	5	10	15	20	25	30	35	40	45	50	
973	48	0	0	2	8	9	11	55	60	65	70	75	80	85	90	95	100	105	
974	48	0	0	4	0	1	2	3	11	56	61	66	71	76	81	86	91	96	101	106	
975	48	0	0	4	3	4	5	6	11	57	62	67	72	77	82	87	92	97	102	107	
976	49	0	0	2	1	2	6	55	65	75	85	95	105	
977	49	0	0	4	12	13	14	15	6	57	67	77	87	97	107	
978	50	0	0	4	0	1	2	3	6	2	12	22	32	42	52	
979	51	0	0	4	11	12	13	14	11	57	62	67	72	77	82	87	92	97	102	107	
980	52	0	0	2	1	2	11	0	5	10	15	20	25	30	35	40	45	50	
981	52	0	0	2	15	16	11	2	7	12	17	22	27	32	37	42	47	52	
982	53	0	0	4	3	4	5	6	6	3	13	23	33	43	53	
983	53	0	0	2	15	16	6	2	12	22	32	42	52	
984	54	0	0	2	12	13	5	61	71	81	91	101	
985	54	0	0	2	8	9	5	63	73	83	93	103	
986	55	0	0	2	15	16	6	59	69	79	89	99	109	
987	55	0	0	2	0	1	6	55	65	75	85	95	105	
988	56	0	0	2	9	10	5	61	71	81	91	101	
989	56	0	0	2	1	2	5	64	74	84	94	104	
990	57	0	0	2	12	13	6	4	14	24	34	44	54	
991	57	0	0	4	0	1	2	3	6	2	12	22	32	42	52	
992	58	0	0	4	9	10	11	12	6	2	12	22	32	42	52	
993	59	0	0	2	13	14	6	58	68	78	88	98	108	
994	59	0	0	4	6	7	8	9	6	55	65	75	85	95	105	
995	60	0	0	2	3	4	11	4	9	14	19	24	29	34	39	44	49	54	
996	60	0	0	2	14	15	11	3	8	13	18	23	28	33	38	43	48	53	
997	61	0	0	4	2	3	4	5	5	5	15	25	35	45	
998	62	0	0	4	2	3	4	5	5	5	15	25	35	45	
999	63	0	0	2	10	11	11	3	8	13	18	23	28	33	38	43	48	53	
1000	64	0	0	2	12	13	11	55	60	65	70	75	80	85	90	95	100	105	
1001	64	0	0	4	3	4	5	6	11	57	62	67	72	77	82	87	92	97	102	107	
1002	65	0	0	2	10	11	5	60	70	80	90	100	
1003	66	0	0	4	2	3	4	5	5	63	73	83	93	103	
1004	66	0	0	4	9	10	11	12	5	60	70	80	90	100	
1005	67	0	0	2	1	2	6	58	68	78	88	98	108	
1006	67	0	0	4	4	5	6	7	6	55	65	75	85	95	105	
1007	68	0	0	4	5	6	7	8	11	0	5	10	15	20	25	30	35	40	45	50	
1008	68	0	0	4	6	7	8	9	11	3	8	13	18	23	28	33	38	43	48	53	
1009	69	0	0	2	13	14	6	56	66	76	86	96	106	
1010	70	0	0	2	8	9	6	2	12	22	32	42	52	
1011	70	0	0	4	6	7	8	9	6	1	11	21	31	41	51	
1012	71	0	0	4	8	9	10	11	5	60	70	80	90	100	
1013	71	0	0	4	3	4	5	6	5	63	73	83	93	103	
1014	72	0	0	2	8	9	11	59	64	69	74	79	84	89	94	99	104	109	
1015	72	0	0	4	7	8	9	10	11	55	60	65	70	75	80	85	90	95	100	105	
1016	73	0	0	4	6	7	8	9	6	59	69	79	89	99	109	
1017	73	0	0	2	15	16	6	55	65	75	85	95	105	
1018	74	0	0	4	2	3	4	5	6	4	14	24	34	44	54	
1019	74	0	0	2	5	6	6	1	11	21	31	41	51	
1020	74	0	0	4	14	15	16	17	6	0	10	20	30	40	50	
1021	74	0	0	2	6	7	6	2	12	22	32	42	52	
1022	75	0	0	2	4	5	11	1	6	11	16	21	26	31	36	41	46	51	
1023	76	0	0	4	6	7	8	9	5	62	72	82	92	102	
1024	77	0	0	4	13	14	15	16	11	59	64	69	74	79	84	89	94	99	104	109	
1025	77	0	0	2	6	7	11	56	61	66	71	76	81	86	91	96	101	106	
1026	78	0	0	4	4	5	6	7	6	4	14	24	34	44	54	
1027	79	0	0	2	16	17	11	57	62	67	72	77	82	87	92	97	102	107	
1028	80	0	0	4	0	1	2	3	6	0	10	20	30	40	50	
1029	81	0	0	4	2	3	4	5	5	60	70	80	90	100	
1030	82	0	0	2	15	16	11	1	6	11	16	21	26	31	36	41	46	51	
1031	83	0	0	2	5	6	5	61	71	81	91	101	
1032	84	0	0	2	1	2	5	64	74	84	94	104	
1033	85	0	0	4	14	15	16	17	6	0	10	20	30	40	50	
1034	86	0	0	2	6	7	6	56	66	76	86	96	106	
1035	87	0	0	4	9	10	11	12	11	58	63	68	73	78	83	88	93	98	103	108	
1036	88	0	0	4	2	3	4	5	11	55	60	65	70	75	80	85	90	95	100	105	
1037	89	0	0	2	7	8	11	55	60	65	70	75	80	85	90	95	100	105	
1038	89	0	0	2	12	13	11	56	61	66	71	76	81	86	91	96	101	106	
1039	90	0	0	4	9	10	11	12	11	58	63	68	73	78	83	88	93	98	103	108	
1040	91	0	0	2	15	16	11	57	62	67	72	77	82	87	92	97	102	107	
1041	91	0	0	4	6	7	8	9	11	55	60	65	70	75	80	85	90	95	100	105	
1042	92	0	0	4	5	6	7	8	6	2	12	22	32	42	52	
1043	93	0	0	4	11	12	13	14	5	9	19	29	39	49	
1044	93	0	0	4	2	3	4	5	5	5	15	25	35	45	
1045	94	0	0	2	0	1	6	55	65	75	85	95	105	
1046	95	0	0	4	4	5	6	7	6	0	10	20	30	40	50	
1047	95	0	0	2	15	16	6	3	13	23	33	43	53	
1048	95	0	0	4	9	10	11	12	6	2	12	22	32	42	52	
1049	96	0	0	2	16	17	6	1	11	21	31	41	51	
1050	96	0	0	2	6	7	6	4	14	24	34	44	54	
1051	96	0	0	2	2	3	6	2	12	22	32	42	52	
1052	96	0	0	2	12	13	6	3	13	23	33	43	53	
1053	97	0	0	4	2	3	4	5	11	55	60	65	70	75	80	85	90	95	100	105	
1054	97	0	0	2	12	13	11	58	63	68	73	78	83	88	93	98	103	108	
1055	98	0	0	2	1	2	6	1	11	21	31	41	51	
1056	99	0	0	4	13	14	15	16	5	8	18	28	38	48	
1057	100	0	0	4	9	10	11	12	6	0	10	20	30	40	50	
1058	100	0	0	2	0	1	6	3	13	23	33	43	53	
1059	101	0	0	2	7	8	5	64	74	84	94	104	
1060	101	0	0	2	7	8	5	61	71	81	91	101	
1061	101	0	0	2	11	12	5	60	70	80	90	100	
1062	102	0	0	2	7	8	11	56	61	66	71	76	81	86	91	96	101	106	
1063	103	0	0	2	15	16	11	3	8	13	18	23	28	33	38	43	48	53	
1064	104	0	0	2	2	3	11	1	6	11	16	21	26	31	36	41	46	51	
1065	105	0	0	2	9	10	6	1	11	21	31	41	51	
1066	106	0	0	4	11	12	13	14	6	56	66	76	86	96	106	
1067	107	0	0	2	6	7	11	0	5	10	15	20	25	30	35	40	45	50	
1068	108	0	0	2	11	12	11	58	63	68	73	78	83	88	93	98	103	108	
1069	108	0	0	4	7	8	9	10	11	59	64	69	74	79	84	89	94	99	104	109	
1070	108	0	0	4	0	1	2	3	11	56	61	66	71	76	81	86	91	96	101	106	
1071	109	0	0	2	10	11	5	60	70	80	90	100	
1072	109	0	0	4	1	2	3	4	5	63	73	83	93	103	
1073	109	0	0	4	10	11	12	13	5	62	72	82	92	102	
1074	109	0	0	4	8	9	10	11	5	61	71	81	91	101	
1075	110	0	0	4	12	13	14	15	11	2	7	12	17	22	27	32	37	42	47	52	
1076	110	0	0	2	10	11	11	4	9	14	19	24	29	34	39	44	49	54	
1077	110	0	0	4	4	5	6	7	11	0	5	10	15	20	25	30	35	40	45	50	
1078	110	0	0	4	7	8	9	10	11	1	6	11	16	21	26	31	36	41	46	51	
1079	111	0	0	4	8	9	10	11	6	56	66	76	86	96	106	
1080	112	0	0	4	10	11	12	13	6	0	10	20	30	40	50	
1081	113	0	0	2	7	8	11	59	64	69	74	79	84	89	94	99	104	109	
1082	114	0	0	4	13	14	15	16	5	60	70	80	90	100	
1083	114	0	0	2	15	16	5	64	74	84	94	104	
1084	115	0	0	2	0	1	6	4	14	24	34	44	54	
1085	115	0	0	4	1	2	3	4	6	1	11	21	31	41	51	
1086	115	0	0	4	5	6	7	8	6	2	12	22	32	42	52	
1087	115	0	0	2	2	3	6	0	10	20	30	40	50	
1088	116	0	0	4	2	3	4	5	6	3	13	23	33	43	53	
1089	117	0	0	4	1	2	3	4	6	56	66	76	86	96	106	
1090	117	0	0	4	2	3	4	5	6	55	65	75	85	95	105	
1091	118	0	0	2	2	3	6	2	12	22	32	42	52	
1092	118	0	0	4	5	6	7	8	6	4	14	24	34	44	54	
1093	118	0	0	4	12	13	14	15	6	1	11	21	31	41	51	
1094	118	0	0	2	13	14	6	0	10	20	30	40	50	
1095	119	0	0	2	9	10	5	9	19	29	39	49	
1096	119	0	0	4	4	5	6	7	5	6	16	26	36	46	
1097	119	0	0	4	7	8	9	10	5	7	17	27	37	47	
1098	120	0	0	4	4	5	6	7	11	4	9	14	19	24	29	34	39	44	49	54	
1099	120	0	0	2	12	13	11	1	6	11	16	21	26	31	36	41	46	51	
1100	120	0	0	2	15	16	11	3	8	13	18	23	28	33	38	43	48	53	
1101	121	0	0	2	2	3	6	4	14	24	34	44	54	
1102	121	0	0	4	4	5	6	7	6	2	12	22	32	42	52	
1103	122	0	0	2	4	5	5	5	15	25	35	45	
1104	122	0	0	4	8	9	10	11	5	9	19	29	39	49	
1105	122	0	0	2	10	11	5	8	18	28	38	48	
1106	123	0	0	2	5	6	11	0	5	10	15	20	25	30	35	40	45	50	
1107	123	0	0	2	10	11	11	2	7	12	17	22	27	32	37	42	47	52	
1108	124	0	0	2	14	15	6	0	10	20	30	40	50	
1109	124	0	0	4	6	7	8	9	6	3	13	23	33	43	53	
1110	124	0	0	2	10	11	6	2	12	22	32	42	52	
1111	124	0	0	2	4	5	6	1	11	21	31	41	51	
1112	125	0	0	2	6	7	11	57	62	67	72	77	82	87	92	97	102	107	
1113	125	0	0	4	5	6	7	8	11	58	63	68	73	78	83	88	93	98	103	108	
1114	126	0	0	4	0	1	2	3	6	0	10	20	30	40	50	
1115	126	0	0	2	14	15	6	2	12	22	32	42	52	
1116	127	0	0	2	13	14	6	1	11	21	31	41	51	
1117	127	0	0	2	4	5	6	3	13	23	33	43	53	
1118	128	0	0	2	10	11	5	62	72	82	92	102	
1119	129	0	0	2	8	9	6	57	67	77	87	97	107	
1120	129	0	0	4	13	14	15	16	6	55	65	75	85	95	105	
1121	130	0	0	4	7	8	9	10	5	60	70	80	90	100	
1122	131	0	0	4	0	1	2	3	6	4	14	24	34	44	54	
1123	132	0	0	2	4	5	11	55	60	65	70	75	80	85	90	95	100	105	
1124	133	0	0	4	3	4	5	6	5	8	18	28	38	48	
1125	133	0	0	4	6	7	8	9	5	7	17	27	37	47	
1126	134	0	0	4	6	7	8	9	11	56	61	66	71	76	81	86	91	96	101	106	
1127	134	0	0	4	5	6	7	8	11	59	64	69	74	79	84	89	94	99	104	109	
1128	135	0	0	4	10	11	12	13	6	0	10	20	30	40	50	
1129	135	0	0	4	13	14	15	16	6	4	14	24	34	44	54	
1130	136	0	0	2	8	9	11	2	7	12	17	22	27	32	37	42	47	52	
1131	136	0	0	4	8	9	10	11	11	3	8	13	18	23	28	33	38	43	48	53	
1132	137	0	0	2	7	8	6	2	12	22	32	42	52	
1133	137	0	0	4	6	7	8	9	6	0	10	20	30	40	50	
1134	138	0	0	2	0	1	6	2	12	22	32	42	52	
1135	139	0	0	2	11	12	5	64	74	84	94	104	
1136	140	0	0	2	11	12	11	3	8	13	18	23	28	33	38	43	48	53	
1137	141	0	0	4	10	11	12	13	11	55	60	65	70	75	80	85	90	95	100	105	
1138	141	0	0	2	7	8	11	56	61	66	71	76	81	86	91	96	101	106	
1139	142	0	0	4	9	10	11	12	11	55	60	65	70	75	80	85	90	95	100	105	
1140	143	0	0	4	9	10	11	12	6	1	11	21	31	41	51	
1141	143	0	0	2	15	16	6	0	10	20	30	40	50	
1142	144	0	0	2	3	4	5	8	18	28	38	48	
1143	145	0	0	4	10	11	12	13	6	55	65	75	85	95	105	
1144	146	0	0	2	0	1	11	4	9	14	19	24	29	34	39	44	49	54	
1145	147	0	0	2	3	4	6	2	12	22	32	42	52	
1146	147	0	0	4	11	12	13	14	6	3	13	23	33	43	53	
1147	148	0	0	2	11	12	5	64	74	84	94	104	
1148	148	0	0	2	3	4	5	60	70	80	90	100	
1149	148	0	0	4	5	6	7	8	5	62	72	82	92	102	
1150	148	0	0	2	3	4	5	63	73	83	93	103	
1151	149	0	0	4	13	14	15	16	6	57	67	77	87	97	107	
1152	149	0	0	4	9	10	11	12	6	59	69	79	89	99	109	
1153	150	0	0	2	11	12	5	64	74	84	94	104	
1154	150	0	0	4	7	8	9	10	5	63	73	83	93	103	
1155	151	0	0	2	14	15	6	58	68	78	88	98	108	
1156	151	0	0	2	1	2	6	59	69	79	89	99	109	
1157	152	0	0	4	12	13	14	15	5	8	18	28	38	48	
1158	153	0	0	2	0	1	11	1	6	11	16	21	26	31	36	41	46	51	
1159	153	0	0	2	12	13	11	0	5	10	15	20	25	30	35	40	45	50	
1160	154	0	0	4	2	3	4	5	11	4	9	14	19	24	29	34	39	44	49	54	
1161	155	0	0	2	0	1	6	3	13	23	33	43	53	
1162	156	0	0	4	7	8	9	10	5	61	71	81	91	101	
1163	156	0	0	4	12	13	14	15	5	62	72	82	92	102	
1164	157	0	0	4	2	3	4	5	6	1	11	21	31	41	51	
1165	157	0	0	2	7	8	6	3	13	23	33	43	53	
1166	158	0	0	2	12	13	6	0	10	20	30	40	50	
1167	158	0	0	2	12	13	6	2	12	22	32	42	52	
1168	159	0	0	2	8	9	6	55	65	75	85	95	105	
1169	160	0	0	4	12	13	14	15	11	58	63	68	73	78	83	88	93	98	103	108	
1170	160	0	0	2	11	12	11	55	60	65	70	75	80	85	90	95	100	105	
1171	161	0	0	2	14	15	11	0	5	10	15	20	25	30	35	40	45	50	
1172	162	0	0	2	5	6	5	60	70	80	90	100	
1173	162	0	0	2	5	6	5	64	74	84	94	104	
1174	163	0	0	4	5	6	7	8	6	3	13	23	33	43	53	
1175	163	0	0	4	5	6	7	8	6	4	14	24	34	44	54	
1176	164	0	0	2	14	15	11	57	62	67	72	77	82	87	92	97	102	107	
1177	164	0	0	2	8	9	11	59	64	69	74	79	84	89	94	99	104	109	
1178	165	0	0	2	9	10	6	58	68	78	88	98	108	
1179	165	0	0	4	6	7	8	9	6	59	69	79	89	99	109	
1180	166	0	0	2	6	7	5	7	17	27	37	47	
1181	166	0	0	2	15	16	5	5	15	25	35	45	
1182	167	0	0	4	1	2	3	4	11	57	62	67	72	77	82	87	92	97	102	107	
1183	167	0	0	2	16	17	11	56	61	66	71	76	81	86	91	96	101	106	
1184	168	0	0	2	2	3	5	62	72	82	92	102	
1185	168	0	0	2	12	13	5	64	74	84	94	104	
1186	168	0	0	2	5	6	5	61	71	81	91	101	
1187	168	0	0	2	12	13	5	63	73	83	93	103	
1188	169	0	0	2	8	9	11	56	61	66	71	76	81	86	91	96	101	106	
1189	170	0	0	2	11	12	5	64	74	84	94	104	
1190	171	0	0	2	13	14	5	62	72	82	92	102	
1191	171	0	0	4	6	7	8	9	5	64	74	84	94	104	
1192	172	0	0	4	11	12	13	14	11	56	61	66	71	76	81	86	91	96	101	106	
1193	173	0	0	2	6	7	11	55	60	65	70	75	80	85	90	95	100	105	
1194	173	0	0	4	0	1	2	3	11	59	64	69	74	79	84	89	94	99	104	109	
1195	174	0	0	4	1	2	3	4	5	63	73	83	93	103	
1196	175	0	0	4	6	7	8	9	6	4	14	24	34	44	54	
1197	176	0	0	2	0	1	11	1	6	11	16	21	26	31	36	41	46	51	
1198	176	0	0	2	13	14	11	2	7	12	17	22	27	32	37	42	47	52	
1199	177	0	0	2	6	7	6	3	13	23	33	43	53	
1200	177	0	0	2	14	15	6	1	11	21	31	41	51	
1201	178	0	0	2	16	17	11	59	64	69	74	79	84	89	94	99	104	109	
1202	178	0	0	4	12	13	14	15	11	58	63	68	73	78	83	88	93	98	103	108	
1203	179	0	0	4	5	6	7	8	6	3	13	23	33	43	53	
1204	179	0	0	2	3	4	6	4	14	24	34	44	54	
1205	180	0	0	4	3	4	5	6	11	58	63	68	73	78	83	88	93	98	103	108	
1206	181	0	0	4	3	4	5	6	11	55	60	65	70	75	80	85	90	95	100	105	
1207	182	0	0	4	6	7	8	9	11	58	63	68	73	78	83	88	93	98	103	108	
1208	183	0	0	4	9	10	11	12	6	58	68	78	88	98	108	
1209	184	0	0	2	15	16	6	58	68	78	88	98	108	
1210	184	0	0	4	4	5	6	7	6	59	69	79	89	99	109	
1211	184	0	0	2	16	17	6	55	65	75	85	95	105	
1212	185	0	0	2	15	16	6	59	69	79	89	99	109	
1213	186	0	0	4	5	6	7	8	6	56	66	76	86	96	106	
1214	186	0	0	2	7	8	6	55	65	75	85	95	105	
1215	187	0	0	2	7	8	5	61	71	81	91	101	
1216	187	0	0	4	14	15	16	17	5	63	73	83	93	103	
1217	188	0	0	4	9	10	11	12	11	58	63	68	73	78	83	88	93	98	103	108	
1218	188	0	0	2	5	6	11	56	61	66	71	76	81	86	91	96	101	106	
1219	189	0	0	4	4	5	6	7	5	63	73	83	93	103	
1220	190	0	0	2	7	8	6	4	14	24	34	44	54	
1221	191	0	0	2	12	13	11	4	9	14	19	24	29	34	39	44	49	54	
1222	191	0	0	4	8	9	10	11	11	0	5	10	15	20	25	30	35	40	45	50	
1223	192	0	0	4	6	7	8	9	5	6	16	26	36	46	
1224	192	0	0	2	6	7	5	9	19	29	39	49	
1225	193	0	0	4	11	12	13	14	6	0	10	20	30	40	50	
1226	194	0	0	2	11	12	5	5	15	25	35	45	
1227	195	0	0	2	2	3	11	59	64	69	74	79	84	89	94	99	104	109	
1228	195	0	0	4	4	5	6	7	11	55	60	65	70	75	80	85	90	95	100	105	
1229	196	0	0	4	0	1	2	3	6	56	66	76	86	96	106	
1230	197	0	0	4	4	5	6	7	6	4	14	24	34	44	54	
1231	198	0	0	2	6	7	6	55	65	75	85	95	105	
1232	199	0	0	2	6	7	11	2	7	12	17	22	27	32	37	42	47	52	
1233	200	0	0	2	13	14	11	59	64	69	74	79	84	89	94	99	104	109	
1234	200	0	0	4	10	11	12	13	11	55	60	65	70	75	80	85	90	95	100	105	
1235	201	0	0	4	1	2	3	4	6	58	68	78	88	98	108	
1236	201	0	0	4	3	4	5	6	6	55	65	75	85	95	105	
1237	202	0	0	2	1	2	5	60	70	80	90	100	
1238	203	0	0	4	14	15	16	17	5	62	72	82	92	102	
1239	203	0	0	4	13	14	15	16	5	63	73	83	93	103	
1240	204	0	0	4	6	7	8	9	11	59	64	69	74	79	84	89	94	99	104	109	
1241	205	0	0	2	10	11	11	3	8	13	18	23	28	33	38	43	48	53	
1242	205	0	0	4	11	12	13	14	11	2	7	12	17	22	27	32	37	42	47	52	
1243	206	0	0	2	7	8	6	1	11	21	31	41	51	
1244	206	0	0	4	14	15	16	17	6	2	12	22	32	42	52	
1245	206	0	0	4	0	1	2	3	6	3	13	23	33	43	53	
1246	207	0	0	4	0	1	2	3	6	0	10	20	30	40	50	
1247	207	0	0	2	7	8	6	3	13	23	33	43	53	
1248	207	0	0	2	9	10	6	2	12	22	32	42	52	
1249	208	0	0	2	7	8	5	64	74	84	94	104	
1250	209	0	0	2	2	3	11	55	60	65	70	75	80	85	90	95	100	105	
1251	209	0	0	4	10	11	12	13	11	58	63	68	73	78	83	88	93	98	103	108	
1252	210	0	0	2	1	2	11	3	8	13	18	23	28	33	38	43	48	53	
1253	210	0	0	2	2	3	11	1	6	11	16	21	26	31	36	41	46	51	
1254	210	0	0	4	14	15	16	17	11	4	9	14	19	24	29	34	39	44	49	54	
1255	211	0	0	4	14	15	16	17	6	2	12	22	32	42	52	
1256	211	0	0	2	14	15	6	0	10	20	30	40	50	
1257	212	0	0	4	2	3	4	5	6	56	66	76	86	96	106	
1258	212	0	0	4	14	15	16	17	6	57	67	77	87	97	107	
1259	213	0	0	4	3	4	5	6	6	57	67	77	87	97	107	
1260	213	0	0	2	5	6	6	56	66	76	86	96	106	
1261	214	0	0	4	9	10	11	12	11	4	9	14	19	24	29	34	39	44	49	54	
1262	214	0	0	4	14	15	16	17	11	3	8	13	18	23	28	33	38	43	48	53	
1263	215	0	0	4	5	6	7	8	11	59	64	69	74	79	84	89	94	99	104	109	
1264	215	0	0	2	5	6	11	57	62	67	72	77	82	87	92	97	102	107	
1265	216	0	0	4	11	12	13	14	6	58	68	78	88	98	108	
1266	216	0	0	4	10	11	12	13	6	59	69	79	89	99	109	
1267	217	0	0	2	3	4	11	58	63	68	73	78	83	88	93	98	103	108	
1268	218	0	0	4	1	2	3	4	6	57	67	77	87	97	107	
1269	218	0	0	2	2	3	6	59	69	79	89	99	109	
1270	219	0	0	2	7	8	5	8	18	28	38	48	
1271	219	0	0	4	6	7	8	9	5	9	19	29	39	49	
1272	220	0	0	2	8	9	6	55	65	75	85	95	105	
1273	220	0	0	4	14	15	16	17	6	56	66	76	86	96	106	
1274	221	0	0	4	13	14	15	16	5	63	73	83	93	103	
1275	221	0	0	2	9	10	5	60	70	80	90	100	
1276	222	0	0	4	3	4	5	6	11	1	6	11	16	21	26	31	36	41	46	51	
1277	223	0	0	4	7	8	9	10	11	0	5	10	15	20	25	30	35	40	45	50	
1278	223	0	0	4	0	1	2	3	11	2	7	12	17	22	27	32	37	42	47	52	
1279	224	0	0	4	9	10	11	12	11	2	7	12	17	22	27	32	37	42	47	52	
1280	224	0	0	4	13	14	15	16	11	0	5	10	15	20	25	30	35	40	45	50	
1281	225	0	0	2	14	15	11	2	7	12	17	22	27	32	37	42	47	52	
1282	225	0	0	2	2	3	11	4	9	14	19	24	29	34	39	44	49	54	
1283	225	0	0	4	4	5	6	7	11	0	5	10	15	20	25	30	35	40	45	50	
1284	225	0	0	4	11	12	13	14	11	3	8	13	18	23	28	33	38	43	48	53	
1285	226	0	0	4	13	14	15	16	5	63	73	83	93	103	
1286	227	0	0	2	11	12	6	4	14	24	34	44	54	
1287	228	0	0	4	4	5	6	7	6	57	67	77	87	97	107	
1288	229	0	0	4	11	12	13	14	5	61	71	81	91	101	
1289	230	0	0	4	6	7	8	9	6	56	66	76	86	96	106	
1290	230	0	0	4	5	6	7	8	6	55	65	75	85	95	105	
1291	231	0	0	4	10	11	12	13	11	0	5	10	15	20	25	30	35	40	45	50	
1292	232	0	0	4	11	12	13	14	6	0	10	20	30	40	50	
1293	232	0	0	4	0	1	2	3	6	3	13	23	33	43	53	
1294	232	0	0	4	13	14	15	16	6	2	12	22	32	42	52	
1295	233	0	0	4	4	5	6	7	11	56	61	66	71	76	81	86	91	96	101	106	
1296	233	0	0	4	5	6	7	8	11	57	62	67	72	77	82	87	92	97	102	107	
1297	233	0	0	2	9	10	11	59	64	69	74	79	84	89	94	99	104	109	
1298	233	0	0	2	13	14	11	55	60	65	70	75	80	85	90	95	100	105	
1299	234	0	0	4	10	11	12	13	5	9	19	29	39	49	
1300	234	0	0	4	0	1	2	3	5	6	16	26	36	46	
1301	234	0	0	4	1	2	3	4	5	5	15	25	35	45	
1302	235	0	0	4	7	8	9	10	11	55	60	65	70	75	80	85	90	95	100	105	
1303	235	0	0	2	15	16	11	59	64	69	74	79	84	89	94	99	104	109	
1304	235	0	0	4	2	3	4	5	11	57	62	67	72	77	82	87	92	97	102	107	
1305	235	0	0	2	7	8	11	56	61	66	71	76	81	86	91	96	101	106	
1306	236	0	0	2	12	13	11	56	61	66	71	76	81	86	91	96	101	106	
1307	237	0	0	2	10	11	11	0	5	10	15	20	25	30	35	40	45	50	
1308	237	0	0	4	7	8	9	10	11	1	6	11	16	21	26	31	36	41	46	51	
1309	238	0	0	2	12	13	6	59	69	79	89	99	109	
1310	238	0	0	2	12	13	6	55	65	75	85	95	105	
1311	239	0	0	4	6	7	8	9	11	55	60	65	70	75	80	85	90	95	100	105	
1312	240	0	0	4	9	10	11	12	6	55	65	75	85	95	105	
1313	241	0	0	2	6	7	5	7	17	27	37	47	
1314	242	0	0	4	14	15	16	17	6	3	13	23	33	43	53	
1315	243	0	0	2	4	5	5	61	71	81	91	101	
1316	244	0	0	4	7	8	9	10	5	7	17	27	37	47	
1317	244	0	0	2	14	15	5	9	19	29	39	49	
1318	245	0	0	4	5	6	7	8	5	63	73	83	93	103	
1319	245	0	0	2	11	12	5	61	71	81	91	101	
1320	245	0	0	2	7	8	5	62	72	82	92	102	
1321	246	0	0	2	4	5	11	55	60	65	70	75	80	85	90	95	100	105	
1322	247	0	0	2	1	2	11	2	7	12	17	22	27	32	37	42	47	52	
1323	247	0	0	2	3	4	11	4	9	14	19	24	29	34	39	44	49	54	
1324	248	0	0	2	3	4	5	60	70	80	90	100	
1325	249	0	0	2	7	8	11	55	60	65	70	75	80	85	90	95	100	105	
1326	249	0	0	4	12	13	14	15	11	59	64	69	74	79	84	89	94	99	104	109	
1327	250	0	0	4	6	7	8	9	6	3	13	23	33	43	53	
1328	251	0	0	4	2	3	4	5	5	60	70	80	90	100	
1329	252	0	0	2	16	17	5	64	74	84	94	104	
1330	252	0	0	4	6	7	8	9	5	62	72	82	92	102	
1331	253	0	0	2	16	17	6	1	11	21	31	41	51	
1332	254	0	0	2	12	13	5	62	72	82	92	102	
1333	254	0	0	2	11	12	5	60	70	80	90	100	
1334	255	0	0	2	0	1	5	6	16	26	36	46	
1335	255	0	0	4	11	12	13	14	5	5	15	25	35	45	
1336	256	0	0	4	11	12	13	14	5	5	15	25	35	45	
1337	256	0	0	2	3	4	5	8	18	28	38	48	
1338	257	0	0	2	15	16	6	0	10	20	30	40	50	
1339	257	0	0	2	15	16	6	3	13	23	33	43	53	
1340	257	0	0	2	16	17	6	4	14	24	34	44	54	
1341	257	0	0	2	1	2	6	1	11	21	31	41	51	
1342	258	0	0	4	5	6	7	8	6	57	67	77	87	97	107	
1343	258	0	0	4	12	13	14	15	6	58	68	78	88	98	108	
1344	258	0	0	4	11	12	13	14	6	55	65	75	85	95	105	
1345	259	0	0	4	11	12	13	14	5	61	71	81	91	101	
1346	259	0	0	4	1	2	3	4	5	62	72	82	92	102	
1347	260	0	0	4	6	7	8	9	6	59	69	79	89	99	109	
1348	261	0	0	2	10	11	11	58	63	68	73	78	83	88	93	98	103	108	
1349	262	0	0	4	1	2	3	4	6	57	67	77	87	97	107	
1350	262	0	0	2	16	17	6	59	69	79	89	99	109	
1351	262	0	0	2	5	6	6	56	66	76	86	96	106	
1352	263	0	0	2	6	7	6	2	12	22	32	42	52	
1353	263	0	0	2	2	3	6	4	14	24	34	44	54	
1354	264	0	0	4	3	4	5	6	5	6	16	26	36	46	
1355	265	0	0	2	11	12	6	1	11	21	31	41	51	
1356	266	0	0	2	5	6	5	5	15	25	35	45	
1357	266	0	0	2	14	15	5	6	16	26	36	46	
1358	267	0	0	4	5	6	7	8	11	2	7	12	17	22	27	32	37	42	47	52	
1359	267	0	0	4	8	9	10	11	11	0	5	10	15	20	25	30	35	40	45	50	
1360	268	0	0	4	9	10	11	12	6	59	69	79	89	99	109	
1361	269	0	0	2	13	14	5	5	15	25	35	45	
1362	269	0	0	4	4	5	6	7	5	9	19	29	39	49	
1363	270	0	0	4	11	12	13	14	5	7	17	27	37	47	
1364	271	0	0	2	6	7	5	61	71	81	91	101	
1365	271	0	0	4	1	2	3	4	5	64	74	84	94	104	
1366	271	0	0	2	16	17	5	63	73	83	93	103	
1367	271	0	0	2	14	15	5	62	72	82	92	102	
1368	272	0	0	2	15	16	6	1	11	21	31	41	51	
1369	272	0	0	4	2	3	4	5	6	3	13	23	33	43	53	
1370	273	0	0	4	1	2	3	4	6	55	65	75	85	95	105	
1371	273	0	0	4	12	13	14	15	6	56	66	76	86	96	106	
1372	274	0	0	4	2	3	4	5	5	63	73	83	93	103	
1373	275	0	0	4	10	11	12	13	6	57	67	77	87	97	107	
1374	275	0	0	4	11	12	13	14	6	56	66	76	86	96	106	
1375	276	0	0	4	10	11	12	13	11	2	7	12	17	22	27	32	37	42	47	52	
1376	276	0	0	4	13	14	15	16	11	4	9	14	19	24	29	34	39	44	49	54	
1377	277	0	0	2	7	8	6	1	11	21	31	41	51	
1378	278	0	0	4	5	6	7	8	11	56	61	66	71	76	81	86	91	96	101	106	
1379	278	0	0	2	14	15	11	58	63	68	73	78	83	88	93	98	103	108	
1380	279	0	0	2	11	12	5	5	15	25	35	45	
1381	279	0	0	4	2	3	4	5	5	8	18	28	38	48	
1382	280	0	0	4	6	7	8	9	11	1	6	11	16	21	26	31	36	41	46	51	
1383	281	0	0	4	8	9	10	11	5	64	74	84	94	104	
1384	281	0	0	4	6	7	8	9	5	60	70	80	90	100	
1385	282	0	0	4	9	10	11	12	6	59	69	79	89	99	109	
1386	282	0	0	4	9	10	11	12	6	55	65	75	85	95	105	
1387	283	0	0	4	14	15	16	17	11	4	9	14	19	24	29	34	39	44	49	54	
1388	283	0	0	4	12	13	14	15	11	0	5	10	15	20	25	30	35	40	45	50	
1389	283	0	0	2	8	9	11	3	8	13	18	23	28	33	38	43	48	53	
1390	284	0	0	4	4	5	6	7	6	1	11	21	31	41	51	
1391	285	0	0	4	13	14	15	16	5	8	18	28	38	48	
1392	285	0	0	2	10	11	5	5	15	25	35	45	
1393	285	0	0	2	2	3	5	6	16	26	36	46	
1394	285	0	0	4	9	10	11	12	5	9	19	29	39	49	
1395	286	0	0	2	12	13	5	61	71	81	91	101	
1396	287	0	0	2	7	8	11	57	62	67	72	77	82	87	92	97	102	107	
1397	287	0	0	2	14	15	11	58	63	68	73	78	83	88	93	98	103	108	
1398	288	0	0	4	11	12	13	14	6	2	12	22	32	42	52	
1399	288	0	0	2	14	15	6	1	11	21	31	41	51	
1400	288	0	0	2	6	7	6	3	13	23	33	43	53	
1401	289	0	0	2	5	6	11	4	9	14	19	24	29	34	39	44	49	54	
1402	289	0	0	4	1	2	3	4	11	2	7	12	17	22	27	32	37	42	47	52	
1403	289	0	0	2	2	3	11	3	8	13	18	23	28	33	38	43	48	53	
1404	289	0	0	2	15	16	11	1	6	11	16	21	26	31	36	41	46	51	
1405	290	0	0	4	7	8	9	10	11	4	9	14	19	24	29	34	39	44	49	54	
1406	291	0	0	2	9	10	11	57	62	67	72	77	82	87	92	97	102	107	
1407	292	0	0	2	14	15	5	5	15	25	35	45	
1408	293	0	0	4	0	1	2	3	6	0	10	20	30	40	50	
1409	294	0	0	4	5	6	7	8	5	61	71	81	91	101	
1410	294	0	0	2	15	16	5	63	73	83	93	103	
1411	295	0	0	2	11	12	5	62	72	82	92	102	
1412	295	0	0	4	14	15	16	17	5	63	73	83	93	103	
1413	296	0	0	2	0	1	5	60	70	80	90	100	
1414	297	0	0	4	11	12	13	14	5	6	16	26	36	46	
1415	297	0	0	4	2	3	4	5	5	8	18	28	38	48	
1416	298	0	0	2	9	10	5	60	70	80	90	100	
1417	298	0	0	2	11	12	5	64	74	84	94	104	
1418	298	0	0	2	3	4	5	61	71	81	91	101	
1419	299	0	0	2	0	1	5	9	19	29	39	49	
1420	300	0	0	2	11	12	6	55	65	75	85	95	105	
1421	301	0	0	2	16	17	11	4	9	14	19	24	29	34	39	44	49	54	
1422	301	0	0	2	3	4	11	3	8	13	18	23	28	33	38	43	48	53	
1423	302	0	0	2	9	10	6	0	10	20	30	40	50	
1424	303	0	0	4	10	11	12	13	11	4	9	14	19	24	29	34	39	44	49	54	
1425	303	0	0	4	12	13	14	15	11	0	5	10	15	20	25	30	35	40	45	50	
1426	304	0	0	2	12	13	5	5	15	25	35	45	
1427	304	0	0	2	0	1	5	9	19	29	39	49	
1428	305	0	0	4	12	13	14	15	6	57	67	77	87	97	107	
1429	305	0	0	4	5	6	7	8	6	56	66	76	86	96	106	
1430	305	0	0	4	1	2	3	4	6	59	69	79	89	99	109	
1431	305	0	0	2	4	5	6	58	68	78	88	98	108	
1432	306	0	0	2	2	3	11	58	63	68	73	78	83	88	93	98	103	108	
1433	307	0	0	2	13	14	5	60	70	80	90	100	
1434	308	0	0	4	7	8	9	10	6	1	11	21	31	41	51	
1435	308	0	0	4	6	7	8	9	6	4	14	24	34	44	54	
1436	309	0	0	4	5	6	7	8	11	58	63	68	73	78	83	88	93	98	103	108	
1437	310	0	0	4	10	11	12	13	11	56	61	66	71	76	81	86	91	96	101	106	
1438	311	0	0	4	10	11	12	13	5	5	15	25	35	45	
1439	312	0	0	2	6	7	6	2	12	22	32	42	52	
1440	312	0	0	4	1	2	3	4	6	1	11	21	31	41	51	
1441	313	0	0	4	14	15	16	17	6	55	65	75	85	95	105	
1442	314	0	0	2	7	8	6	56	66	76	86	96	106	
1443	315	0	0	4	2	3	4	5	5	62	72	82	92	102	
1444	315	0	0	2	9	10	5	60	70	80	90	100	
1445	315	0	0	2	16	17	5	61	71	81	91	101	
1446	316	0	0	4	11	12	13	14	11	1	6	11	16	21	26	31	36	41	46	51	
1447	316	0	0	2	9	10	11	3	8	13	18	23	28	33	38	43	48	53	
1448	316	0	0	4	10	11	12	13	11	0	5	10	15	20	25	30	35	40	45	50	
1449	317	0	0	4	3	4	5	6	5	6	16	26	36	46	
1450	318	0	0	2	9	10	11	59	64	69	74	79	84	89	94	99	104	109	
1451	319	0	0	4	2	3	4	5	11	58	63	68	73	78	83	88	93	98	103	108	
1452	319	0	0	2	2	3	11	59	64	69	74	79	84	89	94	99	104	109	
1453	320	0	0	4	7	8	9	10	6	2	12	22	32	42	52	
1454	320	0	0	2	8	9	6	0	10	20	30	40	50	
1455	321	0	0	4	9	10	11	12	5	60	70	80	90	100	
1456	322	0	0	4	9	10	11	12	5	61	71	81	91	101	
1457	322	0	0	2	13	14	5	64	74	84	94	104	
1458	323	0	0	2	8	9	11	3	8	13	18	23	28	33	38	43	48	53	
1459	324	0	0	2	14	15	5	60	70	80	90	100	
1460	324	0	0	2	2	3	5	61	71	81	91	101	
1461	325	0	0	2	3	4	5	62	72	82	92	102	
1462	325	0	0	4	5	6	7	8	5	60	70	80	90	100	
1463	325	0	0	4	14	15	16	17	5	61	71	81	91	101	
1464	326	0	0	2	6	7	5	64	74	84	94	104	
1465	327	0	0	2	16	17	6	2	12	22	32	42	52	
1466	328	0	0	2	5	6	5	8	18	28	38	48	
1467	328	0	0	4	11	12	13	14	5	5	15	25	35	45	
1468	328	0	0	2	1	2	5	6	16	26	36	46	
1469	328	0	0	4	10	11	12	13	5	7	17	27	37	47	
1470	329	0	0	2	12	13	5	9	19	29	39	49	
1471	329	0	0	4	7	8	9	10	5	5	15	25	35	45	
1472	330	0	0	2	13	14	5	6	16	26	36	46	
1473	331	0	0	4	10	11	12	13	5	6	16	26	36	46	
1474	332	0	0	2	4	5	6	2	12	22	32	42	52	
1475	333	0	0	2	9	10	11	3	8	13	18	23	28	33	38	43	48	53	
1476	333	0	0	2	12	13	11	1	6	11	16	21	26	31	36	41	46	51	
1477	334	0	0	2	7	8	11	59	64	69	74	79	84	89	94	99	104	109	
1478	334	0	0	2	13	14	11	56	61	66	71	76	81	86	91	96	101	106	
1479	335	0	0	2	4	5	11	58	63	68	73	78	83	88	93	98	103	108	
1480	336	0	0	2	2	3	5	60	70	80	90	100	
1481	337	0	0	4	2	3	4	5	6	55	65	75	85	95	105	
1482	338	0	0	4	1	2	3	4	11	2	7	12	17	22	27	32	37	42	47	52	
1483	339	0	0	2	9	10	11	1	6	11	16	21	26	31	36	41	46	51	
1484	340	0	0	4	13	14	15	16	11	57	62	67	72	77	82	87	92	97	102	107	
1485	340	0	0	2	6	7	11	59	64	69	74	79	84	89	94	99	104	109	
1486	341	0	0	4	1	2	3	4	6	4	14	24	34	44	54	
1487	341	0	0	2	1	2	6	3	13	23	33	43	53	
1488	341	0	0	2	5	6	6	1	11	21	31	41	51	
1489	341	0	0	4	7	8	9	10	6	0	10	20	30	40	50	
1490	342	0	0	2	7	8	5	64	74	84	94	104	
1491	342	0	0	2	14	15	5	61	71	81	91	101	
1492	343	0	0	4	4	5	6	7	5	7	17	27	37	47	
1493	344	0	0	4	0	1	2	3	6	55	65	75	85	95	105	
1494	345	0	0	2	4	5	6	59	69	79	89	99	109	
1495	346	0	0	2	2	3	6	4	14	24	34	44	54	
1496	346	0	0	4	8	9	10	11	6	1	11	21	31	41	51	
1497	346	0	0	2	4	5	6	3	13	23	33	43	53	
1498	346	0	0	2	11	12	6	0	10	20	30	40	50	
1499	347	0	0	4	1	2	3	4	5	64	74	84	94	104	
1500	347	0	0	2	16	17	5	63	73	83	93	103	
1501	347	0	0	2	2	3	5	61	71	81	91	101	
1502	347	0	0	2	16	17	5	62	72	82	92	102	
1503	348	0	0	4	0	1	2	3	11	3	8	13	18	23	28	33	38	43	48	53	
1504	348	0	0	2	7	8	11	4	9	14	19	24	29	34	39	44	49	54	
1505	349	0	0	2	15	16	6	58	68	78	88	98	108	
1506	349	0	0	2	12	13	6	56	66	76	86	96	106	
1507	350	0	0	4	7	8	9	10	6	56	66	76	86	96	106	
1508	351	0	0	2	10	11	6	59	69	79	89	99	109	
1509	351	0	0	4	6	7	8	9	6	56	66	76	86	96	106	
1510	352	0	0	2	2	3	11	2	7	12	17	22	27	32	37	42	47	52	
1511	352	0	0	4	9	10	11	12	11	3	8	13	18	23	28	33	38	43	48	53	
1512	353	0	0	4	9	10	11	12	6	55	65	75	85	95	105	
1513	354	0	0	2	2	3	6	1	11	21	31	41	51	
1514	355	0	0	2	6	7	6	2	12	22	32	42	52	
1515	355	0	0	4	9	10	11	12	6	0	10	20	30	40	50	
1516	356	0	0	2	0	1	11	1	6	11	16	21	26	31	36	41	46	51	
1517	356	0	0	2	8	9	11	2	7	12	17	22	27	32	37	42	47	52	
1518	356	0	0	2	2	3	11	3	8	13	18	23	28	33	38	43	48	53	
1519	356	0	0	2	0	1	11	0	5	10	15	20	25	30	35	40	45	50	
1520	357	0	0	2	15	16	5	60	70	80	90	100	
1521	358	0	0	4	0	1	2	3	6	57	67	77	87	97	107	
1522	358	0	0	4	10	11	12	13	6	55	65	75	85	95	105	
1523	359	0	0	4	2	3	4	5	5	62	72	82	92	102	
1524	359	0	0	2	11	12	5	60	70	80	90	100	
1525	360	0	0	4	4	5	6	7	11	2	7	12	17	22	27	32	37	42	47	52	
1526	360	0	0	2	1	2	11	4	9	14	19	24	29	34	39	44	49	54	
1527	361	0	0	2	2	3	6	58	68	78	88	98	108	
1528	361	0	0	2	10	11	6	55	65	75	85	95	105	
1529	361	0	0	4	3	4	5	6	6	59	69	79	89	99	109	
1530	362	0	0	4	6	7	8	9	11	3	8	13	18	23	28	33	38	43	48	53	
1531	362	0	0	4	11	12	13	14	11	0	5	10	15	20	25	30	35	40	45	50	
1532	363	0	0	4	0	1	2	3	6	0	10	20	30	40	50	
1533	363	0	0	4	6	7	8	9	6	2	12	22	32	42	52	
1534	364	0	0	2	12	13	6	57	67	77	87	97	107	
1535	364	0	0	2	9	10	6	58	68	78	88	98	108	
1536	365	0	0	2	7	8	11	59	64	69	74	79	84	89	94	99	104	109	
1537	365	0	0	2	4	5	11	57	62	67	72	77	82	87	92	97	102	107	
1538	366	0	0	4	4	5	6	7	11	1	6	11	16	21	26	31	36	41	46	51	
1539	367	0	0	4	7	8	9	10	6	58	68	78	88	98	108	
1540	368	0	0	4	9	10	11	12	5	61	71	81	91	101	
1541	368	0	0	2	4	5	5	60	70	80	90	100	
1542	369	0	0	2	4	5	11	0	5	10	15	20	25	30	35	40	45	50	
1543	369	0	0	4	2	3	4	5	11	2	7	12	17	22	27	32	37	42	47	52	
1544	369	0	0	4	6	7	8	9	11	1	6	11	16	21	26	31	36	41	46	51	
1545	370	0	0	4	10	11	12	13	5	64	74	84	94	104	
1546	370	0	0	4	8	9	10	11	5	60	70	80	90	100	
1547	370	0	0	2	4	5	5	63	73	83	93	103	
1548	371	0	0	4	5	6	7	8	6	1	11	21	31	41	51	
1549	372	0	0	4	5	6	7	8	5	5	15	25	35	45	
1550	372	0	0	2	7	8	5	7	17	27	37	47	
1551	373	0	0	4	9	10	11	12	5	61	71	81	91	101	
1552	373	0	0	4	4	5	6	7	5	64	74	84	94	104	
1553	374	0	0	4	2	3	4	5	6	4	14	24	34	44	54	
1554	374	0	0	2	11	12	6	0	10	20	30	40	50	
1555	375	0	0	2	9	10	5	63	73	83	93	103	
1556	375	0	0	4	13	14	15	16	5	61	71	81	91	101	
1557	376	0	0	4	6	7	8	9	11	57	62	67	72	77	82	87	92	97	102	107	
1558	377	0	0	4	10	11	12	13	5	7	17	27	37	47	
1559	378	0	0	4	12	13	14	15	11	3	8	13	18	23	28	33	38	43	48	53	
1560	378	0	0	4	2	3	4	5	11	4	9	14	19	24	29	34	39	44	49	54	
1561	379	0	0	2	16	17	5	62	72	82	92	102	
1562	379	0	0	4	9	10	11	12	5	63	73	83	93	103	
1563	379	0	0	2	16	17	5	61	71	81	91	101	
1564	379	0	0	2	7	8	5	60	70	80	90	100	
1565	380	0	0	4	5	6	7	8	11	2	7	12	17	22	27	32	37	42	47	52	
1566	381	0	0	4	9	10	11	12	11	59	64	69	74	79	84	89	94	99	104	109	
1567	382	0	0	2	7	8	5	6	16	26	36	46	
1568	382	0	0	2	13	14	5	9	19	29	39	49	
1569	383	0	0	2	5	6	11	1	6	11	16	21	26	31	36	41	46	51	
1570	384	0	0	4	5	6	7	8	6	58	68	78	88	98	108	
1571	384	0	0	2	13	14	6	55	65	75	85	95	105	
1572	385	0	0	2	16	17	5	63	73	83	93	103	
1573	385	0	0	4	4	5	6	7	5	60	70	80	90	100	
1574	386	0	0	2	8	9	5	63	73	83	93	103	
1575	387	0	0	4	1	2	3	4	5	63	73	83	93	103	
1576	388	0	0	4	5	6	7	8	11	0	5	10	15	20	25	30	35	40	45	50	
1577	388	0	0	4	8	9	10	11	11	2	7	12	17	22	27	32	37	42	47	52	
1578	388	0	0	2	16	17	11	3	8	13	18	23	28	33	38	43	48	53	
1579	388	0	0	4	3	4	5	6	11	4	9	14	19	24	29	34	39	44	49	54	
1580	389	0	0	2	4	5	11	2	7	12	17	22	27	32	37	42	47	52	
1581	389	0	0	2	0	1	11	3	8	13	18	23	28	33	38	43	48	53	
1582	389	0	0	2	9	10	11	4	9	14	19	24	29	34	39	44	49	54	
1583	389	0	0	2	14	15	11	0	5	10	15	20	25	30	35	40	45	50	
1584	390	0	0	2	2	3	5	61	71	81	91	101	
1585	390	0	0	2	4	5	5	63	73	83	93	103	
1586	390	0	0	2	13	14	5	62	72	82	92	102	
1587	390	0	0	4	1	2	3	4	5	60	70	80	90	100	
1588	391	0	0	4	11	12	13	14	11	55	60	65	70	75	80	85	90	95	100	105	
1589	392	0	0	2	16	17	11	55	60	65	70	75	80	85	90	95	100	105	
1590	392	0	0	4	14	15	16	17	11	58	63	68	73	78	83	88	93	98	103	108	
1591	393	0	0	4	1	2	3	4	5	64	74	84	94	104	
1592	393	0	0	2	2	3	5	63	73	83	93	103	
1593	394	0	0	2	8	9	11	2	7	12	17	22	27	32	37	42	47	52	
1594	394	0	0	2	11	12	11	1	6	11	16	21	26	31	36	41	46	51	
1595	395	0	0	4	7	8	9	10	5	8	18	28	38	48	
1596	395	0	0	2	16	17	5	5	15	25	35	45	
1597	395	0	0	4	0	1	2	3	5	7	17	27	37	47	
1598	396	0	0	4	2	3	4	5	5	6	16	26	36	46	
1599	396	0	0	2	0	1	5	9	19	29	39	49	
1600	397	0	0	2	2	3	5	5	15	25	35	45	
1601	397	0	0	4	2	3	4	5	5	6	16	26	36	46	
1602	398	0	0	2	13	14	5	62	72	82	92	102	
1603	398	0	0	2	10	11	5	63	73	83	93	103	
1604	399	0	0	4	9	10	11	12	6	56	66	76	86	96	106	
1605	399	0	0	4	10	11	12	13	6	57	67	77	87	97	107	

