400
9
6
Course0 	 0 	 2 	 1 	 0 	 0 	 1 	 0 	 1 	 0 	 1 	 1 	 0 	 1 	 0 	 0 	 0 	 0
Course1 	 1 	 2 	 1 	 1 	 0 	 0 	 0 	 1 	 0 	 0 	 0 	 0 	 0 	 0 	 0 	 0 	 1
Course2 	 2 	 2 	 1 	 0 	 0 	 1 	 0 	 1 	 0 	 1 	 1 	 0 	 0 	 0 	 1 	 0 	 0
Course3 	 3 	 2 	 0 	 1 	 1 	 0 	 0 	 0 	 1 	 0 	 0 	 0 	 0 	 0 	 1 	 0 	 0
Course4 	 4 	 2 	 0 	 0 	 1 	 0 	 0 	 1 	 0 	 1 	 0 	 0 	 0 	 0 	 1 	 0 	 0
Course5 	 5 	 2 	 0 	 1 	 0 	 1 	 0 	 0 	 0 	 1 	 0 	 0 	 0 	 1 	 0 	 0 	 0
Course6 	 6 	 2 	 1 	 1 	 0 	 0 	 0 	 0 	 0 	 0 	 0 	 0 	 0 	 0 	 1 	 0 	 0
Course7 	 7 	 2 	 0 	 0 	 0 	 0 	 0 	 1 	 0 	 1 	 1 	 0 	 0 	 1 	 0 	 0 	 0
Course8 	 8 	 2 	 0 	 1 	 1 	 1 	 0 	 1 	 1 	 1 	 0 	 0 	 0 	 0 	 1 	 0 	 0
Course9 	 9 	 2 	 0 	 0 	 0 	 0 	 0 	 1 	 0 	 0 	 1 	 0 	 1 	 0 	 0 	 0 	 0
Course10 	 10 	 2 	 1 	 0 	 0 	 0 	 0 	 0 	 1 	 0 	 0 	 0 	 1 	 0 	 0 	 0 	 0
Course11 	 11 	 2 	 1 	 0 	 0 	 1 	 0 	 0 	 0 	 1 	 1 	 0 	 0 	 0 	 1 	 0 	 0
Course12 	 12 	 2 	 0 	 1 	 0 	 0 	 1 	 1 	 1 	 1 	 0 	 0 	 0 	 0 	 1 	 0 	 0
Course13 	 13 	 1 	 1 	 0 	 1 	 0 	 1 	 0 	 1 	 0 	 0 	 0 	 1 	 0 	 0 	 0 	 0
Course14 	 14 	 2 	 0 	 0 	 0 	 0 	 0 	 0 	 1 	 0 	 0 	 0 	 1 	 0 	 0 	 0 	 0
Course15 	 15 	 2 	 1 	 1 	 1 	 0 	 0 	 1 	 0 	 0 	 0 	 1 	 0 	 0 	 0 	 0 	 0
Course16 	 16 	 2 	 1 	 1 	 1 	 1 	 0 	 0 	 1 	 0 	 0 	 0 	 0 	 0 	 0 	 0 	 1
Course17 	 17 	 2 	 0 	 1 	 0 	 1 	 0 	 0 	 0 	 0 	 1 	 0 	 0 	 0 	 1 	 0 	 0
Course18 	 18 	 2 	 0 	 1 	 0 	 0 	 0 	 1 	 1 	 0 	 0 	 0 	 0 	 1 	 0 	 0 	 0
Course19 	 19 	 2 	 1 	 1 	 0 	 0 	 0 	 0 	 1 	 1 	 1 	 1 	 0 	 0 	 0 	 0 	 0
Course20 	 20 	 2 	 1 	 1 	 1 	 1 	 0 	 0 	 0 	 0 	 0 	 0 	 0 	 0 	 0 	 1 	 0
Course21 	 21 	 2 	 0 	 1 	 1 	 0 	 0 	 0 	 0 	 0 	 0 	 0 	 0 	 0 	 1 	 0 	 0
Course22 	 22 	 2 	 0 	 1 	 1 	 1 	 0 	 0 	 0 	 1 	 0 	 0 	 0 	 0 	 0 	 0 	 1
Course23 	 23 	 2 	 0 	 1 	 1 	 0 	 0 	 0 	 0 	 0 	 1 	 0 	 0 	 0 	 0 	 0 	 1
Course24 	 24 	 2 	 0 	 0 	 0 	 1 	 0 	 0 	 0 	 0 	 0 	 0 	 0 	 0 	 0 	 0 	 1
Course25 	 25 	 2 	 0 	 1 	 0 	 0 	 1 	 1 	 0 	 1 	 1 	 0 	 0 	 0 	 1 	 0 	 0
Course26 	 26 	 2 	 0 	 0 	 1 	 0 	 1 	 0 	 1 	 0 	 1 	 0 	 1 	 0 	 0 	 0 	 0
Course27 	 27 	 2 	 1 	 0 	 0 	 0 	 0 	 1 	 1 	 1 	 0 	 0 	 0 	 0 	 0 	 1 	 0
Course28 	 28 	 2 	 1 	 1 	 1 	 1 	 1 	 1 	 0 	 1 	 0 	 0 	 0 	 1 	 0 	 0 	 0
Course29 	 29 	 2 	 0 	 0 	 1 	 1 	 1 	 0 	 0 	 0 	 1 	 0 	 0 	 1 	 0 	 0 	 0
Course30 	 30 	 2 	 1 	 0 	 1 	 1 	 0 	 1 	 1 	 1 	 0 	 0 	 0 	 1 	 0 	 0 	 0
Course31 	 31 	 2 	 0 	 0 	 1 	 1 	 0 	 0 	 0 	 1 	 1 	 0 	 0 	 0 	 1 	 0 	 0
Course32 	 32 	 2 	 0 	 1 	 0 	 1 	 0 	 0 	 0 	 1 	 1 	 0 	 0 	 1 	 0 	 0 	 0
Course33 	 33 	 2 	 0 	 0 	 0 	 1 	 0 	 1 	 1 	 1 	 1 	 0 	 0 	 0 	 0 	 0 	 1
Course34 	 34 	 2 	 0 	 0 	 0 	 0 	 1 	 0 	 1 	 0 	 1 	 0 	 0 	 0 	 0 	 0 	 1
Course35 	 35 	 2 	 0 	 0 	 0 	 1 	 0 	 0 	 0 	 0 	 1 	 0 	 0 	 1 	 0 	 0 	 0
Course36 	 36 	 2 	 1 	 0 	 0 	 0 	 0 	 1 	 1 	 0 	 1 	 1 	 0 	 0 	 0 	 0 	 0
Course37 	 37 	 2 	 0 	 0 	 1 	 0 	 0 	 1 	 0 	 0 	 1 	 0 	 0 	 1 	 0 	 0 	 0
Course38 	 38 	 2 	 0 	 0 	 0 	 0 	 1 	 0 	 0 	 1 	 0 	 0 	 1 	 0 	 0 	 0 	 0
Course39 	 39 	 2 	 1 	 1 	 1 	 1 	 0 	 0 	 0 	 0 	 1 	 0 	 0 	 0 	 0 	 0 	 1
Course40 	 40 	 2 	 1 	 1 	 0 	 1 	 0 	 0 	 1 	 1 	 0 	 0 	 0 	 0 	 1 	 0 	 0
Course41 	 41 	 2 	 1 	 0 	 1 	 0 	 0 	 1 	 0 	 1 	 0 	 0 	 0 	 1 	 0 	 0 	 0
Course42 	 42 	 2 	 1 	 1 	 0 	 0 	 1 	 0 	 0 	 0 	 1 	 0 	 0 	 0 	 1 	 0 	 0
Course43 	 43 	 2 	 0 	 0 	 0 	 0 	 1 	 1 	 0 	 1 	 0 	 0 	 0 	 0 	 0 	 0 	 1
Course44 	 44 	 2 	 0 	 1 	 0 	 1 	 0 	 1 	 0 	 0 	 1 	 0 	 0 	 0 	 0 	 1 	 0
Course45 	 45 	 2 	 0 	 0 	 0 	 0 	 0 	 1 	 1 	 0 	 0 	 0 	 0 	 0 	 0 	 0 	 1
Course46 	 46 	 2 	 1 	 0 	 0 	 0 	 0 	 0 	 0 	 0 	 0 	 0 	 0 	 0 	 1 	 0 	 0
Course47 	 47 	 2 	 0 	 0 	 1 	 0 	 1 	 1 	 0 	 0 	 1 	 0 	 0 	 1 	 0 	 0 	 0
Course48 	 48 	 2 	 0 	 1 	 0 	 1 	 0 	 1 	 0 	 1 	 0 	 1 	 0 	 0 	 0 	 0 	 0
Course49 	 49 	 2 	 0 	 1 	 1 	 1 	 1 	 1 	 1 	 0 	 0 	 1 	 0 	 0 	 0 	 0 	 0
Course50 	 50 	 2 	 1 	 1 	 0 	 1 	 0 	 0 	 0 	 1 	 0 	 0 	 0 	 1 	 0 	 0 	 0
Course51 	 51 	 2 	 0 	 0 	 1 	 0 	 1 	 0 	 1 	 1 	 0 	 0 	 0 	 0 	 0 	 1 	 0
Course52 	 52 	 2 	 1 	 1 	 0 	 1 	 1 	 0 	 1 	 0 	 0 	 0 	 1 	 0 	 0 	 0 	 0
Course53 	 53 	 2 	 1 	 0 	 1 	 1 	 1 	 0 	 0 	 0 	 0 	 1 	 0 	 0 	 0 	 0 	 0
Course54 	 54 	 2 	 0 	 0 	 1 	 0 	 0 	 0 	 1 	 0 	 1 	 0 	 0 	 0 	 0 	 0 	 1
Course55 	 55 	 2 	 0 	 0 	 1 	 0 	 1 	 0 	 0 	 0 	 0 	 0 	 0 	 0 	 1 	 0 	 0
Course56 	 56 	 2 	 0 	 1 	 0 	 0 	 0 	 0 	 0 	 0 	 1 	 0 	 0 	 0 	 1 	 0 	 0
Course57 	 57 	 2 	 0 	 0 	 0 	 0 	 0 	 0 	 1 	 1 	 0 	 0 	 0 	 0 	 1 	 0 	 0
Course58 	 58 	 2 	 1 	 0 	 1 	 0 	 0 	 1 	 0 	 0 	 0 	 0 	 0 	 1 	 0 	 0 	 0
Course59 	 59 	 2 	 0 	 0 	 0 	 1 	 0 	 0 	 0 	 0 	 1 	 0 	 0 	 0 	 1 	 0 	 0
Course60 	 60 	 2 	 0 	 0 	 1 	 1 	 0 	 1 	 0 	 1 	 0 	 0 	 1 	 0 	 0 	 0 	 0
Course61 	 61 	 2 	 0 	 1 	 0 	 0 	 0 	 0 	 0 	 0 	 0 	 0 	 0 	 1 	 0 	 0 	 0
Course62 	 62 	 2 	 0 	 1 	 1 	 0 	 1 	 0 	 0 	 0 	 1 	 0 	 0 	 0 	 0 	 0 	 1
Course63 	 63 	 2 	 0 	 0 	 0 	 0 	 1 	 1 	 1 	 0 	 0 	 0 	 0 	 0 	 0 	 1 	 0
Course64 	 64 	 2 	 1 	 0 	 1 	 1 	 0 	 0 	 0 	 0 	 1 	 0 	 0 	 1 	 0 	 0 	 0
Course65 	 65 	 2 	 1 	 0 	 1 	 0 	 0 	 1 	 1 	 0 	 0 	 0 	 0 	 0 	 1 	 0 	 0
Course66 	 66 	 2 	 1 	 0 	 1 	 0 	 1 	 1 	 1 	 0 	 0 	 0 	 0 	 0 	 1 	 0 	 0
Course67 	 67 	 2 	 1 	 1 	 0 	 0 	 1 	 0 	 0 	 0 	 1 	 0 	 0 	 1 	 0 	 0 	 0
Course68 	 68 	 2 	 0 	 1 	 1 	 1 	 1 	 0 	 1 	 0 	 1 	 0 	 0 	 0 	 0 	 1 	 0
Course69 	 69 	 2 	 0 	 1 	 1 	 1 	 0 	 0 	 1 	 0 	 1 	 0 	 0 	 0 	 1 	 0 	 0
Course70 	 70 	 2 	 0 	 1 	 1 	 1 	 1 	 0 	 1 	 0 	 1 	 0 	 0 	 1 	 0 	 0 	 0
Course71 	 71 	 2 	 1 	 0 	 0 	 0 	 1 	 0 	 0 	 0 	 1 	 0 	 0 	 1 	 0 	 0 	 0
Course72 	 72 	 2 	 0 	 0 	 0 	 0 	 1 	 0 	 1 	 1 	 1 	 0 	 0 	 0 	 1 	 0 	 0
Course73 	 73 	 2 	 1 	 0 	 0 	 0 	 0 	 0 	 0 	 0 	 1 	 0 	 0 	 0 	 1 	 0 	 0
Course74 	 74 	 2 	 0 	 1 	 1 	 1 	 1 	 1 	 1 	 0 	 0 	 0 	 0 	 1 	 0 	 0 	 0
Course75 	 75 	 2 	 0 	 0 	 0 	 0 	 1 	 0 	 1 	 0 	 1 	 0 	 0 	 0 	 0 	 0 	 1
Course76 	 76 	 2 	 0 	 1 	 1 	 1 	 0 	 1 	 0 	 1 	 0 	 0 	 0 	 0 	 1 	 0 	 0
Course77 	 77 	 2 	 0 	 0 	 0 	 1 	 0 	 1 	 0 	 1 	 1 	 0 	 0 	 0 	 1 	 0 	 0
Course78 	 78 	 2 	 0 	 1 	 1 	 0 	 1 	 1 	 0 	 0 	 1 	 0 	 1 	 0 	 0 	 0 	 0
Course79 	 79 	 2 	 0 	 1 	 1 	 0 	 0 	 1 	 0 	 0 	 0 	 0 	 0 	 1 	 0 	 0 	 0
Course80 	 80 	 2 	 1 	 1 	 0 	 0 	 1 	 1 	 0 	 0 	 0 	 0 	 0 	 0 	 1 	 0 	 0
Course81 	 81 	 2 	 0 	 1 	 1 	 1 	 0 	 1 	 0 	 1 	 1 	 0 	 0 	 1 	 0 	 0 	 0
Course82 	 82 	 2 	 1 	 0 	 0 	 0 	 0 	 1 	 0 	 1 	 0 	 0 	 0 	 0 	 0 	 0 	 1
Course83 	 83 	 2 	 1 	 1 	 1 	 0 	 0 	 1 	 1 	 1 	 1 	 0 	 0 	 0 	 0 	 1 	 0
Course84 	 84 	 2 	 0 	 0 	 0 	 1 	 1 	 0 	 0 	 1 	 1 	 0 	 0 	 0 	 0 	 0 	 1
Course85 	 85 	 2 	 0 	 1 	 1 	 1 	 0 	 0 	 0 	 1 	 1 	 0 	 1 	 0 	 0 	 0 	 0
Course86 	 86 	 2 	 0 	 1 	 0 	 1 	 0 	 0 	 0 	 1 	 1 	 0 	 1 	 0 	 0 	 0 	 0
Course87 	 87 	 2 	 0 	 1 	 0 	 0 	 0 	 0 	 1 	 0 	 1 	 0 	 0 	 0 	 0 	 0 	 1
Course88 	 88 	 2 	 0 	 0 	 1 	 0 	 0 	 1 	 1 	 0 	 0 	 0 	 0 	 0 	 0 	 0 	 1
Course89 	 89 	 2 	 0 	 1 	 0 	 0 	 1 	 1 	 1 	 0 	 0 	 0 	 0 	 0 	 0 	 0 	 1
Course90 	 90 	 2 	 1 	 0 	 0 	 0 	 1 	 1 	 0 	 0 	 0 	 0 	 1 	 0 	 0 	 0 	 0
Course91 	 91 	 2 	 0 	 0 	 0 	 0 	 0 	 1 	 0 	 0 	 0 	 0 	 0 	 0 	 1 	 0 	 0
Course92 	 92 	 2 	 0 	 1 	 0 	 1 	 1 	 0 	 0 	 0 	 1 	 0 	 0 	 0 	 0 	 0 	 1
Course93 	 93 	 2 	 1 	 0 	 0 	 0 	 1 	 1 	 1 	 0 	 0 	 0 	 1 	 0 	 0 	 0 	 0
Course94 	 94 	 2 	 1 	 0 	 0 	 0 	 0 	 1 	 1 	 1 	 0 	 0 	 1 	 0 	 0 	 0 	 0
Course95 	 95 	 2 	 0 	 0 	 1 	 1 	 0 	 1 	 0 	 0 	 0 	 0 	 0 	 0 	 0 	 0 	 1
Course96 	 96 	 2 	 0 	 1 	 1 	 0 	 1 	 1 	 1 	 1 	 0 	 0 	 0 	 0 	 1 	 0 	 0
Course97 	 97 	 2 	 0 	 1 	 0 	 0 	 1 	 0 	 1 	 1 	 0 	 0 	 0 	 0 	 1 	 0 	 0
Course98 	 98 	 2 	 0 	 0 	 0 	 0 	 0 	 1 	 1 	 0 	 0 	 0 	 1 	 0 	 0 	 0 	 0
Course99 	 99 	 2 	 0 	 0 	 0 	 1 	 0 	 1 	 0 	 0 	 1 	 0 	 0 	 0 	 0 	 0 	 1
Course100 	 100 	 2 	 0 	 1 	 1 	 0 	 1 	 0 	 1 	 1 	 0 	 0 	 1 	 0 	 0 	 0 	 0
Course101 	 101 	 2 	 1 	 0 	 0 	 0 	 1 	 1 	 0 	 0 	 1 	 0 	 0 	 0 	 0 	 0 	 1
Course102 	 102 	 2 	 0 	 1 	 0 	 1 	 1 	 1 	 1 	 1 	 0 	 0 	 0 	 0 	 0 	 0 	 1
Course103 	 103 	 2 	 1 	 0 	 1 	 0 	 1 	 0 	 1 	 0 	 1 	 0 	 0 	 0 	 0 	 1 	 0
Course104 	 104 	 2 	 1 	 1 	 1 	 0 	 0 	 0 	 0 	 0 	 0 	 0 	 0 	 0 	 1 	 0 	 0
Course105 	 105 	 2 	 1 	 0 	 1 	 1 	 0 	 1 	 1 	 0 	 0 	 0 	 1 	 0 	 0 	 0 	 0
Course106 	 106 	 2 	 0 	 0 	 0 	 0 	 1 	 1 	 0 	 1 	 1 	 0 	 0 	 0 	 0 	 0 	 1
Course107 	 107 	 2 	 0 	 1 	 1 	 1 	 1 	 0 	 1 	 1 	 1 	 0 	 0 	 0 	 0 	 0 	 1
Course108 	 108 	 2 	 1 	 0 	 1 	 1 	 0 	 0 	 0 	 1 	 0 	 0 	 0 	 0 	 1 	 0 	 0
Course109 	 109 	 2 	 1 	 1 	 1 	 0 	 0 	 1 	 1 	 0 	 0 	 0 	 0 	 0 	 1 	 0 	 0
Course110 	 110 	 2 	 1 	 0 	 1 	 0 	 1 	 1 	 1 	 1 	 1 	 0 	 0 	 0 	 1 	 0 	 0
Course111 	 111 	 2 	 0 	 0 	 0 	 0 	 1 	 1 	 1 	 0 	 0 	 0 	 0 	 1 	 0 	 0 	 0
Course112 	 112 	 2 	 0 	 1 	 1 	 0 	 1 	 0 	 0 	 0 	 1 	 0 	 1 	 0 	 0 	 0 	 0
Course113 	 113 	 2 	 0 	 0 	 0 	 1 	 1 	 1 	 0 	 1 	 1 	 0 	 0 	 0 	 1 	 0 	 0
Course114 	 114 	 2 	 0 	 0 	 1 	 0 	 1 	 0 	 1 	 0 	 0 	 0 	 0 	 1 	 0 	 0 	 0
Course115 	 115 	 2 	 0 	 0 	 0 	 0 	 1 	 1 	 1 	 1 	 1 	 0 	 0 	 0 	 1 	 0 	 0
Course116 	 116 	 2 	 0 	 0 	 1 	 0 	 1 	 0 	 0 	 1 	 1 	 0 	 0 	 0 	 1 	 0 	 0
Course117 	 117 	 2 	 0 	 1 	 1 	 0 	 0 	 1 	 1 	 1 	 0 	 0 	 0 	 0 	 1 	 0 	 0
Course118 	 118 	 2 	 0 	 1 	 1 	 0 	 1 	 1 	 0 	 1 	 0 	 0 	 0 	 0 	 0 	 0 	 1
Course119 	 119 	 2 	 0 	 1 	 0 	 0 	 1 	 1 	 1 	 1 	 0 	 0 	 0 	 0 	 0 	 0 	 1
Course120 	 120 	 2 	 1 	 0 	 0 	 0 	 1 	 1 	 0 	 0 	 1 	 0 	 0 	 1 	 0 	 0 	 0
Course121 	 121 	 2 	 1 	 0 	 0 	 1 	 0 	 0 	 1 	 0 	 1 	 0 	 0 	 1 	 0 	 0 	 0
Course122 	 122 	 2 	 0 	 1 	 0 	 1 	 0 	 0 	 1 	 1 	 1 	 0 	 0 	 0 	 0 	 0 	 1
Course123 	 123 	 2 	 0 	 1 	 0 	 0 	 0 	 0 	 0 	 0 	 1 	 0 	 0 	 0 	 1 	 0 	 0
Course124 	 124 	 2 	 1 	 1 	 1 	 1 	 0 	 0 	 1 	 0 	 1 	 0 	 0 	 0 	 1 	 0 	 0
Course125 	 125 	 2 	 1 	 1 	 1 	 0 	 0 	 0 	 1 	 1 	 1 	 0 	 0 	 0 	 0 	 1 	 0
Course126 	 126 	 2 	 1 	 1 	 0 	 0 	 0 	 1 	 1 	 1 	 0 	 0 	 0 	 0 	 1 	 0 	 0
Course127 	 127 	 2 	 0 	 1 	 1 	 0 	 0 	 1 	 0 	 1 	 0 	 1 	 0 	 0 	 0 	 0 	 0
Course128 	 128 	 2 	 1 	 1 	 1 	 0 	 1 	 0 	 0 	 1 	 0 	 0 	 0 	 0 	 0 	 0 	 1
Course129 	 129 	 2 	 1 	 1 	 1 	 1 	 0 	 1 	 0 	 0 	 0 	 0 	 0 	 0 	 0 	 1 	 0
Course130 	 130 	 2 	 0 	 1 	 0 	 0 	 0 	 0 	 0 	 1 	 0 	 0 	 0 	 0 	 1 	 0 	 0
Course131 	 131 	 2 	 1 	 0 	 0 	 0 	 1 	 0 	 1 	 1 	 1 	 1 	 0 	 0 	 0 	 0 	 0
Course132 	 132 	 2 	 1 	 1 	 1 	 0 	 0 	 0 	 0 	 1 	 0 	 0 	 0 	 0 	 1 	 0 	 0
Course133 	 133 	 2 	 0 	 1 	 0 	 0 	 1 	 1 	 1 	 0 	 0 	 0 	 0 	 0 	 0 	 0 	 1
Course134 	 134 	 2 	 0 	 1 	 1 	 1 	 0 	 1 	 0 	 0 	 1 	 0 	 0 	 0 	 0 	 0 	 1
Course135 	 135 	 2 	 0 	 1 	 0 	 1 	 1 	 0 	 1 	 0 	 1 	 0 	 0 	 0 	 0 	 0 	 1
Course136 	 136 	 1 	 0 	 0 	 1 	 1 	 0 	 1 	 0 	 1 	 0 	 0 	 0 	 0 	 0 	 0 	 1
Course137 	 137 	 2 	 0 	 1 	 0 	 0 	 1 	 0 	 0 	 0 	 1 	 0 	 0 	 0 	 0 	 0 	 1
Course138 	 138 	 2 	 0 	 1 	 0 	 0 	 0 	 1 	 0 	 0 	 0 	 0 	 0 	 0 	 1 	 0 	 0
Course139 	 139 	 2 	 1 	 0 	 0 	 0 	 0 	 0 	 0 	 0 	 1 	 0 	 0 	 0 	 1 	 0 	 0
Course140 	 140 	 2 	 1 	 0 	 1 	 0 	 0 	 0 	 1 	 0 	 0 	 0 	 0 	 0 	 0 	 0 	 1
Course141 	 141 	 2 	 1 	 0 	 1 	 0 	 1 	 0 	 0 	 0 	 0 	 0 	 0 	 0 	 1 	 0 	 0
Course142 	 142 	 2 	 0 	 0 	 1 	 0 	 0 	 1 	 1 	 1 	 0 	 0 	 0 	 0 	 1 	 0 	 0
Course143 	 143 	 2 	 1 	 0 	 0 	 0 	 0 	 0 	 0 	 1 	 0 	 0 	 0 	 0 	 0 	 0 	 1
Course144 	 144 	 1 	 1 	 0 	 0 	 1 	 1 	 0 	 1 	 1 	 0 	 0 	 0 	 0 	 0 	 0 	 1
Course145 	 145 	 2 	 1 	 1 	 1 	 1 	 1 	 1 	 1 	 0 	 1 	 0 	 0 	 0 	 1 	 0 	 0
Course146 	 146 	 2 	 1 	 1 	 1 	 0 	 1 	 1 	 1 	 0 	 0 	 0 	 0 	 1 	 0 	 0 	 0
Course147 	 147 	 2 	 0 	 1 	 1 	 1 	 1 	 0 	 0 	 0 	 0 	 0 	 0 	 0 	 1 	 0 	 0
Course148 	 148 	 2 	 0 	 1 	 0 	 0 	 0 	 0 	 1 	 1 	 0 	 0 	 0 	 1 	 0 	 0 	 0
Course149 	 149 	 2 	 0 	 1 	 1 	 0 	 1 	 1 	 1 	 0 	 1 	 0 	 1 	 0 	 0 	 0 	 0
Course150 	 150 	 2 	 1 	 0 	 1 	 0 	 0 	 0 	 1 	 0 	 0 	 1 	 0 	 0 	 0 	 0 	 0
Course151 	 151 	 2 	 0 	 1 	 0 	 0 	 0 	 1 	 0 	 1 	 0 	 0 	 0 	 1 	 0 	 0 	 0
Course152 	 152 	 2 	 1 	 0 	 0 	 0 	 1 	 1 	 1 	 0 	 1 	 0 	 0 	 0 	 1 	 0 	 0
Course153 	 153 	 2 	 1 	 0 	 0 	 1 	 1 	 0 	 0 	 0 	 0 	 0 	 0 	 0 	 0 	 1 	 0
Course154 	 154 	 2 	 0 	 0 	 0 	 1 	 0 	 1 	 1 	 0 	 1 	 0 	 0 	 1 	 0 	 0 	 0
Course155 	 155 	 2 	 0 	 1 	 1 	 1 	 1 	 0 	 0 	 0 	 0 	 0 	 0 	 0 	 0 	 1 	 0
Course156 	 156 	 2 	 0 	 1 	 1 	 1 	 0 	 1 	 0 	 0 	 1 	 0 	 0 	 0 	 1 	 0 	 0
Course157 	 157 	 2 	 0 	 0 	 0 	 0 	 1 	 1 	 0 	 1 	 1 	 0 	 0 	 1 	 0 	 0 	 0
Course158 	 158 	 2 	 1 	 0 	 0 	 1 	 0 	 0 	 0 	 1 	 1 	 0 	 0 	 1 	 0 	 0 	 0
Course159 	 159 	 2 	 1 	 0 	 1 	 1 	 0 	 1 	 1 	 0 	 0 	 0 	 0 	 0 	 1 	 0 	 0
Course160 	 160 	 2 	 1 	 1 	 0 	 1 	 0 	 1 	 0 	 1 	 0 	 0 	 0 	 0 	 0 	 0 	 1
Course161 	 161 	 2 	 1 	 1 	 0 	 1 	 1 	 0 	 0 	 1 	 0 	 0 	 0 	 1 	 0 	 0 	 0
Course162 	 162 	 2 	 1 	 1 	 0 	 1 	 0 	 1 	 1 	 0 	 1 	 0 	 0 	 0 	 0 	 1 	 0
Course163 	 163 	 2 	 0 	 0 	 1 	 0 	 1 	 1 	 1 	 0 	 1 	 0 	 0 	 0 	 0 	 0 	 1
Course164 	 164 	 2 	 0 	 1 	 0 	 0 	 0 	 1 	 1 	 1 	 1 	 0 	 0 	 0 	 1 	 0 	 0
Course165 	 165 	 1 	 0 	 0 	 1 	 1 	 0 	 0 	 0 	 1 	 1 	 0 	 0 	 0 	 0 	 0 	 1
Course166 	 166 	 2 	 1 	 0 	 0 	 0 	 1 	 0 	 0 	 0 	 0 	 0 	 0 	 0 	 1 	 0 	 0
Course167 	 167 	 2 	 1 	 0 	 1 	 1 	 1 	 1 	 0 	 0 	 1 	 0 	 0 	 0 	 1 	 0 	 0
Course168 	 168 	 2 	 1 	 0 	 0 	 0 	 0 	 1 	 0 	 0 	 0 	 0 	 0 	 0 	 1 	 0 	 0
Course169 	 169 	 2 	 1 	 0 	 0 	 0 	 1 	 0 	 1 	 1 	 0 	 0 	 0 	 0 	 0 	 0 	 1
Course170 	 170 	 2 	 0 	 0 	 1 	 1 	 1 	 0 	 0 	 1 	 0 	 0 	 0 	 0 	 1 	 0 	 0
Course171 	 171 	 2 	 1 	 0 	 1 	 0 	 1 	 0 	 0 	 0 	 1 	 0 	 0 	 0 	 0 	 0 	 1
Course172 	 172 	 2 	 0 	 0 	 1 	 0 	 0 	 0 	 1 	 1 	 1 	 0 	 1 	 0 	 0 	 0 	 0
Course173 	 173 	 2 	 1 	 0 	 0 	 0 	 1 	 1 	 0 	 1 	 0 	 0 	 0 	 0 	 0 	 1 	 0
Course174 	 174 	 2 	 0 	 1 	 0 	 0 	 1 	 1 	 1 	 1 	 0 	 0 	 0 	 0 	 0 	 0 	 1
Course175 	 175 	 2 	 1 	 1 	 0 	 1 	 1 	 0 	 1 	 0 	 0 	 0 	 0 	 0 	 0 	 0 	 1
Course176 	 176 	 2 	 1 	 0 	 1 	 0 	 0 	 0 	 0 	 1 	 0 	 0 	 0 	 0 	 1 	 0 	 0
Course177 	 177 	 1 	 0 	 0 	 1 	 1 	 0 	 1 	 1 	 0 	 0 	 0 	 0 	 0 	 0 	 0 	 1
Course178 	 178 	 2 	 1 	 0 	 1 	 0 	 1 	 0 	 0 	 0 	 0 	 0 	 0 	 1 	 0 	 0 	 0
Course179 	 179 	 2 	 1 	 1 	 0 	 1 	 1 	 1 	 1 	 1 	 1 	 0 	 0 	 0 	 1 	 0 	 0
Course180 	 180 	 2 	 1 	 0 	 0 	 0 	 1 	 1 	 1 	 0 	 1 	 0 	 0 	 0 	 1 	 0 	 0
Course181 	 181 	 2 	 1 	 1 	 0 	 1 	 0 	 1 	 1 	 0 	 0 	 0 	 0 	 0 	 0 	 0 	 1
Course182 	 182 	 2 	 1 	 1 	 0 	 1 	 0 	 0 	 0 	 1 	 1 	 0 	 0 	 1 	 0 	 0 	 0
Course183 	 183 	 2 	 0 	 0 	 1 	 0 	 0 	 0 	 0 	 0 	 0 	 0 	 0 	 0 	 1 	 0 	 0
Course184 	 184 	 2 	 0 	 0 	 1 	 0 	 0 	 1 	 0 	 1 	 0 	 0 	 0 	 0 	 0 	 1 	 0
Course185 	 185 	 2 	 1 	 0 	 1 	 0 	 0 	 1 	 0 	 0 	 1 	 0 	 0 	 0 	 0 	 1 	 0
Course186 	 186 	 2 	 0 	 1 	 0 	 1 	 0 	 1 	 0 	 1 	 1 	 0 	 0 	 1 	 0 	 0 	 0
Course187 	 187 	 2 	 1 	 0 	 0 	 1 	 1 	 1 	 0 	 0 	 0 	 0 	 0 	 1 	 0 	 0 	 0
Course188 	 188 	 2 	 0 	 0 	 1 	 0 	 1 	 0 	 1 	 0 	 0 	 0 	 0 	 0 	 1 	 0 	 0
Course189 	 189 	 2 	 0 	 0 	 0 	 0 	 0 	 0 	 0 	 0 	 1 	 0 	 0 	 1 	 0 	 0 	 0
Course190 	 190 	 2 	 0 	 1 	 1 	 0 	 0 	 1 	 1 	 0 	 1 	 0 	 0 	 0 	 0 	 0 	 1
Course191 	 191 	 2 	 0 	 1 	 0 	 0 	 1 	 0 	 0 	 0 	 1 	 0 	 0 	 0 	 1 	 0 	 0
Course192 	 192 	 2 	 0 	 0 	 0 	 1 	 1 	 1 	 0 	 1 	 0 	 0 	 0 	 0 	 0 	 1 	 0
Course193 	 193 	 2 	 0 	 1 	 1 	 0 	 0 	 0 	 1 	 0 	 0 	 0 	 0 	 0 	 0 	 0 	 1
Course194 	 194 	 2 	 1 	 0 	 0 	 1 	 1 	 0 	 0 	 0 	 1 	 0 	 0 	 0 	 0 	 1 	 0
Course195 	 195 	 2 	 0 	 0 	 1 	 1 	 1 	 0 	 0 	 1 	 0 	 0 	 0 	 0 	 0 	 1 	 0
Course196 	 196 	 2 	 1 	 1 	 1 	 1 	 0 	 0 	 0 	 0 	 0 	 0 	 0 	 0 	 0 	 0 	 1
Course197 	 197 	 2 	 1 	 0 	 0 	 0 	 1 	 1 	 1 	 0 	 0 	 0 	 0 	 0 	 1 	 0 	 0
Course198 	 198 	 2 	 0 	 1 	 1 	 0 	 1 	 0 	 0 	 0 	 1 	 0 	 1 	 0 	 0 	 0 	 0
Course199 	 199 	 2 	 1 	 1 	 0 	 1 	 1 	 1 	 1 	 0 	 0 	 1 	 0 	 0 	 0 	 0 	 0
Course200 	 200 	 2 	 1 	 1 	 1 	 1 	 1 	 0 	 0 	 1 	 1 	 1 	 0 	 0 	 0 	 0 	 0
Course201 	 201 	 2 	 0 	 0 	 1 	 1 	 0 	 0 	 1 	 0 	 0 	 0 	 0 	 0 	 0 	 0 	 1
Course202 	 202 	 2 	 1 	 1 	 0 	 1 	 1 	 1 	 0 	 1 	 0 	 0 	 1 	 0 	 0 	 0 	 0
Course203 	 203 	 2 	 0 	 0 	 0 	 1 	 1 	 0 	 1 	 0 	 1 	 0 	 0 	 0 	 0 	 1 	 0
Course204 	 204 	 2 	 1 	 1 	 0 	 1 	 1 	 1 	 1 	 0 	 1 	 0 	 0 	 0 	 1 	 0 	 0
Course205 	 205 	 2 	 0 	 0 	 0 	 0 	 1 	 1 	 0 	 0 	 1 	 0 	 0 	 1 	 0 	 0 	 0
Course206 	 206 	 2 	 0 	 1 	 0 	 0 	 1 	 0 	 0 	 0 	 1 	 0 	 0 	 1 	 0 	 0 	 0
Course207 	 207 	 1 	 1 	 0 	 0 	 0 	 1 	 0 	 0 	 0 	 1 	 0 	 0 	 0 	 1 	 0 	 0
Course208 	 208 	 2 	 0 	 1 	 0 	 1 	 0 	 0 	 1 	 1 	 0 	 0 	 0 	 0 	 0 	 0 	 1
Course209 	 209 	 2 	 0 	 1 	 1 	 0 	 1 	 1 	 1 	 1 	 0 	 0 	 0 	 0 	 0 	 1 	 0
Course210 	 210 	 2 	 0 	 0 	 0 	 0 	 0 	 0 	 0 	 0 	 1 	 0 	 0 	 0 	 1 	 0 	 0
Course211 	 211 	 2 	 1 	 0 	 1 	 0 	 1 	 0 	 1 	 0 	 1 	 0 	 0 	 0 	 0 	 0 	 1
Course212 	 212 	 2 	 0 	 1 	 0 	 0 	 1 	 0 	 0 	 1 	 1 	 0 	 0 	 1 	 0 	 0 	 0
Course213 	 213 	 2 	 0 	 0 	 1 	 0 	 0 	 0 	 0 	 1 	 1 	 1 	 0 	 0 	 0 	 0 	 0
Course214 	 214 	 2 	 0 	 0 	 1 	 0 	 0 	 0 	 0 	 0 	 0 	 0 	 0 	 0 	 1 	 0 	 0
Course215 	 215 	 2 	 0 	 0 	 0 	 0 	 0 	 1 	 0 	 0 	 0 	 0 	 0 	 1 	 0 	 0 	 0
Course216 	 216 	 2 	 0 	 0 	 0 	 0 	 0 	 1 	 0 	 1 	 0 	 0 	 0 	 0 	 0 	 0 	 1
Course217 	 217 	 2 	 1 	 0 	 1 	 0 	 0 	 0 	 0 	 1 	 0 	 0 	 0 	 0 	 1 	 0 	 0
Course218 	 218 	 2 	 1 	 0 	 0 	 1 	 1 	 0 	 0 	 0 	 1 	 0 	 0 	 0 	 1 	 0 	 0
Course219 	 219 	 2 	 0 	 0 	 0 	 1 	 0 	 0 	 0 	 1 	 0 	 1 	 0 	 0 	 0 	 0 	 0
Course220 	 220 	 2 	 0 	 1 	 1 	 0 	 0 	 1 	 0 	 0 	 1 	 0 	 0 	 0 	 0 	 1 	 0
Course221 	 221 	 2 	 0 	 0 	 1 	 0 	 1 	 0 	 0 	 0 	 0 	 0 	 0 	 0 	 0 	 0 	 1
Course222 	 222 	 2 	 1 	 1 	 1 	 0 	 0 	 0 	 0 	 0 	 1 	 0 	 0 	 1 	 0 	 0 	 0
Course223 	 223 	 2 	 1 	 1 	 0 	 0 	 0 	 1 	 0 	 1 	 1 	 0 	 0 	 1 	 0 	 0 	 0
Course224 	 224 	 2 	 0 	 0 	 1 	 1 	 0 	 0 	 0 	 1 	 1 	 0 	 0 	 1 	 0 	 0 	 0
Course225 	 225 	 2 	 1 	 1 	 0 	 0 	 0 	 1 	 0 	 0 	 1 	 0 	 0 	 1 	 0 	 0 	 0
Course226 	 226 	 2 	 0 	 1 	 0 	 1 	 0 	 0 	 1 	 0 	 1 	 0 	 0 	 0 	 1 	 0 	 0
Course227 	 227 	 2 	 0 	 0 	 1 	 1 	 0 	 0 	 0 	 1 	 1 	 0 	 0 	 0 	 1 	 0 	 0
Course228 	 228 	 1 	 0 	 0 	 0 	 1 	 0 	 0 	 0 	 0 	 1 	 0 	 0 	 0 	 1 	 0 	 0
Course229 	 229 	 2 	 0 	 0 	 0 	 0 	 1 	 0 	 1 	 1 	 0 	 0 	 0 	 0 	 1 	 0 	 0
Course230 	 230 	 2 	 0 	 1 	 1 	 1 	 0 	 0 	 0 	 1 	 1 	 0 	 0 	 0 	 1 	 0 	 0
Course231 	 231 	 2 	 0 	 0 	 0 	 1 	 0 	 1 	 1 	 1 	 1 	 0 	 0 	 0 	 1 	 0 	 0
Course232 	 232 	 2 	 1 	 0 	 0 	 0 	 1 	 1 	 0 	 0 	 0 	 0 	 0 	 0 	 1 	 0 	 0
Course233 	 233 	 2 	 0 	 1 	 0 	 0 	 1 	 0 	 0 	 0 	 0 	 0 	 0 	 0 	 1 	 0 	 0
Course234 	 234 	 2 	 0 	 0 	 1 	 1 	 0 	 1 	 0 	 0 	 1 	 0 	 0 	 0 	 1 	 0 	 0
Course235 	 235 	 2 	 1 	 1 	 0 	 0 	 1 	 1 	 0 	 1 	 0 	 0 	 0 	 1 	 0 	 0 	 0
Course236 	 236 	 2 	 0 	 1 	 1 	 0 	 0 	 0 	 0 	 0 	 1 	 0 	 0 	 0 	 0 	 1 	 0
Course237 	 237 	 2 	 1 	 0 	 0 	 0 	 0 	 0 	 1 	 0 	 0 	 0 	 0 	 0 	 0 	 0 	 1
Course238 	 238 	 2 	 1 	 1 	 0 	 0 	 1 	 0 	 1 	 0 	 0 	 0 	 0 	 0 	 0 	 0 	 1
Course239 	 239 	 2 	 1 	 0 	 0 	 1 	 0 	 1 	 0 	 1 	 1 	 0 	 0 	 0 	 0 	 0 	 1
Course240 	 240 	 2 	 1 	 0 	 1 	 0 	 1 	 1 	 0 	 1 	 0 	 0 	 0 	 0 	 1 	 0 	 0
Course241 	 241 	 2 	 1 	 0 	 0 	 0 	 0 	 1 	 1 	 0 	 0 	 0 	 0 	 0 	 1 	 0 	 0
Course242 	 242 	 2 	 0 	 0 	 0 	 1 	 0 	 0 	 0 	 0 	 0 	 0 	 0 	 0 	 1 	 0 	 0
Course243 	 243 	 2 	 0 	 0 	 0 	 1 	 0 	 0 	 0 	 0 	 1 	 0 	 0 	 0 	 1 	 0 	 0
Course244 	 244 	 2 	 0 	 0 	 0 	 0 	 0 	 0 	 1 	 1 	 1 	 0 	 0 	 0 	 0 	 0 	 1
Course245 	 245 	 2 	 0 	 0 	 1 	 1 	 0 	 0 	 0 	 0 	 1 	 0 	 0 	 0 	 1 	 0 	 0
Course246 	 246 	 2 	 1 	 0 	 0 	 1 	 0 	 0 	 0 	 1 	 1 	 0 	 1 	 0 	 0 	 0 	 0
Course247 	 247 	 2 	 1 	 0 	 0 	 0 	 0 	 0 	 0 	 1 	 0 	 0 	 0 	 0 	 0 	 0 	 1
Course248 	 248 	 2 	 0 	 1 	 0 	 0 	 1 	 0 	 0 	 1 	 1 	 0 	 0 	 0 	 1 	 0 	 0
Course249 	 249 	 2 	 0 	 1 	 0 	 0 	 0 	 0 	 1 	 0 	 1 	 0 	 0 	 0 	 0 	 0 	 1
Course250 	 250 	 2 	 0 	 1 	 1 	 1 	 0 	 1 	 0 	 1 	 0 	 0 	 0 	 0 	 0 	 0 	 1
Course251 	 251 	 2 	 1 	 0 	 0 	 0 	 0 	 1 	 1 	 0 	 0 	 1 	 0 	 0 	 0 	 0 	 0
Course252 	 252 	 2 	 0 	 0 	 1 	 1 	 0 	 0 	 0 	 0 	 0 	 0 	 0 	 0 	 1 	 0 	 0
Course253 	 253 	 2 	 1 	 0 	 0 	 0 	 0 	 1 	 1 	 0 	 1 	 0 	 0 	 0 	 0 	 0 	 1
Course254 	 254 	 2 	 0 	 0 	 0 	 0 	 1 	 0 	 1 	 1 	 1 	 0 	 0 	 1 	 0 	 0 	 0
Course255 	 255 	 2 	 0 	 0 	 1 	 0 	 0 	 1 	 0 	 1 	 0 	 0 	 0 	 1 	 0 	 0 	 0
Course256 	 256 	 2 	 1 	 1 	 0 	 0 	 1 	 0 	 0 	 0 	 0 	 0 	 1 	 0 	 0 	 0 	 0
Course257 	 257 	 2 	 1 	 1 	 1 	 1 	 0 	 1 	 1 	 0 	 1 	 0 	 0 	 0 	 1 	 0 	 0
Course258 	 258 	 2 	 0 	 0 	 0 	 1 	 0 	 1 	 0 	 0 	 0 	 0 	 0 	 1 	 0 	 0 	 0
Course259 	 259 	 2 	 0 	 1 	 1 	 1 	 0 	 1 	 0 	 0 	 0 	 0 	 0 	 1 	 0 	 0 	 0
Course260 	 260 	 2 	 1 	 0 	 0 	 1 	 0 	 1 	 0 	 0 	 0 	 0 	 1 	 0 	 0 	 0 	 0
Course261 	 261 	 2 	 1 	 1 	 0 	 1 	 1 	 0 	 0 	 1 	 0 	 0 	 0 	 1 	 0 	 0 	 0
Course262 	 262 	 2 	 0 	 1 	 1 	 0 	 0 	 0 	 0 	 0 	 0 	 0 	 0 	 0 	 1 	 0 	 0
Course263 	 263 	 2 	 1 	 0 	 1 	 0 	 0 	 1 	 0 	 0 	 1 	 0 	 0 	 0 	 1 	 0 	 0
Course264 	 264 	 2 	 1 	 1 	 0 	 0 	 1 	 0 	 1 	 1 	 0 	 0 	 0 	 1 	 0 	 0 	 0
Course265 	 265 	 2 	 0 	 1 	 0 	 0 	 0 	 1 	 1 	 1 	 0 	 0 	 0 	 0 	 0 	 0 	 1
Course266 	 266 	 2 	 1 	 0 	 0 	 0 	 1 	 1 	 0 	 0 	 0 	 0 	 0 	 0 	 1 	 0 	 0
Course267 	 267 	 2 	 0 	 1 	 0 	 0 	 0 	 1 	 0 	 1 	 1 	 0 	 1 	 0 	 0 	 0 	 0
Course268 	 268 	 2 	 0 	 0 	 0 	 0 	 0 	 0 	 1 	 1 	 0 	 0 	 0 	 0 	 0 	 0 	 1
Course269 	 269 	 2 	 0 	 1 	 1 	 0 	 0 	 1 	 0 	 1 	 0 	 0 	 1 	 0 	 0 	 0 	 0
Course270 	 270 	 2 	 1 	 0 	 1 	 1 	 1 	 0 	 0 	 1 	 1 	 1 	 0 	 0 	 0 	 0 	 0
Course271 	 271 	 2 	 0 	 1 	 0 	 0 	 0 	 1 	 0 	 1 	 1 	 0 	 0 	 0 	 1 	 0 	 0
Course272 	 272 	 2 	 0 	 0 	 0 	 0 	 0 	 0 	 1 	 0 	 1 	 0 	 0 	 0 	 0 	 1 	 0
Course273 	 273 	 2 	 0 	 0 	 0 	 0 	 1 	 0 	 0 	 0 	 0 	 0 	 0 	 0 	 0 	 1 	 0
Course274 	 274 	 2 	 1 	 1 	 0 	 0 	 0 	 1 	 0 	 1 	 1 	 0 	 0 	 0 	 0 	 1 	 0
Course275 	 275 	 2 	 0 	 0 	 1 	 0 	 0 	 0 	 1 	 1 	 0 	 0 	 0 	 1 	 0 	 0 	 0
Course276 	 276 	 2 	 0 	 0 	 0 	 0 	 1 	 0 	 0 	 0 	 0 	 0 	 0 	 1 	 0 	 0 	 0
Course277 	 277 	 2 	 0 	 0 	 0 	 1 	 0 	 1 	 1 	 0 	 1 	 0 	 0 	 0 	 0 	 0 	 1
Course278 	 278 	 2 	 1 	 1 	 1 	 0 	 0 	 0 	 1 	 0 	 0 	 0 	 0 	 0 	 0 	 0 	 1
Course279 	 279 	 2 	 0 	 1 	 0 	 0 	 0 	 0 	 1 	 0 	 1 	 0 	 0 	 0 	 1 	 0 	 0
Course280 	 280 	 2 	 0 	 1 	 0 	 0 	 1 	 1 	 1 	 0 	 1 	 0 	 0 	 1 	 0 	 0 	 0
Course281 	 281 	 2 	 0 	 0 	 1 	 0 	 0 	 0 	 0 	 1 	 0 	 0 	 0 	 1 	 0 	 0 	 0
Course282 	 282 	 2 	 1 	 0 	 0 	 0 	 1 	 1 	 0 	 0 	 1 	 0 	 0 	 1 	 0 	 0 	 0
Course283 	 283 	 2 	 1 	 1 	 0 	 0 	 1 	 1 	 1 	 0 	 0 	 0 	 0 	 0 	 0 	 0 	 1
Course284 	 284 	 2 	 1 	 0 	 0 	 0 	 0 	 0 	 1 	 0 	 0 	 0 	 0 	 0 	 0 	 1 	 0
Course285 	 285 	 2 	 0 	 1 	 1 	 0 	 1 	 1 	 1 	 0 	 0 	 0 	 0 	 0 	 0 	 1 	 0
Course286 	 286 	 2 	 1 	 1 	 0 	 0 	 0 	 1 	 0 	 0 	 0 	 0 	 0 	 0 	 0 	 0 	 1
Course287 	 287 	 2 	 0 	 1 	 1 	 1 	 0 	 0 	 1 	 0 	 0 	 0 	 0 	 0 	 0 	 1 	 0
Course288 	 288 	 2 	 0 	 0 	 0 	 1 	 0 	 0 	 1 	 0 	 0 	 0 	 0 	 0 	 0 	 0 	 1
Course289 	 289 	 2 	 0 	 0 	 0 	 1 	 1 	 0 	 0 	 0 	 0 	 0 	 0 	 1 	 0 	 0 	 0
Course290 	 290 	 2 	 1 	 0 	 1 	 1 	 0 	 0 	 1 	 0 	 1 	 0 	 0 	 0 	 0 	 1 	 0
Course291 	 291 	 2 	 1 	 0 	 1 	 0 	 0 	 0 	 1 	 0 	 1 	 0 	 0 	 1 	 0 	 0 	 0
Course292 	 292 	 2 	 1 	 0 	 0 	 0 	 0 	 1 	 0 	 0 	 0 	 0 	 0 	 1 	 0 	 0 	 0
Course293 	 293 	 2 	 1 	 0 	 0 	 1 	 1 	 0 	 0 	 0 	 1 	 0 	 0 	 1 	 0 	 0 	 0
Course294 	 294 	 2 	 0 	 0 	 0 	 0 	 1 	 0 	 0 	 1 	 0 	 0 	 0 	 0 	 0 	 1 	 0
Course295 	 295 	 2 	 1 	 1 	 0 	 0 	 1 	 1 	 1 	 0 	 1 	 0 	 0 	 0 	 1 	 0 	 0
Course296 	 296 	 2 	 1 	 1 	 0 	 1 	 0 	 0 	 1 	 1 	 0 	 0 	 0 	 0 	 0 	 0 	 1
Course297 	 297 	 2 	 1 	 0 	 1 	 1 	 0 	 1 	 0 	 0 	 0 	 0 	 0 	 0 	 1 	 0 	 0
Course298 	 298 	 2 	 1 	 1 	 1 	 1 	 0 	 0 	 1 	 1 	 0 	 0 	 0 	 0 	 1 	 0 	 0
Course299 	 299 	 2 	 0 	 1 	 0 	 0 	 1 	 1 	 0 	 1 	 0 	 0 	 0 	 0 	 1 	 0 	 0
Course300 	 300 	 2 	 1 	 1 	 0 	 1 	 0 	 0 	 0 	 0 	 0 	 0 	 0 	 0 	 1 	 0 	 0
Course301 	 301 	 2 	 0 	 0 	 1 	 1 	 1 	 1 	 1 	 0 	 1 	 0 	 0 	 0 	 0 	 1 	 0
Course302 	 302 	 2 	 1 	 1 	 0 	 1 	 0 	 1 	 1 	 0 	 0 	 0 	 0 	 0 	 0 	 0 	 1
Course303 	 303 	 2 	 1 	 0 	 1 	 1 	 1 	 0 	 0 	 1 	 0 	 0 	 0 	 0 	 1 	 0 	 0
Course304 	 304 	 2 	 0 	 0 	 1 	 1 	 0 	 0 	 0 	 0 	 0 	 0 	 0 	 0 	 0 	 0 	 1
Course305 	 305 	 2 	 1 	 1 	 1 	 1 	 0 	 0 	 0 	 0 	 0 	 0 	 0 	 1 	 0 	 0 	 0
Course306 	 306 	 2 	 0 	 1 	 0 	 1 	 0 	 1 	 1 	 1 	 1 	 0 	 0 	 0 	 0 	 0 	 1
Course307 	 307 	 2 	 1 	 0 	 0 	 0 	 0 	 1 	 0 	 1 	 1 	 0 	 0 	 0 	 0 	 1 	 0
Course308 	 308 	 2 	 0 	 0 	 1 	 1 	 0 	 0 	 1 	 1 	 0 	 0 	 0 	 0 	 0 	 0 	 1
Course309 	 309 	 2 	 0 	 1 	 1 	 1 	 1 	 0 	 0 	 1 	 1 	 0 	 0 	 0 	 0 	 0 	 1
Course310 	 310 	 2 	 0 	 0 	 1 	 1 	 0 	 1 	 0 	 1 	 1 	 0 	 0 	 1 	 0 	 0 	 0
Course311 	 311 	 2 	 0 	 1 	 1 	 0 	 0 	 1 	 1 	 1 	 0 	 0 	 0 	 0 	 0 	 1 	 0
Course312 	 312 	 2 	 1 	 0 	 1 	 1 	 0 	 1 	 0 	 1 	 0 	 0 	 0 	 0 	 0 	 0 	 1
Course313 	 313 	 2 	 1 	 0 	 0 	 0 	 0 	 0 	 0 	 1 	 0 	 0 	 0 	 1 	 0 	 0 	 0
Course314 	 314 	 2 	 1 	 1 	 0 	 0 	 1 	 1 	 1 	 1 	 1 	 0 	 0 	 0 	 1 	 0 	 0
Course315 	 315 	 2 	 1 	 1 	 1 	 0 	 0 	 1 	 0 	 0 	 0 	 0 	 0 	 1 	 0 	 0 	 0
Course316 	 316 	 2 	 0 	 0 	 0 	 1 	 0 	 0 	 0 	 0 	 0 	 0 	 0 	 0 	 1 	 0 	 0
Course317 	 317 	 2 	 0 	 1 	 1 	 1 	 0 	 1 	 1 	 1 	 1 	 0 	 0 	 0 	 0 	 1 	 0
Course318 	 318 	 2 	 0 	 0 	 0 	 0 	 1 	 0 	 0 	 1 	 0 	 0 	 0 	 0 	 0 	 0 	 1
Course319 	 319 	 2 	 1 	 1 	 0 	 0 	 0 	 0 	 0 	 1 	 0 	 0 	 0 	 0 	 0 	 0 	 1
Course320 	 320 	 2 	 0 	 0 	 1 	 0 	 0 	 0 	 0 	 1 	 1 	 0 	 0 	 0 	 1 	 0 	 0
Course321 	 321 	 2 	 1 	 0 	 1 	 0 	 1 	 0 	 0 	 0 	 0 	 0 	 0 	 0 	 1 	 0 	 0
Course322 	 322 	 2 	 0 	 0 	 1 	 1 	 1 	 1 	 1 	 1 	 0 	 0 	 0 	 1 	 0 	 0 	 0
Course323 	 323 	 2 	 1 	 0 	 1 	 1 	 1 	 0 	 0 	 0 	 1 	 0 	 0 	 0 	 1 	 0 	 0
Course324 	 324 	 2 	 0 	 1 	 1 	 0 	 0 	 0 	 1 	 0 	 0 	 0 	 0 	 1 	 0 	 0 	 0
Course325 	 325 	 2 	 0 	 1 	 0 	 0 	 0 	 0 	 0 	 0 	 0 	 0 	 0 	 0 	 0 	 0 	 1
Course326 	 326 	 2 	 1 	 0 	 1 	 1 	 0 	 1 	 1 	 0 	 1 	 0 	 1 	 0 	 0 	 0 	 0
Course327 	 327 	 2 	 0 	 0 	 0 	 0 	 0 	 1 	 0 	 0 	 0 	 0 	 1 	 0 	 0 	 0 	 0
Course328 	 328 	 2 	 1 	 0 	 1 	 0 	 1 	 0 	 0 	 0 	 0 	 0 	 0 	 0 	 1 	 0 	 0
Course329 	 329 	 2 	 0 	 1 	 0 	 0 	 0 	 0 	 0 	 0 	 1 	 0 	 0 	 0 	 0 	 0 	 1
Course330 	 330 	 2 	 1 	 1 	 0 	 0 	 1 	 1 	 1 	 0 	 0 	 0 	 0 	 1 	 0 	 0 	 0
Course331 	 331 	 2 	 0 	 0 	 0 	 0 	 0 	 0 	 1 	 0 	 1 	 0 	 1 	 0 	 0 	 0 	 0
Course332 	 332 	 2 	 1 	 1 	 0 	 0 	 0 	 0 	 1 	 0 	 0 	 0 	 0 	 0 	 1 	 0 	 0
Course333 	 333 	 2 	 0 	 1 	 0 	 1 	 0 	 0 	 1 	 1 	 0 	 0 	 0 	 0 	 1 	 0 	 0
Course334 	 334 	 2 	 0 	 0 	 1 	 0 	 1 	 1 	 0 	 0 	 0 	 1 	 0 	 0 	 0 	 0 	 0
Course335 	 335 	 2 	 1 	 0 	 1 	 0 	 0 	 0 	 1 	 1 	 1 	 0 	 0 	 0 	 0 	 0 	 1
Course336 	 336 	 2 	 0 	 0 	 1 	 0 	 0 	 0 	 1 	 1 	 1 	 0 	 1 	 0 	 0 	 0 	 0
Course337 	 337 	 2 	 0 	 1 	 0 	 1 	 0 	 1 	 0 	 1 	 0 	 0 	 0 	 0 	 0 	 0 	 1
Course338 	 338 	 2 	 1 	 1 	 1 	 0 	 0 	 0 	 0 	 0 	 1 	 0 	 0 	 1 	 0 	 0 	 0
Course339 	 339 	 2 	 0 	 1 	 0 	 0 	 0 	 0 	 0 	 1 	 0 	 0 	 0 	 0 	 1 	 0 	 0
Course340 	 340 	 2 	 0 	 0 	 0 	 0 	 1 	 1 	 0 	 0 	 1 	 0 	 0 	 0 	 1 	 0 	 0
Course341 	 341 	 2 	 0 	 0 	 1 	 0 	 0 	 0 	 0 	 1 	 0 	 0 	 0 	 0 	 1 	 0 	 0
Course342 	 342 	 2 	 0 	 1 	 0 	 0 	 0 	 1 	 0 	 0 	 1 	 0 	 0 	 0 	 0 	 0 	 1
Course343 	 343 	 2 	 0 	 1 	 1 	 0 	 0 	 1 	 1 	 0 	 1 	 0 	 0 	 0 	 0 	 0 	 1
Course344 	 344 	 2 	 0 	 0 	 1 	 0 	 1 	 1 	 0 	 0 	 1 	 0 	 0 	 0 	 0 	 0 	 1
Course345 	 345 	 2 	 1 	 1 	 0 	 1 	 1 	 1 	 0 	 0 	 1 	 0 	 0 	 0 	 0 	 0 	 1
Course346 	 346 	 2 	 1 	 0 	 0 	 0 	 0 	 0 	 1 	 0 	 1 	 0 	 0 	 1 	 0 	 0 	 0
Course347 	 347 	 1 	 0 	 0 	 0 	 1 	 0 	 1 	 0 	 1 	 0 	 0 	 0 	 1 	 0 	 0 	 0
Course348 	 348 	 2 	 1 	 1 	 1 	 0 	 0 	 1 	 1 	 1 	 0 	 0 	 0 	 0 	 1 	 0 	 0
Course349 	 349 	 2 	 0 	 1 	 1 	 0 	 0 	 0 	 0 	 1 	 0 	 0 	 0 	 0 	 1 	 0 	 0
Course350 	 350 	 2 	 1 	 0 	 0 	 1 	 0 	 1 	 0 	 1 	 1 	 0 	 0 	 0 	 1 	 0 	 0
Course351 	 351 	 2 	 1 	 0 	 0 	 0 	 0 	 0 	 1 	 1 	 0 	 0 	 0 	 1 	 0 	 0 	 0
Course352 	 352 	 1 	 0 	 0 	 0 	 1 	 0 	 0 	 1 	 0 	 0 	 0 	 0 	 1 	 0 	 0 	 0
Course353 	 353 	 2 	 1 	 1 	 0 	 0 	 0 	 0 	 1 	 1 	 0 	 0 	 0 	 1 	 0 	 0 	 0
Course354 	 354 	 2 	 0 	 1 	 0 	 0 	 1 	 0 	 0 	 1 	 1 	 0 	 0 	 0 	 1 	 0 	 0
Course355 	 355 	 2 	 0 	 0 	 0 	 0 	 0 	 1 	 0 	 0 	 1 	 0 	 0 	 0 	 0 	 0 	 1
Course356 	 356 	 2 	 0 	 1 	 1 	 1 	 1 	 0 	 0 	 1 	 0 	 0 	 0 	 1 	 0 	 0 	 0
Course357 	 357 	 2 	 0 	 1 	 0 	 0 	 0 	 1 	 0 	 1 	 0 	 0 	 1 	 0 	 0 	 0 	 0
Course358 	 358 	 2 	 0 	 0 	 0 	 1 	 1 	 0 	 0 	 0 	 1 	 0 	 1 	 0 	 0 	 0 	 0
Course359 	 359 	 2 	 0 	 0 	 1 	 1 	 0 	 1 	 0 	 0 	 1 	 0 	 0 	 0 	 1 	 0 	 0
Course360 	 360 	 2 	 0 	 1 	 0 	 0 	 0 	 1 	 1 	 0 	 0 	 0 	 0 	 0 	 0 	 1 	 0
Course361 	 361 	 2 	 1 	 1 	 0 	 0 	 0 	 1 	 0 	 0 	 0 	 0 	 0 	 1 	 0 	 0 	 0
Course362 	 362 	 2 	 1 	 0 	 1 	 0 	 0 	 0 	 0 	 0 	 1 	 0 	 0 	 0 	 0 	 0 	 1
Course363 	 363 	 2 	 0 	 0 	 0 	 0 	 1 	 1 	 0 	 0 	 0 	 0 	 0 	 0 	 0 	 0 	 1
Course364 	 364 	 2 	 1 	 0 	 0 	 0 	 1 	 0 	 1 	 0 	 0 	 0 	 0 	 1 	 0 	 0 	 0
Course365 	 365 	 2 	 1 	 0 	 1 	 1 	 0 	 1 	 0 	 1 	 1 	 0 	 0 	 0 	 0 	 0 	 1
Course366 	 366 	 2 	 1 	 0 	 0 	 0 	 0 	 0 	 0 	 0 	 1 	 0 	 0 	 0 	 1 	 0 	 0
Course367 	 367 	 2 	 1 	 0 	 0 	 1 	 1 	 0 	 0 	 0 	 0 	 0 	 0 	 0 	 1 	 0 	 0
Course368 	 368 	 2 	 0 	 0 	 1 	 0 	 0 	 0 	 0 	 1 	 0 	 0 	 0 	 1 	 0 	 0 	 0
Course369 	 369 	 2 	 0 	 1 	 0 	 0 	 1 	 1 	 0 	 0 	 1 	 0 	 0 	 1 	 0 	 0 	 0
Course370 	 370 	 2 	 0 	 1 	 0 	 1 	 0 	 1 	 0 	 0 	 0 	 0 	 0 	 0 	 1 	 0 	 0
Course371 	 371 	 2 	 1 	 1 	 1 	 1 	 1 	 1 	 0 	 0 	 1 	 0 	 0 	 0 	 1 	 0 	 0
Course372 	 372 	 2 	 0 	 0 	 0 	 0 	 0 	 1 	 0 	 0 	 0 	 0 	 0 	 0 	 0 	 0 	 1
Course373 	 373 	 2 	 0 	 1 	 1 	 0 	 1 	 1 	 0 	 0 	 1 	 0 	 0 	 0 	 0 	 0 	 1
Course374 	 374 	 2 	 1 	 0 	 1 	 0 	 1 	 0 	 1 	 0 	 1 	 0 	 0 	 0 	 0 	 0 	 1
Course375 	 375 	 2 	 0 	 1 	 0 	 1 	 0 	 0 	 1 	 1 	 0 	 0 	 0 	 0 	 1 	 0 	 0
Course376 	 376 	 2 	 1 	 0 	 0 	 0 	 0 	 1 	 0 	 1 	 0 	 0 	 1 	 0 	 0 	 0 	 0
Course377 	 377 	 2 	 0 	 1 	 0 	 0 	 1 	 1 	 1 	 0 	 1 	 0 	 0 	 0 	 0 	 0 	 1
Course378 	 378 	 2 	 0 	 0 	 1 	 0 	 0 	 0 	 0 	 1 	 1 	 0 	 0 	 1 	 0 	 0 	 0
Course379 	 379 	 2 	 1 	 0 	 1 	 1 	 1 	 1 	 0 	 0 	 1 	 0 	 1 	 0 	 0 	 0 	 0
Course380 	 380 	 2 	 1 	 0 	 1 	 0 	 0 	 1 	 0 	 0 	 0 	 0 	 0 	 0 	 1 	 0 	 0
Course381 	 381 	 2 	 1 	 1 	 1 	 0 	 0 	 1 	 1 	 0 	 0 	 0 	 1 	 0 	 0 	 0 	 0
Course382 	 382 	 2 	 0 	 1 	 1 	 1 	 1 	 1 	 0 	 0 	 1 	 0 	 0 	 0 	 1 	 0 	 0
Course383 	 383 	 2 	 1 	 0 	 1 	 0 	 0 	 1 	 0 	 0 	 1 	 0 	 0 	 0 	 1 	 0 	 0
Course384 	 384 	 2 	 0 	 0 	 1 	 0 	 0 	 1 	 0 	 0 	 0 	 0 	 0 	 0 	 1 	 0 	 0
Course385 	 385 	 2 	 0 	 1 	 1 	 1 	 0 	 0 	 1 	 0 	 0 	 0 	 0 	 1 	 0 	 0 	 0
Course386 	 386 	 1 	 1 	 0 	 1 	 0 	 0 	 1 	 0 	 1 	 1 	 0 	 0 	 0 	 0 	 0 	 1
Course387 	 387 	 2 	 0 	 1 	 1 	 1 	 0 	 0 	 0 	 0 	 1 	 0 	 0 	 1 	 0 	 0 	 0
Course388 	 388 	 2 	 1 	 0 	 1 	 1 	 1 	 1 	 1 	 0 	 0 	 0 	 0 	 0 	 0 	 0 	 1
Course389 	 389 	 2 	 0 	 0 	 0 	 0 	 0 	 0 	 1 	 1 	 1 	 0 	 0 	 0 	 1 	 0 	 0
Course390 	 390 	 2 	 0 	 1 	 0 	 0 	 0 	 0 	 1 	 1 	 0 	 0 	 0 	 0 	 0 	 1 	 0
Course391 	 391 	 2 	 1 	 0 	 0 	 0 	 0 	 0 	 1 	 0 	 0 	 0 	 0 	 0 	 0 	 0 	 1
Course392 	 392 	 2 	 1 	 0 	 1 	 1 	 0 	 0 	 0 	 0 	 0 	 0 	 0 	 0 	 1 	 0 	 0
Course393 	 393 	 2 	 0 	 0 	 0 	 1 	 0 	 0 	 1 	 1 	 0 	 0 	 0 	 0 	 0 	 0 	 1
Course394 	 394 	 2 	 0 	 1 	 1 	 0 	 0 	 0 	 1 	 1 	 0 	 0 	 0 	 0 	 1 	 0 	 0
Course395 	 395 	 2 	 0 	 0 	 1 	 0 	 1 	 0 	 0 	 0 	 0 	 0 	 0 	 0 	 1 	 0 	 0
Course396 	 396 	 2 	 0 	 1 	 0 	 1 	 0 	 1 	 0 	 0 	 0 	 1 	 0 	 0 	 0 	 0 	 0
Course397 	 397 	 2 	 0 	 1 	 0 	 1 	 0 	 1 	 0 	 1 	 0 	 0 	 0 	 0 	 0 	 0 	 1
Course398 	 398 	 2 	 1 	 1 	 0 	 1 	 0 	 0 	 0 	 1 	 0 	 0 	 0 	 0 	 1 	 0 	 0
Course399 	 399 	 2 	 1 	 0 	 0 	 0 	 1 	 1 	 1 	 0 	 0 	 0 	 0 	 0 	 0 	 0 	 1
