516
0	0	0	1	1211	
1	2	0	1	795	
2	3	0	21	1034	1035	1036	1037	1038	1039	1040	1041	1042	1043	1044	1045	1046	1047	1048	1049	1050	1051	1052	1053	1054	
3	4	0	1	234	
4	6	0	18	1589	1590	1591	1592	1593	1594	1595	1596	1597	1598	1599	1600	1601	1602	1603	1604	1605	1606	
5	7	0	15	635	636	637	638	639	640	641	642	643	644	645	646	647	648	649	
6	10	0	7	1521	1522	1523	1524	1525	1526	1527	
7	12	0	21	985	986	987	988	989	990	991	992	993	994	995	996	997	998	999	1000	1001	1002	1003	1004	1005	
8	13	0	1	747	
9	17	0	1	245	
10	18	0	12	860	861	862	863	864	865	866	867	868	869	870	871	
11	20	0	1	883	
12	23	0	21	378	379	380	381	382	383	384	385	386	387	388	389	390	391	392	393	394	395	396	397	398	
13	24	0	1	1458	
14	25	0	18	269	270	271	272	273	274	275	276	277	278	279	280	281	282	283	284	285	286	
15	27	0	24	946	947	948	949	950	951	952	953	954	955	956	957	958	959	960	961	962	963	964	965	966	967	968	969	
16	29	0	1	838	
17	31	0	24	7	8	9	10	11	12	13	14	15	16	17	18	19	20	21	22	23	24	25	26	27	28	29	30	
18	34	0	1	818	
19	37	0	12	448	449	450	451	452	453	454	455	456	457	458	459	
20	40	0	1	679	
21	43	0	1	103	
22	44	0	1	1111	
23	49	0	1	558	
24	53	0	1	1176	
25	55	0	1	1181	
26	57	0	7	533	534	535	536	537	538	539	
27	58	0	18	269	270	271	272	273	274	275	276	277	278	279	280	281	282	283	284	285	286	
28	59	0	1	980	
29	60	0	1	1033	
30	61	0	1	154	
31	62	0	1	1180	
32	66	0	1	1345	
33	68	0	1	665	
34	71	0	1	1302	
35	74	0	1	920	
36	77	0	1	1465	
37	79	0	1	943	
38	80	0	21	896	897	898	899	900	901	902	903	904	905	906	907	908	909	910	911	912	913	914	915	916	
39	81	0	1	1347	
40	82	0	1	1233	
41	83	0	1	809	
42	84	0	18	1267	1268	1269	1270	1271	1272	1273	1274	1275	1276	1277	1278	1279	1280	1281	1282	1283	1284	
43	87	0	3	1207	1208	1209	
44	88	0	3	413	414	415	
45	90	0	1	684	
46	91	0	15	650	651	652	653	654	655	656	657	658	659	660	661	662	663	664	
47	93	0	1	1182	
48	95	0	7	1607	1608	1609	1610	1611	1612	1613	
49	96	0	1	702	
50	100	0	7	1391	1392	1393	1394	1395	1396	1397	
51	103	0	21	921	922	923	924	925	926	927	928	929	930	931	932	933	934	935	936	937	938	939	940	941	
52	104	0	1	596	
53	105	0	1	1411	
54	106	0	7	872	873	874	875	876	877	878	
55	108	0	1	678	
56	109	0	1	1145	
57	110	0	21	1244	1245	1246	1247	1248	1249	1250	1251	1252	1253	1254	1255	1256	1257	1258	1259	1260	1261	1262	1263	1264	
58	111	0	1	1575	
59	112	0	3	850	851	852	
60	113	0	1	344	
61	115	0	1	39	
62	116	0	9	887	888	889	890	891	892	893	894	895	
63	117	0	1	1457	
64	118	0	12	358	359	360	361	362	363	364	365	366	367	368	369	
65	119	0	21	725	726	727	728	729	730	731	732	733	734	735	736	737	738	739	740	741	742	743	744	745	
66	120	0	1	849	
67	121	0	18	1267	1268	1269	1270	1271	1272	1273	1274	1275	1276	1277	1278	1279	1280	1281	1282	1283	1284	
68	122	0	7	1148	1149	1150	1151	1152	1153	1154	
69	131	0	1	1301	
70	134	0	3	1467	1468	1469	
71	136	0	24	113	114	115	116	117	118	119	120	121	122	123	124	125	126	127	128	129	130	131	132	133	134	135	136	
72	141	0	3	789	790	791	
73	143	0	21	1370	1371	1372	1373	1374	1375	1376	1377	1378	1379	1380	1381	1382	1383	1384	1385	1386	1387	1388	1389	1390	
74	144	0	1	1425	
75	145	0	1	1430	
76	146	0	7	1130	1131	1132	1133	1134	1135	1136	
77	147	0	1	315	
78	150	0	1	1212	
79	156	0	24	197	198	199	200	201	202	203	204	205	206	207	208	209	210	211	212	213	214	215	216	217	218	219	220	
80	158	0	1	810	
81	160	0	7	778	779	780	781	782	783	784	
82	164	0	1	1344	
83	167	0	1	970	
84	170	0	21	62	63	64	65	66	67	68	69	70	71	72	73	74	75	76	77	78	79	80	81	82	
85	177	0	12	1490	1491	1492	1493	1494	1495	1496	1497	1498	1499	1500	1501	
86	178	0	21	703	704	705	706	707	708	709	710	711	712	713	714	715	716	717	718	719	720	721	722	723	
87	182	0	1	772	
88	184	0	24	563	564	565	566	567	568	569	570	571	572	573	574	575	576	577	578	579	580	581	582	583	584	585	586	
89	185	0	21	921	922	923	924	925	926	927	928	929	930	931	932	933	934	935	936	937	938	939	940	941	
90	186	0	1	1412	
91	188	0	1	1144	
92	190	0	1	243	
93	191	0	21	985	986	987	988	989	990	991	992	993	994	995	996	997	998	999	1000	1001	1002	1003	1004	1005	
94	192	0	1	1147	
95	193	0	1	168	
96	194	0	21	703	704	705	706	707	708	709	710	711	712	713	714	715	716	717	718	719	720	721	722	723	
97	195	0	1	1210	
98	196	0	21	378	379	380	381	382	383	384	385	386	387	388	389	390	391	392	393	394	395	396	397	398	
99	197	0	1	1009	
100	198	0	1	193	
101	200	0	1	816	
102	201	0	1	1286	
103	202	0	21	1034	1035	1036	1037	1038	1039	1040	1041	1042	1043	1044	1045	1046	1047	1048	1049	1050	1051	1052	1053	1054	
104	205	0	1	314	
105	207	0	7	371	372	373	374	375	376	377	
106	209	0	21	378	379	380	381	382	383	384	385	386	387	388	389	390	391	392	393	394	395	396	397	398	
107	211	0	1	166	
108	212	0	1	1561	
109	213	0	7	1538	1539	1540	1541	1542	1543	1544	
110	214	0	3	1121	1122	1123	
111	215	0	15	635	636	637	638	639	640	641	642	643	644	645	646	647	648	649	
112	218	0	1	531	
113	219	0	21	1370	1371	1372	1373	1374	1375	1376	1377	1378	1379	1380	1381	1382	1383	1384	1385	1386	1387	1388	1389	1390	
114	220	0	18	1352	1353	1354	1355	1356	1357	1358	1359	1360	1361	1362	1363	1364	1365	1366	1367	1368	1369	
115	221	0	1	1102	
116	222	0	1	1103	
117	224	0	15	1545	1546	1547	1548	1549	1550	1551	1552	1553	1554	1555	1556	1557	1558	1559	
118	225	0	1	1010	
119	231	0	21	896	897	898	899	900	901	902	903	904	905	906	907	908	909	910	911	912	913	914	915	916	
120	232	0	24	563	564	565	566	567	568	569	570	571	572	573	574	575	576	577	578	579	580	581	582	583	584	585	586	
121	233	0	1	1146	
122	237	0	21	509	510	511	512	513	514	515	516	517	518	519	520	521	522	523	524	525	526	527	528	529	
123	239	0	1	669	
124	242	0	3	1125	1126	1127	
125	243	0	1	157	
126	244	0	1	138	
127	245	0	1	447	
128	246	0	7	1095	1096	1097	1098	1099	1100	1101	
129	247	0	1	1213	
130	248	0	3	0	1	2	
131	250	0	1	409	
132	251	0	1	817	
133	253	0	1	3	
134	256	0	7	685	686	687	688	689	690	691	
135	257	0	7	1086	1087	1088	1089	1090	1091	1092	
136	259	0	1	1173	
137	263	0	1	700	
138	264	0	3	258	259	260	
139	265	0	21	921	922	923	924	925	926	927	928	929	930	931	932	933	934	935	936	937	938	939	940	941	
140	266	0	15	429	430	431	432	433	434	435	436	437	438	439	440	441	442	443	
141	273	0	21	465	466	467	468	469	470	471	472	473	474	475	476	477	478	479	480	481	482	483	484	485	
142	275	0	1	792	
143	276	0	12	43	44	45	46	47	48	49	50	51	52	53	54	
144	277	0	1	882	
145	279	0	3	670	671	672	
146	280	0	24	289	290	291	292	293	294	295	296	297	298	299	300	301	302	303	304	305	306	307	308	309	310	311	312	
147	284	0	1	1206	
148	285	0	12	1563	1564	1565	1566	1567	1568	1569	1570	1571	1572	1573	1574	
149	286	0	15	1328	1329	1330	1331	1332	1333	1334	1335	1336	1337	1338	1339	1340	1341	1342	
150	287	0	1	1178	
151	288	0	7	495	496	497	498	499	500	501	
152	289	0	1	1120	
153	293	0	7	1217	1218	1219	1220	1221	1222	1223	
154	295	0	1	1024	
155	296	0	21	465	466	467	468	469	470	471	472	473	474	475	476	477	478	479	480	481	482	483	484	485	
156	300	0	3	246	247	248	
157	301	0	12	448	449	450	451	452	453	454	455	456	457	458	459	
158	303	0	1	701	
159	306	0	21	748	749	750	751	752	753	754	755	756	757	758	759	760	761	762	763	764	765	766	767	768	
160	309	0	12	142	143	144	145	146	147	148	149	150	151	152	153	
161	311	0	18	1589	1590	1591	1592	1593	1594	1595	1596	1597	1598	1599	1600	1601	1602	1603	1604	1605	1606	
162	312	0	3	444	445	446	
163	313	0	24	563	564	565	566	567	568	569	570	571	572	573	574	575	576	577	578	579	580	581	582	583	584	585	586	
164	314	0	21	921	922	923	924	925	926	927	928	929	930	931	932	933	934	935	936	937	938	939	940	941	
165	316	0	1	1432	
166	317	0	1	819	
167	319	0	1	618	
168	320	0	1	667	
169	321	0	1	155	
170	324	0	24	7	8	9	10	11	12	13	14	15	16	17	18	19	20	21	22	23	24	25	26	27	28	29	30	
171	326	0	18	1352	1353	1354	1355	1356	1357	1358	1359	1360	1361	1362	1363	1364	1365	1366	1367	1368	1369	
172	329	0	24	289	290	291	292	293	294	295	296	297	298	299	300	301	302	303	304	305	306	307	308	309	310	311	312	
173	331	0	21	703	704	705	706	707	708	709	710	711	712	713	714	715	716	717	718	719	720	721	722	723	
174	332	0	9	1511	1512	1513	1514	1515	1516	1517	1518	1519	
175	333	0	3	1426	1427	1428	
176	334	0	1	1094	
177	335	0	1	420	
178	337	0	1	1266	
179	338	0	1	1179	
180	339	0	1	794	
181	340	0	7	158	159	160	161	162	163	164	
182	341	0	3	820	821	822	
183	342	0	3	773	774	775	
184	343	0	1	1129	
185	344	0	7	1137	1138	1139	1140	1141	1142	1143	
186	345	0	24	7	8	9	10	11	12	13	14	15	16	17	18	19	20	21	22	23	24	25	26	27	28	29	30	
187	346	0	1	428	
188	350	0	18	1589	1590	1591	1592	1593	1594	1595	1596	1597	1598	1599	1600	1601	1602	1603	1604	1605	1606	
189	352	0	3	680	681	682	
190	353	0	15	1545	1546	1547	1548	1549	1550	1551	1552	1553	1554	1555	1556	1557	1558	1559	
191	354	0	1	1234	
192	355	0	1	194	
193	357	0	1	793	
194	358	0	7	1025	1026	1027	1028	1029	1030	1031	
195	360	0	21	748	749	750	751	752	753	754	755	756	757	758	759	760	761	762	763	764	765	766	767	768	
196	361	0	24	318	319	320	321	322	323	324	325	326	327	328	329	330	331	332	333	334	335	336	337	338	339	340	341	
197	363	0	9	249	250	251	252	253	254	255	256	257	
198	367	0	21	597	598	599	600	601	602	603	604	605	606	607	608	609	610	611	612	613	614	615	616	617	
199	370	0	12	1011	1012	1013	1014	1015	1016	1017	1018	1019	1020	1021	1022	
200	371	0	1	1177	
201	372	0	1	634	
202	376	0	1	1056	
203	378	0	7	587	588	589	590	591	592	593	
204	379	0	15	619	620	621	622	623	624	625	626	627	628	629	630	631	632	633	
205	382	0	21	465	466	467	468	469	470	471	472	473	474	475	476	477	478	479	480	481	482	483	484	485	
206	385	0	1	244	
207	386	0	7	1528	1529	1530	1531	1532	1533	1534	
208	388	0	1	287	
209	389	0	1	559	
210	390	0	1	675	
211	392	0	1	1429	
212	393	0	1	879	
213	394	0	1	4	
214	397	0	18	1470	1471	1472	1473	1474	1475	1476	1477	1478	1479	1480	1481	1482	1483	1484	1485	1486	1487	
215	399	0	1	666	
216	400	0	21	985	986	987	988	989	990	991	992	993	994	995	996	997	998	999	1000	1001	1002	1003	1004	1005	
217	401	0	7	1312	1313	1314	1315	1316	1317	1318	
218	404	0	1	839	
219	407	0	1	419	
220	410	0	1	676	
221	411	0	1	1157	
222	413	0	3	812	813	814	
223	414	0	1	541	
224	415	0	1	1346	
225	419	0	1	1172	
226	422	0	7	486	487	488	489	490	491	492	
227	424	0	15	1328	1329	1330	1331	1332	1333	1334	1335	1336	1337	1338	1339	1340	1341	1342	
228	425	0	1	846	
229	426	0	9	1413	1414	1415	1416	1417	1418	1419	1420	1421	
230	429	0	1	1124	
231	433	0	9	1578	1579	1580	1581	1582	1583	1584	1585	1586	
232	435	0	1	1398	
233	436	0	24	197	198	199	200	201	202	203	204	205	206	207	208	209	210	211	212	213	214	215	216	217	218	219	220	
234	438	0	3	59	60	61	
235	439	0	15	429	430	431	432	433	434	435	436	437	438	439	440	441	442	443	
236	441	0	1	1107	
237	442	0	1	837	
238	443	0	7	692	693	694	695	696	697	698	
239	444	0	21	703	704	705	706	707	708	709	710	711	712	713	714	715	716	717	718	719	720	721	722	723	
240	445	0	7	823	824	825	826	827	828	829	
241	446	0	9	1235	1236	1237	1238	1239	1240	1241	1242	1243	
242	447	0	1	848	
243	448	0	1	532	
244	449	0	1	847	
245	450	0	1	785	
246	462	0	1	945	
247	464	0	1	1456	
248	466	0	9	1163	1164	1165	1166	1167	1168	1169	1170	1171	
249	467	0	1	674	
250	468	0	21	465	466	467	468	469	470	471	472	473	474	475	476	477	478	479	480	481	482	483	484	485	
251	469	0	1	1520	
252	470	0	1	1587	
253	471	0	1	1156	
254	473	0	1	1410	
255	479	0	3	399	400	401	
256	483	0	7	853	854	855	856	857	858	859	
257	486	0	1	111	
258	487	0	15	88	89	90	91	92	93	94	95	96	97	98	99	100	101	102	
259	488	0	24	197	198	199	200	201	202	203	204	205	206	207	208	209	210	211	212	213	214	215	216	217	218	219	220	
260	492	0	1	919	
261	493	0	1	683	
262	495	0	1	85	
263	498	0	1	972	
264	499	0	24	946	947	948	949	950	951	952	953	954	955	956	957	958	959	960	961	962	963	964	965	966	967	968	969	
265	500	0	1	87	
266	501	0	1	83	
267	502	0	21	597	598	599	600	601	602	603	604	605	606	607	608	609	610	611	612	613	614	615	616	617	
268	505	0	15	1545	1546	1547	1548	1549	1550	1551	1552	1553	1554	1555	1556	1557	1558	1559	
269	506	0	24	318	319	320	321	322	323	324	325	326	327	328	329	330	331	332	333	334	335	336	337	338	339	340	341	
270	509	0	1	167	
271	510	0	7	236	237	238	239	240	241	242	
272	512	0	1	411	
273	513	0	15	1328	1329	1330	1331	1332	1333	1334	1335	1336	1337	1338	1339	1340	1341	1342	
274	517	0	1	1424	
275	520	0	1	221	
276	522	0	12	346	347	348	349	350	351	352	353	354	355	356	357	
277	523	0	1	418	
278	525	0	21	748	749	750	751	752	753	754	755	756	757	758	759	760	761	762	763	764	765	766	767	768	
279	528	0	1	460	
280	530	0	7	1113	1114	1115	1116	1117	1118	1119	
281	531	0	3	1057	1058	1059	
282	532	0	1	1084	
283	534	0	21	1244	1245	1246	1247	1248	1249	1250	1251	1252	1253	1254	1255	1256	1257	1258	1259	1260	1261	1262	1263	1264	
284	535	0	1	5	
285	536	0	21	171	172	173	174	175	176	177	178	179	180	181	182	183	184	185	186	187	188	189	190	191	
286	538	0	21	509	510	511	512	513	514	515	516	517	518	519	520	521	522	523	524	525	526	527	528	529	
287	539	0	7	1400	1401	1402	1403	1404	1405	1406	
288	552	0	1	1576	
289	553	0	1	1112	
290	556	0	1	417	
291	557	0	24	197	198	199	200	201	202	203	204	205	206	207	208	209	210	211	212	213	214	215	216	217	218	219	220	
292	558	0	3	1108	1109	1110	
293	562	0	1	971	
294	564	0	1	261	
295	565	0	1	918	
296	568	0	3	1104	1105	1106	
297	571	0	15	543	544	545	546	547	548	549	550	551	552	553	554	555	556	557	
298	574	0	1	464	
299	575	0	1	86	
300	579	0	24	289	290	291	292	293	294	295	296	297	298	299	300	301	302	303	304	305	306	307	308	309	310	311	312	
301	584	0	1	410	
302	585	0	24	7	8	9	10	11	12	13	14	15	16	17	18	19	20	21	22	23	24	25	26	27	28	29	30	
303	586	0	15	1433	1434	1435	1436	1437	1438	1439	1440	1441	1442	1443	1444	1445	1446	1447	
304	587	0	9	1413	1414	1415	1416	1417	1418	1419	1420	1421	
305	589	0	3	1407	1408	1409	
306	591	0	1	343	
307	592	0	1	58	
308	595	0	1	942	
309	598	0	1	1537	
310	600	0	21	985	986	987	988	989	990	991	992	993	994	995	996	997	998	999	1000	1001	1002	1003	1004	1005	
311	602	0	9	1502	1503	1504	1505	1506	1507	1508	1509	1510	
312	603	0	1	1055	
313	605	0	7	1320	1321	1322	1323	1324	1325	1326	
314	606	0	15	543	544	545	546	547	548	549	550	551	552	553	554	555	556	557	
315	607	0	12	1071	1072	1073	1074	1075	1076	1077	1078	1079	1080	1081	1082	
316	611	0	1	40	
317	613	0	21	896	897	898	899	900	901	902	903	904	905	906	907	908	909	910	911	912	913	914	915	916	
318	614	0	1	137	
319	617	0	7	1287	1288	1289	1290	1291	1292	1293	
320	619	0	21	378	379	380	381	382	383	384	385	386	387	388	389	390	391	392	393	394	395	396	397	398	
321	621	0	1	1285	
322	622	0	1	1265	
323	624	0	21	171	172	173	174	175	176	177	178	179	180	181	182	183	184	185	186	187	188	189	190	191	
324	625	0	1	1319	
325	627	0	7	262	263	264	265	266	267	268	
326	629	0	7	1294	1295	1296	1297	1298	1299	1300	
327	630	0	1	787	
328	632	0	15	1433	1434	1435	1436	1437	1438	1439	1440	1441	1442	1443	1444	1445	1446	1447	
329	634	0	1	1062	
330	635	0	1	1061	
331	636	0	1	594	
332	638	0	12	43	44	45	46	47	48	49	50	51	52	53	54	
333	641	0	1	288	
334	646	0	1	165	
335	647	0	3	884	885	886	
336	651	0	1	1343	
337	655	0	7	32	33	34	35	36	37	38	
338	657	0	12	1011	1012	1013	1014	1015	1016	1017	1018	1019	1020	1021	1022	
339	662	0	3	769	770	771	
340	665	0	1	1460	
341	666	0	1	57	
342	668	0	1	776	
343	671	0	1	1060	
344	673	0	1	1023	
345	675	0	15	1191	1192	1193	1194	1195	1196	1197	1198	1199	1200	1201	1202	1203	1204	1205	
346	678	0	1	342	
347	679	0	18	1352	1353	1354	1355	1356	1357	1358	1359	1360	1361	1362	1363	1364	1365	1366	1367	1368	1369	
348	681	0	1	412	
349	682	0	1	55	
350	685	0	7	104	105	106	107	108	109	110	
351	686	0	1	699	
352	688	0	21	597	598	599	600	601	602	603	604	605	606	607	608	609	610	611	612	613	614	615	616	617	
353	689	0	24	946	947	948	949	950	951	952	953	954	955	956	957	958	959	960	961	962	963	964	965	966	967	968	969	
354	693	0	24	563	564	565	566	567	568	569	570	571	572	573	574	575	576	577	578	579	580	581	582	583	584	585	586	
355	694	0	3	139	140	141	
356	698	0	1	195	
357	699	0	1	416	
358	700	0	12	222	223	224	225	226	227	228	229	230	231	232	233	
359	702	0	3	830	831	832	
360	703	0	15	88	89	90	91	92	93	94	95	96	97	98	99	100	101	102	
361	705	0	21	597	598	599	600	601	602	603	604	605	606	607	608	609	610	611	612	613	614	615	616	617	
362	707	0	3	560	561	562	
363	714	0	7	502	503	504	505	506	507	508	
364	715	0	21	1244	1245	1246	1247	1248	1249	1250	1251	1252	1253	1254	1255	1256	1257	1258	1259	1260	1261	1262	1263	1264	
365	716	0	1	1488	
366	717	0	1	1174	
367	718	0	1	345	
368	719	0	12	222	223	224	225	226	227	228	229	230	231	232	233	
369	721	0	15	429	430	431	432	433	434	435	436	437	438	439	440	441	442	443	
370	723	0	1	984	
371	724	0	7	1448	1449	1450	1451	1452	1453	1454	
372	725	0	18	1267	1268	1269	1270	1271	1272	1273	1274	1275	1276	1277	1278	1279	1280	1281	1282	1283	1284	
373	727	0	1	746	
374	728	0	21	1370	1371	1372	1373	1374	1375	1376	1377	1378	1379	1380	1381	1382	1383	1384	1385	1386	1387	1388	1389	1390	
375	730	0	7	421	422	423	424	425	426	427	
376	731	0	1	41	
377	733	0	1	1348	
378	734	0	1	777	
379	735	0	15	650	651	652	653	654	655	656	657	658	659	660	661	662	663	664	
380	736	0	1	169	
381	738	0	21	1034	1035	1036	1037	1038	1039	1040	1041	1042	1043	1044	1045	1046	1047	1048	1049	1050	1051	1052	1053	1054	
382	739	0	12	358	359	360	361	362	363	364	365	366	367	368	369	
383	740	0	3	1006	1007	1008	
384	742	0	1	917	
385	743	0	15	88	89	90	91	92	93	94	95	96	97	98	99	100	101	102	
386	745	0	1	6	
387	747	0	9	887	888	889	890	891	892	893	894	895	
388	749	0	15	1191	1192	1193	1194	1195	1196	1197	1198	1199	1200	1201	1202	1203	1204	1205	
389	750	0	1	944	
390	751	0	1	1161	
391	753	0	1	1093	
392	754	0	24	318	319	320	321	322	323	324	325	326	327	328	329	330	331	332	333	334	335	336	337	338	339	340	341	
393	755	0	15	543	544	545	546	547	548	549	550	551	552	553	554	555	556	557	
394	756	0	21	171	172	173	174	175	176	177	178	179	180	181	182	183	184	185	186	187	188	189	190	191	
395	759	0	15	1433	1434	1435	1436	1437	1438	1439	1440	1441	1442	1443	1444	1445	1446	1447	
396	760	0	3	1063	1064	1065	
397	761	0	7	402	403	404	405	406	407	408	
398	762	0	1	673	
399	764	0	1	31	
400	765	0	3	981	982	983	
401	770	0	1	1311	
402	771	0	1	1560	
403	773	0	1	317	
404	775	0	1	724	
405	776	0	7	1184	1185	1186	1187	1188	1189	1190	
406	780	0	21	1244	1245	1246	1247	1248	1249	1250	1251	1252	1253	1254	1255	1256	1257	1258	1259	1260	1261	1262	1263	1264	
407	782	0	1	1224	
408	783	0	1	1461	
409	784	0	24	289	290	291	292	293	294	295	296	297	298	299	300	301	302	303	304	305	306	307	308	309	310	311	312	
410	785	0	7	1303	1304	1305	1306	1307	1308	1309	
411	786	0	3	833	834	835	
412	787	0	1	677	
413	791	0	12	1071	1072	1073	1074	1075	1076	1077	1078	1079	1080	1081	1082	
414	792	0	12	797	798	799	800	801	802	803	804	805	806	807	808	
415	793	0	15	619	620	621	622	623	624	625	626	627	628	629	630	631	632	633	
416	794	0	1	1423	
417	801	0	1	1225	
418	802	0	24	946	947	948	949	950	951	952	953	954	955	956	957	958	959	960	961	962	963	964	965	966	967	968	969	
419	805	0	1	811	
420	807	0	1	494	
421	808	0	24	113	114	115	116	117	118	119	120	121	122	123	124	125	126	127	128	129	130	131	132	133	134	135	136	
422	809	0	1	170	
423	810	0	1	493	
424	811	0	21	62	63	64	65	66	67	68	69	70	71	72	73	74	75	76	77	78	79	80	81	82	
425	814	0	1	1070	
426	815	0	21	1034	1035	1036	1037	1038	1039	1040	1041	1042	1043	1044	1045	1046	1047	1048	1049	1050	1051	1052	1053	1054	
427	816	0	1	156	
428	817	0	1	1431	
429	819	0	1	1032	
430	820	0	1	1066	
431	824	0	3	840	841	842	
432	828	0	18	269	270	271	272	273	274	275	276	277	278	279	280	281	282	283	284	285	286	
433	830	0	3	1158	1159	1160	
434	832	0	1	1310	
435	835	0	9	1163	1164	1165	1166	1167	1168	1169	1170	1171	
436	836	0	3	461	462	463	
437	837	0	12	860	861	862	863	864	865	866	867	868	869	870	871	
438	838	0	15	635	636	637	638	639	640	641	642	643	644	645	646	647	648	649	
439	839	0	3	1349	1350	1351	
440	840	0	1	1455	
441	846	0	1	796	
442	847	0	9	1235	1236	1237	1238	1239	1240	1241	1242	1243	
443	848	0	12	1490	1491	1492	1493	1494	1495	1496	1497	1498	1499	1500	1501	
444	849	0	3	1067	1068	1069	
445	850	0	1	56	
446	851	0	1	1155	
447	854	0	18	1470	1471	1472	1473	1474	1475	1476	1477	1478	1479	1480	1481	1482	1483	1484	1485	1486	1487	
448	855	0	21	725	726	727	728	729	730	731	732	733	734	735	736	737	738	739	740	741	742	743	744	745	
449	856	0	24	113	114	115	116	117	118	119	120	121	122	123	124	125	126	127	128	129	130	131	132	133	134	135	136	
450	857	0	1	1562	
451	858	0	1	1466	
452	859	0	1	1459	
453	861	0	3	1214	1215	1216	
454	863	0	21	748	749	750	751	752	753	754	755	756	757	758	759	760	761	762	763	764	765	766	767	768	
455	864	0	1	316	
456	865	0	1	1162	
457	866	0	12	346	347	348	349	350	351	352	353	354	355	356	357	
458	867	0	15	1191	1192	1193	1194	1195	1196	1197	1198	1199	1200	1201	1202	1203	1204	1205	
459	868	0	1	84	
460	869	0	1	1422	
461	870	0	1	1577	
462	871	0	1	1183	
463	872	0	1	1175	
464	873	0	1	112	
465	875	0	1	788	
466	876	0	1	668	
467	877	0	21	62	63	64	65	66	67	68	69	70	71	72	73	74	75	76	77	78	79	80	81	82	
468	878	0	21	725	726	727	728	729	730	731	732	733	734	735	736	737	738	739	740	741	742	743	744	745	
469	879	0	12	142	143	144	145	146	147	148	149	150	151	152	153	
470	880	0	1	1588	
471	882	0	1	313	
472	884	0	1	1536	
473	888	0	1	836	
474	891	0	21	896	897	898	899	900	901	902	903	904	905	906	907	908	909	910	911	912	913	914	915	916	
475	892	0	15	650	651	652	653	654	655	656	657	658	659	660	661	662	663	664	
476	893	0	1	196	
477	895	0	9	249	250	251	252	253	254	255	256	257	
478	897	0	7	973	974	975	976	977	978	979	
479	899	0	21	509	510	511	512	513	514	515	516	517	518	519	520	521	522	523	524	525	526	527	528	529	
480	900	0	12	1563	1564	1565	1566	1567	1568	1569	1570	1571	1572	1573	1574	
481	906	0	1	786	
482	907	0	21	171	172	173	174	175	176	177	178	179	180	181	182	183	184	185	186	187	188	189	190	191	
483	908	0	24	318	319	320	321	322	323	324	325	326	327	328	329	330	331	332	333	334	335	336	337	338	339	340	341	
484	913	0	1	1085	
485	914	0	1	370	
486	925	0	1	1128	
487	926	0	21	509	510	511	512	513	514	515	516	517	518	519	520	521	522	523	524	525	526	527	528	529	
488	928	0	1	595	
489	930	0	21	725	726	727	728	729	730	731	732	733	734	735	736	737	738	739	740	741	742	743	744	745	
490	932	0	1	1083	
491	933	0	1	1535	
492	934	0	9	1511	1512	1513	1514	1515	1516	1517	1518	1519	
493	937	0	3	843	844	845	
494	941	0	1	881	
495	942	0	21	1370	1371	1372	1373	1374	1375	1376	1377	1378	1379	1380	1381	1382	1383	1384	1385	1386	1387	1388	1389	1390	
496	944	0	1	1399	
497	947	0	15	619	620	621	622	623	624	625	626	627	628	629	630	631	632	633	
498	952	0	9	1502	1503	1504	1505	1506	1507	1508	1509	1510	
499	958	0	21	62	63	64	65	66	67	68	69	70	71	72	73	74	75	76	77	78	79	80	81	82	
500	960	0	1	880	
501	961	0	7	1226	1227	1228	1229	1230	1231	1232	
502	968	0	18	1470	1471	1472	1473	1474	1475	1476	1477	1478	1479	1480	1481	1482	1483	1484	1485	1486	1487	
503	969	0	1	542	
504	974	0	3	1462	1463	1464	
505	975	0	9	1578	1579	1580	1581	1582	1583	1584	1585	1586	
506	981	0	1	1489	
507	982	0	1	42	
508	983	0	24	113	114	115	116	117	118	119	120	121	122	123	124	125	126	127	128	129	130	131	132	133	134	135	136	
509	985	0	1	540	
510	986	0	1	815	
511	987	0	1	1327	
512	988	0	1	235	
513	992	0	12	797	798	799	800	801	802	803	804	805	806	807	808	
514	998	0	1	530	
515	999	0	1	192	
