1520	827	693
0
0 	 0 	 0 	 7 	 2 	 15 	 16 	 6 	 59 	 69 	 79 	 89 	 99 	 109
1 	 0 	 0 	 3 	 4 	 3 	 4 	 5 	 6 	 6 	 57 	 67 	 77 	 87 	 97 	 107
2 	 0 	 0 	 2 	 2 	 3 	 4 	 6 	 58 	 68 	 78 	 88 	 98 	 108
3 	 1 	 0 	 7 	 2 	 12 	 13 	 6 	 55 	 65 	 75 	 85 	 95 	 105
4 	 2 	 0 	 8 	 2 	 12 	 13 	 6 	 4 	 14 	 24 	 34 	 44 	 54
5 	 3 	 0 	 10 	 2 	 6 	 7 	 6 	 55 	 65 	 75 	 85 	 95 	 105
6 	 4 	 0 	 4 	 2 	 10 	 11 	 11 	 57 	 62 	 67 	 72 	 77 	 82 	 87 	 92 	 97 	 102 	 107
7 	 5 	 0 	 4 	 2 	 0 	 1 	 11 	 3 	 8 	 13 	 18 	 23 	 28 	 33 	 38 	 43 	 48 	 53
8 	 5 	 0 	 8 	 4 	 0 	 1 	 2 	 3 	 11 	 1 	 6 	 11 	 16 	 21 	 26 	 31 	 36 	 41 	 46 	 51
9 	 5 	 0 	 6 	 2 	 11 	 12 	 11 	 0 	 5 	 10 	 15 	 20 	 25 	 30 	 35 	 40 	 45 	 50
10 	 6 	 0 	 6 	 2 	 3 	 4 	 6 	 55 	 65 	 75 	 85 	 95 	 105
11 	 6 	 0 	 10 	 2 	 5 	 6 	 6 	 55 	 65 	 75 	 85 	 95 	 105
12 	 6 	 0 	 6 	 2 	 7 	 8 	 6 	 55 	 65 	 75 	 85 	 95 	 105
13 	 6 	 0 	 2 	 2 	 9 	 10 	 6 	 55 	 65 	 75 	 85 	 95 	 105
14 	 6 	 0 	 8 	 2 	 11 	 12 	 6 	 55 	 65 	 75 	 85 	 95 	 105
15 	 6 	 0 	 4 	 2 	 13 	 14 	 6 	 55 	 65 	 75 	 85 	 95 	 105
16 	 6 	 0 	 8 	 2 	 15 	 16 	 6 	 55 	 65 	 75 	 85 	 95 	 105
17 	 7 	 0 	 1 	 2 	 16 	 17 	 6 	 56 	 66 	 76 	 86 	 96 	 106
18 	 7 	 0 	 10 	 4 	 0 	 1 	 2 	 3 	 6 	 58 	 68 	 78 	 88 	 98 	 108
19 	 8 	 0 	 6 	 2 	 1 	 2 	 5 	 6 	 16 	 26 	 36 	 46
20 	 8 	 0 	 8 	 2 	 4 	 5 	 5 	 5 	 15 	 25 	 35 	 45
21 	 8 	 0 	 7 	 2 	 8 	 9 	 5 	 8 	 18 	 28 	 38 	 48
22 	 9 	 0 	 10 	 2 	 6 	 7 	 11 	 59 	 64 	 69 	 74 	 79 	 84 	 89 	 94 	 99 	 104 	 109
23 	 9 	 0 	 9 	 2 	 2 	 3 	 11 	 58 	 63 	 68 	 73 	 78 	 83 	 88 	 93 	 98 	 103 	 108
24 	 10 	 0 	 4 	 2 	 0 	 1 	 6 	 58 	 68 	 78 	 88 	 98 	 108
25 	 10 	 0 	 2 	 2 	 13 	 14 	 6 	 56 	 66 	 76 	 86 	 96 	 106
26 	 10 	 0 	 10 	 2 	 12 	 13 	 6 	 57 	 67 	 77 	 87 	 97 	 107
27 	 11 	 0 	 8 	 4 	 9 	 10 	 11 	 12 	 5 	 61 	 71 	 81 	 91 	 101
28 	 12 	 0 	 4 	 2 	 7 	 8 	 11 	 1 	 6 	 11 	 16 	 21 	 26 	 31 	 36 	 41 	 46 	 51
29 	 12 	 0 	 5 	 4 	 12 	 13 	 14 	 15 	 11 	 0 	 5 	 10 	 15 	 20 	 25 	 30 	 35 	 40 	 45 	 50
30 	 13 	 0 	 1 	 2 	 15 	 16 	 6 	 4 	 14 	 24 	 34 	 44 	 54
31 	 14 	 0 	 9 	 2 	 5 	 6 	 5 	 9 	 19 	 29 	 39 	 49
32 	 15 	 0 	 2 	 2 	 4 	 5 	 5 	 7 	 17 	 27 	 37 	 47
33 	 15 	 0 	 6 	 4 	 6 	 7 	 8 	 9 	 5 	 6 	 16 	 26 	 36 	 46
34 	 15 	 0 	 6 	 4 	 1 	 2 	 3 	 4 	 5 	 8 	 18 	 28 	 38 	 48
35 	 16 	 0 	 5 	 2 	 0 	 1 	 5 	 7 	 17 	 27 	 37 	 47
36 	 17 	 0 	 1 	 2 	 15 	 16 	 5 	 63 	 73 	 83 	 93 	 103
37 	 18 	 0 	 4 	 2 	 0 	 1 	 11 	 58 	 63 	 68 	 73 	 78 	 83 	 88 	 93 	 98 	 103 	 108
38 	 19 	 0 	 1 	 2 	 8 	 9 	 11 	 1 	 6 	 11 	 16 	 21 	 26 	 31 	 36 	 41 	 46 	 51
39 	 20 	 0 	 8 	 2 	 1 	 2 	 5 	 60 	 70 	 80 	 90 	 100
40 	 21 	 0 	 8 	 2 	 6 	 7 	 5 	 6 	 16 	 26 	 36 	 46
41 	 22 	 0 	 1 	 2 	 12 	 13 	 5 	 61 	 71 	 81 	 91 	 101
42 	 23 	 0 	 6 	 2 	 4 	 5 	 5 	 60 	 70 	 80 	 90 	 100
43 	 24 	 0 	 6 	 2 	 2 	 3 	 11 	 3 	 8 	 13 	 18 	 23 	 28 	 33 	 38 	 43 	 48 	 53
44 	 24 	 0 	 6 	 4 	 4 	 5 	 6 	 7 	 11 	 2 	 7 	 12 	 17 	 22 	 27 	 32 	 37 	 42 	 47 	 52
45 	 24 	 0 	 2 	 4 	 14 	 15 	 16 	 17 	 11 	 4 	 9 	 14 	 19 	 24 	 29 	 34 	 39 	 44 	 49 	 54
46 	 25 	 0 	 6 	 2 	 5 	 6 	 6 	 57 	 67 	 77 	 87 	 97 	 107
47 	 26 	 0 	 7 	 4 	 7 	 8 	 9 	 10 	 5 	 8 	 18 	 28 	 38 	 48
48 	 27 	 0 	 8 	 2 	 0 	 1 	 6 	 56 	 66 	 76 	 86 	 96 	 106
49 	 27 	 0 	 3 	 2 	 2 	 3 	 6 	 56 	 66 	 76 	 86 	 96 	 106
50 	 27 	 0 	 4 	 2 	 4 	 5 	 6 	 56 	 66 	 76 	 86 	 96 	 106
51 	 27 	 0 	 6 	 2 	 6 	 7 	 6 	 56 	 66 	 76 	 86 	 96 	 106
52 	 27 	 0 	 6 	 2 	 8 	 9 	 6 	 56 	 66 	 76 	 86 	 96 	 106
53 	 27 	 0 	 1 	 2 	 10 	 11 	 6 	 56 	 66 	 76 	 86 	 96 	 106
54 	 27 	 0 	 5 	 2 	 12 	 13 	 6 	 56 	 66 	 76 	 86 	 96 	 106
55 	 27 	 0 	 2 	 2 	 14 	 15 	 6 	 56 	 66 	 76 	 86 	 96 	 106
56 	 28 	 0 	 7 	 4 	 3 	 4 	 5 	 6 	 5 	 61 	 71 	 81 	 91 	 101
57 	 29 	 0 	 9 	 2 	 8 	 9 	 6 	 58 	 68 	 78 	 88 	 98 	 108
58 	 30 	 0 	 6 	 4 	 3 	 4 	 5 	 6 	 5 	 6 	 16 	 26 	 36 	 46
59 	 30 	 0 	 9 	 2 	 7 	 8 	 5 	 5 	 15 	 25 	 35 	 45
60 	 30 	 0 	 8 	 4 	 14 	 15 	 16 	 17 	 5 	 7 	 17 	 27 	 37 	 47
61 	 31 	 0 	 9 	 2 	 12 	 13 	 6 	 55 	 65 	 75 	 85 	 95 	 105
62 	 32 	 0 	 7 	 2 	 12 	 13 	 5 	 6 	 16 	 26 	 36 	 46
63 	 33 	 0 	 10 	 2 	 13 	 14 	 5 	 8 	 18 	 28 	 38 	 48
64 	 34 	 0 	 6 	 2 	 6 	 7 	 11 	 59 	 64 	 69 	 74 	 79 	 84 	 89 	 94 	 99 	 104 	 109
65 	 35 	 0 	 9 	 2 	 7 	 8 	 11 	 0 	 5 	 10 	 15 	 20 	 25 	 30 	 35 	 40 	 45 	 50
66 	 36 	 0 	 7 	 2 	 11 	 12 	 5 	 6 	 16 	 26 	 36 	 46
67 	 37 	 0 	 8 	 2 	 16 	 17 	 11 	 58 	 63 	 68 	 73 	 78 	 83 	 88 	 93 	 98 	 103 	 108
68 	 38 	 0 	 5 	 2 	 4 	 5 	 6 	 55 	 65 	 75 	 85 	 95 	 105
69 	 38 	 0 	 2 	 2 	 14 	 15 	 6 	 57 	 67 	 77 	 87 	 97 	 107
70 	 39 	 0 	 6 	 2 	 2 	 3 	 5 	 6 	 16 	 26 	 36 	 46
71 	 39 	 0 	 4 	 2 	 4 	 5 	 5 	 6 	 16 	 26 	 36 	 46
72 	 39 	 0 	 5 	 2 	 6 	 7 	 5 	 6 	 16 	 26 	 36 	 46
73 	 39 	 0 	 8 	 2 	 8 	 9 	 5 	 6 	 16 	 26 	 36 	 46
74 	 39 	 0 	 6 	 2 	 10 	 11 	 5 	 6 	 16 	 26 	 36 	 46
75 	 39 	 0 	 6 	 2 	 12 	 13 	 5 	 6 	 16 	 26 	 36 	 46
76 	 40 	 0 	 5 	 2 	 15 	 16 	 5 	 9 	 19 	 29 	 39 	 49
77 	 41 	 0 	 5 	 4 	 8 	 9 	 10 	 11 	 5 	 5 	 15 	 25 	 35 	 45
78 	 42 	 0 	 8 	 4 	 1 	 2 	 3 	 4 	 11 	 58 	 63 	 68 	 73 	 78 	 83 	 88 	 93 	 98 	 103 	 108
79 	 43 	 0 	 4 	 4 	 11 	 12 	 13 	 14 	 5 	 63 	 73 	 83 	 93 	 103
80 	 43 	 0 	 3 	 2 	 16 	 17 	 5 	 64 	 74 	 84 	 94 	 104
81 	 43 	 0 	 4 	 2 	 7 	 8 	 5 	 62 	 72 	 82 	 92 	 102
82 	 44 	 0 	 1 	 2 	 3 	 4 	 11 	 2 	 7 	 12 	 17 	 22 	 27 	 32 	 37 	 42 	 47 	 52
83 	 44 	 0 	 3 	 2 	 5 	 6 	 11 	 2 	 7 	 12 	 17 	 22 	 27 	 32 	 37 	 42 	 47 	 52
84 	 44 	 0 	 7 	 2 	 7 	 8 	 11 	 2 	 7 	 12 	 17 	 22 	 27 	 32 	 37 	 42 	 47 	 52
85 	 44 	 0 	 2 	 2 	 9 	 10 	 11 	 2 	 7 	 12 	 17 	 22 	 27 	 32 	 37 	 42 	 47 	 52
86 	 44 	 0 	 8 	 2 	 11 	 12 	 11 	 2 	 7 	 12 	 17 	 22 	 27 	 32 	 37 	 42 	 47 	 52
87 	 45 	 0 	 1 	 2 	 4 	 5 	 11 	 56 	 61 	 66 	 71 	 76 	 81 	 86 	 91 	 96 	 101 	 106
88 	 46 	 0 	 6 	 4 	 10 	 11 	 12 	 13 	 11 	 59 	 64 	 69 	 74 	 79 	 84 	 89 	 94 	 99 	 104 	 109
89 	 46 	 0 	 10 	 4 	 1 	 2 	 3 	 4 	 11 	 55 	 60 	 65 	 70 	 75 	 80 	 85 	 90 	 95 	 100 	 105
90 	 47 	 0 	 5 	 2 	 1 	 2 	 5 	 5 	 15 	 25 	 35 	 45
91 	 47 	 0 	 3 	 2 	 3 	 4 	 5 	 5 	 15 	 25 	 35 	 45
92 	 47 	 0 	 6 	 2 	 5 	 6 	 5 	 5 	 15 	 25 	 35 	 45
93 	 47 	 0 	 10 	 2 	 7 	 8 	 5 	 5 	 15 	 25 	 35 	 45
94 	 47 	 0 	 8 	 2 	 9 	 10 	 5 	 5 	 15 	 25 	 35 	 45
95 	 47 	 0 	 7 	 2 	 11 	 12 	 5 	 5 	 15 	 25 	 35 	 45
96 	 47 	 0 	 9 	 2 	 13 	 14 	 5 	 5 	 15 	 25 	 35 	 45
97 	 47 	 0 	 6 	 2 	 15 	 16 	 5 	 5 	 15 	 25 	 35 	 45
98 	 48 	 0 	 10 	 2 	 2 	 3 	 6 	 55 	 65 	 75 	 85 	 95 	 105
99 	 49 	 0 	 6 	 2 	 15 	 16 	 5 	 63 	 73 	 83 	 93 	 103
100 	 50 	 0 	 9 	 2 	 1 	 2 	 11 	 59 	 64 	 69 	 74 	 79 	 84 	 89 	 94 	 99 	 104 	 109
101 	 50 	 0 	 6 	 4 	 3 	 4 	 5 	 6 	 11 	 56 	 61 	 66 	 71 	 76 	 81 	 86 	 91 	 96 	 101 	 106
102 	 50 	 0 	 4 	 2 	 14 	 15 	 11 	 58 	 63 	 68 	 73 	 78 	 83 	 88 	 93 	 98 	 103 	 108
103 	 51 	 0 	 9 	 4 	 8 	 9 	 10 	 11 	 11 	 0 	 5 	 10 	 15 	 20 	 25 	 30 	 35 	 40 	 45 	 50
104 	 51 	 0 	 1 	 4 	 12 	 13 	 14 	 15 	 11 	 1 	 6 	 11 	 16 	 21 	 26 	 31 	 36 	 41 	 46 	 51
105 	 51 	 0 	 4 	 4 	 13 	 14 	 15 	 16 	 11 	 2 	 7 	 12 	 17 	 22 	 27 	 32 	 37 	 42 	 47 	 52
106 	 52 	 0 	 2 	 4 	 5 	 6 	 7 	 8 	 6 	 56 	 66 	 76 	 86 	 96 	 106
107 	 52 	 0 	 6 	 2 	 1 	 2 	 6 	 57 	 67 	 77 	 87 	 97 	 107
108 	 53 	 0 	 1 	 2 	 12 	 13 	 5 	 61 	 71 	 81 	 91 	 101
109 	 54 	 0 	 3 	 2 	 12 	 13 	 11 	 1 	 6 	 11 	 16 	 21 	 26 	 31 	 36 	 41 	 46 	 51
110 	 55 	 0 	 10 	 2 	 1 	 2 	 5 	 61 	 71 	 81 	 91 	 101
111 	 55 	 0 	 4 	 2 	 3 	 4 	 5 	 61 	 71 	 81 	 91 	 101
112 	 55 	 0 	 3 	 2 	 5 	 6 	 5 	 61 	 71 	 81 	 91 	 101
113 	 55 	 0 	 9 	 2 	 7 	 8 	 5 	 61 	 71 	 81 	 91 	 101
114 	 55 	 0 	 1 	 2 	 9 	 10 	 5 	 61 	 71 	 81 	 91 	 101
115 	 55 	 0 	 4 	 2 	 11 	 12 	 5 	 61 	 71 	 81 	 91 	 101
116 	 55 	 0 	 4 	 2 	 13 	 14 	 5 	 61 	 71 	 81 	 91 	 101
117 	 55 	 0 	 4 	 2 	 15 	 16 	 5 	 61 	 71 	 81 	 91 	 101
118 	 56 	 0 	 4 	 2 	 1 	 2 	 6 	 55 	 65 	 75 	 85 	 95 	 105
119 	 56 	 0 	 2 	 2 	 3 	 4 	 6 	 55 	 65 	 75 	 85 	 95 	 105
120 	 56 	 0 	 10 	 2 	 5 	 6 	 6 	 55 	 65 	 75 	 85 	 95 	 105
121 	 56 	 0 	 2 	 2 	 7 	 8 	 6 	 55 	 65 	 75 	 85 	 95 	 105
122 	 56 	 0 	 6 	 2 	 9 	 10 	 6 	 55 	 65 	 75 	 85 	 95 	 105
123 	 56 	 0 	 1 	 2 	 11 	 12 	 6 	 55 	 65 	 75 	 85 	 95 	 105
124 	 56 	 0 	 10 	 2 	 13 	 14 	 6 	 55 	 65 	 75 	 85 	 95 	 105
125 	 56 	 0 	 6 	 2 	 15 	 16 	 6 	 55 	 65 	 75 	 85 	 95 	 105
126 	 57 	 0 	 8 	 2 	 6 	 7 	 5 	 62 	 72 	 82 	 92 	 102
127 	 57 	 0 	 5 	 2 	 16 	 17 	 5 	 60 	 70 	 80 	 90 	 100
128 	 58 	 0 	 5 	 2 	 1 	 2 	 11 	 56 	 61 	 66 	 71 	 76 	 81 	 86 	 91 	 96 	 101 	 106
129 	 59 	 0 	 6 	 4 	 1 	 2 	 3 	 4 	 11 	 1 	 6 	 11 	 16 	 21 	 26 	 31 	 36 	 41 	 46 	 51
130 	 60 	 0 	 3 	 4 	 8 	 9 	 10 	 11 	 11 	 59 	 64 	 69 	 74 	 79 	 84 	 89 	 94 	 99 	 104 	 109
131 	 61 	 0 	 9 	 4 	 5 	 6 	 7 	 8 	 5 	 9 	 19 	 29 	 39 	 49
132 	 62 	 0 	 2 	 2 	 9 	 10 	 5 	 63 	 73 	 83 	 93 	 103
133 	 63 	 0 	 6 	 2 	 3 	 4 	 6 	 56 	 66 	 76 	 86 	 96 	 106
134 	 64 	 0 	 6 	 2 	 14 	 15 	 6 	 2 	 12 	 22 	 32 	 42 	 52
135 	 65 	 0 	 7 	 2 	 9 	 10 	 11 	 56 	 61 	 66 	 71 	 76 	 81 	 86 	 91 	 96 	 101 	 106
136 	 65 	 0 	 9 	 2 	 15 	 16 	 11 	 59 	 64 	 69 	 74 	 79 	 84 	 89 	 94 	 99 	 104 	 109
137 	 65 	 0 	 7 	 2 	 8 	 9 	 11 	 55 	 60 	 65 	 70 	 75 	 80 	 85 	 90 	 95 	 100 	 105
138 	 66 	 0 	 7 	 2 	 1 	 2 	 11 	 55 	 60 	 65 	 70 	 75 	 80 	 85 	 90 	 95 	 100 	 105
139 	 67 	 0 	 4 	 2 	 3 	 4 	 11 	 57 	 62 	 67 	 72 	 77 	 82 	 87 	 92 	 97 	 102 	 107
140 	 67 	 0 	 4 	 2 	 5 	 6 	 11 	 57 	 62 	 67 	 72 	 77 	 82 	 87 	 92 	 97 	 102 	 107
141 	 67 	 0 	 5 	 2 	 7 	 8 	 11 	 57 	 62 	 67 	 72 	 77 	 82 	 87 	 92 	 97 	 102 	 107
142 	 67 	 0 	 3 	 2 	 9 	 10 	 11 	 57 	 62 	 67 	 72 	 77 	 82 	 87 	 92 	 97 	 102 	 107
143 	 67 	 0 	 8 	 2 	 11 	 12 	 11 	 57 	 62 	 67 	 72 	 77 	 82 	 87 	 92 	 97 	 102 	 107
144 	 68 	 0 	 8 	 4 	 9 	 10 	 11 	 12 	 11 	 4 	 9 	 14 	 19 	 24 	 29 	 34 	 39 	 44 	 49 	 54
145 	 69 	 0 	 3 	 4 	 13 	 14 	 15 	 16 	 11 	 57 	 62 	 67 	 72 	 77 	 82 	 87 	 92 	 97 	 102 	 107
146 	 70 	 0 	 8 	 2 	 8 	 9 	 5 	 7 	 17 	 27 	 37 	 47
147 	 71 	 0 	 5 	 2 	 11 	 12 	 6 	 57 	 67 	 77 	 87 	 97 	 107
148 	 72 	 0 	 3 	 2 	 1 	 2 	 5 	 62 	 72 	 82 	 92 	 102
149 	 73 	 0 	 9 	 4 	 14 	 15 	 16 	 17 	 11 	 3 	 8 	 13 	 18 	 23 	 28 	 33 	 38 	 43 	 48 	 53
150 	 74 	 0 	 1 	 2 	 10 	 11 	 6 	 59 	 69 	 79 	 89 	 99 	 109
151 	 75 	 0 	 1 	 2 	 2 	 3 	 5 	 63 	 73 	 83 	 93 	 103
152 	 75 	 0 	 10 	 2 	 11 	 12 	 5 	 60 	 70 	 80 	 90 	 100
153 	 75 	 0 	 6 	 2 	 4 	 5 	 5 	 64 	 74 	 84 	 94 	 104
154 	 76 	 0 	 1 	 6 	 12 	 13 	 14 	 15 	 16 	 17 	 6 	 58 	 68 	 78 	 88 	 98 	 108
155 	 77 	 0 	 7 	 2 	 3 	 4 	 5 	 6 	 16 	 26 	 36 	 46
156 	 78 	 0 	 4 	 4 	 3 	 4 	 5 	 6 	 5 	 5 	 15 	 25 	 35 	 45
157 	 79 	 0 	 2 	 4 	 13 	 14 	 15 	 16 	 5 	 64 	 74 	 84 	 94 	 104
158 	 80 	 0 	 5 	 2 	 15 	 16 	 6 	 57 	 67 	 77 	 87 	 97 	 107
159 	 81 	 0 	 6 	 2 	 9 	 10 	 11 	 4 	 9 	 14 	 19 	 24 	 29 	 34 	 39 	 44 	 49 	 54
160 	 82 	 0 	 3 	 2 	 1 	 2 	 11 	 59 	 64 	 69 	 74 	 79 	 84 	 89 	 94 	 99 	 104 	 109
161 	 83 	 0 	 7 	 4 	 0 	 1 	 2 	 3 	 11 	 4 	 9 	 14 	 19 	 24 	 29 	 34 	 39 	 44 	 49 	 54
162 	 84 	 0 	 2 	 2 	 0 	 1 	 6 	 4 	 14 	 24 	 34 	 44 	 54
163 	 84 	 0 	 8 	 2 	 2 	 3 	 6 	 4 	 14 	 24 	 34 	 44 	 54
164 	 84 	 0 	 4 	 2 	 4 	 5 	 6 	 4 	 14 	 24 	 34 	 44 	 54
165 	 84 	 0 	 7 	 2 	 6 	 7 	 6 	 4 	 14 	 24 	 34 	 44 	 54
166 	 84 	 0 	 7 	 2 	 8 	 9 	 6 	 4 	 14 	 24 	 34 	 44 	 54
167 	 84 	 0 	 4 	 2 	 10 	 11 	 6 	 4 	 14 	 24 	 34 	 44 	 54
168 	 84 	 0 	 8 	 2 	 12 	 13 	 6 	 4 	 14 	 24 	 34 	 44 	 54
169 	 84 	 0 	 6 	 2 	 14 	 15 	 6 	 4 	 14 	 24 	 34 	 44 	 54
170 	 84 	 0 	 10 	 2 	 16 	 17 	 6 	 4 	 14 	 24 	 34 	 44 	 54
171 	 85 	 0 	 8 	 2 	 13 	 14 	 6 	 59 	 69 	 79 	 89 	 99 	 109
172 	 86 	 0 	 9 	 4 	 4 	 5 	 6 	 7 	 11 	 4 	 9 	 14 	 19 	 24 	 29 	 34 	 39 	 44 	 49 	 54
173 	 86 	 0 	 3 	 2 	 6 	 7 	 11 	 0 	 5 	 10 	 15 	 20 	 25 	 30 	 35 	 40 	 45 	 50
174 	 86 	 0 	 8 	 2 	 3 	 4 	 11 	 3 	 8 	 13 	 18 	 23 	 28 	 33 	 38 	 43 	 48 	 53
175 	 87 	 0 	 9 	 2 	 7 	 8 	 6 	 1 	 11 	 21 	 31 	 41 	 51
176 	 88 	 0 	 2 	 4 	 11 	 12 	 13 	 14 	 11 	 0 	 5 	 10 	 15 	 20 	 25 	 30 	 35 	 40 	 45 	 50
177 	 88 	 0 	 1 	 4 	 13 	 14 	 15 	 16 	 11 	 4 	 9 	 14 	 19 	 24 	 29 	 34 	 39 	 44 	 49 	 54
178 	 89 	 0 	 10 	 4 	 13 	 14 	 15 	 16 	 11 	 57 	 62 	 67 	 72 	 77 	 82 	 87 	 92 	 97 	 102 	 107
179 	 90 	 0 	 2 	 2 	 5 	 6 	 11 	 3 	 8 	 13 	 18 	 23 	 28 	 33 	 38 	 43 	 48 	 53
180 	 90 	 0 	 4 	 2 	 7 	 8 	 11 	 3 	 8 	 13 	 18 	 23 	 28 	 33 	 38 	 43 	 48 	 53
181 	 90 	 0 	 6 	 2 	 9 	 10 	 11 	 3 	 8 	 13 	 18 	 23 	 28 	 33 	 38 	 43 	 48 	 53
182 	 90 	 0 	 3 	 2 	 11 	 12 	 11 	 3 	 8 	 13 	 18 	 23 	 28 	 33 	 38 	 43 	 48 	 53
183 	 91 	 0 	 7 	 4 	 12 	 13 	 14 	 15 	 11 	 57 	 62 	 67 	 72 	 77 	 82 	 87 	 92 	 97 	 102 	 107
184 	 92 	 0 	 2 	 2 	 1 	 2 	 6 	 1 	 11 	 21 	 31 	 41 	 51
185 	 92 	 0 	 5 	 4 	 0 	 1 	 2 	 3 	 6 	 2 	 12 	 22 	 32 	 42 	 52
186 	 93 	 0 	 2 	 2 	 1 	 2 	 6 	 4 	 14 	 24 	 34 	 44 	 54
187 	 94 	 0 	 2 	 2 	 0 	 1 	 11 	 55 	 60 	 65 	 70 	 75 	 80 	 85 	 90 	 95 	 100 	 105
188 	 94 	 0 	 9 	 2 	 2 	 3 	 11 	 55 	 60 	 65 	 70 	 75 	 80 	 85 	 90 	 95 	 100 	 105
189 	 94 	 0 	 6 	 2 	 4 	 5 	 11 	 55 	 60 	 65 	 70 	 75 	 80 	 85 	 90 	 95 	 100 	 105
190 	 94 	 0 	 1 	 2 	 6 	 7 	 11 	 55 	 60 	 65 	 70 	 75 	 80 	 85 	 90 	 95 	 100 	 105
191 	 94 	 0 	 10 	 2 	 8 	 9 	 11 	 55 	 60 	 65 	 70 	 75 	 80 	 85 	 90 	 95 	 100 	 105
192 	 94 	 0 	 8 	 2 	 10 	 11 	 11 	 55 	 60 	 65 	 70 	 75 	 80 	 85 	 90 	 95 	 100 	 105
193 	 94 	 0 	 8 	 2 	 12 	 13 	 11 	 55 	 60 	 65 	 70 	 75 	 80 	 85 	 90 	 95 	 100 	 105
194 	 95 	 0 	 9 	 2 	 0 	 1 	 6 	 58 	 68 	 78 	 88 	 98 	 108
195 	 95 	 0 	 3 	 2 	 2 	 3 	 6 	 58 	 68 	 78 	 88 	 98 	 108
196 	 95 	 0 	 4 	 2 	 4 	 5 	 6 	 58 	 68 	 78 	 88 	 98 	 108
197 	 95 	 0 	 8 	 2 	 6 	 7 	 6 	 58 	 68 	 78 	 88 	 98 	 108
198 	 95 	 0 	 4 	 2 	 8 	 9 	 6 	 58 	 68 	 78 	 88 	 98 	 108
199 	 95 	 0 	 4 	 2 	 10 	 11 	 6 	 58 	 68 	 78 	 88 	 98 	 108
200 	 95 	 0 	 8 	 2 	 12 	 13 	 6 	 58 	 68 	 78 	 88 	 98 	 108
201 	 95 	 0 	 4 	 2 	 14 	 15 	 6 	 58 	 68 	 78 	 88 	 98 	 108
202 	 95 	 0 	 9 	 2 	 16 	 17 	 6 	 58 	 68 	 78 	 88 	 98 	 108
203 	 96 	 0 	 10 	 2 	 1 	 2 	 5 	 7 	 17 	 27 	 37 	 47
204 	 96 	 0 	 3 	 2 	 7 	 8 	 5 	 9 	 19 	 29 	 39 	 49
205 	 96 	 0 	 2 	 2 	 0 	 1 	 5 	 5 	 15 	 25 	 35 	 45
206 	 97 	 0 	 5 	 2 	 0 	 1 	 5 	 6 	 16 	 26 	 36 	 46
207 	 97 	 0 	 8 	 2 	 2 	 3 	 5 	 6 	 16 	 26 	 36 	 46
208 	 97 	 0 	 7 	 2 	 4 	 5 	 5 	 6 	 16 	 26 	 36 	 46
209 	 97 	 0 	 2 	 2 	 6 	 7 	 5 	 6 	 16 	 26 	 36 	 46
210 	 97 	 0 	 1 	 2 	 8 	 9 	 5 	 6 	 16 	 26 	 36 	 46
211 	 97 	 0 	 7 	 2 	 10 	 11 	 5 	 6 	 16 	 26 	 36 	 46
212 	 97 	 0 	 10 	 2 	 12 	 13 	 5 	 6 	 16 	 26 	 36 	 46
213 	 97 	 0 	 8 	 2 	 14 	 15 	 5 	 6 	 16 	 26 	 36 	 46
214 	 97 	 0 	 3 	 2 	 16 	 17 	 5 	 6 	 16 	 26 	 36 	 46
215 	 98 	 0 	 7 	 2 	 2 	 3 	 5 	 61 	 71 	 81 	 91 	 101
216 	 98 	 0 	 5 	 4 	 4 	 5 	 6 	 7 	 5 	 64 	 74 	 84 	 94 	 104
217 	 98 	 0 	 10 	 4 	 14 	 15 	 16 	 17 	 5 	 60 	 70 	 80 	 90 	 100
218 	 99 	 0 	 4 	 2 	 4 	 5 	 5 	 8 	 18 	 28 	 38 	 48
219 	 100 	 0 	 10 	 4 	 11 	 12 	 13 	 14 	 6 	 1 	 11 	 21 	 31 	 41 	 51
220 	 100 	 0 	 8 	 2 	 8 	 9 	 6 	 2 	 12 	 22 	 32 	 42 	 52
221 	 100 	 0 	 1 	 4 	 0 	 1 	 2 	 3 	 6 	 4 	 14 	 24 	 34 	 44 	 54
222 	 101 	 0 	 4 	 2 	 0 	 1 	 6 	 59 	 69 	 79 	 89 	 99 	 109
223 	 101 	 0 	 2 	 2 	 2 	 3 	 6 	 59 	 69 	 79 	 89 	 99 	 109
224 	 101 	 0 	 7 	 2 	 4 	 5 	 6 	 59 	 69 	 79 	 89 	 99 	 109
225 	 101 	 0 	 4 	 2 	 6 	 7 	 6 	 59 	 69 	 79 	 89 	 99 	 109
226 	 101 	 0 	 9 	 2 	 8 	 9 	 6 	 59 	 69 	 79 	 89 	 99 	 109
227 	 101 	 0 	 3 	 2 	 10 	 11 	 6 	 59 	 69 	 79 	 89 	 99 	 109
228 	 101 	 0 	 7 	 2 	 12 	 13 	 6 	 59 	 69 	 79 	 89 	 99 	 109
229 	 101 	 0 	 2 	 2 	 14 	 15 	 6 	 59 	 69 	 79 	 89 	 99 	 109
230 	 102 	 0 	 3 	 2 	 14 	 15 	 11 	 4 	 9 	 14 	 19 	 24 	 29 	 34 	 39 	 44 	 49 	 54
231 	 102 	 0 	 9 	 4 	 14 	 15 	 16 	 17 	 11 	 3 	 8 	 13 	 18 	 23 	 28 	 33 	 38 	 43 	 48 	 53
232 	 103 	 0 	 6 	 2 	 7 	 8 	 6 	 57 	 67 	 77 	 87 	 97 	 107
233 	 103 	 0 	 3 	 2 	 13 	 14 	 6 	 56 	 66 	 76 	 86 	 96 	 106
234 	 103 	 0 	 4 	 2 	 16 	 17 	 6 	 58 	 68 	 78 	 88 	 98 	 108
235 	 104 	 0 	 3 	 2 	 0 	 1 	 11 	 4 	 9 	 14 	 19 	 24 	 29 	 34 	 39 	 44 	 49 	 54
236 	 104 	 0 	 3 	 2 	 2 	 3 	 11 	 4 	 9 	 14 	 19 	 24 	 29 	 34 	 39 	 44 	 49 	 54
237 	 104 	 0 	 9 	 2 	 4 	 5 	 11 	 4 	 9 	 14 	 19 	 24 	 29 	 34 	 39 	 44 	 49 	 54
238 	 104 	 0 	 2 	 2 	 6 	 7 	 11 	 4 	 9 	 14 	 19 	 24 	 29 	 34 	 39 	 44 	 49 	 54
239 	 104 	 0 	 5 	 2 	 8 	 9 	 11 	 4 	 9 	 14 	 19 	 24 	 29 	 34 	 39 	 44 	 49 	 54
240 	 104 	 0 	 2 	 2 	 10 	 11 	 11 	 4 	 9 	 14 	 19 	 24 	 29 	 34 	 39 	 44 	 49 	 54
241 	 104 	 0 	 1 	 2 	 12 	 13 	 11 	 4 	 9 	 14 	 19 	 24 	 29 	 34 	 39 	 44 	 49 	 54
242 	 104 	 0 	 1 	 2 	 14 	 15 	 11 	 4 	 9 	 14 	 19 	 24 	 29 	 34 	 39 	 44 	 49 	 54
243 	 105 	 0 	 3 	 2 	 9 	 10 	 6 	 4 	 14 	 24 	 34 	 44 	 54
244 	 106 	 0 	 4 	 2 	 10 	 11 	 6 	 55 	 65 	 75 	 85 	 95 	 105
245 	 107 	 0 	 6 	 2 	 13 	 14 	 5 	 5 	 15 	 25 	 35 	 45
246 	 108 	 0 	 10 	 2 	 1 	 2 	 5 	 5 	 15 	 25 	 35 	 45
247 	 108 	 0 	 5 	 2 	 16 	 17 	 5 	 8 	 18 	 28 	 38 	 48
248 	 109 	 0 	 4 	 4 	 13 	 14 	 15 	 16 	 6 	 59 	 69 	 79 	 89 	 99 	 109
249 	 110 	 0 	 1 	 2 	 3 	 4 	 5 	 5 	 15 	 25 	 35 	 45
250 	 110 	 0 	 10 	 2 	 5 	 6 	 5 	 5 	 15 	 25 	 35 	 45
251 	 110 	 0 	 9 	 2 	 7 	 8 	 5 	 5 	 15 	 25 	 35 	 45
252 	 110 	 0 	 4 	 2 	 9 	 10 	 5 	 5 	 15 	 25 	 35 	 45
253 	 110 	 0 	 5 	 2 	 11 	 12 	 5 	 5 	 15 	 25 	 35 	 45
254 	 110 	 0 	 8 	 2 	 13 	 14 	 5 	 5 	 15 	 25 	 35 	 45
255 	 110 	 0 	 8 	 2 	 15 	 16 	 5 	 5 	 15 	 25 	 35 	 45
256 	 111 	 0 	 4 	 2 	 12 	 13 	 11 	 2 	 7 	 12 	 17 	 22 	 27 	 32 	 37 	 42 	 47 	 52
257 	 112 	 0 	 7 	 2 	 10 	 11 	 11 	 56 	 61 	 66 	 71 	 76 	 81 	 86 	 91 	 96 	 101 	 106
258 	 113 	 0 	 5 	 2 	 7 	 8 	 11 	 55 	 60 	 65 	 70 	 75 	 80 	 85 	 90 	 95 	 100 	 105
259 	 113 	 0 	 5 	 2 	 8 	 9 	 11 	 56 	 61 	 66 	 71 	 76 	 81 	 86 	 91 	 96 	 101 	 106
260 	 114 	 0 	 10 	 2 	 0 	 1 	 11 	 3 	 8 	 13 	 18 	 23 	 28 	 33 	 38 	 43 	 48 	 53
261 	 114 	 0 	 9 	 2 	 2 	 3 	 11 	 3 	 8 	 13 	 18 	 23 	 28 	 33 	 38 	 43 	 48 	 53
262 	 114 	 0 	 4 	 2 	 4 	 5 	 11 	 3 	 8 	 13 	 18 	 23 	 28 	 33 	 38 	 43 	 48 	 53
263 	 114 	 0 	 10 	 2 	 6 	 7 	 11 	 3 	 8 	 13 	 18 	 23 	 28 	 33 	 38 	 43 	 48 	 53
264 	 114 	 0 	 1 	 2 	 8 	 9 	 11 	 3 	 8 	 13 	 18 	 23 	 28 	 33 	 38 	 43 	 48 	 53
265 	 114 	 0 	 8 	 2 	 10 	 11 	 11 	 3 	 8 	 13 	 18 	 23 	 28 	 33 	 38 	 43 	 48 	 53
266 	 114 	 0 	 10 	 2 	 12 	 13 	 11 	 3 	 8 	 13 	 18 	 23 	 28 	 33 	 38 	 43 	 48 	 53
267 	 114 	 0 	 6 	 2 	 14 	 15 	 11 	 3 	 8 	 13 	 18 	 23 	 28 	 33 	 38 	 43 	 48 	 53
268 	 114 	 0 	 4 	 2 	 16 	 17 	 11 	 3 	 8 	 13 	 18 	 23 	 28 	 33 	 38 	 43 	 48 	 53
269 	 115 	 0 	 3 	 2 	 3 	 4 	 11 	 0 	 5 	 10 	 15 	 20 	 25 	 30 	 35 	 40 	 45 	 50
270 	 116 	 0 	 5 	 4 	 11 	 12 	 13 	 14 	 5 	 63 	 73 	 83 	 93 	 103
271 	 117 	 0 	 10 	 4 	 4 	 5 	 6 	 7 	 11 	 57 	 62 	 67 	 72 	 77 	 82 	 87 	 92 	 97 	 102 	 107
272 	 118 	 0 	 4 	 4 	 0 	 1 	 2 	 3 	 6 	 59 	 69 	 79 	 89 	 99 	 109
273 	 119 	 0 	 10 	 2 	 9 	 10 	 5 	 61 	 71 	 81 	 91 	 101
274 	 120 	 0 	 5 	 2 	 0 	 1 	 6 	 55 	 65 	 75 	 85 	 95 	 105
275 	 121 	 0 	 1 	 2 	 16 	 17 	 6 	 58 	 68 	 78 	 88 	 98 	 108
276 	 121 	 0 	 10 	 4 	 5 	 6 	 7 	 8 	 6 	 57 	 67 	 77 	 87 	 97 	 107
277 	 121 	 0 	 3 	 6 	 6 	 7 	 8 	 9 	 10 	 11 	 6 	 56 	 66 	 76 	 86 	 96 	 106
278 	 122 	 0 	 3 	 2 	 6 	 7 	 5 	 60 	 70 	 80 	 90 	 100
279 	 123 	 0 	 10 	 2 	 14 	 15 	 5 	 9 	 19 	 29 	 39 	 49
280 	 124 	 0 	 10 	 2 	 9 	 10 	 6 	 4 	 14 	 24 	 34 	 44 	 54
281 	 125 	 0 	 3 	 4 	 10 	 11 	 12 	 13 	 11 	 58 	 63 	 68 	 73 	 78 	 83 	 88 	 93 	 98 	 103 	 108
282 	 126 	 0 	 9 	 2 	 1 	 2 	 5 	 63 	 73 	 83 	 93 	 103
283 	 127 	 0 	 2 	 4 	 11 	 12 	 13 	 14 	 11 	 1 	 6 	 11 	 16 	 21 	 26 	 31 	 36 	 41 	 46 	 51
284 	 127 	 0 	 2 	 2 	 9 	 10 	 11 	 3 	 8 	 13 	 18 	 23 	 28 	 33 	 38 	 43 	 48 	 53
285 	 128 	 0 	 2 	 2 	 9 	 10 	 5 	 62 	 72 	 82 	 92 	 102
286 	 129 	 0 	 10 	 2 	 3 	 4 	 11 	 0 	 5 	 10 	 15 	 20 	 25 	 30 	 35 	 40 	 45 	 50
287 	 129 	 0 	 6 	 2 	 5 	 6 	 11 	 0 	 5 	 10 	 15 	 20 	 25 	 30 	 35 	 40 	 45 	 50
288 	 129 	 0 	 1 	 2 	 7 	 8 	 11 	 0 	 5 	 10 	 15 	 20 	 25 	 30 	 35 	 40 	 45 	 50
289 	 129 	 0 	 3 	 2 	 9 	 10 	 11 	 0 	 5 	 10 	 15 	 20 	 25 	 30 	 35 	 40 	 45 	 50
290 	 129 	 0 	 8 	 2 	 11 	 12 	 11 	 0 	 5 	 10 	 15 	 20 	 25 	 30 	 35 	 40 	 45 	 50
291 	 129 	 0 	 7 	 2 	 13 	 14 	 11 	 0 	 5 	 10 	 15 	 20 	 25 	 30 	 35 	 40 	 45 	 50
292 	 130 	 0 	 3 	 2 	 5 	 6 	 11 	 3 	 8 	 13 	 18 	 23 	 28 	 33 	 38 	 43 	 48 	 53
293 	 131 	 0 	 4 	 4 	 14 	 15 	 16 	 17 	 11 	 58 	 63 	 68 	 73 	 78 	 83 	 88 	 93 	 98 	 103 	 108
294 	 132 	 0 	 10 	 2 	 3 	 4 	 6 	 59 	 69 	 79 	 89 	 99 	 109
295 	 133 	 0 	 9 	 2 	 14 	 15 	 5 	 9 	 19 	 29 	 39 	 49
296 	 134 	 0 	 3 	 2 	 10 	 11 	 5 	 62 	 72 	 82 	 92 	 102
297 	 135 	 0 	 8 	 2 	 1 	 2 	 11 	 4 	 9 	 14 	 19 	 24 	 29 	 34 	 39 	 44 	 49 	 54
298 	 136 	 0 	 10 	 2 	 5 	 6 	 6 	 57 	 67 	 77 	 87 	 97 	 107
299 	 136 	 0 	 5 	 2 	 13 	 14 	 6 	 56 	 66 	 76 	 86 	 96 	 106
300 	 136 	 0 	 10 	 2 	 2 	 3 	 6 	 59 	 69 	 79 	 89 	 99 	 109
301 	 137 	 0 	 9 	 2 	 13 	 14 	 5 	 63 	 73 	 83 	 93 	 103
302 	 138 	 0 	 3 	 2 	 15 	 16 	 11 	 59 	 64 	 69 	 74 	 79 	 84 	 89 	 94 	 99 	 104 	 109
303 	 138 	 0 	 6 	 4 	 9 	 10 	 11 	 12 	 11 	 57 	 62 	 67 	 72 	 77 	 82 	 87 	 92 	 97 	 102 	 107
304 	 139 	 0 	 8 	 2 	 11 	 12 	 5 	 9 	 19 	 29 	 39 	 49
305 	 139 	 0 	 7 	 4 	 13 	 14 	 15 	 16 	 5 	 7 	 17 	 27 	 37 	 47
306 	 140 	 0 	 6 	 2 	 4 	 5 	 11 	 0 	 5 	 10 	 15 	 20 	 25 	 30 	 35 	 40 	 45 	 50
307 	 141 	 0 	 6 	 2 	 0 	 1 	 6 	 58 	 68 	 78 	 88 	 98 	 108
308 	 142 	 0 	 8 	 2 	 6 	 7 	 11 	 55 	 60 	 65 	 70 	 75 	 80 	 85 	 90 	 95 	 100 	 105
309 	 143 	 0 	 2 	 2 	 3 	 4 	 5 	 8 	 18 	 28 	 38 	 48
310 	 144 	 0 	 10 	 2 	 1 	 2 	 6 	 2 	 12 	 22 	 32 	 42 	 52
311 	 145 	 0 	 6 	 2 	 0 	 1 	 11 	 58 	 63 	 68 	 73 	 78 	 83 	 88 	 93 	 98 	 103 	 108
312 	 145 	 0 	 8 	 2 	 2 	 3 	 11 	 58 	 63 	 68 	 73 	 78 	 83 	 88 	 93 	 98 	 103 	 108
313 	 145 	 0 	 3 	 2 	 4 	 5 	 11 	 58 	 63 	 68 	 73 	 78 	 83 	 88 	 93 	 98 	 103 	 108
314 	 145 	 0 	 8 	 2 	 6 	 7 	 11 	 58 	 63 	 68 	 73 	 78 	 83 	 88 	 93 	 98 	 103 	 108
315 	 145 	 0 	 5 	 2 	 8 	 9 	 11 	 58 	 63 	 68 	 73 	 78 	 83 	 88 	 93 	 98 	 103 	 108
316 	 145 	 0 	 7 	 2 	 10 	 11 	 11 	 58 	 63 	 68 	 73 	 78 	 83 	 88 	 93 	 98 	 103 	 108
317 	 145 	 0 	 8 	 2 	 12 	 13 	 11 	 58 	 63 	 68 	 73 	 78 	 83 	 88 	 93 	 98 	 103 	 108
318 	 146 	 0 	 1 	 2 	 16 	 17 	 11 	 2 	 7 	 12 	 17 	 22 	 27 	 32 	 37 	 42 	 47 	 52
319 	 147 	 0 	 4 	 2 	 11 	 12 	 6 	 0 	 10 	 20 	 30 	 40 	 50
320 	 147 	 0 	 10 	 6 	 4 	 5 	 6 	 7 	 8 	 9 	 6 	 4 	 14 	 24 	 34 	 44 	 54
321 	 147 	 0 	 2 	 2 	 12 	 13 	 6 	 2 	 12 	 22 	 32 	 42 	 52
322 	 148 	 0 	 8 	 2 	 6 	 7 	 11 	 3 	 8 	 13 	 18 	 23 	 28 	 33 	 38 	 43 	 48 	 53
323 	 149 	 0 	 9 	 2 	 3 	 4 	 6 	 57 	 67 	 77 	 87 	 97 	 107
324 	 150 	 0 	 3 	 2 	 6 	 7 	 11 	 58 	 63 	 68 	 73 	 78 	 83 	 88 	 93 	 98 	 103 	 108
325 	 151 	 0 	 6 	 2 	 0 	 1 	 11 	 58 	 63 	 68 	 73 	 78 	 83 	 88 	 93 	 98 	 103 	 108
326 	 151 	 0 	 7 	 2 	 7 	 8 	 11 	 56 	 61 	 66 	 71 	 76 	 81 	 86 	 91 	 96 	 101 	 106
327 	 151 	 0 	 3 	 2 	 9 	 10 	 11 	 57 	 62 	 67 	 72 	 77 	 82 	 87 	 92 	 97 	 102 	 107
328 	 152 	 0 	 3 	 2 	 6 	 7 	 5 	 64 	 74 	 84 	 94 	 104
329 	 153 	 0 	 10 	 2 	 8 	 9 	 11 	 2 	 7 	 12 	 17 	 22 	 27 	 32 	 37 	 42 	 47 	 52
330 	 154 	 0 	 4 	 2 	 12 	 13 	 6 	 4 	 14 	 24 	 34 	 44 	 54
331 	 155 	 0 	 3 	 4 	 6 	 7 	 8 	 9 	 5 	 61 	 71 	 81 	 91 	 101
332 	 156 	 0 	 8 	 2 	 4 	 5 	 5 	 63 	 73 	 83 	 93 	 103
333 	 156 	 0 	 2 	 2 	 11 	 12 	 5 	 61 	 71 	 81 	 91 	 101
334 	 157 	 0 	 2 	 2 	 10 	 11 	 5 	 7 	 17 	 27 	 37 	 47
335 	 158 	 0 	 7 	 2 	 11 	 12 	 11 	 0 	 5 	 10 	 15 	 20 	 25 	 30 	 35 	 40 	 45 	 50
336 	 158 	 0 	 2 	 2 	 8 	 9 	 11 	 3 	 8 	 13 	 18 	 23 	 28 	 33 	 38 	 43 	 48 	 53
337 	 158 	 0 	 10 	 2 	 4 	 5 	 11 	 2 	 7 	 12 	 17 	 22 	 27 	 32 	 37 	 42 	 47 	 52
338 	 159 	 0 	 6 	 2 	 0 	 1 	 11 	 59 	 64 	 69 	 74 	 79 	 84 	 89 	 94 	 99 	 104 	 109
339 	 160 	 0 	 9 	 2 	 2 	 3 	 11 	 1 	 6 	 11 	 16 	 21 	 26 	 31 	 36 	 41 	 46 	 51
340 	 160 	 0 	 5 	 2 	 6 	 7 	 11 	 0 	 5 	 10 	 15 	 20 	 25 	 30 	 35 	 40 	 45 	 50
341 	 161 	 0 	 3 	 2 	 3 	 4 	 5 	 5 	 15 	 25 	 35 	 45
342 	 162 	 0 	 3 	 2 	 14 	 15 	 5 	 9 	 19 	 29 	 39 	 49
343 	 163 	 0 	 7 	 2 	 14 	 15 	 5 	 6 	 16 	 26 	 36 	 46
344 	 164 	 0 	 5 	 2 	 11 	 12 	 6 	 59 	 69 	 79 	 89 	 99 	 109
345 	 165 	 0 	 6 	 2 	 2 	 3 	 5 	 7 	 17 	 27 	 37 	 47
346 	 166 	 0 	 6 	 2 	 1 	 2 	 5 	 62 	 72 	 82 	 92 	 102
347 	 166 	 0 	 6 	 4 	 0 	 1 	 2 	 3 	 5 	 60 	 70 	 80 	 90 	 100
348 	 167 	 0 	 1 	 2 	 2 	 3 	 5 	 7 	 17 	 27 	 37 	 47
349 	 167 	 0 	 5 	 2 	 4 	 5 	 5 	 7 	 17 	 27 	 37 	 47
350 	 167 	 0 	 9 	 2 	 6 	 7 	 5 	 7 	 17 	 27 	 37 	 47
351 	 167 	 0 	 4 	 2 	 8 	 9 	 5 	 7 	 17 	 27 	 37 	 47
352 	 168 	 0 	 5 	 2 	 2 	 3 	 5 	 7 	 17 	 27 	 37 	 47
353 	 169 	 0 	 5 	 2 	 6 	 7 	 11 	 4 	 9 	 14 	 19 	 24 	 29 	 34 	 39 	 44 	 49 	 54
354 	 170 	 0 	 6 	 2 	 10 	 11 	 11 	 0 	 5 	 10 	 15 	 20 	 25 	 30 	 35 	 40 	 45 	 50
355 	 171 	 0 	 6 	 4 	 6 	 7 	 8 	 9 	 6 	 0 	 10 	 20 	 30 	 40 	 50
356 	 172 	 0 	 2 	 2 	 10 	 11 	 6 	 58 	 68 	 78 	 88 	 98 	 108
357 	 173 	 0 	 8 	 2 	 13 	 14 	 5 	 61 	 71 	 81 	 91 	 101
358 	 174 	 0 	 4 	 4 	 12 	 13 	 14 	 15 	 6 	 59 	 69 	 79 	 89 	 99 	 109
359 	 175 	 0 	 2 	 2 	 1 	 2 	 6 	 56 	 66 	 76 	 86 	 96 	 106
360 	 175 	 0 	 4 	 2 	 3 	 4 	 6 	 56 	 66 	 76 	 86 	 96 	 106
361 	 175 	 0 	 9 	 2 	 5 	 6 	 6 	 56 	 66 	 76 	 86 	 96 	 106
362 	 175 	 0 	 10 	 2 	 7 	 8 	 6 	 56 	 66 	 76 	 86 	 96 	 106
363 	 175 	 0 	 2 	 2 	 9 	 10 	 6 	 56 	 66 	 76 	 86 	 96 	 106
364 	 175 	 0 	 3 	 2 	 11 	 12 	 6 	 56 	 66 	 76 	 86 	 96 	 106
365 	 175 	 0 	 4 	 2 	 13 	 14 	 6 	 56 	 66 	 76 	 86 	 96 	 106
366 	 175 	 0 	 5 	 2 	 15 	 16 	 6 	 56 	 66 	 76 	 86 	 96 	 106
367 	 176 	 0 	 5 	 2 	 10 	 11 	 5 	 9 	 19 	 29 	 39 	 49
368 	 176 	 0 	 8 	 2 	 16 	 17 	 5 	 7 	 17 	 27 	 37 	 47
369 	 177 	 0 	 2 	 4 	 3 	 4 	 5 	 6 	 5 	 6 	 16 	 26 	 36 	 46
370 	 178 	 0 	 1 	 2 	 0 	 1 	 6 	 58 	 68 	 78 	 88 	 98 	 108
371 	 178 	 0 	 9 	 2 	 2 	 3 	 6 	 58 	 68 	 78 	 88 	 98 	 108
372 	 178 	 0 	 3 	 2 	 4 	 5 	 6 	 58 	 68 	 78 	 88 	 98 	 108
373 	 178 	 0 	 9 	 2 	 6 	 7 	 6 	 58 	 68 	 78 	 88 	 98 	 108
374 	 178 	 0 	 7 	 2 	 8 	 9 	 6 	 58 	 68 	 78 	 88 	 98 	 108
375 	 178 	 0 	 2 	 2 	 10 	 11 	 6 	 58 	 68 	 78 	 88 	 98 	 108
376 	 178 	 0 	 1 	 2 	 12 	 13 	 6 	 58 	 68 	 78 	 88 	 98 	 108
377 	 178 	 0 	 10 	 2 	 14 	 15 	 6 	 58 	 68 	 78 	 88 	 98 	 108
378 	 178 	 0 	 5 	 2 	 16 	 17 	 6 	 58 	 68 	 78 	 88 	 98 	 108
379 	 179 	 0 	 7 	 4 	 7 	 8 	 9 	 10 	 6 	 59 	 69 	 79 	 89 	 99 	 109
380 	 180 	 0 	 8 	 4 	 1 	 2 	 3 	 4 	 11 	 4 	 9 	 14 	 19 	 24 	 29 	 34 	 39 	 44 	 49 	 54
381 	 181 	 0 	 7 	 4 	 5 	 6 	 7 	 8 	 6 	 2 	 12 	 22 	 32 	 42 	 52
382 	 182 	 0 	 9 	 4 	 6 	 7 	 8 	 9 	 11 	 57 	 62 	 67 	 72 	 77 	 82 	 87 	 92 	 97 	 102 	 107
383 	 183 	 0 	 10 	 2 	 1 	 2 	 6 	 58 	 68 	 78 	 88 	 98 	 108
384 	 183 	 0 	 9 	 2 	 3 	 4 	 6 	 58 	 68 	 78 	 88 	 98 	 108
385 	 183 	 0 	 1 	 2 	 5 	 6 	 6 	 58 	 68 	 78 	 88 	 98 	 108
386 	 183 	 0 	 8 	 2 	 7 	 8 	 6 	 58 	 68 	 78 	 88 	 98 	 108
387 	 183 	 0 	 9 	 2 	 9 	 10 	 6 	 58 	 68 	 78 	 88 	 98 	 108
388 	 183 	 0 	 3 	 2 	 11 	 12 	 6 	 58 	 68 	 78 	 88 	 98 	 108
389 	 184 	 0 	 10 	 2 	 1 	 2 	 11 	 59 	 64 	 69 	 74 	 79 	 84 	 89 	 94 	 99 	 104 	 109
390 	 184 	 0 	 5 	 4 	 9 	 10 	 11 	 12 	 11 	 58 	 63 	 68 	 73 	 78 	 83 	 88 	 93 	 98 	 103 	 108
391 	 185 	 0 	 5 	 4 	 12 	 13 	 14 	 15 	 11 	 2 	 7 	 12 	 17 	 22 	 27 	 32 	 37 	 42 	 47 	 52
392 	 186 	 0 	 6 	 2 	 8 	 9 	 11 	 57 	 62 	 67 	 72 	 77 	 82 	 87 	 92 	 97 	 102 	 107
393 	 187 	 0 	 6 	 2 	 3 	 4 	 6 	 1 	 11 	 21 	 31 	 41 	 51
394 	 188 	 0 	 7 	 2 	 14 	 15 	 11 	 2 	 7 	 12 	 17 	 22 	 27 	 32 	 37 	 42 	 47 	 52
395 	 189 	 0 	 1 	 2 	 10 	 11 	 6 	 59 	 69 	 79 	 89 	 99 	 109
396 	 189 	 0 	 1 	 2 	 6 	 7 	 6 	 56 	 66 	 76 	 86 	 96 	 106
397 	 190 	 0 	 9 	 2 	 10 	 11 	 11 	 59 	 64 	 69 	 74 	 79 	 84 	 89 	 94 	 99 	 104 	 109
398 	 191 	 0 	 6 	 2 	 9 	 10 	 6 	 1 	 11 	 21 	 31 	 41 	 51
399 	 192 	 0 	 1 	 2 	 14 	 15 	 5 	 63 	 73 	 83 	 93 	 103
400 	 193 	 0 	 3 	 2 	 9 	 10 	 11 	 2 	 7 	 12 	 17 	 22 	 27 	 32 	 37 	 42 	 47 	 52
401 	 194 	 0 	 8 	 2 	 3 	 4 	 11 	 58 	 63 	 68 	 73 	 78 	 83 	 88 	 93 	 98 	 103 	 108
402 	 195 	 0 	 6 	 2 	 16 	 17 	 6 	 56 	 66 	 76 	 86 	 96 	 106
403 	 196 	 0 	 9 	 2 	 3 	 4 	 6 	 55 	 65 	 75 	 85 	 95 	 105
404 	 197 	 0 	 5 	 4 	 0 	 1 	 2 	 3 	 6 	 2 	 12 	 22 	 32 	 42 	 52
405 	 198 	 0 	 8 	 2 	 2 	 3 	 11 	 0 	 5 	 10 	 15 	 20 	 25 	 30 	 35 	 40 	 45 	 50
406 	 198 	 0 	 5 	 2 	 9 	 10 	 11 	 2 	 7 	 12 	 17 	 22 	 27 	 32 	 37 	 42 	 47 	 52
407 	 199 	 0 	 1 	 2 	 11 	 12 	 6 	 2 	 12 	 22 	 32 	 42 	 52
408 	 199 	 0 	 10 	 2 	 13 	 14 	 6 	 1 	 11 	 21 	 31 	 41 	 51
409 	 199 	 0 	 2 	 4 	 2 	 3 	 4 	 5 	 6 	 0 	 10 	 20 	 30 	 40 	 50
410 	 200 	 0 	 8 	 2 	 16 	 17 	 11 	 0 	 5 	 10 	 15 	 20 	 25 	 30 	 35 	 40 	 45 	 50
411 	 201 	 0 	 1 	 2 	 15 	 16 	 6 	 0 	 10 	 20 	 30 	 40 	 50
412 	 202 	 0 	 1 	 2 	 16 	 17 	 5 	 60 	 70 	 80 	 90 	 100
413 	 203 	 0 	 4 	 2 	 14 	 15 	 6 	 56 	 66 	 76 	 86 	 96 	 106
414 	 204 	 0 	 7 	 2 	 7 	 8 	 6 	 1 	 11 	 21 	 31 	 41 	 51
415 	 205 	 0 	 7 	 2 	 4 	 5 	 11 	 4 	 9 	 14 	 19 	 24 	 29 	 34 	 39 	 44 	 49 	 54
416 	 205 	 0 	 9 	 2 	 6 	 7 	 11 	 4 	 9 	 14 	 19 	 24 	 29 	 34 	 39 	 44 	 49 	 54
417 	 205 	 0 	 10 	 2 	 8 	 9 	 11 	 4 	 9 	 14 	 19 	 24 	 29 	 34 	 39 	 44 	 49 	 54
418 	 205 	 0 	 4 	 2 	 10 	 11 	 11 	 4 	 9 	 14 	 19 	 24 	 29 	 34 	 39 	 44 	 49 	 54
419 	 206 	 0 	 6 	 2 	 5 	 6 	 11 	 55 	 60 	 65 	 70 	 75 	 80 	 85 	 90 	 95 	 100 	 105
420 	 206 	 0 	 8 	 2 	 0 	 1 	 11 	 58 	 63 	 68 	 73 	 78 	 83 	 88 	 93 	 98 	 103 	 108
421 	 207 	 0 	 9 	 4 	 12 	 13 	 14 	 15 	 6 	 1 	 11 	 21 	 31 	 41 	 51
422 	 207 	 0 	 7 	 2 	 15 	 16 	 6 	 2 	 12 	 22 	 32 	 42 	 52
423 	 207 	 0 	 4 	 2 	 6 	 7 	 6 	 0 	 10 	 20 	 30 	 40 	 50
424 	 208 	 0 	 3 	 2 	 0 	 1 	 6 	 56 	 66 	 76 	 86 	 96 	 106
425 	 208 	 0 	 6 	 2 	 4 	 5 	 6 	 59 	 69 	 79 	 89 	 99 	 109
426 	 208 	 0 	 10 	 2 	 4 	 5 	 6 	 57 	 67 	 77 	 87 	 97 	 107
427 	 209 	 0 	 6 	 4 	 6 	 7 	 8 	 9 	 6 	 4 	 14 	 24 	 34 	 44 	 54
428 	 210 	 0 	 5 	 2 	 0 	 1 	 11 	 56 	 61 	 66 	 71 	 76 	 81 	 86 	 91 	 96 	 101 	 106
429 	 211 	 0 	 1 	 2 	 13 	 14 	 6 	 2 	 12 	 22 	 32 	 42 	 52
430 	 211 	 0 	 4 	 2 	 15 	 16 	 6 	 3 	 13 	 23 	 33 	 43 	 53
431 	 212 	 0 	 2 	 2 	 7 	 8 	 6 	 59 	 69 	 79 	 89 	 99 	 109
432 	 213 	 0 	 4 	 2 	 0 	 1 	 5 	 62 	 72 	 82 	 92 	 102
433 	 213 	 0 	 7 	 2 	 2 	 3 	 5 	 62 	 72 	 82 	 92 	 102
434 	 213 	 0 	 10 	 2 	 4 	 5 	 5 	 62 	 72 	 82 	 92 	 102
435 	 213 	 0 	 6 	 2 	 6 	 7 	 5 	 62 	 72 	 82 	 92 	 102
436 	 213 	 0 	 3 	 2 	 8 	 9 	 5 	 62 	 72 	 82 	 92 	 102
437 	 213 	 0 	 1 	 2 	 10 	 11 	 5 	 62 	 72 	 82 	 92 	 102
438 	 213 	 0 	 2 	 2 	 12 	 13 	 5 	 62 	 72 	 82 	 92 	 102
439 	 213 	 0 	 9 	 2 	 14 	 15 	 5 	 62 	 72 	 82 	 92 	 102
440 	 213 	 0 	 6 	 2 	 16 	 17 	 5 	 62 	 72 	 82 	 92 	 102
441 	 214 	 0 	 5 	 2 	 2 	 3 	 11 	 0 	 5 	 10 	 15 	 20 	 25 	 30 	 35 	 40 	 45 	 50
442 	 215 	 0 	 8 	 2 	 8 	 9 	 11 	 55 	 60 	 65 	 70 	 75 	 80 	 85 	 90 	 95 	 100 	 105
443 	 216 	 0 	 7 	 4 	 0 	 1 	 2 	 3 	 6 	 57 	 67 	 77 	 87 	 97 	 107
444 	 216 	 0 	 8 	 2 	 16 	 17 	 6 	 56 	 66 	 76 	 86 	 96 	 106
445 	 217 	 0 	 1 	 2 	 0 	 1 	 5 	 9 	 19 	 29 	 39 	 49
446 	 217 	 0 	 2 	 2 	 2 	 3 	 5 	 9 	 19 	 29 	 39 	 49
447 	 217 	 0 	 4 	 2 	 4 	 5 	 5 	 9 	 19 	 29 	 39 	 49
448 	 217 	 0 	 2 	 2 	 6 	 7 	 5 	 9 	 19 	 29 	 39 	 49
449 	 217 	 0 	 1 	 2 	 8 	 9 	 5 	 9 	 19 	 29 	 39 	 49
450 	 217 	 0 	 8 	 2 	 10 	 11 	 5 	 9 	 19 	 29 	 39 	 49
451 	 217 	 0 	 5 	 2 	 12 	 13 	 5 	 9 	 19 	 29 	 39 	 49
452 	 217 	 0 	 8 	 2 	 14 	 15 	 5 	 9 	 19 	 29 	 39 	 49
453 	 217 	 0 	 2 	 2 	 16 	 17 	 5 	 9 	 19 	 29 	 39 	 49
454 	 218 	 0 	 10 	 2 	 3 	 4 	 6 	 56 	 66 	 76 	 86 	 96 	 106
455 	 219 	 0 	 7 	 2 	 5 	 6 	 5 	 7 	 17 	 27 	 37 	 47
456 	 220 	 0 	 1 	 2 	 11 	 12 	 5 	 8 	 18 	 28 	 38 	 48
457 	 220 	 0 	 10 	 2 	 2 	 3 	 5 	 7 	 17 	 27 	 37 	 47
458 	 221 	 0 	 4 	 2 	 2 	 3 	 6 	 59 	 69 	 79 	 89 	 99 	 109
459 	 221 	 0 	 9 	 2 	 4 	 5 	 6 	 59 	 69 	 79 	 89 	 99 	 109
460 	 221 	 0 	 2 	 2 	 6 	 7 	 6 	 59 	 69 	 79 	 89 	 99 	 109
461 	 221 	 0 	 10 	 2 	 8 	 9 	 6 	 59 	 69 	 79 	 89 	 99 	 109
462 	 221 	 0 	 3 	 2 	 10 	 11 	 6 	 59 	 69 	 79 	 89 	 99 	 109
463 	 222 	 0 	 10 	 4 	 14 	 15 	 16 	 17 	 6 	 1 	 11 	 21 	 31 	 41 	 51
464 	 222 	 0 	 10 	 2 	 13 	 14 	 6 	 4 	 14 	 24 	 34 	 44 	 54
465 	 222 	 0 	 2 	 2 	 12 	 13 	 6 	 0 	 10 	 20 	 30 	 40 	 50
466 	 223 	 0 	 2 	 2 	 13 	 14 	 6 	 1 	 11 	 21 	 31 	 41 	 51
467 	 224 	 0 	 4 	 2 	 0 	 1 	 6 	 58 	 68 	 78 	 88 	 98 	 108
468 	 224 	 0 	 4 	 2 	 2 	 3 	 6 	 58 	 68 	 78 	 88 	 98 	 108
469 	 224 	 0 	 3 	 2 	 4 	 5 	 6 	 58 	 68 	 78 	 88 	 98 	 108
470 	 224 	 0 	 1 	 2 	 6 	 7 	 6 	 58 	 68 	 78 	 88 	 98 	 108
471 	 224 	 0 	 1 	 2 	 8 	 9 	 6 	 58 	 68 	 78 	 88 	 98 	 108
472 	 224 	 0 	 5 	 2 	 10 	 11 	 6 	 58 	 68 	 78 	 88 	 98 	 108
473 	 224 	 0 	 9 	 2 	 12 	 13 	 6 	 58 	 68 	 78 	 88 	 98 	 108
474 	 224 	 0 	 9 	 2 	 14 	 15 	 6 	 58 	 68 	 78 	 88 	 98 	 108
475 	 225 	 0 	 4 	 2 	 1 	 2 	 6 	 57 	 67 	 77 	 87 	 97 	 107
476 	 226 	 0 	 10 	 2 	 11 	 12 	 5 	 63 	 73 	 83 	 93 	 103
477 	 227 	 0 	 6 	 2 	 6 	 7 	 11 	 1 	 6 	 11 	 16 	 21 	 26 	 31 	 36 	 41 	 46 	 51
478 	 227 	 0 	 2 	 2 	 7 	 8 	 11 	 0 	 5 	 10 	 15 	 20 	 25 	 30 	 35 	 40 	 45 	 50
479 	 227 	 0 	 4 	 2 	 6 	 7 	 11 	 4 	 9 	 14 	 19 	 24 	 29 	 34 	 39 	 44 	 49 	 54
480 	 228 	 0 	 7 	 2 	 12 	 13 	 11 	 55 	 60 	 65 	 70 	 75 	 80 	 85 	 90 	 95 	 100 	 105
481 	 229 	 0 	 6 	 4 	 1 	 2 	 3 	 4 	 11 	 4 	 9 	 14 	 19 	 24 	 29 	 34 	 39 	 44 	 49 	 54
482 	 230 	 0 	 5 	 2 	 5 	 6 	 11 	 58 	 63 	 68 	 73 	 78 	 83 	 88 	 93 	 98 	 103 	 108
483 	 231 	 0 	 5 	 2 	 13 	 14 	 6 	 57 	 67 	 77 	 87 	 97 	 107
484 	 231 	 0 	 1 	 4 	 8 	 9 	 10 	 11 	 6 	 55 	 65 	 75 	 85 	 95 	 105
485 	 231 	 0 	 6 	 2 	 16 	 17 	 6 	 56 	 66 	 76 	 86 	 96 	 106
486 	 232 	 0 	 3 	 4 	 12 	 13 	 14 	 15 	 11 	 57 	 62 	 67 	 72 	 77 	 82 	 87 	 92 	 97 	 102 	 107
487 	 233 	 0 	 3 	 2 	 4 	 5 	 5 	 8 	 18 	 28 	 38 	 48
488 	 233 	 0 	 7 	 2 	 3 	 4 	 5 	 9 	 19 	 29 	 39 	 49
489 	 234 	 0 	 2 	 2 	 0 	 1 	 11 	 58 	 63 	 68 	 73 	 78 	 83 	 88 	 93 	 98 	 103 	 108
490 	 235 	 0 	 5 	 4 	 6 	 7 	 8 	 9 	 11 	 55 	 60 	 65 	 70 	 75 	 80 	 85 	 90 	 95 	 100 	 105
491 	 236 	 0 	 8 	 2 	 15 	 16 	 6 	 58 	 68 	 78 	 88 	 98 	 108
492 	 237 	 0 	 5 	 2 	 3 	 4 	 11 	 58 	 63 	 68 	 73 	 78 	 83 	 88 	 93 	 98 	 103 	 108
493 	 238 	 0 	 4 	 4 	 8 	 9 	 10 	 11 	 11 	 57 	 62 	 67 	 72 	 77 	 82 	 87 	 92 	 97 	 102 	 107
494 	 239 	 0 	 8 	 2 	 8 	 9 	 11 	 58 	 63 	 68 	 73 	 78 	 83 	 88 	 93 	 98 	 103 	 108
495 	 239 	 0 	 7 	 2 	 10 	 11 	 11 	 55 	 60 	 65 	 70 	 75 	 80 	 85 	 90 	 95 	 100 	 105
496 	 239 	 0 	 3 	 2 	 5 	 6 	 11 	 57 	 62 	 67 	 72 	 77 	 82 	 87 	 92 	 97 	 102 	 107
497 	 240 	 0 	 3 	 2 	 8 	 9 	 11 	 58 	 63 	 68 	 73 	 78 	 83 	 88 	 93 	 98 	 103 	 108
498 	 241 	 0 	 3 	 2 	 3 	 4 	 11 	 3 	 8 	 13 	 18 	 23 	 28 	 33 	 38 	 43 	 48 	 53
499 	 241 	 0 	 9 	 4 	 4 	 5 	 6 	 7 	 11 	 0 	 5 	 10 	 15 	 20 	 25 	 30 	 35 	 40 	 45 	 50
500 	 242 	 0 	 9 	 2 	 4 	 5 	 6 	 0 	 10 	 20 	 30 	 40 	 50
501 	 242 	 0 	 10 	 2 	 6 	 7 	 6 	 0 	 10 	 20 	 30 	 40 	 50
502 	 242 	 0 	 2 	 2 	 8 	 9 	 6 	 0 	 10 	 20 	 30 	 40 	 50
503 	 242 	 0 	 2 	 2 	 10 	 11 	 6 	 0 	 10 	 20 	 30 	 40 	 50
504 	 242 	 0 	 1 	 2 	 12 	 13 	 6 	 0 	 10 	 20 	 30 	 40 	 50
505 	 242 	 0 	 4 	 2 	 14 	 15 	 6 	 0 	 10 	 20 	 30 	 40 	 50
506 	 242 	 0 	 6 	 2 	 16 	 17 	 6 	 0 	 10 	 20 	 30 	 40 	 50
507 	 243 	 0 	 10 	 2 	 14 	 15 	 6 	 3 	 13 	 23 	 33 	 43 	 53
508 	 244 	 0 	 6 	 2 	 9 	 10 	 6 	 58 	 68 	 78 	 88 	 98 	 108
509 	 244 	 0 	 1 	 2 	 9 	 10 	 6 	 57 	 67 	 77 	 87 	 97 	 107
510 	 244 	 0 	 5 	 2 	 9 	 10 	 6 	 55 	 65 	 75 	 85 	 95 	 105
511 	 245 	 0 	 7 	 4 	 13 	 14 	 15 	 16 	 6 	 3 	 13 	 23 	 33 	 43 	 53
512 	 246 	 0 	 10 	 2 	 0 	 1 	 5 	 6 	 16 	 26 	 36 	 46
513 	 247 	 0 	 6 	 4 	 10 	 11 	 12 	 13 	 6 	 1 	 11 	 21 	 31 	 41 	 51
514 	 248 	 0 	 4 	 2 	 10 	 11 	 6 	 4 	 14 	 24 	 34 	 44 	 54
515 	 248 	 0 	 7 	 2 	 10 	 11 	 6 	 2 	 12 	 22 	 32 	 42 	 52
516 	 248 	 0 	 6 	 2 	 7 	 8 	 6 	 1 	 11 	 21 	 31 	 41 	 51
517 	 249 	 0 	 9 	 2 	 12 	 13 	 11 	 4 	 9 	 14 	 19 	 24 	 29 	 34 	 39 	 44 	 49 	 54
518 	 250 	 0 	 2 	 2 	 10 	 11 	 5 	 7 	 17 	 27 	 37 	 47
519 	 251 	 0 	 6 	 2 	 6 	 7 	 11 	 1 	 6 	 11 	 16 	 21 	 26 	 31 	 36 	 41 	 46 	 51
520 	 251 	 0 	 6 	 2 	 5 	 6 	 11 	 0 	 5 	 10 	 15 	 20 	 25 	 30 	 35 	 40 	 45 	 50
521 	 252 	 0 	 4 	 2 	 2 	 3 	 11 	 2 	 7 	 12 	 17 	 22 	 27 	 32 	 37 	 42 	 47 	 52
522 	 252 	 0 	 2 	 4 	 8 	 9 	 10 	 11 	 11 	 3 	 8 	 13 	 18 	 23 	 28 	 33 	 38 	 43 	 48 	 53
523 	 252 	 0 	 9 	 2 	 8 	 9 	 11 	 0 	 5 	 10 	 15 	 20 	 25 	 30 	 35 	 40 	 45 	 50
524 	 253 	 0 	 7 	 4 	 11 	 12 	 13 	 14 	 5 	 7 	 17 	 27 	 37 	 47
525 	 254 	 0 	 4 	 2 	 16 	 17 	 6 	 1 	 11 	 21 	 31 	 41 	 51
526 	 255 	 0 	 4 	 2 	 1 	 2 	 5 	 61 	 71 	 81 	 91 	 101
527 	 256 	 0 	 3 	 2 	 11 	 12 	 6 	 59 	 69 	 79 	 89 	 99 	 109
528 	 257 	 0 	 5 	 4 	 6 	 7 	 8 	 9 	 11 	 55 	 60 	 65 	 70 	 75 	 80 	 85 	 90 	 95 	 100 	 105
529 	 258 	 0 	 5 	 2 	 6 	 7 	 6 	 59 	 69 	 79 	 89 	 99 	 109
530 	 259 	 0 	 9 	 2 	 15 	 16 	 11 	 58 	 63 	 68 	 73 	 78 	 83 	 88 	 93 	 98 	 103 	 108
531 	 260 	 0 	 5 	 4 	 2 	 3 	 4 	 5 	 6 	 1 	 11 	 21 	 31 	 41 	 51
532 	 261 	 0 	 1 	 4 	 5 	 6 	 7 	 8 	 11 	 57 	 62 	 67 	 72 	 77 	 82 	 87 	 92 	 97 	 102 	 107
533 	 261 	 0 	 7 	 2 	 14 	 15 	 11 	 59 	 64 	 69 	 74 	 79 	 84 	 89 	 94 	 99 	 104 	 109
534 	 261 	 0 	 2 	 2 	 8 	 9 	 11 	 56 	 61 	 66 	 71 	 76 	 81 	 86 	 91 	 96 	 101 	 106
535 	 262 	 0 	 4 	 2 	 8 	 9 	 5 	 62 	 72 	 82 	 92 	 102
536 	 263 	 0 	 7 	 4 	 4 	 5 	 6 	 7 	 5 	 62 	 72 	 82 	 92 	 102
537 	 264 	 0 	 6 	 2 	 6 	 7 	 11 	 59 	 64 	 69 	 74 	 79 	 84 	 89 	 94 	 99 	 104 	 109
538 	 265 	 0 	 6 	 2 	 11 	 12 	 11 	 57 	 62 	 67 	 72 	 77 	 82 	 87 	 92 	 97 	 102 	 107
539 	 265 	 0 	 6 	 2 	 11 	 12 	 11 	 55 	 60 	 65 	 70 	 75 	 80 	 85 	 90 	 95 	 100 	 105
540 	 266 	 0 	 2 	 2 	 6 	 7 	 11 	 56 	 61 	 66 	 71 	 76 	 81 	 86 	 91 	 96 	 101 	 106
541 	 267 	 0 	 4 	 2 	 0 	 1 	 6 	 58 	 68 	 78 	 88 	 98 	 108
542 	 268 	 0 	 1 	 2 	 12 	 13 	 6 	 1 	 11 	 21 	 31 	 41 	 51
543 	 269 	 0 	 5 	 2 	 14 	 15 	 11 	 56 	 61 	 66 	 71 	 76 	 81 	 86 	 91 	 96 	 101 	 106
544 	 270 	 0 	 10 	 2 	 1 	 2 	 5 	 6 	 16 	 26 	 36 	 46
545 	 270 	 0 	 6 	 2 	 3 	 4 	 5 	 6 	 16 	 26 	 36 	 46
546 	 270 	 0 	 4 	 2 	 5 	 6 	 5 	 6 	 16 	 26 	 36 	 46
547 	 270 	 0 	 6 	 2 	 7 	 8 	 5 	 6 	 16 	 26 	 36 	 46
548 	 270 	 0 	 8 	 2 	 9 	 10 	 5 	 6 	 16 	 26 	 36 	 46
549 	 270 	 0 	 3 	 2 	 11 	 12 	 5 	 6 	 16 	 26 	 36 	 46
550 	 270 	 0 	 3 	 2 	 13 	 14 	 5 	 6 	 16 	 26 	 36 	 46
551 	 270 	 0 	 5 	 2 	 15 	 16 	 5 	 6 	 16 	 26 	 36 	 46
552 	 271 	 0 	 10 	 2 	 5 	 6 	 11 	 55 	 60 	 65 	 70 	 75 	 80 	 85 	 90 	 95 	 100 	 105
553 	 272 	 0 	 6 	 2 	 0 	 1 	 6 	 56 	 66 	 76 	 86 	 96 	 106
554 	 272 	 0 	 1 	 2 	 2 	 3 	 6 	 56 	 66 	 76 	 86 	 96 	 106
555 	 272 	 0 	 8 	 2 	 4 	 5 	 6 	 56 	 66 	 76 	 86 	 96 	 106
556 	 272 	 0 	 10 	 2 	 6 	 7 	 6 	 56 	 66 	 76 	 86 	 96 	 106
557 	 272 	 0 	 1 	 2 	 8 	 9 	 6 	 56 	 66 	 76 	 86 	 96 	 106
558 	 272 	 0 	 7 	 2 	 10 	 11 	 6 	 56 	 66 	 76 	 86 	 96 	 106
559 	 272 	 0 	 2 	 2 	 12 	 13 	 6 	 56 	 66 	 76 	 86 	 96 	 106
560 	 273 	 0 	 4 	 2 	 10 	 11 	 6 	 1 	 11 	 21 	 31 	 41 	 51
561 	 274 	 0 	 4 	 2 	 14 	 15 	 11 	 58 	 63 	 68 	 73 	 78 	 83 	 88 	 93 	 98 	 103 	 108
562 	 275 	 0 	 9 	 2 	 16 	 17 	 6 	 4 	 14 	 24 	 34 	 44 	 54
563 	 276 	 0 	 1 	 2 	 0 	 1 	 5 	 62 	 72 	 82 	 92 	 102
564 	 276 	 0 	 10 	 2 	 2 	 3 	 5 	 62 	 72 	 82 	 92 	 102
565 	 276 	 0 	 4 	 2 	 4 	 5 	 5 	 62 	 72 	 82 	 92 	 102
566 	 276 	 0 	 2 	 2 	 6 	 7 	 5 	 62 	 72 	 82 	 92 	 102
567 	 276 	 0 	 6 	 2 	 8 	 9 	 5 	 62 	 72 	 82 	 92 	 102
568 	 276 	 0 	 8 	 2 	 10 	 11 	 5 	 62 	 72 	 82 	 92 	 102
569 	 276 	 0 	 10 	 2 	 12 	 13 	 5 	 62 	 72 	 82 	 92 	 102
570 	 276 	 0 	 3 	 2 	 14 	 15 	 5 	 62 	 72 	 82 	 92 	 102
571 	 277 	 0 	 5 	 2 	 8 	 9 	 6 	 4 	 14 	 24 	 34 	 44 	 54
572 	 278 	 0 	 9 	 2 	 3 	 4 	 6 	 3 	 13 	 23 	 33 	 43 	 53
573 	 279 	 0 	 5 	 2 	 5 	 6 	 5 	 61 	 71 	 81 	 91 	 101
574 	 279 	 0 	 8 	 4 	 4 	 5 	 6 	 7 	 5 	 63 	 73 	 83 	 93 	 103
575 	 280 	 0 	 6 	 2 	 16 	 17 	 11 	 55 	 60 	 65 	 70 	 75 	 80 	 85 	 90 	 95 	 100 	 105
576 	 281 	 0 	 8 	 2 	 5 	 6 	 6 	 58 	 68 	 78 	 88 	 98 	 108
577 	 282 	 0 	 9 	 2 	 1 	 2 	 5 	 63 	 73 	 83 	 93 	 103
578 	 283 	 0 	 1 	 2 	 3 	 4 	 6 	 4 	 14 	 24 	 34 	 44 	 54
579 	 283 	 0 	 3 	 2 	 5 	 6 	 6 	 4 	 14 	 24 	 34 	 44 	 54
580 	 283 	 0 	 8 	 2 	 7 	 8 	 6 	 4 	 14 	 24 	 34 	 44 	 54
581 	 283 	 0 	 5 	 2 	 9 	 10 	 6 	 4 	 14 	 24 	 34 	 44 	 54
582 	 284 	 0 	 1 	 2 	 7 	 8 	 5 	 64 	 74 	 84 	 94 	 104
583 	 284 	 0 	 10 	 2 	 10 	 11 	 5 	 61 	 71 	 81 	 91 	 101
584 	 285 	 0 	 5 	 2 	 16 	 17 	 11 	 57 	 62 	 67 	 72 	 77 	 82 	 87 	 92 	 97 	 102 	 107
585 	 285 	 0 	 3 	 2 	 5 	 6 	 11 	 59 	 64 	 69 	 74 	 79 	 84 	 89 	 94 	 99 	 104 	 109
586 	 286 	 0 	 5 	 2 	 16 	 17 	 11 	 57 	 62 	 67 	 72 	 77 	 82 	 87 	 92 	 97 	 102 	 107
587 	 286 	 0 	 2 	 2 	 6 	 7 	 11 	 56 	 61 	 66 	 71 	 76 	 81 	 86 	 91 	 96 	 101 	 106
588 	 287 	 0 	 6 	 2 	 6 	 7 	 11 	 57 	 62 	 67 	 72 	 77 	 82 	 87 	 92 	 97 	 102 	 107
589 	 288 	 0 	 6 	 2 	 16 	 17 	 6 	 56 	 66 	 76 	 86 	 96 	 106
590 	 289 	 0 	 2 	 4 	 2 	 3 	 4 	 5 	 6 	 3 	 13 	 23 	 33 	 43 	 53
591 	 290 	 0 	 7 	 2 	 2 	 3 	 11 	 58 	 63 	 68 	 73 	 78 	 83 	 88 	 93 	 98 	 103 	 108
592 	 291 	 0 	 7 	 2 	 0 	 1 	 6 	 2 	 12 	 22 	 32 	 42 	 52
593 	 292 	 0 	 5 	 2 	 9 	 10 	 6 	 55 	 65 	 75 	 85 	 95 	 105
594 	 293 	 0 	 7 	 2 	 14 	 15 	 5 	 63 	 73 	 83 	 93 	 103
595 	 293 	 0 	 4 	 4 	 2 	 3 	 4 	 5 	 5 	 61 	 71 	 81 	 91 	 101
596 	 294 	 0 	 9 	 2 	 4 	 5 	 11 	 57 	 62 	 67 	 72 	 77 	 82 	 87 	 92 	 97 	 102 	 107
597 	 295 	 0 	 4 	 2 	 0 	 1 	 11 	 0 	 5 	 10 	 15 	 20 	 25 	 30 	 35 	 40 	 45 	 50
598 	 296 	 0 	 2 	 2 	 3 	 4 	 5 	 62 	 72 	 82 	 92 	 102
599 	 297 	 0 	 7 	 2 	 15 	 16 	 5 	 62 	 72 	 82 	 92 	 102
600 	 298 	 0 	 8 	 2 	 0 	 1 	 11 	 59 	 64 	 69 	 74 	 79 	 84 	 89 	 94 	 99 	 104 	 109
601 	 298 	 0 	 8 	 2 	 2 	 3 	 11 	 59 	 64 	 69 	 74 	 79 	 84 	 89 	 94 	 99 	 104 	 109
602 	 298 	 0 	 1 	 2 	 4 	 5 	 11 	 59 	 64 	 69 	 74 	 79 	 84 	 89 	 94 	 99 	 104 	 109
603 	 298 	 0 	 6 	 2 	 6 	 7 	 11 	 59 	 64 	 69 	 74 	 79 	 84 	 89 	 94 	 99 	 104 	 109
604 	 298 	 0 	 4 	 2 	 8 	 9 	 11 	 59 	 64 	 69 	 74 	 79 	 84 	 89 	 94 	 99 	 104 	 109
605 	 298 	 0 	 4 	 2 	 10 	 11 	 11 	 59 	 64 	 69 	 74 	 79 	 84 	 89 	 94 	 99 	 104 	 109
606 	 298 	 0 	 5 	 2 	 12 	 13 	 11 	 59 	 64 	 69 	 74 	 79 	 84 	 89 	 94 	 99 	 104 	 109
607 	 299 	 0 	 7 	 4 	 10 	 11 	 12 	 13 	 11 	 58 	 63 	 68 	 73 	 78 	 83 	 88 	 93 	 98 	 103 	 108
608 	 300 	 0 	 4 	 4 	 1 	 2 	 3 	 4 	 11 	 1 	 6 	 11 	 16 	 21 	 26 	 31 	 36 	 41 	 46 	 51
609 	 301 	 0 	 4 	 2 	 13 	 14 	 5 	 8 	 18 	 28 	 38 	 48
610 	 301 	 0 	 4 	 2 	 13 	 14 	 5 	 6 	 16 	 26 	 36 	 46
611 	 302 	 0 	 6 	 4 	 7 	 8 	 9 	 10 	 11 	 3 	 8 	 13 	 18 	 23 	 28 	 33 	 38 	 43 	 48 	 53
612 	 302 	 0 	 6 	 2 	 1 	 2 	 11 	 4 	 9 	 14 	 19 	 24 	 29 	 34 	 39 	 44 	 49 	 54
613 	 303 	 0 	 8 	 2 	 3 	 4 	 5 	 60 	 70 	 80 	 90 	 100
614 	 304 	 0 	 5 	 2 	 11 	 12 	 11 	 59 	 64 	 69 	 74 	 79 	 84 	 89 	 94 	 99 	 104 	 109
615 	 304 	 0 	 6 	 4 	 8 	 9 	 10 	 11 	 11 	 55 	 60 	 65 	 70 	 75 	 80 	 85 	 90 	 95 	 100 	 105
616 	 305 	 0 	 2 	 2 	 4 	 5 	 6 	 2 	 12 	 22 	 32 	 42 	 52
617 	 306 	 0 	 4 	 2 	 3 	 4 	 6 	 0 	 10 	 20 	 30 	 40 	 50
618 	 307 	 0 	 2 	 2 	 11 	 12 	 6 	 3 	 13 	 23 	 33 	 43 	 53
619 	 308 	 0 	 3 	 2 	 2 	 3 	 11 	 59 	 64 	 69 	 74 	 79 	 84 	 89 	 94 	 99 	 104 	 109
620 	 309 	 0 	 1 	 2 	 1 	 2 	 11 	 0 	 5 	 10 	 15 	 20 	 25 	 30 	 35 	 40 	 45 	 50
621 	 309 	 0 	 2 	 2 	 3 	 4 	 11 	 0 	 5 	 10 	 15 	 20 	 25 	 30 	 35 	 40 	 45 	 50
622 	 309 	 0 	 2 	 2 	 5 	 6 	 11 	 0 	 5 	 10 	 15 	 20 	 25 	 30 	 35 	 40 	 45 	 50
623 	 309 	 0 	 2 	 2 	 7 	 8 	 11 	 0 	 5 	 10 	 15 	 20 	 25 	 30 	 35 	 40 	 45 	 50
624 	 309 	 0 	 4 	 2 	 9 	 10 	 11 	 0 	 5 	 10 	 15 	 20 	 25 	 30 	 35 	 40 	 45 	 50
625 	 309 	 0 	 10 	 2 	 11 	 12 	 11 	 0 	 5 	 10 	 15 	 20 	 25 	 30 	 35 	 40 	 45 	 50
626 	 309 	 0 	 4 	 2 	 13 	 14 	 11 	 0 	 5 	 10 	 15 	 20 	 25 	 30 	 35 	 40 	 45 	 50
627 	 309 	 0 	 10 	 2 	 15 	 16 	 11 	 0 	 5 	 10 	 15 	 20 	 25 	 30 	 35 	 40 	 45 	 50
628 	 310 	 0 	 4 	 2 	 3 	 4 	 11 	 59 	 64 	 69 	 74 	 79 	 84 	 89 	 94 	 99 	 104 	 109
629 	 310 	 0 	 4 	 2 	 12 	 13 	 11 	 58 	 63 	 68 	 73 	 78 	 83 	 88 	 93 	 98 	 103 	 108
630 	 311 	 0 	 5 	 2 	 5 	 6 	 6 	 1 	 11 	 21 	 31 	 41 	 51
631 	 312 	 0 	 1 	 4 	 13 	 14 	 15 	 16 	 6 	 1 	 11 	 21 	 31 	 41 	 51
632 	 313 	 0 	 1 	 4 	 10 	 11 	 12 	 13 	 11 	 58 	 63 	 68 	 73 	 78 	 83 	 88 	 93 	 98 	 103 	 108
633 	 313 	 0 	 6 	 2 	 11 	 12 	 11 	 59 	 64 	 69 	 74 	 79 	 84 	 89 	 94 	 99 	 104 	 109
634 	 313 	 0 	 8 	 2 	 6 	 7 	 11 	 55 	 60 	 65 	 70 	 75 	 80 	 85 	 90 	 95 	 100 	 105
635 	 314 	 0 	 6 	 2 	 8 	 9 	 5 	 60 	 70 	 80 	 90 	 100
636 	 315 	 0 	 7 	 2 	 3 	 4 	 5 	 63 	 73 	 83 	 93 	 103
637 	 316 	 0 	 5 	 4 	 10 	 11 	 12 	 13 	 11 	 4 	 9 	 14 	 19 	 24 	 29 	 34 	 39 	 44 	 49 	 54
638 	 316 	 0 	 4 	 2 	 6 	 7 	 11 	 2 	 7 	 12 	 17 	 22 	 27 	 32 	 37 	 42 	 47 	 52
639 	 317 	 0 	 1 	 4 	 13 	 14 	 15 	 16 	 6 	 0 	 10 	 20 	 30 	 40 	 50
640 	 318 	 0 	 6 	 2 	 1 	 2 	 11 	 55 	 60 	 65 	 70 	 75 	 80 	 85 	 90 	 95 	 100 	 105
641 	 319 	 0 	 6 	 2 	 1 	 2 	 6 	 1 	 11 	 21 	 31 	 41 	 51
642 	 319 	 0 	 5 	 2 	 16 	 17 	 6 	 4 	 14 	 24 	 34 	 44 	 54
643 	 319 	 0 	 2 	 4 	 10 	 11 	 12 	 13 	 6 	 0 	 10 	 20 	 30 	 40 	 50
644 	 320 	 0 	 4 	 2 	 0 	 1 	 5 	 62 	 72 	 82 	 92 	 102
645 	 320 	 0 	 10 	 2 	 2 	 3 	 5 	 62 	 72 	 82 	 92 	 102
646 	 320 	 0 	 9 	 2 	 4 	 5 	 5 	 62 	 72 	 82 	 92 	 102
647 	 320 	 0 	 8 	 2 	 6 	 7 	 5 	 62 	 72 	 82 	 92 	 102
648 	 320 	 0 	 3 	 2 	 8 	 9 	 5 	 62 	 72 	 82 	 92 	 102
649 	 320 	 0 	 7 	 2 	 10 	 11 	 5 	 62 	 72 	 82 	 92 	 102
650 	 320 	 0 	 1 	 2 	 12 	 13 	 5 	 62 	 72 	 82 	 92 	 102
651 	 320 	 0 	 3 	 2 	 14 	 15 	 5 	 62 	 72 	 82 	 92 	 102
652 	 320 	 0 	 1 	 2 	 16 	 17 	 5 	 62 	 72 	 82 	 92 	 102
653 	 321 	 0 	 6 	 2 	 3 	 4 	 5 	 6 	 16 	 26 	 36 	 46
654 	 322 	 0 	 9 	 2 	 8 	 9 	 6 	 3 	 13 	 23 	 33 	 43 	 53
655 	 323 	 0 	 6 	 2 	 3 	 4 	 5 	 6 	 16 	 26 	 36 	 46
656 	 324 	 0 	 10 	 2 	 1 	 2 	 5 	 60 	 70 	 80 	 90 	 100
657 	 324 	 0 	 7 	 2 	 3 	 4 	 5 	 60 	 70 	 80 	 90 	 100
658 	 324 	 0 	 2 	 2 	 5 	 6 	 5 	 60 	 70 	 80 	 90 	 100
659 	 324 	 0 	 9 	 2 	 7 	 8 	 5 	 60 	 70 	 80 	 90 	 100
660 	 324 	 0 	 10 	 2 	 9 	 10 	 5 	 60 	 70 	 80 	 90 	 100
661 	 324 	 0 	 10 	 2 	 11 	 12 	 5 	 60 	 70 	 80 	 90 	 100
662 	 324 	 0 	 9 	 2 	 13 	 14 	 5 	 60 	 70 	 80 	 90 	 100
663 	 324 	 0 	 1 	 2 	 15 	 16 	 5 	 60 	 70 	 80 	 90 	 100
664 	 325 	 0 	 5 	 2 	 13 	 14 	 6 	 59 	 69 	 79 	 89 	 99 	 109
665 	 326 	 0 	 9 	 2 	 1 	 2 	 5 	 63 	 73 	 83 	 93 	 103
666 	 326 	 0 	 3 	 2 	 3 	 4 	 5 	 63 	 73 	 83 	 93 	 103
667 	 326 	 0 	 1 	 2 	 5 	 6 	 5 	 63 	 73 	 83 	 93 	 103
668 	 326 	 0 	 1 	 2 	 7 	 8 	 5 	 63 	 73 	 83 	 93 	 103
669 	 326 	 0 	 3 	 2 	 9 	 10 	 5 	 63 	 73 	 83 	 93 	 103
670 	 326 	 0 	 7 	 2 	 11 	 12 	 5 	 63 	 73 	 83 	 93 	 103
671 	 327 	 0 	 4 	 4 	 14 	 15 	 16 	 17 	 11 	 2 	 7 	 12 	 17 	 22 	 27 	 32 	 37 	 42 	 47 	 52
672 	 327 	 0 	 2 	 2 	 5 	 6 	 11 	 0 	 5 	 10 	 15 	 20 	 25 	 30 	 35 	 40 	 45 	 50
673 	 327 	 0 	 5 	 2 	 9 	 10 	 11 	 4 	 9 	 14 	 19 	 24 	 29 	 34 	 39 	 44 	 49 	 54
674 	 328 	 0 	 1 	 2 	 9 	 10 	 6 	 4 	 14 	 24 	 34 	 44 	 54
675 	 329 	 0 	 6 	 2 	 6 	 7 	 5 	 63 	 73 	 83 	 93 	 103
676 	 330 	 0 	 4 	 2 	 6 	 7 	 11 	 57 	 62 	 67 	 72 	 77 	 82 	 87 	 92 	 97 	 102 	 107
677 	 331 	 0 	 8 	 2 	 6 	 7 	 6 	 4 	 14 	 24 	 34 	 44 	 54
678 	 332 	 0 	 5 	 4 	 13 	 14 	 15 	 16 	 5 	 62 	 72 	 82 	 92 	 102
679 	 333 	 0 	 6 	 2 	 2 	 3 	 11 	 4 	 9 	 14 	 19 	 24 	 29 	 34 	 39 	 44 	 49 	 54
680 	 333 	 0 	 6 	 2 	 4 	 5 	 11 	 4 	 9 	 14 	 19 	 24 	 29 	 34 	 39 	 44 	 49 	 54
681 	 333 	 0 	 3 	 2 	 6 	 7 	 11 	 4 	 9 	 14 	 19 	 24 	 29 	 34 	 39 	 44 	 49 	 54
682 	 333 	 0 	 10 	 2 	 8 	 9 	 11 	 4 	 9 	 14 	 19 	 24 	 29 	 34 	 39 	 44 	 49 	 54
683 	 333 	 0 	 9 	 2 	 10 	 11 	 11 	 4 	 9 	 14 	 19 	 24 	 29 	 34 	 39 	 44 	 49 	 54
684 	 333 	 0 	 6 	 2 	 12 	 13 	 11 	 4 	 9 	 14 	 19 	 24 	 29 	 34 	 39 	 44 	 49 	 54
685 	 333 	 0 	 5 	 2 	 14 	 15 	 11 	 4 	 9 	 14 	 19 	 24 	 29 	 34 	 39 	 44 	 49 	 54
686 	 333 	 0 	 1 	 2 	 16 	 17 	 11 	 4 	 9 	 14 	 19 	 24 	 29 	 34 	 39 	 44 	 49 	 54
687 	 334 	 0 	 3 	 2 	 2 	 3 	 11 	 59 	 64 	 69 	 74 	 79 	 84 	 89 	 94 	 99 	 104 	 109
688 	 335 	 0 	 7 	 2 	 12 	 13 	 11 	 57 	 62 	 67 	 72 	 77 	 82 	 87 	 92 	 97 	 102 	 107
689 	 336 	 0 	 2 	 2 	 1 	 2 	 11 	 57 	 62 	 67 	 72 	 77 	 82 	 87 	 92 	 97 	 102 	 107
690 	 336 	 0 	 7 	 2 	 3 	 4 	 11 	 57 	 62 	 67 	 72 	 77 	 82 	 87 	 92 	 97 	 102 	 107
691 	 336 	 0 	 5 	 2 	 5 	 6 	 11 	 57 	 62 	 67 	 72 	 77 	 82 	 87 	 92 	 97 	 102 	 107
692 	 336 	 0 	 8 	 2 	 7 	 8 	 11 	 57 	 62 	 67 	 72 	 77 	 82 	 87 	 92 	 97 	 102 	 107
693 	 336 	 0 	 6 	 2 	 9 	 10 	 11 	 57 	 62 	 67 	 72 	 77 	 82 	 87 	 92 	 97 	 102 	 107
694 	 336 	 0 	 3 	 2 	 11 	 12 	 11 	 57 	 62 	 67 	 72 	 77 	 82 	 87 	 92 	 97 	 102 	 107
695 	 336 	 0 	 9 	 2 	 13 	 14 	 11 	 57 	 62 	 67 	 72 	 77 	 82 	 87 	 92 	 97 	 102 	 107
696 	 337 	 0 	 3 	 2 	 16 	 17 	 6 	 0 	 10 	 20 	 30 	 40 	 50
697 	 338 	 0 	 7 	 2 	 4 	 5 	 11 	 57 	 62 	 67 	 72 	 77 	 82 	 87 	 92 	 97 	 102 	 107
698 	 338 	 0 	 1 	 2 	 3 	 4 	 11 	 58 	 63 	 68 	 73 	 78 	 83 	 88 	 93 	 98 	 103 	 108
699 	 338 	 0 	 2 	 2 	 1 	 2 	 11 	 55 	 60 	 65 	 70 	 75 	 80 	 85 	 90 	 95 	 100 	 105
700 	 339 	 0 	 4 	 2 	 6 	 7 	 6 	 0 	 10 	 20 	 30 	 40 	 50
701 	 339 	 0 	 3 	 2 	 8 	 9 	 6 	 0 	 10 	 20 	 30 	 40 	 50
702 	 339 	 0 	 9 	 2 	 10 	 11 	 6 	 0 	 10 	 20 	 30 	 40 	 50
703 	 339 	 0 	 3 	 2 	 12 	 13 	 6 	 0 	 10 	 20 	 30 	 40 	 50
704 	 340 	 0 	 2 	 2 	 14 	 15 	 11 	 3 	 8 	 13 	 18 	 23 	 28 	 33 	 38 	 43 	 48 	 53
705 	 341 	 0 	 5 	 2 	 8 	 9 	 11 	 4 	 9 	 14 	 19 	 24 	 29 	 34 	 39 	 44 	 49 	 54
706 	 342 	 0 	 2 	 4 	 14 	 15 	 16 	 17 	 6 	 57 	 67 	 77 	 87 	 97 	 107
707 	 343 	 0 	 1 	 2 	 4 	 5 	 6 	 58 	 68 	 78 	 88 	 98 	 108
708 	 344 	 0 	 4 	 4 	 0 	 1 	 2 	 3 	 5 	 63 	 73 	 83 	 93 	 103
709 	 345 	 0 	 8 	 4 	 2 	 3 	 4 	 5 	 5 	 7 	 17 	 27 	 37 	 47
710 	 346 	 0 	 4 	 2 	 16 	 17 	 5 	 5 	 15 	 25 	 35 	 45
711 	 347 	 0 	 5 	 2 	 16 	 17 	 6 	 1 	 11 	 21 	 31 	 41 	 51
712 	 348 	 0 	 1 	 4 	 13 	 14 	 15 	 16 	 6 	 0 	 10 	 20 	 30 	 40 	 50
713 	 348 	 0 	 5 	 2 	 2 	 3 	 6 	 4 	 14 	 24 	 34 	 44 	 54
714 	 349 	 0 	 9 	 2 	 15 	 16 	 5 	 60 	 70 	 80 	 90 	 100
715 	 350 	 0 	 5 	 2 	 9 	 10 	 6 	 59 	 69 	 79 	 89 	 99 	 109
716 	 351 	 0 	 5 	 2 	 2 	 3 	 5 	 9 	 19 	 29 	 39 	 49
717 	 351 	 0 	 6 	 2 	 4 	 5 	 5 	 9 	 19 	 29 	 39 	 49
718 	 351 	 0 	 8 	 2 	 6 	 7 	 5 	 9 	 19 	 29 	 39 	 49
719 	 351 	 0 	 9 	 2 	 8 	 9 	 5 	 9 	 19 	 29 	 39 	 49
720 	 351 	 0 	 2 	 2 	 10 	 11 	 5 	 9 	 19 	 29 	 39 	 49
721 	 351 	 0 	 3 	 2 	 12 	 13 	 5 	 9 	 19 	 29 	 39 	 49
722 	 351 	 0 	 3 	 2 	 14 	 15 	 5 	 9 	 19 	 29 	 39 	 49
723 	 351 	 0 	 3 	 2 	 16 	 17 	 5 	 9 	 19 	 29 	 39 	 49
724 	 352 	 0 	 7 	 2 	 0 	 1 	 6 	 59 	 69 	 79 	 89 	 99 	 109
725 	 352 	 0 	 5 	 2 	 2 	 3 	 6 	 59 	 69 	 79 	 89 	 99 	 109
726 	 352 	 0 	 6 	 2 	 4 	 5 	 6 	 59 	 69 	 79 	 89 	 99 	 109
727 	 352 	 0 	 2 	 2 	 6 	 7 	 6 	 59 	 69 	 79 	 89 	 99 	 109
728 	 352 	 0 	 2 	 2 	 8 	 9 	 6 	 59 	 69 	 79 	 89 	 99 	 109
729 	 352 	 0 	 2 	 2 	 10 	 11 	 6 	 59 	 69 	 79 	 89 	 99 	 109
730 	 352 	 0 	 9 	 2 	 12 	 13 	 6 	 59 	 69 	 79 	 89 	 99 	 109
731 	 352 	 0 	 5 	 2 	 14 	 15 	 6 	 59 	 69 	 79 	 89 	 99 	 109
732 	 352 	 0 	 3 	 2 	 16 	 17 	 6 	 59 	 69 	 79 	 89 	 99 	 109
733 	 353 	 0 	 1 	 2 	 0 	 1 	 11 	 4 	 9 	 14 	 19 	 24 	 29 	 34 	 39 	 44 	 49 	 54
734 	 353 	 0 	 3 	 2 	 2 	 3 	 11 	 4 	 9 	 14 	 19 	 24 	 29 	 34 	 39 	 44 	 49 	 54
735 	 353 	 0 	 8 	 2 	 4 	 5 	 11 	 4 	 9 	 14 	 19 	 24 	 29 	 34 	 39 	 44 	 49 	 54
736 	 353 	 0 	 4 	 2 	 6 	 7 	 11 	 4 	 9 	 14 	 19 	 24 	 29 	 34 	 39 	 44 	 49 	 54
737 	 353 	 0 	 1 	 2 	 8 	 9 	 11 	 4 	 9 	 14 	 19 	 24 	 29 	 34 	 39 	 44 	 49 	 54
738 	 353 	 0 	 3 	 2 	 10 	 11 	 11 	 4 	 9 	 14 	 19 	 24 	 29 	 34 	 39 	 44 	 49 	 54
739 	 353 	 0 	 9 	 2 	 12 	 13 	 11 	 4 	 9 	 14 	 19 	 24 	 29 	 34 	 39 	 44 	 49 	 54
740 	 353 	 0 	 5 	 2 	 14 	 15 	 11 	 4 	 9 	 14 	 19 	 24 	 29 	 34 	 39 	 44 	 49 	 54
741 	 353 	 0 	 2 	 2 	 16 	 17 	 11 	 4 	 9 	 14 	 19 	 24 	 29 	 34 	 39 	 44 	 49 	 54
742 	 354 	 0 	 7 	 4 	 3 	 4 	 5 	 6 	 6 	 4 	 14 	 24 	 34 	 44 	 54
743 	 354 	 0 	 10 	 2 	 4 	 5 	 6 	 2 	 12 	 22 	 32 	 42 	 52
744 	 355 	 0 	 9 	 2 	 0 	 1 	 6 	 55 	 65 	 75 	 85 	 95 	 105
745 	 356 	 0 	 9 	 4 	 5 	 6 	 7 	 8 	 6 	 3 	 13 	 23 	 33 	 43 	 53
746 	 356 	 0 	 8 	 2 	 11 	 12 	 6 	 1 	 11 	 21 	 31 	 41 	 51
747 	 356 	 0 	 4 	 4 	 1 	 2 	 3 	 4 	 6 	 0 	 10 	 20 	 30 	 40 	 50
748 	 357 	 0 	 3 	 2 	 0 	 1 	 11 	 2 	 7 	 12 	 17 	 22 	 27 	 32 	 37 	 42 	 47 	 52
749 	 358 	 0 	 2 	 2 	 6 	 7 	 5 	 60 	 70 	 80 	 90 	 100
750 	 359 	 0 	 2 	 4 	 7 	 8 	 9 	 10 	 6 	 58 	 68 	 78 	 88 	 98 	 108
751 	 360 	 0 	 6 	 2 	 1 	 2 	 11 	 0 	 5 	 10 	 15 	 20 	 25 	 30 	 35 	 40 	 45 	 50
752 	 361 	 0 	 1 	 4 	 11 	 12 	 13 	 14 	 5 	 63 	 73 	 83 	 93 	 103
753 	 362 	 0 	 2 	 2 	 13 	 14 	 6 	 56 	 66 	 76 	 86 	 96 	 106
754 	 363 	 0 	 2 	 2 	 2 	 3 	 5 	 9 	 19 	 29 	 39 	 49
755 	 363 	 0 	 8 	 2 	 4 	 5 	 5 	 9 	 19 	 29 	 39 	 49
756 	 363 	 0 	 10 	 2 	 6 	 7 	 5 	 9 	 19 	 29 	 39 	 49
757 	 363 	 0 	 8 	 2 	 8 	 9 	 5 	 9 	 19 	 29 	 39 	 49
758 	 364 	 0 	 7 	 4 	 11 	 12 	 13 	 14 	 5 	 9 	 19 	 29 	 39 	 49
759 	 364 	 0 	 8 	 2 	 9 	 10 	 5 	 6 	 16 	 26 	 36 	 46
760 	 364 	 0 	 6 	 2 	 15 	 16 	 5 	 5 	 15 	 25 	 35 	 45
761 	 365 	 0 	 10 	 2 	 11 	 12 	 5 	 9 	 19 	 29 	 39 	 49
762 	 365 	 0 	 8 	 2 	 2 	 3 	 5 	 6 	 16 	 26 	 36 	 46
763 	 366 	 0 	 10 	 2 	 2 	 3 	 5 	 61 	 71 	 81 	 91 	 101
764 	 367 	 0 	 8 	 2 	 10 	 11 	 6 	 56 	 66 	 76 	 86 	 96 	 106
765 	 368 	 0 	 7 	 2 	 5 	 6 	 5 	 7 	 17 	 27 	 37 	 47
766 	 369 	 0 	 2 	 2 	 13 	 14 	 6 	 2 	 12 	 22 	 32 	 42 	 52
767 	 370 	 0 	 1 	 2 	 5 	 6 	 5 	 63 	 73 	 83 	 93 	 103
768 	 371 	 0 	 9 	 2 	 9 	 10 	 6 	 55 	 65 	 75 	 85 	 95 	 105
769 	 371 	 0 	 5 	 4 	 10 	 11 	 12 	 13 	 6 	 56 	 66 	 76 	 86 	 96 	 106
770 	 372 	 0 	 9 	 2 	 10 	 11 	 5 	 5 	 15 	 25 	 35 	 45
771 	 373 	 0 	 9 	 2 	 3 	 4 	 6 	 2 	 12 	 22 	 32 	 42 	 52
772 	 374 	 0 	 6 	 2 	 12 	 13 	 11 	 58 	 63 	 68 	 73 	 78 	 83 	 88 	 93 	 98 	 103 	 108
773 	 375 	 0 	 3 	 4 	 3 	 4 	 5 	 6 	 6 	 55 	 65 	 75 	 85 	 95 	 105
774 	 375 	 0 	 7 	 2 	 10 	 11 	 6 	 57 	 67 	 77 	 87 	 97 	 107
775 	 376 	 0 	 4 	 2 	 7 	 8 	 5 	 64 	 74 	 84 	 94 	 104
776 	 376 	 0 	 9 	 4 	 10 	 11 	 12 	 13 	 5 	 61 	 71 	 81 	 91 	 101
777 	 376 	 0 	 9 	 4 	 8 	 9 	 10 	 11 	 5 	 62 	 72 	 82 	 92 	 102
778 	 377 	 0 	 3 	 2 	 15 	 16 	 11 	 1 	 6 	 11 	 16 	 21 	 26 	 31 	 36 	 41 	 46 	 51
779 	 377 	 0 	 3 	 2 	 10 	 11 	 11 	 3 	 8 	 13 	 18 	 23 	 28 	 33 	 38 	 43 	 48 	 53
780 	 377 	 0 	 7 	 2 	 1 	 2 	 11 	 4 	 9 	 14 	 19 	 24 	 29 	 34 	 39 	 44 	 49 	 54
781 	 378 	 0 	 3 	 2 	 2 	 3 	 6 	 55 	 65 	 75 	 85 	 95 	 105
782 	 379 	 0 	 2 	 2 	 0 	 1 	 6 	 56 	 66 	 76 	 86 	 96 	 106
783 	 379 	 0 	 5 	 2 	 2 	 3 	 6 	 56 	 66 	 76 	 86 	 96 	 106
784 	 379 	 0 	 10 	 2 	 4 	 5 	 6 	 56 	 66 	 76 	 86 	 96 	 106
785 	 379 	 0 	 6 	 2 	 6 	 7 	 6 	 56 	 66 	 76 	 86 	 96 	 106
786 	 379 	 0 	 8 	 2 	 8 	 9 	 6 	 56 	 66 	 76 	 86 	 96 	 106
787 	 379 	 0 	 10 	 2 	 10 	 11 	 6 	 56 	 66 	 76 	 86 	 96 	 106
788 	 380 	 0 	 4 	 2 	 3 	 4 	 6 	 2 	 12 	 22 	 32 	 42 	 52
789 	 380 	 0 	 5 	 2 	 5 	 6 	 6 	 2 	 12 	 22 	 32 	 42 	 52
790 	 380 	 0 	 7 	 2 	 7 	 8 	 6 	 2 	 12 	 22 	 32 	 42 	 52
791 	 380 	 0 	 3 	 2 	 9 	 10 	 6 	 2 	 12 	 22 	 32 	 42 	 52
792 	 381 	 0 	 8 	 2 	 0 	 1 	 5 	 7 	 17 	 27 	 37 	 47
793 	 381 	 0 	 8 	 2 	 4 	 5 	 5 	 6 	 16 	 26 	 36 	 46
794 	 382 	 0 	 4 	 2 	 3 	 4 	 5 	 62 	 72 	 82 	 92 	 102
795 	 382 	 0 	 6 	 6 	 4 	 5 	 6 	 7 	 8 	 9 	 5 	 63 	 73 	 83 	 93 	 103
796 	 383 	 0 	 7 	 2 	 4 	 5 	 5 	 60 	 70 	 80 	 90 	 100
797 	 384 	 0 	 1 	 2 	 14 	 15 	 5 	 8 	 18 	 28 	 38 	 48
798 	 385 	 0 	 5 	 4 	 0 	 1 	 2 	 3 	 5 	 7 	 17 	 27 	 37 	 47
799 	 386 	 0 	 1 	 2 	 1 	 2 	 6 	 2 	 12 	 22 	 32 	 42 	 52
800 	 386 	 0 	 9 	 2 	 3 	 4 	 6 	 2 	 12 	 22 	 32 	 42 	 52
801 	 386 	 0 	 8 	 2 	 5 	 6 	 6 	 2 	 12 	 22 	 32 	 42 	 52
802 	 386 	 0 	 2 	 2 	 7 	 8 	 6 	 2 	 12 	 22 	 32 	 42 	 52
803 	 386 	 0 	 9 	 2 	 9 	 10 	 6 	 2 	 12 	 22 	 32 	 42 	 52
804 	 386 	 0 	 4 	 2 	 11 	 12 	 6 	 2 	 12 	 22 	 32 	 42 	 52
805 	 386 	 0 	 4 	 2 	 13 	 14 	 6 	 2 	 12 	 22 	 32 	 42 	 52
806 	 386 	 0 	 8 	 2 	 15 	 16 	 6 	 2 	 12 	 22 	 32 	 42 	 52
807 	 387 	 0 	 7 	 2 	 1 	 2 	 5 	 60 	 70 	 80 	 90 	 100
808 	 388 	 0 	 1 	 2 	 1 	 2 	 11 	 3 	 8 	 13 	 18 	 23 	 28 	 33 	 38 	 43 	 48 	 53
809 	 388 	 0 	 3 	 2 	 6 	 7 	 11 	 0 	 5 	 10 	 15 	 20 	 25 	 30 	 35 	 40 	 45 	 50
810 	 388 	 0 	 6 	 2 	 3 	 4 	 11 	 1 	 6 	 11 	 16 	 21 	 26 	 31 	 36 	 41 	 46 	 51
811 	 389 	 0 	 6 	 2 	 16 	 17 	 5 	 9 	 19 	 29 	 39 	 49
812 	 390 	 0 	 9 	 2 	 8 	 9 	 11 	 1 	 6 	 11 	 16 	 21 	 26 	 31 	 36 	 41 	 46 	 51
813 	 391 	 0 	 3 	 2 	 3 	 4 	 6 	 1 	 11 	 21 	 31 	 41 	 51
814 	 392 	 0 	 2 	 2 	 4 	 5 	 11 	 3 	 8 	 13 	 18 	 23 	 28 	 33 	 38 	 43 	 48 	 53
815 	 392 	 0 	 5 	 2 	 6 	 7 	 11 	 3 	 8 	 13 	 18 	 23 	 28 	 33 	 38 	 43 	 48 	 53
816 	 392 	 0 	 7 	 2 	 8 	 9 	 11 	 3 	 8 	 13 	 18 	 23 	 28 	 33 	 38 	 43 	 48 	 53
817 	 392 	 0 	 7 	 2 	 10 	 11 	 11 	 3 	 8 	 13 	 18 	 23 	 28 	 33 	 38 	 43 	 48 	 53
818 	 393 	 0 	 5 	 2 	 4 	 5 	 11 	 57 	 62 	 67 	 72 	 77 	 82 	 87 	 92 	 97 	 102 	 107
819 	 394 	 0 	 9 	 2 	 11 	 12 	 6 	 0 	 10 	 20 	 30 	 40 	 50
820 	 394 	 0 	 5 	 2 	 9 	 10 	 6 	 2 	 12 	 22 	 32 	 42 	 52
821 	 395 	 0 	 6 	 4 	 10 	 11 	 12 	 13 	 11 	 3 	 8 	 13 	 18 	 23 	 28 	 33 	 38 	 43 	 48 	 53
822 	 396 	 0 	 8 	 2 	 12 	 13 	 11 	 58 	 63 	 68 	 73 	 78 	 83 	 88 	 93 	 98 	 103 	 108
823 	 397 	 0 	 10 	 2 	 3 	 4 	 11 	 57 	 62 	 67 	 72 	 77 	 82 	 87 	 92 	 97 	 102 	 107
824 	 398 	 0 	 2 	 2 	 7 	 8 	 6 	 55 	 65 	 75 	 85 	 95 	 105
825 	 398 	 0 	 1 	 2 	 16 	 17 	 6 	 58 	 68 	 78 	 88 	 98 	 108
826 	 399 	 0 	 7 	 4 	 2 	 3 	 4 	 5 	 6 	 2 	 12 	 22 	 32 	 42 	 52
827	0	0	0	4	3	4	5	6	6	56	66	76	86	96	106	
828	0	0	0	4	11	12	13	14	6	55	65	75	85	95	105	
829	1	0	0	4	3	4	5	6	6	58	68	78	88	98	108	
830	1	0	0	2	0	1	6	57	67	77	87	97	107	
831	2	0	0	2	5	6	6	2	12	22	32	42	52	
832	2	0	0	4	7	8	9	10	6	3	13	23	33	43	53	
833	3	0	0	4	4	5	6	7	6	56	66	76	86	96	106	
834	4	0	0	2	16	17	11	59	64	69	74	79	84	89	94	99	104	109	
835	4	0	0	2	5	6	11	58	63	68	73	78	83	88	93	98	103	108	
836	5	0	0	4	2	3	4	5	11	2	7	12	17	22	27	32	37	42	47	52	
837	6	0	0	4	3	4	5	6	6	59	69	79	89	99	109	
838	6	0	0	2	8	9	6	56	66	76	86	96	106	
839	6	0	0	2	4	5	6	57	67	77	87	97	107	
840	6	0	0	4	6	7	8	9	6	58	68	78	88	98	108	
841	7	0	0	4	3	4	5	6	6	59	69	79	89	99	109	
842	8	0	0	4	5	6	7	8	5	7	17	27	37	47	
843	9	0	0	2	11	12	11	55	60	65	70	75	80	85	90	95	100	105	
844	9	0	0	4	2	3	4	5	11	56	61	66	71	76	81	86	91	96	101	106	
845	10	0	0	2	4	5	6	55	65	75	85	95	105	
846	11	0	0	2	10	11	5	62	72	82	92	102	
847	12	0	0	2	6	7	11	3	8	13	18	23	28	33	38	43	48	53	
848	12	0	0	2	2	3	11	2	7	12	17	22	27	32	37	42	47	52	
849	13	0	0	4	9	10	11	12	6	3	13	23	33	43	53	
850	14	0	0	4	1	2	3	4	5	8	18	28	38	48	
851	15	0	0	2	11	12	5	5	15	25	35	45	
852	15	0	0	4	3	4	5	6	5	9	19	29	39	49	
853	16	0	0	4	9	10	11	12	5	5	15	25	35	45	
854	16	0	0	4	7	8	9	10	5	8	18	28	38	48	
855	17	0	0	4	13	14	15	16	5	60	70	80	90	100	
856	17	0	0	4	1	2	3	4	5	61	71	81	91	101	
857	18	0	0	2	7	8	11	55	60	65	70	75	80	85	90	95	100	105	
858	19	0	0	4	12	13	14	15	11	0	5	10	15	20	25	30	35	40	45	50	
859	20	0	0	4	12	13	14	15	5	62	72	82	92	102	
860	21	0	0	4	11	12	13	14	5	7	17	27	37	47	
861	21	0	0	2	6	7	5	9	19	29	39	49	
862	22	0	0	4	14	15	16	17	5	60	70	80	90	100	
863	22	0	0	4	9	10	11	12	5	63	73	83	93	103	
864	23	0	0	4	4	5	6	7	5	64	74	84	94	104	
865	23	0	0	2	3	4	5	61	71	81	91	101	
866	24	0	0	2	5	6	11	1	6	11	16	21	26	31	36	41	46	51	
867	25	0	0	4	4	5	6	7	6	56	66	76	86	96	106	
868	25	0	0	4	14	15	16	17	6	59	69	79	89	99	109	
869	26	0	0	2	7	8	5	9	19	29	39	49	
870	27	0	0	2	0	1	6	58	68	78	88	98	108	
871	27	0	0	2	0	1	6	59	69	79	89	99	109	
872	27	0	0	4	10	11	12	13	6	55	65	75	85	95	105	
873	27	0	0	2	1	2	6	57	67	77	87	97	107	
874	28	0	0	2	2	3	5	64	74	84	94	104	
875	28	0	0	2	13	14	5	63	73	83	93	103	
876	29	0	0	4	5	6	7	8	6	57	67	77	87	97	107	
877	29	0	0	4	12	13	14	15	6	56	66	76	86	96	106	
878	30	0	0	4	4	5	6	7	5	9	19	29	39	49	
879	31	0	0	2	3	4	6	59	69	79	89	99	109	
880	31	0	0	2	7	8	6	56	66	76	86	96	106	
881	32	0	0	2	1	2	5	9	19	29	39	49	
882	32	0	0	4	9	10	11	12	5	8	18	28	38	48	
883	33	0	0	4	10	11	12	13	5	6	16	26	36	46	
884	33	0	0	2	0	1	5	9	19	29	39	49	
885	34	0	0	2	4	5	11	56	61	66	71	76	81	86	91	96	101	106	
886	35	0	0	4	8	9	10	11	11	4	9	14	19	24	29	34	39	44	49	54	
887	35	0	0	4	7	8	9	10	11	3	8	13	18	23	28	33	38	43	48	53	
888	36	0	0	2	11	12	5	9	19	29	39	49	
889	36	0	0	4	6	7	8	9	5	5	15	25	35	45	
890	37	0	0	4	4	5	6	7	11	56	61	66	71	76	81	86	91	96	101	106	
891	38	0	0	2	11	12	6	59	69	79	89	99	109	
892	38	0	0	4	2	3	4	5	6	56	66	76	86	96	106	
893	39	0	0	4	3	4	5	6	5	8	18	28	38	48	
894	39	0	0	2	1	2	5	7	17	27	37	47	
895	39	0	0	4	13	14	15	16	5	5	15	25	35	45	
896	40	0	0	4	4	5	6	7	5	6	16	26	36	46	
897	40	0	0	4	6	7	8	9	5	5	15	25	35	45	
898	41	0	0	4	4	5	6	7	5	9	19	29	39	49	
899	42	0	0	4	7	8	9	10	11	59	64	69	74	79	84	89	94	99	104	109	
900	42	0	0	4	6	7	8	9	11	56	61	66	71	76	81	86	91	96	101	106	
901	43	0	0	2	14	15	5	60	70	80	90	100	
902	43	0	0	4	5	6	7	8	5	61	71	81	91	101	
903	44	0	0	4	10	11	12	13	11	3	8	13	18	23	28	33	38	43	48	53	
904	44	0	0	4	1	2	3	4	11	0	5	10	15	20	25	30	35	40	45	50	
905	44	0	0	2	9	10	11	1	6	11	16	21	26	31	36	41	46	51	
906	45	0	0	2	7	8	11	57	62	67	72	77	82	87	92	97	102	107	
907	45	0	0	2	3	4	11	55	60	65	70	75	80	85	90	95	100	105	
908	46	0	0	2	0	1	11	56	61	66	71	76	81	86	91	96	101	106	
909	47	0	0	4	1	2	3	4	5	9	19	29	39	49	
910	47	0	0	2	5	6	5	6	16	26	36	46	
911	47	0	0	2	10	11	5	8	18	28	38	48	
912	47	0	0	4	9	10	11	12	5	7	17	27	37	47	
913	48	0	0	4	7	8	9	10	6	57	67	77	87	97	107	
914	48	0	0	2	15	16	6	59	69	79	89	99	109	
915	49	0	0	4	10	11	12	13	5	61	71	81	91	101	
916	50	0	0	4	8	9	10	11	11	57	62	67	72	77	82	87	92	97	102	107	
917	51	0	0	4	14	15	16	17	11	3	8	13	18	23	28	33	38	43	48	53	
918	52	0	0	4	2	3	4	5	6	59	69	79	89	99	109	
919	53	0	0	2	6	7	5	63	73	83	93	103	
920	53	0	0	2	10	11	5	62	72	82	92	102	
921	54	0	0	2	14	15	11	0	5	10	15	20	25	30	35	40	45	50	
922	54	0	0	2	3	4	11	4	9	14	19	24	29	34	39	44	49	54	
923	55	0	0	2	2	3	5	60	70	80	90	100	
924	55	0	0	2	10	11	5	62	72	82	92	102	
925	55	0	0	2	12	13	5	63	73	83	93	103	
926	55	0	0	2	15	16	5	64	74	84	94	104	
927	56	0	0	4	13	14	15	16	6	57	67	77	87	97	107	
928	56	0	0	2	4	5	6	56	66	76	86	96	106	
929	56	0	0	2	0	1	6	59	69	79	89	99	109	
930	56	0	0	2	0	1	6	58	68	78	88	98	108	
931	57	0	0	2	16	17	5	64	74	84	94	104	
932	58	0	0	4	7	8	9	10	11	57	62	67	72	77	82	87	92	97	102	107	
933	59	0	0	2	1	2	11	0	5	10	15	20	25	30	35	40	45	50	
934	60	0	0	2	11	12	11	57	62	67	72	77	82	87	92	97	102	107	
935	60	0	0	2	13	14	11	56	61	66	71	76	81	86	91	96	101	106	
936	61	0	0	2	9	10	5	5	15	25	35	45	
937	62	0	0	4	6	7	8	9	5	61	71	81	91	101	
938	63	0	0	4	3	4	5	6	6	57	67	77	87	97	107	
939	63	0	0	2	0	1	6	58	68	78	88	98	108	
940	64	0	0	4	10	11	12	13	6	3	13	23	33	43	53	
941	65	0	0	2	16	17	11	58	63	68	73	78	83	88	93	98	103	108	
942	66	0	0	4	0	1	2	3	11	56	61	66	71	76	81	86	91	96	101	106	
943	67	0	0	2	0	1	11	56	61	66	71	76	81	86	91	96	101	106	
944	67	0	0	2	11	12	11	55	60	65	70	75	80	85	90	95	100	105	
945	67	0	0	2	6	7	11	58	63	68	73	78	83	88	93	98	103	108	
946	67	0	0	2	0	1	11	59	64	69	74	79	84	89	94	99	104	109	
947	68	0	0	2	5	6	11	3	8	13	18	23	28	33	38	43	48	53	
948	68	0	0	4	1	2	3	4	11	0	5	10	15	20	25	30	35	40	45	50	
949	69	0	0	4	4	5	6	7	11	55	60	65	70	75	80	85	90	95	100	105	
950	69	0	0	2	5	6	11	58	63	68	73	78	83	88	93	98	103	108	
951	70	0	0	2	4	5	5	8	18	28	38	48	
952	71	0	0	2	9	10	6	55	65	75	85	95	105	
953	72	0	0	2	12	13	5	61	71	81	91	101	
954	72	0	0	4	12	13	14	15	5	64	74	84	94	104	
955	73	0	0	2	5	6	11	1	6	11	16	21	26	31	36	41	46	51	
956	73	0	0	4	6	7	8	9	11	0	5	10	15	20	25	30	35	40	45	50	
957	74	0	0	2	15	16	6	56	66	76	86	96	106	
958	75	0	0	2	0	1	5	61	71	81	91	101	
959	75	0	0	2	12	13	5	62	72	82	92	102	
960	76	0	0	4	6	7	8	9	6	57	67	77	87	97	107	
961	76	0	0	2	8	9	6	55	65	75	85	95	105	
962	77	0	0	2	4	5	5	9	19	29	39	49	
963	78	0	0	2	2	3	5	7	17	27	37	47	
964	79	0	0	2	16	17	5	62	72	82	92	102	
965	80	0	0	2	9	10	6	59	69	79	89	99	109	
966	80	0	0	4	6	7	8	9	6	55	65	75	85	95	105	
967	81	0	0	4	2	3	4	5	11	0	5	10	15	20	25	30	35	40	45	50	
968	81	0	0	2	0	1	11	2	7	12	17	22	27	32	37	42	47	52	
969	82	0	0	2	5	6	11	55	60	65	70	75	80	85	90	95	100	105	
970	82	0	0	2	11	12	11	56	61	66	71	76	81	86	91	96	101	106	
971	83	0	0	2	11	12	11	0	5	10	15	20	25	30	35	40	45	50	
972	84	0	0	4	14	15	16	17	6	1	11	21	31	41	51	
973	84	0	0	4	5	6	7	8	6	3	13	23	33	43	53	
974	84	0	0	4	10	11	12	13	6	2	12	22	32	42	52	
975	84	0	0	4	3	4	5	6	6	0	10	20	30	40	50	
976	85	0	0	4	0	1	2	3	6	56	66	76	86	96	106	
977	86	0	0	4	9	10	11	12	11	1	6	11	16	21	26	31	36	41	46	51	
978	87	0	0	4	1	2	3	4	6	2	12	22	32	42	52	
979	88	0	0	2	10	11	11	2	7	12	17	22	27	32	37	42	47	52	
980	88	0	0	4	3	4	5	6	11	3	8	13	18	23	28	33	38	43	48	53	
981	89	0	0	2	2	3	11	56	61	66	71	76	81	86	91	96	101	106	
982	89	0	0	4	2	3	4	5	11	58	63	68	73	78	83	88	93	98	103	108	
983	90	0	0	4	13	14	15	16	11	0	5	10	15	20	25	30	35	40	45	50	
984	90	0	0	2	8	9	11	1	6	11	16	21	26	31	36	41	46	51	
985	90	0	0	4	3	4	5	6	11	2	7	12	17	22	27	32	37	42	47	52	
986	91	0	0	4	9	10	11	12	11	56	61	66	71	76	81	86	91	96	101	106	
987	92	0	0	2	13	14	6	0	10	20	30	40	50	
988	93	0	0	4	1	2	3	4	6	3	13	23	33	43	53	
989	94	0	0	4	13	14	15	16	11	59	64	69	74	79	84	89	94	99	104	109	
990	94	0	0	2	16	17	11	58	63	68	73	78	83	88	93	98	103	108	
991	94	0	0	2	4	5	11	57	62	67	72	77	82	87	92	97	102	107	
992	94	0	0	4	9	10	11	12	11	56	61	66	71	76	81	86	91	96	101	106	
993	95	0	0	4	4	5	6	7	6	59	69	79	89	99	109	
994	95	0	0	2	15	16	6	55	65	75	85	95	105	
995	95	0	0	2	15	16	6	57	67	77	87	97	107	
996	95	0	0	2	5	6	6	56	66	76	86	96	106	
997	96	0	0	2	11	12	5	6	16	26	36	46	
998	97	0	0	4	7	8	9	10	5	9	19	29	39	49	
999	97	0	0	2	4	5	5	8	18	28	38	48	
1000	97	0	0	2	2	3	5	5	15	25	35	45	
1001	98	0	0	2	11	12	5	63	73	83	93	103	
1002	99	0	0	2	11	12	5	5	15	25	35	45	
1003	99	0	0	4	5	6	7	8	5	9	19	29	39	49	
1004	100	0	0	4	10	11	12	13	6	0	10	20	30	40	50	
1005	100	0	0	4	8	9	10	11	6	3	13	23	33	43	53	
1006	101	0	0	4	0	1	2	3	6	57	67	77	87	97	107	
1007	101	0	0	4	14	15	16	17	6	58	68	78	88	98	108	
1008	101	0	0	4	1	2	3	4	6	55	65	75	85	95	105	
1009	102	0	0	4	6	7	8	9	11	1	6	11	16	21	26	31	36	41	46	51	
1010	102	0	0	4	0	1	2	3	11	2	7	12	17	22	27	32	37	42	47	52	
1011	103	0	0	4	5	6	7	8	6	59	69	79	89	99	109	
1012	104	0	0	4	14	15	16	17	11	0	5	10	15	20	25	30	35	40	45	50	
1013	104	0	0	4	12	13	14	15	11	2	7	12	17	22	27	32	37	42	47	52	
1014	104	0	0	2	8	9	11	1	6	11	16	21	26	31	36	41	46	51	
1015	105	0	0	2	5	6	6	3	13	23	33	43	53	
1016	105	0	0	2	8	9	6	0	10	20	30	40	50	
1017	106	0	0	2	11	12	6	58	68	78	88	98	108	
1018	107	0	0	2	15	16	5	9	19	29	39	49	
1019	108	0	0	2	16	17	5	9	19	29	39	49	
1020	108	0	0	2	4	5	5	6	16	26	36	46	
1021	109	0	0	2	9	10	6	57	67	77	87	97	107	
1022	110	0	0	4	12	13	14	15	5	8	18	28	38	48	
1023	110	0	0	2	8	9	5	7	17	27	37	47	
1024	110	0	0	4	2	3	4	5	5	9	19	29	39	49	
1025	111	0	0	2	12	13	11	1	6	11	16	21	26	31	36	41	46	51	
1026	112	0	0	4	9	10	11	12	11	59	64	69	74	79	84	89	94	99	104	109	
1027	112	0	0	4	14	15	16	17	11	55	60	65	70	75	80	85	90	95	100	105	
1028	113	0	0	2	14	15	11	59	64	69	74	79	84	89	94	99	104	109	
1029	113	0	0	4	14	15	16	17	11	57	62	67	72	77	82	87	92	97	102	107	
1030	114	0	0	4	11	12	13	14	11	1	6	11	16	21	26	31	36	41	46	51	
1031	114	0	0	4	9	10	11	12	11	4	9	14	19	24	29	34	39	44	49	54	
1032	114	0	0	2	8	9	11	0	5	10	15	20	25	30	35	40	45	50	
1033	114	0	0	4	5	6	7	8	11	2	7	12	17	22	27	32	37	42	47	52	
1034	115	0	0	4	7	8	9	10	11	1	6	11	16	21	26	31	36	41	46	51	
1035	115	0	0	2	6	7	11	4	9	14	19	24	29	34	39	44	49	54	
1036	116	0	0	2	13	14	5	60	70	80	90	100	
1037	116	0	0	2	14	15	5	64	74	84	94	104	
1038	117	0	0	4	11	12	13	14	11	55	60	65	70	75	80	85	90	95	100	105	
1039	117	0	0	4	14	15	16	17	11	58	63	68	73	78	83	88	93	98	103	108	
1040	118	0	0	4	6	7	8	9	6	56	66	76	86	96	106	
1041	119	0	0	4	5	6	7	8	5	63	73	83	93	103	
1042	120	0	0	4	9	10	11	12	6	56	66	76	86	96	106	
1043	120	0	0	2	6	7	6	58	68	78	88	98	108	
1044	121	0	0	4	14	15	16	17	6	59	69	79	89	99	109	
1045	121	0	0	4	2	3	4	5	6	55	65	75	85	95	105	
1046	122	0	0	2	2	3	5	61	71	81	91	101	
1047	122	0	0	4	9	10	11	12	5	62	72	82	92	102	
1048	123	0	0	2	16	17	5	5	15	25	35	45	
1049	123	0	0	4	13	14	15	16	5	6	16	26	36	46	
1050	124	0	0	4	10	11	12	13	6	3	13	23	33	43	53	
1051	124	0	0	4	12	13	14	15	6	2	12	22	32	42	52	
1052	125	0	0	2	1	2	11	56	61	66	71	76	81	86	91	96	101	106	
1053	126	0	0	4	14	15	16	17	5	62	72	82	92	102	
1054	126	0	0	2	6	7	5	61	71	81	91	101	
1055	127	0	0	2	4	5	11	2	7	12	17	22	27	32	37	42	47	52	
1056	128	0	0	2	8	9	5	64	74	84	94	104	
1057	129	0	0	4	4	5	6	7	11	3	8	13	18	23	28	33	38	43	48	53	
1058	129	0	0	4	12	13	14	15	11	2	7	12	17	22	27	32	37	42	47	52	
1059	129	0	0	4	11	12	13	14	11	4	9	14	19	24	29	34	39	44	49	54	
1060	129	0	0	2	8	9	11	1	6	11	16	21	26	31	36	41	46	51	
1061	130	0	0	4	0	1	2	3	11	0	5	10	15	20	25	30	35	40	45	50	
1062	130	0	0	4	14	15	16	17	11	2	7	12	17	22	27	32	37	42	47	52	
1063	131	0	0	4	3	4	5	6	11	59	64	69	74	79	84	89	94	99	104	109	
1064	132	0	0	4	10	11	12	13	6	58	68	78	88	98	108	
1065	133	0	0	2	8	9	5	6	16	26	36	46	
1066	133	0	0	4	4	5	6	7	5	8	18	28	38	48	
1067	134	0	0	2	11	12	5	64	74	84	94	104	
1068	134	0	0	4	8	9	10	11	5	60	70	80	90	100	
1069	135	0	0	4	10	11	12	13	11	2	7	12	17	22	27	32	37	42	47	52	
1070	136	0	0	4	3	4	5	6	6	55	65	75	85	95	105	
1071	137	0	0	4	0	1	2	3	5	60	70	80	90	100	
1072	138	0	0	4	9	10	11	12	11	55	60	65	70	75	80	85	90	95	100	105	
1073	138	0	0	2	13	14	11	58	63	68	73	78	83	88	93	98	103	108	
1074	139	0	0	4	3	4	5	6	5	5	15	25	35	45	
1075	140	0	0	2	3	4	11	3	8	13	18	23	28	33	38	43	48	53	
1076	140	0	0	2	14	15	11	1	6	11	16	21	26	31	36	41	46	51	
1077	141	0	0	4	12	13	14	15	6	59	69	79	89	99	109	
1078	142	0	0	4	9	10	11	12	11	58	63	68	73	78	83	88	93	98	103	108	
1079	142	0	0	4	4	5	6	7	11	56	61	66	71	76	81	86	91	96	101	106	
1080	143	0	0	2	1	2	5	7	17	27	37	47	
1081	143	0	0	2	7	8	5	6	16	26	36	46	
1082	144	0	0	2	14	15	6	0	10	20	30	40	50	
1083	145	0	0	2	8	9	11	57	62	67	72	77	82	87	92	97	102	107	
1084	145	0	0	2	16	17	11	59	64	69	74	79	84	89	94	99	104	109	
1085	145	0	0	4	13	14	15	16	11	56	61	66	71	76	81	86	91	96	101	106	
1086	146	0	0	4	10	11	12	13	11	1	6	11	16	21	26	31	36	41	46	51	
1087	146	0	0	2	6	7	11	0	5	10	15	20	25	30	35	40	45	50	
1088	147	0	0	4	4	5	6	7	6	1	11	21	31	41	51	
1089	148	0	0	2	3	4	11	1	6	11	16	21	26	31	36	41	46	51	
1090	148	0	0	2	13	14	11	4	9	14	19	24	29	34	39	44	49	54	
1091	149	0	0	4	6	7	8	9	6	59	69	79	89	99	109	
1092	150	0	0	4	7	8	9	10	11	57	62	67	72	77	82	87	92	97	102	107	
1093	150	0	0	2	0	1	11	56	61	66	71	76	81	86	91	96	101	106	
1094	151	0	0	4	3	4	5	6	11	59	64	69	74	79	84	89	94	99	104	109	
1095	152	0	0	2	5	6	5	63	73	83	93	103	
1096	152	0	0	2	3	4	5	61	71	81	91	101	
1097	153	0	0	2	9	10	11	3	8	13	18	23	28	33	38	43	48	53	
1098	153	0	0	2	8	9	11	1	6	11	16	21	26	31	36	41	46	51	
1099	154	0	0	2	16	17	6	0	10	20	30	40	50	
1100	155	0	0	4	0	1	2	3	5	64	74	84	94	104	
1101	155	0	0	2	2	3	5	60	70	80	90	100	
1102	156	0	0	2	11	12	5	60	70	80	90	100	
1103	156	0	0	2	2	3	5	64	74	84	94	104	
1104	157	0	0	2	7	8	5	9	19	29	39	49	
1105	157	0	0	2	4	5	5	8	18	28	38	48	
1106	158	0	0	2	12	13	11	4	9	14	19	24	29	34	39	44	49	54	
1107	158	0	0	4	5	6	7	8	11	1	6	11	16	21	26	31	36	41	46	51	
1108	159	0	0	4	8	9	10	11	11	58	63	68	73	78	83	88	93	98	103	108	
1109	159	0	0	4	4	5	6	7	11	55	60	65	70	75	80	85	90	95	100	105	
1110	160	0	0	4	8	9	10	11	11	2	7	12	17	22	27	32	37	42	47	52	
1111	160	0	0	2	12	13	11	4	9	14	19	24	29	34	39	44	49	54	
1112	161	0	0	2	7	8	5	9	19	29	39	49	
1113	161	0	0	2	10	11	5	8	18	28	38	48	
1114	162	0	0	2	16	17	5	5	15	25	35	45	
1115	163	0	0	2	16	17	5	9	19	29	39	49	
1116	164	0	0	4	12	13	14	15	6	55	65	75	85	95	105	
1117	165	0	0	4	6	7	8	9	5	5	15	25	35	45	
1118	166	0	0	4	13	14	15	16	5	61	71	81	91	101	
1119	167	0	0	2	4	5	5	6	16	26	36	46	
1120	167	0	0	4	10	11	12	13	5	5	15	25	35	45	
1121	167	0	0	4	3	4	5	6	5	8	18	28	38	48	
1122	168	0	0	2	3	4	5	5	15	25	35	45	
1123	168	0	0	4	0	1	2	3	5	9	19	29	39	49	
1124	169	0	0	2	3	4	11	3	8	13	18	23	28	33	38	43	48	53	
1125	169	0	0	4	4	5	6	7	11	2	7	12	17	22	27	32	37	42	47	52	
1126	170	0	0	4	0	1	2	3	11	4	9	14	19	24	29	34	39	44	49	54	
1127	171	0	0	4	0	1	2	3	6	3	13	23	33	43	53	
1128	171	0	0	2	9	10	6	4	14	24	34	44	54	
1129	172	0	0	4	4	5	6	7	6	57	67	77	87	97	107	
1130	172	0	0	4	13	14	15	16	6	56	66	76	86	96	106	
1131	173	0	0	4	13	14	15	16	5	62	72	82	92	102	
1132	174	0	0	2	7	8	6	56	66	76	86	96	106	
1133	174	0	0	2	11	12	6	58	68	78	88	98	108	
1134	175	0	0	2	8	9	6	55	65	75	85	95	105	
1135	175	0	0	4	14	15	16	17	6	58	68	78	88	98	108	
1136	175	0	0	2	3	4	6	59	69	79	89	99	109	
1137	176	0	0	4	0	1	2	3	5	8	18	28	38	48	
1138	177	0	0	4	6	7	8	9	5	5	15	25	35	45	
1139	178	0	0	4	5	6	7	8	6	57	67	77	87	97	107	
1140	178	0	0	4	12	13	14	15	6	55	65	75	85	95	105	
1141	178	0	0	2	6	7	6	59	69	79	89	99	109	
1142	178	0	0	2	3	4	6	56	66	76	86	96	106	
1143	179	0	0	4	10	11	12	13	6	58	68	78	88	98	108	
1144	180	0	0	2	12	13	11	2	7	12	17	22	27	32	37	42	47	52	
1145	180	0	0	2	8	9	11	1	6	11	16	21	26	31	36	41	46	51	
1146	181	0	0	2	11	12	6	1	11	21	31	41	51	
1147	182	0	0	2	5	6	11	59	64	69	74	79	84	89	94	99	104	109	
1148	182	0	0	4	5	6	7	8	11	56	61	66	71	76	81	86	91	96	101	106	
1149	183	0	0	2	14	15	6	59	69	79	89	99	109	
1150	183	0	0	2	15	16	6	55	65	75	85	95	105	
1151	183	0	0	4	2	3	4	5	6	56	66	76	86	96	106	
1152	184	0	0	4	5	6	7	8	11	56	61	66	71	76	81	86	91	96	101	106	
1153	184	0	0	2	7	8	11	57	62	67	72	77	82	87	92	97	102	107	
1154	185	0	0	4	3	4	5	6	11	4	9	14	19	24	29	34	39	44	49	54	
1155	185	0	0	4	10	11	12	13	11	1	6	11	16	21	26	31	36	41	46	51	
1156	186	0	0	4	12	13	14	15	11	58	63	68	73	78	83	88	93	98	103	108	
1157	187	0	0	4	0	1	2	3	6	3	13	23	33	43	53	
1158	187	0	0	2	11	12	6	2	12	22	32	42	52	
1159	188	0	0	4	7	8	9	10	11	4	9	14	19	24	29	34	39	44	49	54	
1160	188	0	0	2	12	13	11	1	6	11	16	21	26	31	36	41	46	51	
1161	189	0	0	2	11	12	6	55	65	75	85	95	105	
1162	189	0	0	2	14	15	6	57	67	77	87	97	107	
1163	190	0	0	4	0	1	2	3	11	56	61	66	71	76	81	86	91	96	101	106	
1164	190	0	0	4	6	7	8	9	11	57	62	67	72	77	82	87	92	97	102	107	
1165	191	0	0	2	12	13	6	2	12	22	32	42	52	
1166	192	0	0	4	0	1	2	3	5	61	71	81	91	101	
1167	193	0	0	2	7	8	11	3	8	13	18	23	28	33	38	43	48	53	
1168	194	0	0	4	10	11	12	13	11	57	62	67	72	77	82	87	92	97	102	107	
1169	194	0	0	4	3	4	5	6	11	59	64	69	74	79	84	89	94	99	104	109	
1170	195	0	0	2	6	7	6	55	65	75	85	95	105	
1171	196	0	0	2	10	11	6	59	69	79	89	99	109	
1172	197	0	0	4	11	12	13	14	6	4	14	24	34	44	54	
1173	197	0	0	4	14	15	16	17	6	1	11	21	31	41	51	
1174	198	0	0	2	13	14	11	1	6	11	16	21	26	31	36	41	46	51	
1175	198	0	0	4	3	4	5	6	11	3	8	13	18	23	28	33	38	43	48	53	
1176	199	0	0	2	14	15	6	3	13	23	33	43	53	
1177	200	0	0	4	11	12	13	14	11	2	7	12	17	22	27	32	37	42	47	52	
1178	200	0	0	4	12	13	14	15	11	1	6	11	16	21	26	31	36	41	46	51	
1179	201	0	0	2	7	8	6	3	13	23	33	43	53	
1180	201	0	0	2	6	7	6	2	12	22	32	42	52	
1181	202	0	0	2	10	11	5	61	71	81	91	101	
1182	203	0	0	2	15	16	6	59	69	79	89	99	109	
1183	203	0	0	2	4	5	6	58	68	78	88	98	108	
1184	204	0	0	2	16	17	6	4	14	24	34	44	54	
1185	204	0	0	2	1	2	6	0	10	20	30	40	50	
1186	205	0	0	4	7	8	9	10	11	2	7	12	17	22	27	32	37	42	47	52	
1187	205	0	0	2	10	11	11	0	5	10	15	20	25	30	35	40	45	50	
1188	205	0	0	2	9	10	11	1	6	11	16	21	26	31	36	41	46	51	
1189	205	0	0	4	6	7	8	9	11	3	8	13	18	23	28	33	38	43	48	53	
1190	206	0	0	4	7	8	9	10	11	57	62	67	72	77	82	87	92	97	102	107	
1191	206	0	0	4	8	9	10	11	11	59	64	69	74	79	84	89	94	99	104	109	
1192	207	0	0	2	16	17	6	4	14	24	34	44	54	
1193	208	0	0	4	11	12	13	14	6	55	65	75	85	95	105	
1194	209	0	0	4	2	3	4	5	6	3	13	23	33	43	53	
1195	210	0	0	2	7	8	11	59	64	69	74	79	84	89	94	99	104	109	
1196	210	0	0	4	11	12	13	14	11	57	62	67	72	77	82	87	92	97	102	107	
1197	211	0	0	4	11	12	13	14	6	4	14	24	34	44	54	
1198	211	0	0	4	11	12	13	14	6	0	10	20	30	40	50	
1199	212	0	0	4	0	1	2	3	6	56	66	76	86	96	106	
1200	213	0	0	2	15	16	5	63	73	83	93	103	
1201	213	0	0	4	12	13	14	15	5	61	71	81	91	101	
1202	213	0	0	4	13	14	15	16	5	60	70	80	90	100	
1203	214	0	0	2	11	12	11	1	6	11	16	21	26	31	36	41	46	51	
1204	214	0	0	4	9	10	11	12	11	2	7	12	17	22	27	32	37	42	47	52	
1205	215	0	0	4	11	12	13	14	11	56	61	66	71	76	81	86	91	96	101	106	
1206	216	0	0	4	3	4	5	6	6	55	65	75	85	95	105	
1207	217	0	0	2	6	7	5	7	17	27	37	47	
1208	217	0	0	4	13	14	15	16	5	8	18	28	38	48	
1209	217	0	0	4	7	8	9	10	5	6	16	26	36	46	
1210	218	0	0	2	7	8	6	59	69	79	89	99	109	
1211	219	0	0	2	9	10	5	6	16	26	36	46	
1212	219	0	0	2	8	9	5	8	18	28	38	48	
1213	220	0	0	4	10	11	12	13	5	6	16	26	36	46	
1214	221	0	0	4	2	3	4	5	6	57	67	77	87	97	107	
1215	221	0	0	4	3	4	5	6	6	55	65	75	85	95	105	
1216	221	0	0	2	7	8	6	56	66	76	86	96	106	
1217	221	0	0	4	14	15	16	17	6	58	68	78	88	98	108	
1218	222	0	0	4	6	7	8	9	6	2	12	22	32	42	52	
1219	222	0	0	2	8	9	6	3	13	23	33	43	53	
1220	223	0	0	2	13	14	6	2	12	22	32	42	52	
1221	223	0	0	2	8	9	6	3	13	23	33	43	53	
1222	224	0	0	2	4	5	6	56	66	76	86	96	106	
1223	224	0	0	4	4	5	6	7	6	55	65	75	85	95	105	
1224	224	0	0	4	12	13	14	15	6	59	69	79	89	99	109	
1225	225	0	0	4	1	2	3	4	6	59	69	79	89	99	109	
1226	225	0	0	4	7	8	9	10	6	58	68	78	88	98	108	
1227	226	0	0	4	11	12	13	14	5	60	70	80	90	100	
1228	226	0	0	2	16	17	5	62	72	82	92	102	
1229	227	0	0	4	3	4	5	6	11	2	7	12	17	22	27	32	37	42	47	52	
1230	228	0	0	4	9	10	11	12	11	56	61	66	71	76	81	86	91	96	101	106	
1231	229	0	0	2	11	12	11	2	7	12	17	22	27	32	37	42	47	52	
1232	229	0	0	4	7	8	9	10	11	1	6	11	16	21	26	31	36	41	46	51	
1233	230	0	0	4	1	2	3	4	11	59	64	69	74	79	84	89	94	99	104	109	
1234	231	0	0	2	14	15	6	59	69	79	89	99	109	
1235	231	0	0	2	8	9	6	58	68	78	88	98	108	
1236	232	0	0	4	1	2	3	4	11	59	64	69	74	79	84	89	94	99	104	109	
1237	233	0	0	4	7	8	9	10	5	5	15	25	35	45	
1238	233	0	0	4	4	5	6	7	5	7	17	27	37	47	
1239	234	0	0	4	12	13	14	15	11	56	61	66	71	76	81	86	91	96	101	106	
1240	234	0	0	2	9	10	11	57	62	67	72	77	82	87	92	97	102	107	
1241	235	0	0	4	4	5	6	7	11	58	63	68	73	78	83	88	93	98	103	108	
1242	236	0	0	2	7	8	6	56	66	76	86	96	106	
1243	237	0	0	2	7	8	11	56	61	66	71	76	81	86	91	96	101	106	
1244	238	0	0	2	3	4	11	55	60	65	70	75	80	85	90	95	100	105	
1245	239	0	0	2	4	5	11	56	61	66	71	76	81	86	91	96	101	106	
1246	239	0	0	2	8	9	11	59	64	69	74	79	84	89	94	99	104	109	
1247	240	0	0	2	12	13	11	55	60	65	70	75	80	85	90	95	100	105	
1248	240	0	0	2	15	16	11	56	61	66	71	76	81	86	91	96	101	106	
1249	241	0	0	2	10	11	11	2	7	12	17	22	27	32	37	42	47	52	
1250	242	0	0	4	11	12	13	14	6	1	11	21	31	41	51	
1251	242	0	0	4	9	10	11	12	6	3	13	23	33	43	53	
1252	242	0	0	2	12	13	6	2	12	22	32	42	52	
1253	243	0	0	2	3	4	6	4	14	24	34	44	54	
1254	244	0	0	4	7	8	9	10	6	56	66	76	86	96	106	
1255	245	0	0	4	7	8	9	10	6	1	11	21	31	41	51	
1256	246	0	0	2	0	1	5	7	17	27	37	47	
1257	247	0	0	2	1	2	6	2	12	22	32	42	52	
1258	248	0	0	2	4	5	6	0	10	20	30	40	50	
1259	249	0	0	4	13	14	15	16	11	3	8	13	18	23	28	33	38	43	48	53	
1260	250	0	0	4	4	5	6	7	5	9	19	29	39	49	
1261	250	0	0	4	9	10	11	12	5	5	15	25	35	45	
1262	251	0	0	2	2	3	11	4	9	14	19	24	29	34	39	44	49	54	
1263	252	0	0	4	11	12	13	14	11	4	9	14	19	24	29	34	39	44	49	54	
1264	252	0	0	4	6	7	8	9	11	1	6	11	16	21	26	31	36	41	46	51	
1265	253	0	0	2	2	3	5	8	18	28	38	48	
1266	253	0	0	4	1	2	3	4	5	5	15	25	35	45	
1267	254	0	0	2	6	7	6	2	12	22	32	42	52	
1268	255	0	0	4	8	9	10	11	5	60	70	80	90	100	
1269	255	0	0	2	7	8	5	62	72	82	92	102	
1270	256	0	0	4	11	12	13	14	6	57	67	77	87	97	107	
1271	256	0	0	4	4	5	6	7	6	58	68	78	88	98	108	
1272	257	0	0	2	2	3	11	57	62	67	72	77	82	87	92	97	102	107	
1273	258	0	0	4	14	15	16	17	6	57	67	77	87	97	107	
1274	258	0	0	2	8	9	6	58	68	78	88	98	108	
1275	259	0	0	4	4	5	6	7	11	57	62	67	72	77	82	87	92	97	102	107	
1276	260	0	0	4	9	10	11	12	6	4	14	24	34	44	54	
1277	261	0	0	2	10	11	11	58	63	68	73	78	83	88	93	98	103	108	
1278	261	0	0	2	3	4	11	55	60	65	70	75	80	85	90	95	100	105	
1279	262	0	0	4	8	9	10	11	5	61	71	81	91	101	
1280	263	0	0	4	7	8	9	10	5	63	73	83	93	103	
1281	263	0	0	2	2	3	5	60	70	80	90	100	
1282	264	0	0	2	13	14	11	55	60	65	70	75	80	85	90	95	100	105	
1283	264	0	0	2	12	13	11	57	62	67	72	77	82	87	92	97	102	107	
1284	265	0	0	4	6	7	8	9	11	59	64	69	74	79	84	89	94	99	104	109	
1285	265	0	0	2	6	7	11	56	61	66	71	76	81	86	91	96	101	106	
1286	266	0	0	2	10	11	11	59	64	69	74	79	84	89	94	99	104	109	
1287	267	0	0	2	5	6	6	56	66	76	86	96	106	
1288	267	0	0	4	1	2	3	4	6	55	65	75	85	95	105	
1289	268	0	0	2	0	1	6	4	14	24	34	44	54	
1290	268	0	0	4	6	7	8	9	6	3	13	23	33	43	53	
1291	269	0	0	2	0	1	11	58	63	68	73	78	83	88	93	98	103	108	
1292	269	0	0	2	7	8	11	57	62	67	72	77	82	87	92	97	102	107	
1293	270	0	0	2	7	8	5	7	17	27	37	47	
1294	270	0	0	2	15	16	5	9	19	29	39	49	
1295	270	0	0	2	11	12	5	5	15	25	35	45	
1296	270	0	0	4	5	6	7	8	5	8	18	28	38	48	
1297	271	0	0	4	4	5	6	7	11	57	62	67	72	77	82	87	92	97	102	107	
1298	271	0	0	4	14	15	16	17	11	56	61	66	71	76	81	86	91	96	101	106	
1299	272	0	0	4	10	11	12	13	6	58	68	78	88	98	108	
1300	272	0	0	2	2	3	6	57	67	77	87	97	107	
1301	272	0	0	4	2	3	4	5	6	55	65	75	85	95	105	
1302	273	0	0	4	14	15	16	17	6	3	13	23	33	43	53	
1303	273	0	0	4	6	7	8	9	6	4	14	24	34	44	54	
1304	274	0	0	2	11	12	11	59	64	69	74	79	84	89	94	99	104	109	
1305	275	0	0	4	7	8	9	10	6	0	10	20	30	40	50	
1306	276	0	0	4	3	4	5	6	5	64	74	84	94	104	
1307	276	0	0	2	13	14	5	63	73	83	93	103	
1308	276	0	0	4	7	8	9	10	5	60	70	80	90	100	
1309	277	0	0	2	4	5	6	3	13	23	33	43	53	
1310	277	0	0	2	10	11	6	1	11	21	31	41	51	
1311	278	0	0	4	5	6	7	8	6	0	10	20	30	40	50	
1312	278	0	0	4	12	13	14	15	6	2	12	22	32	42	52	
1313	279	0	0	4	3	4	5	6	5	62	72	82	92	102	
1314	280	0	0	2	2	3	11	58	63	68	73	78	83	88	93	98	103	108	
1315	281	0	0	2	5	6	6	56	66	76	86	96	106	
1316	281	0	0	2	0	1	6	55	65	75	85	95	105	
1317	282	0	0	2	7	8	5	60	70	80	90	100	
1318	282	0	0	4	9	10	11	12	5	62	72	82	92	102	
1319	283	0	0	2	3	4	6	2	12	22	32	42	52	
1320	283	0	0	4	11	12	13	14	6	0	10	20	30	40	50	
1321	283	0	0	2	8	9	6	1	11	21	31	41	51	
1322	283	0	0	2	11	12	6	3	13	23	33	43	53	
1323	284	0	0	2	5	6	5	63	73	83	93	103	
1324	284	0	0	2	4	5	5	62	72	82	92	102	
1325	285	0	0	4	13	14	15	16	11	55	60	65	70	75	80	85	90	95	100	105	
1326	286	0	0	2	16	17	11	59	64	69	74	79	84	89	94	99	104	109	
1327	286	0	0	2	8	9	11	58	63	68	73	78	83	88	93	98	103	108	
1328	287	0	0	4	0	1	2	3	11	59	64	69	74	79	84	89	94	99	104	109	
1329	288	0	0	2	16	17	6	58	68	78	88	98	108	
1330	288	0	0	4	3	4	5	6	6	55	65	75	85	95	105	
1331	289	0	0	2	8	9	6	2	12	22	32	42	52	
1332	289	0	0	2	15	16	6	4	14	24	34	44	54	
1333	290	0	0	2	7	8	11	59	64	69	74	79	84	89	94	99	104	109	
1334	291	0	0	4	7	8	9	10	6	0	10	20	30	40	50	
1335	291	0	0	2	9	10	6	4	14	24	34	44	54	
1336	292	0	0	2	13	14	6	57	67	77	87	97	107	
1337	293	0	0	4	10	11	12	13	5	64	74	84	94	104	
1338	293	0	0	4	6	7	8	9	5	60	70	80	90	100	
1339	294	0	0	2	15	16	11	59	64	69	74	79	84	89	94	99	104	109	
1340	295	0	0	4	13	14	15	16	11	2	7	12	17	22	27	32	37	42	47	52	
1341	295	0	0	2	12	13	11	1	6	11	16	21	26	31	36	41	46	51	
1342	296	0	0	2	6	7	5	60	70	80	90	100	
1343	296	0	0	4	4	5	6	7	5	64	74	84	94	104	
1344	297	0	0	4	2	3	4	5	5	60	70	80	90	100	
1345	298	0	0	2	3	4	11	56	61	66	71	76	81	86	91	96	101	106	
1346	298	0	0	2	2	3	11	58	63	68	73	78	83	88	93	98	103	108	
1347	298	0	0	4	13	14	15	16	11	55	60	65	70	75	80	85	90	95	100	105	
1348	299	0	0	2	9	10	11	55	60	65	70	75	80	85	90	95	100	105	
1349	300	0	0	2	0	1	11	2	7	12	17	22	27	32	37	42	47	52	
1350	301	0	0	4	0	1	2	3	5	9	19	29	39	49	
1351	302	0	0	2	12	13	11	1	6	11	16	21	26	31	36	41	46	51	
1352	302	0	0	2	16	17	11	0	5	10	15	20	25	30	35	40	45	50	
1353	303	0	0	2	14	15	5	62	72	82	92	102	
1354	303	0	0	4	8	9	10	11	5	64	74	84	94	104	
1355	304	0	0	2	13	14	11	58	63	68	73	78	83	88	93	98	103	108	
1356	305	0	0	2	15	16	6	4	14	24	34	44	54	
1357	306	0	0	4	13	14	15	16	6	1	11	21	31	41	51	
1358	306	0	0	2	3	4	6	3	13	23	33	43	53	
1359	307	0	0	2	4	5	6	1	11	21	31	41	51	
1360	308	0	0	2	0	1	11	55	60	65	70	75	80	85	90	95	100	105	
1361	309	0	0	2	3	4	11	1	6	11	16	21	26	31	36	41	46	51	
1362	309	0	0	2	4	5	11	3	8	13	18	23	28	33	38	43	48	53	
1363	309	0	0	2	2	3	11	4	9	14	19	24	29	34	39	44	49	54	
1364	310	0	0	2	12	13	11	56	61	66	71	76	81	86	91	96	101	106	
1365	311	0	0	2	14	15	6	3	13	23	33	43	53	
1366	312	0	0	2	15	16	6	2	12	22	32	42	52	
1367	313	0	0	2	7	8	11	57	62	67	72	77	82	87	92	97	102	107	
1368	314	0	0	4	6	7	8	9	5	61	71	81	91	101	
1369	315	0	0	2	2	3	5	61	71	81	91	101	
1370	316	0	0	4	14	15	16	17	11	1	6	11	16	21	26	31	36	41	46	51	
1371	316	0	0	4	1	2	3	4	11	0	5	10	15	20	25	30	35	40	45	50	
1372	317	0	0	2	15	16	6	1	11	21	31	41	51	
1373	317	0	0	2	16	17	6	2	12	22	32	42	52	
1374	318	0	0	4	3	4	5	6	11	59	64	69	74	79	84	89	94	99	104	109	
1375	318	0	0	2	0	1	11	56	61	66	71	76	81	86	91	96	101	106	
1376	319	0	0	2	10	11	6	2	12	22	32	42	52	
1377	320	0	0	2	14	15	5	60	70	80	90	100	
1378	320	0	0	2	7	8	5	61	71	81	91	101	
1379	320	0	0	4	1	2	3	4	5	64	74	84	94	104	
1380	321	0	0	2	13	14	5	8	18	28	38	48	
1381	322	0	0	4	13	14	15	16	6	4	14	24	34	44	54	
1382	323	0	0	4	1	2	3	4	5	8	18	28	38	48	
1383	324	0	0	2	13	14	5	63	73	83	93	103	
1384	324	0	0	2	8	9	5	61	71	81	91	101	
1385	324	0	0	2	6	7	5	64	74	84	94	104	
1386	324	0	0	2	13	14	5	62	72	82	92	102	
1387	325	0	0	2	10	11	6	57	67	77	87	97	107	
1388	326	0	0	4	5	6	7	8	5	60	70	80	90	100	
1389	326	0	0	4	8	9	10	11	5	61	71	81	91	101	
1390	326	0	0	2	11	12	5	64	74	84	94	104	
1391	327	0	0	4	6	7	8	9	11	1	6	11	16	21	26	31	36	41	46	51	
1392	327	0	0	2	1	2	11	3	8	13	18	23	28	33	38	43	48	53	
1393	328	0	0	4	8	9	10	11	6	3	13	23	33	43	53	
1394	328	0	0	2	10	11	6	1	11	21	31	41	51	
1395	329	0	0	2	13	14	5	60	70	80	90	100	
1396	330	0	0	2	0	1	11	59	64	69	74	79	84	89	94	99	104	109	
1397	330	0	0	2	8	9	11	55	60	65	70	75	80	85	90	95	100	105	
1398	331	0	0	4	11	12	13	14	6	0	10	20	30	40	50	
1399	332	0	0	2	16	17	5	63	73	83	93	103	
1400	333	0	0	2	13	14	11	3	8	13	18	23	28	33	38	43	48	53	
1401	333	0	0	2	8	9	11	1	6	11	16	21	26	31	36	41	46	51	
1402	333	0	0	2	4	5	11	2	7	12	17	22	27	32	37	42	47	52	
1403	333	0	0	4	11	12	13	14	11	0	5	10	15	20	25	30	35	40	45	50	
1404	334	0	0	2	16	17	11	55	60	65	70	75	80	85	90	95	100	105	
1405	335	0	0	4	0	1	2	3	11	55	60	65	70	75	80	85	90	95	100	105	
1406	336	0	0	4	10	11	12	13	11	58	63	68	73	78	83	88	93	98	103	108	
1407	336	0	0	2	7	8	11	55	60	65	70	75	80	85	90	95	100	105	
1408	336	0	0	2	15	16	11	59	64	69	74	79	84	89	94	99	104	109	
1409	337	0	0	2	8	9	6	3	13	23	33	43	53	
1410	337	0	0	4	10	11	12	13	6	2	12	22	32	42	52	
1411	338	0	0	2	6	7	11	59	64	69	74	79	84	89	94	99	104	109	
1412	338	0	0	4	1	2	3	4	11	56	61	66	71	76	81	86	91	96	101	106	
1413	339	0	0	4	13	14	15	16	6	4	14	24	34	44	54	
1414	339	0	0	4	8	9	10	11	6	1	11	21	31	41	51	
1415	339	0	0	4	4	5	6	7	6	2	12	22	32	42	52	
1416	339	0	0	4	12	13	14	15	6	3	13	23	33	43	53	
1417	340	0	0	4	10	11	12	13	11	4	9	14	19	24	29	34	39	44	49	54	
1418	340	0	0	4	11	12	13	14	11	2	7	12	17	22	27	32	37	42	47	52	
1419	341	0	0	4	1	2	3	4	11	3	8	13	18	23	28	33	38	43	48	53	
1420	342	0	0	2	12	13	6	59	69	79	89	99	109	
1421	342	0	0	2	2	3	6	56	66	76	86	96	106	
1422	343	0	0	2	13	14	6	57	67	77	87	97	107	
1423	344	0	0	2	16	17	5	62	72	82	92	102	
1424	344	0	0	4	3	4	5	6	5	61	71	81	91	101	
1425	345	0	0	4	1	2	3	4	5	8	18	28	38	48	
1426	346	0	0	4	12	13	14	15	5	8	18	28	38	48	
1427	347	0	0	2	15	16	6	3	13	23	33	43	53	
1428	347	0	0	2	8	9	6	4	14	24	34	44	54	
1429	348	0	0	4	9	10	11	12	6	3	13	23	33	43	53	
1430	348	0	0	2	14	15	6	1	11	21	31	41	51	
1431	349	0	0	2	7	8	5	64	74	84	94	104	
1432	350	0	0	2	1	2	6	57	67	77	87	97	107	
1433	351	0	0	2	4	5	5	5	15	25	35	45	
1434	351	0	0	4	8	9	10	11	5	6	16	26	36	46	
1435	351	0	0	2	13	14	5	8	18	28	38	48	
1436	351	0	0	4	0	1	2	3	5	7	17	27	37	47	
1437	352	0	0	2	7	8	6	56	66	76	86	96	106	
1438	352	0	0	2	15	16	6	55	65	75	85	95	105	
1439	352	0	0	4	0	1	2	3	6	57	67	77	87	97	107	
1440	353	0	0	4	1	2	3	4	11	0	5	10	15	20	25	30	35	40	45	50	
1441	353	0	0	4	12	13	14	15	11	3	8	13	18	23	28	33	38	43	48	53	
1442	353	0	0	4	7	8	9	10	11	1	6	11	16	21	26	31	36	41	46	51	
1443	353	0	0	2	5	6	11	2	7	12	17	22	27	32	37	42	47	52	
1444	354	0	0	2	7	8	6	1	11	21	31	41	51	
1445	354	0	0	4	14	15	16	17	6	0	10	20	30	40	50	
1446	355	0	0	2	15	16	6	58	68	78	88	98	108	
1447	355	0	0	4	5	6	7	8	6	56	66	76	86	96	106	
1448	356	0	0	2	2	3	6	2	12	22	32	42	52	
1449	356	0	0	4	8	9	10	11	6	4	14	24	34	44	54	
1450	357	0	0	4	11	12	13	14	11	0	5	10	15	20	25	30	35	40	45	50	
1451	358	0	0	2	4	5	5	62	72	82	92	102	
1452	359	0	0	4	9	10	11	12	6	57	67	77	87	97	107	
1453	360	0	0	4	12	13	14	15	11	3	8	13	18	23	28	33	38	43	48	53	
1454	360	0	0	4	4	5	6	7	11	1	6	11	16	21	26	31	36	41	46	51	
1455	361	0	0	2	6	7	5	60	70	80	90	100	
1456	362	0	0	2	9	10	6	57	67	77	87	97	107	
1457	362	0	0	4	11	12	13	14	6	59	69	79	89	99	109	
1458	363	0	0	4	0	1	2	3	5	7	17	27	37	47	
1459	363	0	0	4	11	12	13	14	5	8	18	28	38	48	
1460	363	0	0	4	4	5	6	7	5	5	15	25	35	45	
1461	363	0	0	4	8	9	10	11	5	6	16	26	36	46	
1462	364	0	0	4	4	5	6	7	5	7	17	27	37	47	
1463	365	0	0	2	14	15	5	7	17	27	37	47	
1464	366	0	0	2	7	8	5	63	73	83	93	103	
1465	367	0	0	2	8	9	6	57	67	77	87	97	107	
1466	367	0	0	2	0	1	6	58	68	78	88	98	108	
1467	368	0	0	2	10	11	5	5	15	25	35	45	
1468	369	0	0	2	8	9	6	0	10	20	30	40	50	
1469	369	0	0	4	8	9	10	11	6	1	11	21	31	41	51	
1470	370	0	0	2	1	2	5	64	74	84	94	104	
1471	370	0	0	2	9	10	5	62	72	82	92	102	
1472	371	0	0	2	16	17	6	58	68	78	88	98	108	
1473	372	0	0	2	10	11	5	8	18	28	38	48	
1474	373	0	0	4	10	11	12	13	6	1	11	21	31	41	51	
1475	374	0	0	2	1	2	11	57	62	67	72	77	82	87	92	97	102	107	
1476	374	0	0	4	4	5	6	7	11	59	64	69	74	79	84	89	94	99	104	109	
1477	375	0	0	2	1	2	6	59	69	79	89	99	109	
1478	375	0	0	2	9	10	6	56	66	76	86	96	106	
1479	376	0	0	2	5	6	5	63	73	83	93	103	
1480	376	0	0	2	9	10	5	60	70	80	90	100	
1481	377	0	0	4	6	7	8	9	11	2	7	12	17	22	27	32	37	42	47	52	
1482	378	0	0	2	1	2	6	56	66	76	86	96	106	
1483	378	0	0	2	6	7	6	57	67	77	87	97	107	
1484	379	0	0	4	14	15	16	17	6	57	67	77	87	97	107	
1485	379	0	0	4	13	14	15	16	6	59	69	79	89	99	109	
1486	379	0	0	2	7	8	6	55	65	75	85	95	105	
1487	380	0	0	4	2	3	4	5	6	4	14	24	34	44	54	
1488	380	0	0	4	10	11	12	13	6	3	13	23	33	43	53	
1489	380	0	0	4	0	1	2	3	6	0	10	20	30	40	50	
1490	381	0	0	2	2	3	5	5	15	25	35	45	
1491	382	0	0	2	10	11	5	64	74	84	94	104	
1492	383	0	0	4	10	11	12	13	5	64	74	84	94	104	
1493	383	0	0	4	0	1	2	3	5	62	72	82	92	102	
1494	384	0	0	4	10	11	12	13	5	9	19	29	39	49	
1495	384	0	0	2	7	8	5	5	15	25	35	45	
1496	385	0	0	2	5	6	5	6	16	26	36	46	
1497	385	0	0	2	1	2	5	5	15	25	35	45	
1498	386	0	0	2	0	1	6	3	13	23	33	43	53	
1499	386	0	0	2	2	3	6	0	10	20	30	40	50	
1500	386	0	0	4	4	5	6	7	6	4	14	24	34	44	54	
1501	387	0	0	4	11	12	13	14	5	62	72	82	92	102	
1502	388	0	0	2	0	1	11	2	7	12	17	22	27	32	37	42	47	52	
1503	388	0	0	2	12	13	11	4	9	14	19	24	29	34	39	44	49	54	
1504	389	0	0	2	6	7	5	7	17	27	37	47	
1505	389	0	0	2	10	11	5	5	15	25	35	45	
1506	390	0	0	2	3	4	11	0	5	10	15	20	25	30	35	40	45	50	
1507	391	0	0	2	14	15	6	0	10	20	30	40	50	
1508	391	0	0	4	10	11	12	13	6	4	14	24	34	44	54	
1509	392	0	0	4	1	2	3	4	11	1	6	11	16	21	26	31	36	41	46	51	
1510	392	0	0	2	5	6	11	0	5	10	15	20	25	30	35	40	45	50	
1511	392	0	0	4	4	5	6	7	11	4	9	14	19	24	29	34	39	44	49	54	
1512	393	0	0	4	5	6	7	8	11	56	61	66	71	76	81	86	91	96	101	106	
1513	394	0	0	4	8	9	10	11	6	4	14	24	34	44	54	
1514	395	0	0	4	9	10	11	12	11	0	5	10	15	20	25	30	35	40	45	50	
1515	395	0	0	2	15	16	11	2	7	12	17	22	27	32	37	42	47	52	
1516	396	0	0	2	16	17	11	57	62	67	72	77	82	87	92	97	102	107	
1517	397	0	0	2	16	17	11	55	60	65	70	75	80	85	90	95	100	105	
1518	398	0	0	4	10	11	12	13	6	59	69	79	89	99	109	
1519	399	0	0	2	2	3	6	0	10	20	30	40	50	

