510
0	0	0	1	1027	
1	1	0	9	1018	1019	1020	1021	1022	1023	1024	1025	1026	
2	5	0	12	1238	1239	1240	1241	1242	1243	1244	1245	1246	1247	1248	1249	
3	10	0	1	815	
4	11	0	7	1452	1453	1454	1455	1456	1457	1458	
5	12	0	18	797	798	799	800	801	802	803	804	805	806	807	808	809	810	811	812	813	814	
6	13	0	24	139	140	141	142	143	144	145	146	147	148	149	150	151	152	153	154	155	156	157	158	159	160	161	162	
7	16	0	7	1130	1131	1132	1133	1134	1135	1136	
8	18	0	1	224	
9	20	0	3	164	165	166	
10	21	0	1	1405	
11	22	0	1	1398	
12	23	0	1	711	
13	25	0	21	117	118	119	120	121	122	123	124	125	126	127	128	129	130	131	132	133	134	135	136	137	
14	27	0	24	1180	1181	1182	1183	1184	1185	1186	1187	1188	1189	1190	1191	1192	1193	1194	1195	1196	1197	1198	1199	1200	1201	1202	1203	
15	28	0	1	579	
16	30	0	15	1219	1220	1221	1222	1223	1224	1225	1226	1227	1228	1229	1230	1231	1232	1233	
17	36	0	1	1009	
18	37	0	3	760	761	762	
19	38	0	1	989	
20	39	0	15	1289	1290	1291	1292	1293	1294	1295	1296	1297	1298	1299	1300	1301	1302	1303	
21	41	0	1	409	
22	42	0	1	709	
23	47	0	15	370	371	372	373	374	375	376	377	378	379	380	381	382	383	384	
24	52	0	24	610	611	612	613	614	615	616	617	618	619	620	621	622	623	624	625	626	627	628	629	630	631	632	633	
25	53	0	1	472	
26	56	0	18	846	847	848	849	850	851	852	853	854	855	856	857	858	859	860	861	862	863	
27	59	0	18	935	936	937	938	939	940	941	942	943	944	945	946	947	948	949	950	951	952	
28	66	0	3	996	997	998	
29	69	0	1	785	
30	72	0	1	448	
31	73	0	7	1480	1481	1482	1483	1484	1485	1486	
32	74	0	15	1383	1384	1385	1386	1387	1388	1389	1390	1391	1392	1393	1394	1395	1396	1397	
33	76	0	15	203	204	205	206	207	208	209	210	211	212	213	214	215	216	217	
34	78	0	3	1555	1556	1557	
35	80	0	9	411	412	413	414	415	416	417	418	419	
36	81	0	3	1377	1378	1379	
37	82	0	7	498	499	500	501	502	503	504	
38	83	0	1	2	
39	85	0	7	20	21	22	23	24	25	26	
40	88	0	18	873	874	875	876	877	878	879	880	881	882	883	884	885	886	887	888	889	890	
41	89	0	1	1071	
42	90	0	21	48	49	50	51	52	53	54	55	56	57	58	59	60	61	62	63	64	65	66	67	68	
43	93	0	1	1531	
44	94	0	1	3	
45	95	0	3	753	754	755	
46	96	0	1	184	
47	97	0	21	310	311	312	313	314	315	316	317	318	319	320	321	322	323	324	325	326	327	328	329	330	
48	100	0	15	370	371	372	373	374	375	376	377	378	379	380	381	382	383	384	
49	101	0	9	357	358	359	360	361	362	363	364	365	
50	105	0	15	340	341	342	343	344	345	346	347	348	349	350	351	352	353	354	
51	106	0	1	770	
52	107	0	1	1406	
53	109	0	18	658	659	660	661	662	663	664	665	666	667	668	669	670	671	672	673	674	675	
54	112	0	15	1051	1052	1053	1054	1055	1056	1057	1058	1059	1060	1061	1062	1063	1064	1065	
55	113	0	21	893	894	895	896	897	898	899	900	901	902	903	904	905	906	907	908	909	910	911	912	913	
56	114	0	1	1129	
57	116	0	12	916	917	918	919	920	921	922	923	924	925	926	927	
58	117	0	1	1251	
59	120	0	1	1350	
60	122	0	3	771	772	773	
61	124	0	1	656	
62	126	0	7	295	296	297	298	299	300	301	
63	131	0	1	835	
64	133	0	1	1451	
65	134	0	1	115	
66	135	0	1	420	
67	137	0	7	491	492	493	494	495	496	497	
68	140	0	21	117	118	119	120	121	122	123	124	125	126	127	128	129	130	131	132	133	134	135	136	137	
69	141	0	21	387	388	389	390	391	392	393	394	395	396	397	398	399	400	401	402	403	404	405	406	407	
70	144	0	12	456	457	458	459	460	461	462	463	464	465	466	467	
71	146	0	18	1319	1320	1321	1322	1323	1324	1325	1326	1327	1328	1329	1330	1331	1332	1333	1334	1335	1336	
72	147	0	3	634	635	636	
73	148	0	1	1404	
74	149	0	1	1127	
75	150	0	18	1319	1320	1321	1322	1323	1324	1325	1326	1327	1328	1329	1330	1331	1332	1333	1334	1335	1336	
76	151	0	24	1487	1488	1489	1490	1491	1492	1493	1494	1495	1496	1497	1498	1499	1500	1501	1502	1503	1504	1505	1506	1507	1508	1509	1510	
77	153	0	1	843	
78	157	0	1	1125	
79	158	0	1	408	
80	159	0	1	1399	
81	161	0	18	690	691	692	693	694	695	696	697	698	699	700	701	702	703	704	705	706	707	
82	163	0	7	227	228	229	230	231	232	233	
83	164	0	3	1339	1340	1341	
84	166	0	1	34	
85	167	0	1	1010	
86	168	0	1	1250	
87	171	0	15	370	371	372	373	374	375	376	377	378	379	380	381	382	383	384	
88	174	0	18	873	874	875	876	877	878	879	880	881	882	883	884	885	886	887	888	889	890	
89	176	0	12	456	457	458	459	460	461	462	463	464	465	466	467	
90	177	0	9	411	412	413	414	415	416	417	418	419	
91	178	0	1	1000	
92	180	0	1	425	
93	181	0	7	864	865	866	867	868	869	870	
94	185	0	1	710	
95	186	0	1	1479	
96	188	0	15	1462	1463	1464	1465	1466	1467	1468	1469	1470	1471	1472	1473	1474	1475	1476	
97	189	0	1	471	
98	192	0	15	1289	1290	1291	1292	1293	1294	1295	1296	1297	1298	1299	1300	1301	1302	1303	
99	193	0	1	505	
100	194	0	7	262	263	264	265	266	267	268	
101	195	0	1	844	
102	196	0	1	1098	
103	199	0	1	1376	
104	201	0	1	1179	
105	205	0	21	1030	1031	1032	1033	1034	1035	1036	1037	1038	1039	1040	1041	1042	1043	1044	1045	1046	1047	1048	1049	1050	
106	207	0	1	489	
107	208	0	7	41	42	43	44	45	46	47	
108	215	0	1	751	
109	216	0	15	1137	1138	1139	1140	1141	1142	1143	1144	1145	1146	1147	1148	1149	1150	1151	
110	220	0	1	784	
111	221	0	12	916	917	918	919	920	921	922	923	924	925	926	927	
112	222	0	18	1512	1513	1514	1515	1516	1517	1518	1519	1520	1521	1522	1523	1524	1525	1526	1527	1528	1529	
113	225	0	3	191	192	193	
114	230	0	1	988	
115	232	0	1	1445	
116	233	0	1	1265	
117	234	0	1	931	
118	235	0	12	100	101	102	103	104	105	106	107	108	109	110	111	
119	236	0	15	971	972	973	974	975	976	977	978	979	980	981	982	983	984	985	
120	237	0	1	1206	
121	238	0	1	915	
122	242	0	1	786	
123	243	0	18	1319	1320	1321	1322	1323	1324	1325	1326	1327	1328	1329	1330	1331	1332	1333	1334	1335	1336	
124	245	0	18	1533	1534	1535	1536	1537	1538	1539	1540	1541	1542	1543	1544	1545	1546	1547	1548	1549	1550	
125	246	0	1	986	
126	248	0	1	577	
127	249	0	9	1253	1254	1255	1256	1257	1258	1259	1260	1261	
128	250	0	1	1128	
129	251	0	1	303	
130	255	0	24	583	584	585	586	587	588	589	590	591	592	593	594	595	596	597	598	599	600	601	602	603	604	605	606	
131	256	0	21	523	524	525	526	527	528	529	530	531	532	533	534	535	536	537	538	539	540	541	542	543	
132	257	0	1	294	
133	261	0	12	1266	1267	1268	1269	1270	1271	1272	1273	1274	1275	1276	1277	
134	270	0	3	69	70	71	
135	272	0	1	891	
136	273	0	15	1051	1052	1053	1054	1055	1056	1057	1058	1059	1060	1061	1062	1063	1064	1065	
137	276	0	1	369	
138	278	0	1	1209	
139	279	0	21	1030	1031	1032	1033	1034	1035	1036	1037	1038	1039	1040	1041	1042	1043	1044	1045	1046	1047	1048	1049	1050	
140	280	0	1	1448	
141	281	0	21	72	73	74	75	76	77	78	79	80	81	82	83	84	85	86	87	88	89	90	91	92	
142	282	0	15	1219	1220	1221	1222	1223	1224	1225	1226	1227	1228	1229	1230	1231	1232	1233	
143	283	0	1	309	
144	284	0	18	690	691	692	693	694	695	696	697	698	699	700	701	702	703	704	705	706	707	
145	286	0	1	581	
146	287	0	1	930	
147	288	0	24	610	611	612	613	614	615	616	617	618	619	620	621	622	623	624	625	626	627	628	629	630	631	632	633	
148	289	0	18	690	691	692	693	694	695	696	697	698	699	700	701	702	703	704	705	706	707	
149	291	0	9	252	253	254	255	256	257	258	259	260	
150	292	0	1	1068	
151	293	0	1	1153	
152	295	0	1	520	
153	296	0	18	797	798	799	800	801	802	803	804	805	806	807	808	809	810	811	812	813	814	
154	301	0	1	410	
155	304	0	1	1264	
156	305	0	9	167	168	169	170	171	172	173	174	175	
157	306	0	7	441	442	443	444	445	446	447	
158	308	0	12	957	958	959	960	961	962	963	964	965	966	967	968	
159	309	0	7	1429	1430	1431	1432	1433	1434	1435	
160	311	0	1	1403	
161	313	0	1	1460	
162	314	0	1	385	
163	315	0	21	48	49	50	51	52	53	54	55	56	57	58	59	60	61	62	63	64	65	66	67	68	
164	317	0	15	271	272	273	274	275	276	277	278	279	280	281	282	283	284	285	
165	319	0	1	186	
166	320	0	1	251	
167	322	0	1	646	
168	323	0	1	332	
169	324	0	7	647	648	649	650	651	652	653	
170	326	0	1	522	
171	327	0	15	473	474	475	476	477	478	479	480	481	482	483	484	485	486	487	
172	328	0	1	1067	
173	330	0	1	567	
174	331	0	7	1436	1437	1438	1439	1440	1441	1442	
175	333	0	1	1342	
176	334	0	1	1478	
177	335	0	7	776	777	778	779	780	781	782	
178	336	0	1	1407	
179	337	0	9	1108	1109	1110	1111	1112	1113	1114	1115	1116	
180	340	0	15	1219	1220	1221	1222	1223	1224	1225	1226	1227	1228	1229	1230	1231	1232	1233	
181	343	0	1	40	
182	344	0	7	1118	1119	1120	1121	1122	1123	1124	
183	346	0	7	1084	1085	1086	1087	1088	1089	1090	
184	348	0	1	816	
185	350	0	24	139	140	141	142	143	144	145	146	147	148	149	150	151	152	153	154	155	156	157	158	159	160	161	162	
186	351	0	18	846	847	848	849	850	851	852	853	854	855	856	857	858	859	860	861	862	863	
187	352	0	1	914	
188	353	0	21	893	894	895	896	897	898	899	900	901	902	903	904	905	906	907	908	909	910	911	912	913	
189	355	0	1	176	
190	356	0	1	759	
191	357	0	9	787	788	789	790	791	792	793	794	795	
192	358	0	1	953	
193	360	0	21	310	311	312	313	314	315	316	317	318	319	320	321	322	323	324	325	326	327	328	329	330	
194	361	0	12	957	958	959	960	961	962	963	964	965	966	967	968	
195	362	0	3	1006	1007	1008	
196	364	0	1	421	
197	365	0	9	1253	1254	1255	1256	1257	1258	1259	1260	1261	
198	366	0	1	244	
199	367	0	21	117	118	119	120	121	122	123	124	125	126	127	128	129	130	131	132	133	134	135	136	137	
200	370	0	1	1234	
201	371	0	1	1117	
202	372	0	1	223	
203	374	0	1	1029	
204	375	0	21	387	388	389	390	391	392	393	394	395	396	397	398	399	400	401	402	403	404	405	406	407	
205	376	0	21	310	311	312	313	314	315	316	317	318	319	320	321	322	323	324	325	326	327	328	329	330	
206	381	0	18	658	659	660	661	662	663	664	665	666	667	668	669	670	671	672	673	674	675	
207	384	0	1	1028	
208	385	0	1	222	
209	386	0	1	1551	
210	393	0	1	571	
211	396	0	15	818	819	820	821	822	823	824	825	826	827	828	829	830	831	832	
212	397	0	1	1176	
213	398	0	1	1156	
214	400	0	1	1408	
215	401	0	1	245	
216	404	0	1	290	
217	406	0	7	333	334	335	336	337	338	339	
218	408	0	1	720	
219	409	0	1	367	
220	413	0	12	1072	1073	1074	1075	1076	1077	1078	1079	1080	1081	1082	1083	
221	414	0	24	1180	1181	1182	1183	1184	1185	1186	1187	1188	1189	1190	1191	1192	1193	1194	1195	1196	1197	1198	1199	1200	1201	1202	1203	
222	415	0	12	1266	1267	1268	1269	1270	1271	1272	1273	1274	1275	1276	1277	
223	416	0	1	871	
224	419	0	1	201	
225	421	0	18	1512	1513	1514	1515	1516	1517	1518	1519	1520	1521	1522	1523	1524	1525	1526	1527	1528	1529	
226	423	0	1	455	
227	424	0	1	521	
228	426	0	3	468	469	470	
229	429	0	1	1530	
230	432	0	1	1279	
231	433	0	1	1069	
232	436	0	1	437	
233	438	0	1	1166	
234	440	0	15	1051	1052	1053	1054	1055	1056	1057	1058	1059	1060	1061	1062	1063	1064	1065	
235	441	0	1	1070	
236	442	0	1	752	
237	444	0	1	796	
238	445	0	1	578	
239	447	0	1	566	
240	448	0	12	676	677	678	679	680	681	682	683	684	685	686	687	
241	449	0	24	1180	1181	1182	1183	1184	1185	1186	1187	1188	1189	1190	1191	1192	1193	1194	1195	1196	1197	1198	1199	1200	1201	1202	1203	
242	450	0	12	1072	1073	1074	1075	1076	1077	1078	1079	1080	1081	1082	1083	
243	451	0	3	607	608	609	
244	452	0	1	1205	
245	454	0	3	572	573	574	
246	455	0	18	935	936	937	938	939	940	941	942	943	944	945	946	947	948	949	950	951	952	
247	456	0	1	1005	
248	459	0	1	1178	
249	460	0	1	688	
250	461	0	15	203	204	205	206	207	208	209	210	211	212	213	214	215	216	217	
251	463	0	1	842	
252	464	0	21	48	49	50	51	52	53	54	55	56	57	58	59	60	61	62	63	64	65	66	67	68	
253	467	0	15	340	341	342	343	344	345	346	347	348	349	350	351	352	353	354	
254	468	0	24	1487	1488	1489	1490	1491	1492	1493	1494	1495	1496	1497	1498	1499	1500	1501	1502	1503	1504	1505	1506	1507	1508	1509	1510	
255	469	0	7	1343	1344	1345	1346	1347	1348	1349	
256	471	0	1	837	
257	473	0	15	4	5	6	7	8	9	10	11	12	13	14	15	16	17	18	
258	474	0	24	1487	1488	1489	1490	1491	1492	1493	1494	1495	1496	1497	1498	1499	1500	1501	1502	1503	1504	1505	1506	1507	1508	1509	1510	
259	475	0	1	1459	
260	477	0	7	194	195	196	197	198	199	200	
261	479	0	12	1238	1239	1240	1241	1242	1243	1244	1245	1246	1247	1248	1249	
262	480	0	1	995	
263	482	0	1	841	
264	484	0	9	252	253	254	255	256	257	258	259	260	
265	489	0	3	1172	1173	1174	
266	490	0	1	1446	
267	494	0	1	1158	
268	495	0	18	846	847	848	849	850	851	852	853	854	855	856	857	858	859	860	861	862	863	
269	497	0	1	1443	
270	499	0	1	1351	
271	502	0	1	817	
272	504	0	1	269	
273	507	0	7	763	764	765	766	767	768	769	
274	509	0	12	676	677	678	679	680	681	682	683	684	685	686	687	
275	510	0	1	783	
276	516	0	1	506	
277	519	0	9	1018	1019	1020	1021	1022	1023	1024	1025	1026	
278	522	0	7	27	28	29	30	31	32	33	
279	523	0	3	286	287	288	
280	524	0	1	1235	
281	525	0	1	308	
282	527	0	15	271	272	273	274	275	276	277	278	279	280	281	282	283	284	285	
283	529	0	18	935	936	937	938	939	940	941	942	943	944	945	946	947	948	949	950	951	952	
284	530	0	3	452	453	454	
285	531	0	1	933	
286	533	0	1	1444	
287	535	0	24	1352	1353	1354	1355	1356	1357	1358	1359	1360	1361	1362	1363	1364	1365	1366	1367	1368	1369	1370	1371	1372	1373	1374	1375	
288	540	0	1	138	
289	541	0	1	331	
290	542	0	21	1030	1031	1032	1033	1034	1035	1036	1037	1038	1039	1040	1041	1042	1043	1044	1045	1046	1047	1048	1049	1050	
291	547	0	1	226	
292	549	0	15	818	819	820	821	822	823	824	825	826	827	828	829	830	831	832	
293	550	0	1	1447	
294	551	0	1	1554	
295	554	0	1	202	
296	557	0	18	797	798	799	800	801	802	803	804	805	806	807	808	809	810	811	812	813	814	
297	558	0	1	1204	
298	559	0	1	715	
299	563	0	3	838	839	840	
300	565	0	21	523	524	525	526	527	528	529	530	531	532	533	534	535	536	537	538	539	540	541	542	543	
301	566	0	7	426	427	428	429	430	431	432	
302	570	0	1	289	
303	572	0	1	757	
304	573	0	15	1462	1463	1464	1465	1466	1467	1468	1469	1470	1471	1472	1473	1474	1475	1476	
305	574	0	15	4	5	6	7	8	9	10	11	12	13	14	15	16	17	18	
306	576	0	1	1	
307	578	0	1	163	
308	583	0	3	305	306	307	
309	584	0	1	488	
310	589	0	7	93	94	95	96	97	98	99	
311	591	0	15	473	474	475	476	477	478	479	480	481	482	483	484	485	486	487	
312	592	0	1	1207	
313	593	0	21	310	311	312	313	314	315	316	317	318	319	320	321	322	323	324	325	326	327	328	329	330	
314	594	0	12	544	545	546	547	548	549	550	551	552	553	554	555	
315	597	0	1	575	
316	600	0	1	366	
317	601	0	1	576	
318	602	0	1	218	
319	604	0	1	250	
320	605	0	7	722	723	724	725	726	727	728	
321	606	0	1	928	
322	613	0	9	557	558	559	560	561	562	563	564	565	
323	616	0	3	568	569	570	
324	617	0	3	112	113	114	
325	618	0	24	583	584	585	586	587	588	589	590	591	592	593	594	595	596	597	598	599	600	601	602	603	604	605	606	
326	620	0	1	638	
327	621	0	1	1553	
328	622	0	18	1512	1513	1514	1515	1516	1517	1518	1519	1520	1521	1522	1523	1524	1525	1526	1527	1528	1529	
329	623	0	1	712	
330	628	0	1	655	
331	630	0	24	1352	1353	1354	1355	1356	1357	1358	1359	1360	1361	1362	1363	1364	1365	1366	1367	1368	1369	1370	1371	1372	1373	1374	1375	
332	631	0	24	1352	1353	1354	1355	1356	1357	1358	1359	1360	1361	1362	1363	1364	1365	1366	1367	1368	1369	1370	1371	1372	1373	1374	1375	
333	632	0	1	1218	
334	636	0	1	1154	
335	637	0	1	1157	
336	640	0	24	139	140	141	142	143	144	145	146	147	148	149	150	151	152	153	154	155	156	157	158	159	160	161	162	
337	642	0	1	719	
338	644	0	7	1210	1211	1212	1213	1214	1215	1216	
339	645	0	1	1237	
340	649	0	3	1102	1103	1104	
341	651	0	1	833	
342	656	0	9	167	168	169	170	171	172	173	174	175	
343	659	0	15	271	272	273	274	275	276	277	278	279	280	281	282	283	284	285	
344	661	0	1	249	
345	662	0	1	302	
346	663	0	1	1288	
347	664	0	24	583	584	585	586	587	588	589	590	591	592	593	594	595	596	597	598	599	600	601	602	603	604	605	606	
348	669	0	1	999	
349	670	0	7	1305	1306	1307	1308	1309	1310	1311	
350	671	0	1	243	
351	673	0	7	1159	1160	1161	1162	1163	1164	1165	
352	674	0	21	387	388	389	390	391	392	393	394	395	396	397	398	399	400	401	402	403	404	405	406	407	
353	677	0	7	177	178	179	180	181	182	183	
354	678	0	1	261	
355	680	0	1	872	
356	683	0	18	658	659	660	661	662	663	664	665	666	667	668	669	670	671	672	673	674	675	
357	687	0	1	304	
358	688	0	1	1280	
359	689	0	1	1208	
360	691	0	15	203	204	205	206	207	208	209	210	211	212	213	214	215	216	217	
361	692	0	1	449	
362	694	0	3	246	247	248	
363	695	0	1	189	
364	696	0	7	1011	1012	1013	1014	1015	1016	1017	
365	698	0	1	1532	
366	700	0	1	775	
367	702	0	15	818	819	820	821	822	823	824	825	826	827	828	829	830	831	832	
368	704	0	21	1030	1031	1032	1033	1034	1035	1036	1037	1038	1039	1040	1041	1042	1043	1044	1045	1046	1047	1048	1049	1050	
369	707	0	1	991	
370	709	0	3	422	423	424	
371	710	0	1	758	
372	711	0	1	836	
373	713	0	1	987	
374	714	0	1	721	
375	720	0	1	433	
376	722	0	1	990	
377	723	0	1	1126	
378	725	0	9	557	558	559	560	561	562	563	564	565	
379	726	0	7	1312	1313	1314	1315	1316	1317	1318	
380	728	0	15	971	972	973	974	975	976	977	978	979	980	981	982	983	984	985	
381	730	0	21	523	524	525	526	527	528	529	530	531	532	533	534	535	536	537	538	539	540	541	542	543	
382	735	0	1	356	
383	738	0	24	610	611	612	613	614	615	616	617	618	619	620	621	622	623	624	625	626	627	628	629	630	631	632	633	
384	743	0	1	19	
385	745	0	21	48	49	50	51	52	53	54	55	56	57	58	59	60	61	62	63	64	65	66	67	68	
386	749	0	15	1383	1384	1385	1386	1387	1388	1389	1390	1391	1392	1393	1394	1395	1396	1397	
387	751	0	7	737	738	739	740	741	742	743	
388	752	0	3	219	220	221	
389	755	0	1	490	
390	757	0	18	1533	1534	1535	1536	1537	1538	1539	1540	1541	1542	1543	1544	1545	1546	1547	1548	1549	1550	
391	758	0	1	1262	
392	762	0	3	1400	1401	1402	
393	763	0	1	190	
394	765	0	1	970	
395	768	0	3	1167	1168	1169	
396	770	0	1	1428	
397	771	0	1	1278	
398	772	0	15	473	474	475	476	477	478	479	480	481	482	483	484	485	486	487	
399	778	0	9	234	235	236	237	238	239	240	241	242	
400	779	0	21	72	73	74	75	76	77	78	79	80	81	82	83	84	85	86	87	88	89	90	91	92	
401	780	0	1	451	
402	782	0	15	1137	1138	1139	1140	1141	1142	1143	1144	1145	1146	1147	1148	1149	1150	1151	
403	784	0	9	357	358	359	360	361	362	363	364	365	
404	786	0	21	893	894	895	896	897	898	899	900	901	902	903	904	905	906	907	908	909	910	911	912	913	
405	787	0	24	1180	1181	1182	1183	1184	1185	1186	1187	1188	1189	1190	1191	1192	1193	1194	1195	1196	1197	1198	1199	1200	1201	1202	1203	
406	788	0	1	1450	
407	790	0	1	36	
408	791	0	7	639	640	641	642	643	644	645	
409	793	0	1	556	
410	795	0	1	355	
411	796	0	1	654	
412	798	0	24	1487	1488	1489	1490	1491	1492	1493	1494	1495	1496	1497	1498	1499	1500	1501	1502	1503	1504	1505	1506	1507	1508	1509	1510	
413	799	0	1	1217	
414	802	0	3	37	38	39	
415	805	0	1	892	
416	806	0	1	225	
417	810	0	18	873	874	875	876	877	878	879	880	881	882	883	884	885	886	887	888	889	890	
418	811	0	1	1001	
419	812	0	15	1289	1290	1291	1292	1293	1294	1295	1296	1297	1298	1299	1300	1301	1302	1303	
420	814	0	1	270	
421	815	0	1	969	
422	816	0	24	139	140	141	142	143	144	145	146	147	148	149	150	151	152	153	154	155	156	157	158	159	160	161	162	
423	821	0	7	729	730	731	732	733	734	735	
424	823	0	3	1002	1003	1004	
425	826	0	1	1175	
426	828	0	1	1066	
427	829	0	1	657	
428	831	0	1	35	
429	832	0	3	1105	1106	1107	
430	834	0	1	932	
431	835	0	1	435	
432	837	0	1	1337	
433	838	0	1	450	
434	840	0	18	1410	1411	1412	1413	1414	1415	1416	1417	1418	1419	1420	1421	1422	1423	1424	1425	1426	1427	
435	842	0	9	234	235	236	237	238	239	240	241	242	
436	843	0	12	507	508	509	510	511	512	513	514	515	516	517	518	
437	845	0	1	714	
438	847	0	3	1099	1100	1101	
439	849	0	1	185	
440	852	0	12	544	545	546	547	548	549	550	551	552	553	554	555	
441	853	0	21	387	388	389	390	391	392	393	394	395	396	397	398	399	400	401	402	403	404	405	406	407	
442	856	0	3	291	292	293	
443	861	0	15	1137	1138	1139	1140	1141	1142	1143	1144	1145	1146	1147	1148	1149	1150	1151	
444	862	0	1	368	
445	863	0	24	583	584	585	586	587	588	589	590	591	592	593	594	595	596	597	598	599	600	601	602	603	604	605	606	
446	866	0	1	1252	
447	867	0	1	708	
448	868	0	21	72	73	74	75	76	77	78	79	80	81	82	83	84	85	86	87	88	89	90	91	92	
449	869	0	15	4	5	6	7	8	9	10	11	12	13	14	15	16	17	18	
450	874	0	3	716	717	718	
451	875	0	18	1533	1534	1535	1536	1537	1538	1539	1540	1541	1542	1543	1544	1545	1546	1547	1548	1549	1550	
452	876	0	7	1091	1092	1093	1094	1095	1096	1097	
453	877	0	1	116	
454	879	0	12	507	508	509	510	511	512	513	514	515	516	517	518	
455	880	0	1	1170	
456	881	0	1	713	
457	882	0	1	519	
458	884	0	3	992	993	994	
459	885	0	1	1338	
460	886	0	1	386	
461	888	0	9	787	788	789	790	791	792	793	794	795	
462	889	0	1	1511	
463	890	0	12	100	101	102	103	104	105	106	107	108	109	110	111	
464	893	0	1	1152	
465	894	0	1	580	
466	895	0	15	340	341	342	343	344	345	346	347	348	349	350	351	352	353	354	
467	897	0	1	188	
468	902	0	21	893	894	895	896	897	898	899	900	901	902	903	904	905	906	907	908	909	910	911	912	913	
469	906	0	9	1108	1109	1110	1111	1112	1113	1114	1115	1116	
470	909	0	1	187	
471	911	0	1	1409	
472	912	0	1	1477	
473	913	0	18	1410	1411	1412	1413	1414	1415	1416	1417	1418	1419	1420	1421	1422	1423	1424	1425	1426	1427	
474	914	0	1	1155	
475	916	0	1	1236	
476	923	0	1	756	
477	926	0	21	72	73	74	75	76	77	78	79	80	81	82	83	84	85	86	87	88	89	90	91	92	
478	931	0	1	1449	
479	934	0	1	834	
480	935	0	1	774	
481	936	0	1	689	
482	937	0	1	637	
483	938	0	3	954	955	956	
484	939	0	24	610	611	612	613	614	615	616	617	618	619	620	621	622	623	624	625	626	627	628	629	630	631	632	633	
485	940	0	3	438	439	440	
486	942	0	1	845	
487	944	0	1	1461	
488	945	0	21	523	524	525	526	527	528	529	530	531	532	533	534	535	536	537	538	539	540	541	542	543	
489	946	0	1	736	
490	947	0	1	1171	
491	949	0	15	1462	1463	1464	1465	1466	1467	1468	1469	1470	1471	1472	1473	1474	1475	1476	
492	950	0	1	0	
493	952	0	7	1281	1282	1283	1284	1285	1286	1287	
494	954	0	3	1380	1381	1382	
495	955	0	1	934	
496	956	0	7	744	745	746	747	748	749	750	
497	959	0	21	117	118	119	120	121	122	123	124	125	126	127	128	129	130	131	132	133	134	135	136	137	
498	960	0	1	929	
499	964	0	24	1352	1353	1354	1355	1356	1357	1358	1359	1360	1361	1362	1363	1364	1365	1366	1367	1368	1369	1370	1371	1372	1373	1374	1375	
500	972	0	1	1263	
501	973	0	15	1383	1384	1385	1386	1387	1388	1389	1390	1391	1392	1393	1394	1395	1396	1397	
502	976	0	1	1552	
503	979	0	1	1304	
504	980	0	15	971	972	973	974	975	976	977	978	979	980	981	982	983	984	985	
505	981	0	1	436	
506	985	0	18	1410	1411	1412	1413	1414	1415	1416	1417	1418	1419	1420	1421	1422	1423	1424	1425	1426	1427	
507	987	0	1	1177	
508	988	0	1	582	
509	999	0	1	434	
