2028	1628	400
0	0	2	5	1	0	
1	1	2	6	1	1	
2	2	2	12	1	2	
3	3	1	5	1	3	
4	4	1	5	1	4	
5	4	1	10	2	4	5	
6	4	1	15	3	4	5	6	
7	4	1	5	1	5	
8	4	1	10	2	5	6	
9	4	1	15	3	5	6	7	
10	4	1	5	1	6	
11	4	1	10	2	6	7	
12	4	1	15	3	6	7	8	
13	4	1	5	1	7	
14	4	1	10	2	7	8	
15	4	1	15	3	7	8	9	
16	4	1	5	1	8	
17	4	1	10	2	8	9	
18	4	1	15	3	8	9	10	
19	4	1	5	1	9	
20	4	1	10	2	9	10	
21	4	1	5	1	10	
22	5	1	12	1	11	
23	6	1	6	1	12	
24	7	1	5	1	13	
25	8	2	5	1	14	
26	9	1	10	1	15	
27	9	1	20	2	15	16	
28	9	1	10	1	16	
29	10	1	6	1	17	
30	11	1	11	1	18	
31	12	1	11	1	19	
32	12	1	22	2	19	20	
33	12	1	33	3	19	20	21	
34	12	1	11	1	20	
35	12	1	22	2	20	21	
36	12	1	33	3	20	21	22	
37	12	1	11	1	21	
38	12	1	22	2	21	22	
39	12	1	33	3	21	22	23	
40	12	1	11	1	22	
41	12	1	22	2	22	23	
42	12	1	33	3	22	23	24	
43	12	1	11	1	23	
44	12	1	22	2	23	24	
45	12	1	11	1	24	
46	13	2	11	1	25	
47	14	2	6	1	26	
48	15	2	6	1	27	
49	16	2	5	1	28	
50	17	2	6	1	29	
51	18	1	22	1	30	
52	19	1	6	1	31	
53	20	2	11	1	32	
54	20	2	33	2	32	33	
55	20	2	22	1	33	
56	21	2	6	1	34	
57	22	1	6	1	35	
58	23	2	5	1	36	
59	23	2	10	2	36	37	
60	23	2	15	3	36	37	38	
61	23	2	5	1	37	
62	23	2	10	2	37	38	
63	23	2	15	3	37	38	39	
64	23	2	5	1	38	
65	23	2	10	2	38	39	
66	23	2	15	3	38	39	40	
67	23	2	5	1	39	
68	23	2	10	2	39	40	
69	23	2	15	3	39	40	41	
70	23	2	5	1	40	
71	23	2	10	2	40	41	
72	23	2	15	3	40	41	42	
73	23	2	5	1	41	
74	23	2	10	2	41	42	
75	23	2	15	3	41	42	43	
76	23	2	5	1	42	
77	23	2	10	2	42	43	
78	23	2	5	1	43	
79	24	2	5	1	44	
80	25	2	5	1	45	
81	25	2	10	2	45	46	
82	25	2	5	1	46	
83	26	2	22	1	47	
84	27	2	6	1	48	
85	28	1	11	1	49	
86	28	1	22	2	49	50	
87	28	1	33	3	49	50	51	
88	28	1	11	1	50	
89	28	1	22	2	50	51	
90	28	1	33	3	50	51	52	
91	28	1	11	1	51	
92	28	1	22	2	51	52	
93	28	1	33	3	51	52	53	
94	28	1	11	1	52	
95	28	1	22	2	52	53	
96	28	1	33	3	52	53	54	
97	28	1	11	1	53	
98	28	1	22	2	53	54	
99	28	1	33	3	53	54	55	
100	28	1	11	1	54	
101	28	1	22	2	54	55	
102	28	1	33	3	54	55	56	
103	28	1	11	1	55	
104	28	1	22	2	55	56	
105	28	1	11	1	56	
106	29	2	5	1	57	
107	30	1	5	1	58	
108	31	2	11	1	59	
109	32	1	6	1	60	
110	33	2	5	1	61	
111	34	2	11	1	62	
112	34	2	22	2	62	63	
113	34	2	33	3	62	63	64	
114	34	2	11	1	63	
115	34	2	22	2	63	64	
116	34	2	33	3	63	64	65	
117	34	2	11	1	64	
118	34	2	22	2	64	65	
119	34	2	33	3	64	65	66	
120	34	2	11	1	65	
121	34	2	22	2	65	66	
122	34	2	11	1	66	
123	35	2	11	1	67	
124	36	1	5	1	68	
125	37	2	5	1	69	
126	38	1	6	1	70	
127	39	1	11	1	71	
128	40	2	11	1	72	
129	41	2	22	1	73	
130	42	2	6	1	74	
131	42	2	12	2	74	75	
132	42	2	18	3	74	75	76	
133	42	2	6	1	75	
134	42	2	12	2	75	76	
135	42	2	18	3	75	76	77	
136	42	2	6	1	76	
137	42	2	12	2	76	77	
138	42	2	18	3	76	77	78	
139	42	2	6	1	77	
140	42	2	12	2	77	78	
141	42	2	18	3	77	78	79	
142	42	2	6	1	78	
143	42	2	12	2	78	79	
144	42	2	18	3	78	79	80	
145	42	2	6	1	79	
146	42	2	12	2	79	80	
147	42	2	18	3	79	80	81	
148	42	2	6	1	80	
149	42	2	12	2	80	81	
150	42	2	18	3	80	81	82	
151	42	2	6	1	81	
152	42	2	12	2	81	82	
153	42	2	6	1	82	
154	43	2	6	1	83	
155	43	2	12	2	83	84	
156	43	2	18	3	83	84	85	
157	43	2	6	1	84	
158	43	2	12	2	84	85	
159	43	2	18	3	84	85	86	
160	43	2	6	1	85	
161	43	2	12	2	85	86	
162	43	2	18	3	85	86	87	
163	43	2	6	1	86	
164	43	2	12	2	86	87	
165	43	2	18	3	86	87	88	
166	43	2	6	1	87	
167	43	2	12	2	87	88	
168	43	2	18	3	87	88	89	
169	43	2	6	1	88	
170	43	2	12	2	88	89	
171	43	2	18	3	88	89	90	
172	43	2	6	1	89	
173	43	2	12	2	89	90	
174	43	2	6	1	90	
175	44	2	12	1	91	
176	45	2	11	1	92	
177	46	2	22	1	93	
178	46	2	33	2	93	94	
179	46	2	11	1	94	
180	47	2	6	1	95	
181	48	2	11	1	96	
182	49	1	6	1	97	
183	50	1	11	1	98	
184	51	1	5	1	99	
185	52	1	5	1	100	
186	52	1	10	2	100	101	
187	52	1	15	3	100	101	102	
188	52	1	5	1	101	
189	52	1	10	2	101	102	
190	52	1	15	3	101	102	103	
191	52	1	5	1	102	
192	52	1	10	2	102	103	
193	52	1	15	3	102	103	104	
194	52	1	5	1	103	
195	52	1	10	2	103	104	
196	52	1	15	3	103	104	105	
197	52	1	5	1	104	
198	52	1	10	2	104	105	
199	52	1	5	1	105	
200	53	2	6	1	106	
201	53	2	12	2	106	107	
202	53	2	18	3	106	107	108	
203	53	2	6	1	107	
204	53	2	12	2	107	108	
205	53	2	18	3	107	108	109	
206	53	2	6	1	108	
207	53	2	12	2	108	109	
208	53	2	18	3	108	109	110	
209	53	2	6	1	109	
210	53	2	12	2	109	110	
211	53	2	18	3	109	110	111	
212	53	2	6	1	110	
213	53	2	12	2	110	111	
214	53	2	18	3	110	111	112	
215	53	2	6	1	111	
216	53	2	12	2	111	112	
217	53	2	6	1	112	
218	54	2	6	1	113	
219	54	2	12	2	113	114	
220	54	2	18	3	113	114	115	
221	54	2	6	1	114	
222	54	2	12	2	114	115	
223	54	2	18	3	114	115	116	
224	54	2	6	1	115	
225	54	2	12	2	115	116	
226	54	2	18	3	115	116	117	
227	54	2	6	1	116	
228	54	2	12	2	116	117	
229	54	2	18	3	116	117	118	
230	54	2	6	1	117	
231	54	2	12	2	117	118	
232	54	2	6	1	118	
233	55	1	6	1	119	
234	56	2	5	1	120	
235	57	1	5	1	121	
236	57	1	10	2	121	122	
237	57	1	15	3	121	122	123	
238	57	1	5	1	122	
239	57	1	10	2	122	123	
240	57	1	15	3	122	123	124	
241	57	1	5	1	123	
242	57	1	10	2	123	124	
243	57	1	15	3	123	124	125	
244	57	1	5	1	124	
245	57	1	10	2	124	125	
246	57	1	15	3	124	125	126	
247	57	1	5	1	125	
248	57	1	10	2	125	126	
249	57	1	15	3	125	126	127	
250	57	1	5	1	126	
251	57	1	10	2	126	127	
252	57	1	15	3	126	127	128	
253	57	1	5	1	127	
254	57	1	10	2	127	128	
255	57	1	15	3	127	128	129	
256	57	1	5	1	128	
257	57	1	10	2	128	129	
258	57	1	5	1	129	
259	58	2	5	1	130	
260	59	1	5	1	131	
261	60	2	6	1	132	
262	60	2	18	2	132	133	
263	60	2	30	3	132	133	134	
264	60	2	18	2	132	134	
265	60	2	12	1	133	
266	60	2	24	2	133	134	
267	60	2	12	1	134	
268	61	2	5	1	135	
269	61	2	10	2	135	136	
270	61	2	15	3	135	136	137	
271	61	2	5	1	136	
272	61	2	10	2	136	137	
273	61	2	15	3	136	137	138	
274	61	2	5	1	137	
275	61	2	10	2	137	138	
276	61	2	5	1	138	
277	62	2	22	1	139	
278	63	1	11	1	140	
279	63	1	22	2	140	141	
280	63	1	33	3	140	141	142	
281	63	1	11	1	141	
282	63	1	22	2	141	142	
283	63	1	33	3	141	142	143	
284	63	1	11	1	142	
285	63	1	22	2	142	143	
286	63	1	33	3	142	143	144	
287	63	1	11	1	143	
288	63	1	22	2	143	144	
289	63	1	33	3	143	144	145	
290	63	1	11	1	144	
291	63	1	22	2	144	145	
292	63	1	33	3	144	145	146	
293	63	1	11	1	145	
294	63	1	22	2	145	146	
295	63	1	11	1	146	
296	64	2	10	1	147	
297	64	2	15	2	147	148	
298	64	2	5	1	148	
299	65	1	18	1	149	
300	66	2	6	1	150	
301	67	2	12	1	151	
302	68	1	5	1	152	
303	68	1	10	2	152	153	
304	68	1	15	3	152	153	154	
305	68	1	10	2	152	154	
306	68	1	5	1	153	
307	68	1	10	2	153	154	
308	68	1	5	1	154	
309	69	1	6	1	155	
310	70	2	10	1	156	
311	71	1	5	1	157	
312	71	1	10	2	157	158	
313	71	1	15	3	157	158	159	
314	71	1	5	1	158	
315	71	1	10	2	158	159	
316	71	1	15	3	158	159	160	
317	71	1	5	1	159	
318	71	1	10	2	159	160	
319	71	1	15	3	159	160	161	
320	71	1	5	1	160	
321	71	1	10	2	160	161	
322	71	1	15	3	160	161	162	
323	71	1	5	1	161	
324	71	1	10	2	161	162	
325	71	1	5	1	162	
326	72	2	5	1	163	
327	73	1	5	1	164	
328	73	1	10	2	164	165	
329	73	1	15	3	164	165	166	
330	73	1	5	1	165	
331	73	1	10	2	165	166	
332	73	1	15	3	165	166	167	
333	73	1	5	1	166	
334	73	1	10	2	166	167	
335	73	1	15	3	166	167	168	
336	73	1	5	1	167	
337	73	1	10	2	167	168	
338	73	1	5	1	168	
339	74	2	12	1	169	
340	75	1	11	1	170	
341	76	2	11	1	171	
342	77	1	11	1	172	
343	77	1	22	2	172	173	
344	77	1	11	1	173	
345	78	2	5	1	174	
346	79	1	5	1	175	
347	80	1	18	1	176	
348	81	2	6	1	177	
349	82	1	5	1	178	
350	83	2	12	1	179	
351	84	1	22	1	180	
352	84	1	33	2	180	181	
353	84	1	55	3	180	181	182	
354	84	1	44	2	180	182	
355	84	1	11	1	181	
356	84	1	33	2	181	182	
357	84	1	22	1	182	
358	85	2	6	1	183	
359	86	1	5	1	184	
360	86	1	10	2	184	185	
361	86	1	5	1	185	
362	87	1	10	1	186	
363	88	1	22	1	187	
364	89	1	11	1	188	
365	90	1	11	1	189	
366	90	1	22	2	189	190	
367	90	1	33	3	189	190	191	
368	90	1	11	1	190	
369	90	1	22	2	190	191	
370	90	1	33	3	190	191	192	
371	90	1	11	1	191	
372	90	1	22	2	191	192	
373	90	1	33	3	191	192	193	
374	90	1	11	1	192	
375	90	1	22	2	192	193	
376	90	1	11	1	193	
377	91	1	11	1	194	
378	92	1	6	1	195	
379	93	1	5	1	196	
380	94	2	5	1	197	
381	94	2	10	2	197	198	
382	94	2	20	3	197	198	199	
383	94	2	15	2	197	199	
384	94	2	5	1	198	
385	94	2	15	2	198	199	
386	94	2	10	1	199	
387	95	2	5	1	200	
388	96	2	12	1	201	
389	97	2	6	1	202	
390	98	2	11	1	203	
391	99	2	6	1	204	
392	99	2	12	2	204	205	
393	99	2	18	3	204	205	206	
394	99	2	6	1	205	
395	99	2	12	2	205	206	
396	99	2	18	3	205	206	207	
397	99	2	6	1	206	
398	99	2	12	2	206	207	
399	99	2	18	3	206	207	208	
400	99	2	6	1	207	
401	99	2	12	2	207	208	
402	99	2	18	3	207	208	209	
403	99	2	6	1	208	
404	99	2	12	2	208	209	
405	99	2	6	1	209	
406	100	1	11	1	210	
407	100	1	22	2	210	211	
408	100	1	11	1	211	
409	101	2	22	1	212	
410	102	2	5	1	213	
411	102	2	10	2	213	214	
412	102	2	5	1	214	
413	103	2	10	1	215	
414	104	2	11	1	216	
415	105	1	5	1	217	
416	106	2	5	1	218	
417	107	1	6	1	219	
418	107	1	12	2	219	220	
419	107	1	18	3	219	220	221	
420	107	1	6	1	220	
421	107	1	12	2	220	221	
422	107	1	18	3	220	221	222	
423	107	1	6	1	221	
424	107	1	12	2	221	222	
425	107	1	18	3	221	222	223	
426	107	1	6	1	222	
427	107	1	12	2	222	223	
428	107	1	18	3	222	223	224	
429	107	1	6	1	223	
430	107	1	12	2	223	224	
431	107	1	18	3	223	224	225	
432	107	1	6	1	224	
433	107	1	12	2	224	225	
434	107	1	6	1	225	
435	108	2	22	1	226	
436	109	2	5	1	227	
437	110	2	11	1	228	
438	111	1	6	1	229	
439	111	1	12	2	229	230	
440	111	1	18	3	229	230	231	
441	111	1	6	1	230	
442	111	1	12	2	230	231	
443	111	1	18	3	230	231	232	
444	111	1	6	1	231	
445	111	1	12	2	231	232	
446	111	1	18	3	231	232	233	
447	111	1	6	1	232	
448	111	1	12	2	232	233	
449	111	1	18	3	232	233	234	
450	111	1	6	1	233	
451	111	1	12	2	233	234	
452	111	1	18	3	233	234	235	
453	111	1	6	1	234	
454	111	1	12	2	234	235	
455	111	1	6	1	235	
456	112	1	6	1	236	
457	113	1	5	1	237	
458	114	2	11	1	238	
459	115	2	10	1	239	
460	116	2	10	1	240	
461	117	2	5	1	241	
462	117	2	15	2	241	242	
463	117	2	20	3	241	242	243	
464	117	2	10	2	241	243	
465	117	2	10	1	242	
466	117	2	15	2	242	243	
467	117	2	5	1	243	
468	118	1	6	1	244	
469	118	1	12	2	244	245	
470	118	1	18	3	244	245	246	
471	118	1	12	2	244	246	
472	118	1	6	1	245	
473	118	1	12	2	245	246	
474	118	1	6	1	246	
475	119	1	11	1	247	
476	120	2	5	1	248	
477	120	2	10	2	248	249	
478	120	2	15	3	248	249	250	
479	120	2	5	1	249	
480	120	2	10	2	249	250	
481	120	2	15	3	249	250	251	
482	120	2	5	1	250	
483	120	2	10	2	250	251	
484	120	2	15	3	250	251	252	
485	120	2	5	1	251	
486	120	2	10	2	251	252	
487	120	2	15	3	251	252	253	
488	120	2	5	1	252	
489	120	2	10	2	252	253	
490	120	2	15	3	252	253	254	
491	120	2	5	1	253	
492	120	2	10	2	253	254	
493	120	2	15	3	253	254	255	
494	120	2	5	1	254	
495	120	2	10	2	254	255	
496	120	2	15	3	254	255	256	
497	120	2	5	1	255	
498	120	2	10	2	255	256	
499	120	2	5	1	256	
500	121	1	5	1	257	
501	122	1	5	1	258	
502	122	1	10	2	258	259	
503	122	1	15	3	258	259	260	
504	122	1	5	1	259	
505	122	1	10	2	259	260	
506	122	1	15	3	259	260	261	
507	122	1	5	1	260	
508	122	1	10	2	260	261	
509	122	1	15	3	260	261	262	
510	122	1	5	1	261	
511	122	1	10	2	261	262	
512	122	1	15	3	261	262	263	
513	122	1	5	1	262	
514	122	1	10	2	262	263	
515	122	1	15	3	262	263	264	
516	122	1	5	1	263	
517	122	1	10	2	263	264	
518	122	1	15	3	263	264	265	
519	122	1	5	1	264	
520	122	1	10	2	264	265	
521	122	1	15	3	264	265	266	
522	122	1	5	1	265	
523	122	1	10	2	265	266	
524	122	1	5	1	266	
525	123	2	11	1	267	
526	124	1	5	1	268	
527	125	1	11	1	269	
528	125	1	22	2	269	270	
529	125	1	11	1	270	
530	126	1	5	1	271	
531	127	2	11	1	272	
532	128	1	5	1	273	
533	129	2	11	1	274	
534	130	1	5	1	275	
535	131	2	5	1	276	
536	132	2	6	1	277	
537	132	2	12	2	277	278	
538	132	2	18	3	277	278	279	
539	132	2	6	1	278	
540	132	2	12	2	278	279	
541	132	2	18	3	278	279	280	
542	132	2	6	1	279	
543	132	2	12	2	279	280	
544	132	2	18	3	279	280	281	
545	132	2	6	1	280	
546	132	2	12	2	280	281	
547	132	2	18	3	280	281	282	
548	132	2	6	1	281	
549	132	2	12	2	281	282	
550	132	2	6	1	282	
551	133	1	22	1	283	
552	134	2	6	1	284	
553	134	2	12	2	284	285	
554	134	2	6	1	285	
555	135	1	5	1	286	
556	136	2	6	1	287	
557	136	2	12	2	287	288	
558	136	2	24	3	287	288	289	
559	136	2	18	2	287	289	
560	136	2	6	1	288	
561	136	2	18	2	288	289	
562	136	2	12	1	289	
563	137	1	6	1	290	
564	137	1	12	2	290	291	
565	137	1	18	3	290	291	292	
566	137	1	12	2	290	292	
567	137	1	6	1	291	
568	137	1	12	2	291	292	
569	137	1	6	1	292	
570	138	1	11	1	293	
571	138	1	22	2	293	294	
572	138	1	33	3	293	294	295	
573	138	1	22	2	293	295	
574	138	1	11	1	294	
575	138	1	22	2	294	295	
576	138	1	11	1	295	
577	139	2	11	1	296	
578	140	2	5	1	297	
579	140	2	10	2	297	298	
580	140	2	15	3	297	298	299	
581	140	2	10	2	297	299	
582	140	2	5	1	298	
583	140	2	10	2	298	299	
584	140	2	5	1	299	
585	141	2	6	1	300	
586	142	2	5	1	301	
587	143	2	5	1	302	
588	143	2	10	2	302	303	
589	143	2	5	1	303	
590	144	2	5	1	304	
591	144	2	10	2	304	305	
592	144	2	15	3	304	305	306	
593	144	2	5	1	305	
594	144	2	10	2	305	306	
595	144	2	15	3	305	306	307	
596	144	2	5	1	306	
597	144	2	10	2	306	307	
598	144	2	15	3	306	307	308	
599	144	2	5	1	307	
600	144	2	10	2	307	308	
601	144	2	15	3	307	308	309	
602	144	2	5	1	308	
603	144	2	10	2	308	309	
604	144	2	15	3	308	309	310	
605	144	2	5	1	309	
606	144	2	10	2	309	310	
607	144	2	5	1	310	
608	145	2	5	1	311	
609	146	2	6	1	312	
610	146	2	12	2	312	313	
611	146	2	18	3	312	313	314	
612	146	2	6	1	313	
613	146	2	12	2	313	314	
614	146	2	18	3	313	314	315	
615	146	2	6	1	314	
616	146	2	12	2	314	315	
617	146	2	18	3	314	315	316	
618	146	2	6	1	315	
619	146	2	12	2	315	316	
620	146	2	6	1	316	
621	147	1	11	1	317	
622	148	2	6	1	318	
623	148	2	12	2	318	319	
624	148	2	6	1	319	
625	149	2	6	1	320	
626	150	1	6	1	321	
627	150	1	12	2	321	322	
628	150	1	6	1	322	
629	151	2	12	1	323	
630	152	1	5	1	324	
631	153	2	11	1	325	
632	154	2	6	1	326	
633	155	1	5	1	327	
634	155	1	10	2	327	328	
635	155	1	15	3	327	328	329	
636	155	1	10	2	327	329	
637	155	1	5	1	328	
638	155	1	10	2	328	329	
639	155	1	5	1	329	
640	156	1	6	1	330	
641	157	2	12	1	331	
642	158	1	6	1	332	
643	159	2	5	1	333	
644	160	1	6	1	334	
645	161	2	11	1	335	
646	161	2	22	2	335	336	
647	161	2	33	3	335	336	337	
648	161	2	11	1	336	
649	161	2	22	2	336	337	
650	161	2	33	3	336	337	338	
651	161	2	11	1	337	
652	161	2	22	2	337	338	
653	161	2	33	3	337	338	339	
654	161	2	11	1	338	
655	161	2	22	2	338	339	
656	161	2	33	3	338	339	340	
657	161	2	11	1	339	
658	161	2	22	2	339	340	
659	161	2	33	3	339	340	341	
660	161	2	11	1	340	
661	161	2	22	2	340	341	
662	161	2	33	3	340	341	342	
663	161	2	11	1	341	
664	161	2	22	2	341	342	
665	161	2	11	1	342	
666	162	1	6	1	343	
667	163	2	5	1	344	
668	163	2	10	2	344	345	
669	163	2	15	3	344	345	346	
670	163	2	5	1	345	
671	163	2	10	2	345	346	
672	163	2	15	3	345	346	347	
673	163	2	5	1	346	
674	163	2	10	2	346	347	
675	163	2	5	1	347	
676	164	1	6	1	348	
677	165	1	5	1	349	
678	166	1	11	1	350	
679	167	1	6	1	351	
680	167	1	12	2	351	352	
681	167	1	18	3	351	352	353	
682	167	1	6	1	352	
683	167	1	12	2	352	353	
684	167	1	18	3	352	353	354	
685	167	1	6	1	353	
686	167	1	12	2	353	354	
687	167	1	18	3	353	354	355	
688	167	1	6	1	354	
689	167	1	12	2	354	355	
690	167	1	18	3	354	355	356	
691	167	1	6	1	355	
692	167	1	12	2	355	356	
693	167	1	18	3	355	356	357	
694	167	1	6	1	356	
695	167	1	12	2	356	357	
696	167	1	18	3	356	357	358	
697	167	1	6	1	357	
698	167	1	12	2	357	358	
699	167	1	18	3	357	358	359	
700	167	1	6	1	358	
701	167	1	12	2	358	359	
702	167	1	6	1	359	
703	168	2	5	1	360	
704	169	1	5	1	361	
705	169	1	10	2	361	362	
706	169	1	15	3	361	362	363	
707	169	1	5	1	362	
708	169	1	10	2	362	363	
709	169	1	15	3	362	363	364	
710	169	1	5	1	363	
711	169	1	10	2	363	364	
712	169	1	15	3	363	364	365	
713	169	1	5	1	364	
714	169	1	10	2	364	365	
715	169	1	15	3	364	365	366	
716	169	1	5	1	365	
717	169	1	10	2	365	366	
718	169	1	5	1	366	
719	170	1	6	1	367	
720	171	2	5	1	368	
721	172	1	5	1	369	
722	172	1	10	2	369	370	
723	172	1	15	3	369	370	371	
724	172	1	5	1	370	
725	172	1	10	2	370	371	
726	172	1	15	3	370	371	372	
727	172	1	5	1	371	
728	172	1	10	2	371	372	
729	172	1	15	3	371	372	373	
730	172	1	5	1	372	
731	172	1	10	2	372	373	
732	172	1	15	3	372	373	374	
733	172	1	5	1	373	
734	172	1	10	2	373	374	
735	172	1	15	3	373	374	375	
736	172	1	5	1	374	
737	172	1	10	2	374	375	
738	172	1	15	3	374	375	376	
739	172	1	5	1	375	
740	172	1	10	2	375	376	
741	172	1	15	3	375	376	377	
742	172	1	5	1	376	
743	172	1	10	2	376	377	
744	172	1	5	1	377	
745	173	1	11	1	378	
746	173	1	22	2	378	379	
747	173	1	44	3	378	379	380	
748	173	1	33	2	378	380	
749	173	1	11	1	379	
750	173	1	33	2	379	380	
751	173	1	22	1	380	
752	174	1	12	1	381	
753	175	1	22	1	382	
754	175	1	33	2	382	383	
755	175	1	11	1	383	
756	176	2	11	1	384	
757	176	2	22	2	384	385	
758	176	2	33	3	384	385	386	
759	176	2	22	2	384	386	
760	176	2	11	1	385	
761	176	2	22	2	385	386	
762	176	2	11	1	386	
763	177	2	12	1	387	
764	178	2	5	1	388	
765	179	1	5	1	389	
766	180	1	11	1	390	
767	181	2	6	1	391	
768	182	1	12	1	392	
769	183	1	6	1	393	
770	184	2	6	1	394	
771	185	2	6	1	395	
772	185	2	12	2	395	396	
773	185	2	18	3	395	396	397	
774	185	2	6	1	396	
775	185	2	12	2	396	397	
776	185	2	18	3	396	397	398	
777	185	2	6	1	397	
778	185	2	12	2	397	398	
779	185	2	18	3	397	398	399	
780	185	2	6	1	398	
781	185	2	12	2	398	399	
782	185	2	6	1	399	
783	186	2	5	1	400	
784	187	1	6	1	401	
785	188	1	11	1	402	
786	189	2	12	1	403	
787	190	2	6	1	404	
788	191	1	5	1	405	
789	192	1	6	1	406	
790	192	1	12	2	406	407	
791	192	1	18	3	406	407	408	
792	192	1	12	2	406	408	
793	192	1	6	1	407	
794	192	1	12	2	407	408	
795	192	1	6	1	408	
796	193	2	11	1	409	
797	194	2	6	1	410	
798	195	1	6	1	411	
799	196	2	5	1	412	
800	197	1	11	1	413	
801	198	2	11	1	414	
802	198	2	22	2	414	415	
803	198	2	11	1	415	
804	199	1	6	1	416	
805	199	1	18	2	416	417	
806	199	1	24	3	416	417	418	
807	199	1	12	2	416	418	
808	199	1	12	1	417	
809	199	1	18	2	417	418	
810	199	1	6	1	418	
811	200	1	6	1	419	
812	201	1	5	1	420	
813	202	1	12	1	421	
814	203	1	11	1	422	
815	203	1	22	2	422	423	
816	203	1	33	3	422	423	424	
817	203	1	11	1	423	
818	203	1	22	2	423	424	
819	203	1	33	3	423	424	425	
820	203	1	11	1	424	
821	203	1	22	2	424	425	
822	203	1	33	3	424	425	426	
823	203	1	11	1	425	
824	203	1	22	2	425	426	
825	203	1	33	3	425	426	427	
826	203	1	11	1	426	
827	203	1	22	2	426	427	
828	203	1	11	1	427	
829	204	1	6	1	428	
830	204	1	12	2	428	429	
831	204	1	18	3	428	429	430	
832	204	1	12	2	428	430	
833	204	1	6	1	429	
834	204	1	12	2	429	430	
835	204	1	6	1	430	
836	205	1	6	1	431	
837	206	1	10	1	432	
838	207	2	6	1	433	
839	208	2	5	1	434	
840	209	2	10	1	435	
841	209	2	15	2	435	436	
842	209	2	25	3	435	436	437	
843	209	2	20	2	435	437	
844	209	2	5	1	436	
845	209	2	15	2	436	437	
846	209	2	10	1	437	
847	210	1	11	1	438	
848	211	2	5	1	439	
849	211	2	10	2	439	440	
850	211	2	15	3	439	440	441	
851	211	2	5	1	440	
852	211	2	10	2	440	441	
853	211	2	15	3	440	441	442	
854	211	2	5	1	441	
855	211	2	10	2	441	442	
856	211	2	15	3	441	442	443	
857	211	2	5	1	442	
858	211	2	10	2	442	443	
859	211	2	15	3	442	443	444	
860	211	2	5	1	443	
861	211	2	10	2	443	444	
862	211	2	15	3	443	444	445	
863	211	2	5	1	444	
864	211	2	10	2	444	445	
865	211	2	5	1	445	
866	212	2	6	1	446	
867	212	2	12	2	446	447	
868	212	2	18	3	446	447	448	
869	212	2	6	1	447	
870	212	2	12	2	447	448	
871	212	2	18	3	447	448	449	
872	212	2	6	1	448	
873	212	2	12	2	448	449	
874	212	2	18	3	448	449	450	
875	212	2	6	1	449	
876	212	2	12	2	449	450	
877	212	2	18	3	449	450	451	
878	212	2	6	1	450	
879	212	2	12	2	450	451	
880	212	2	18	3	450	451	452	
881	212	2	6	1	451	
882	212	2	12	2	451	452	
883	212	2	18	3	451	452	453	
884	212	2	6	1	452	
885	212	2	12	2	452	453	
886	212	2	6	1	453	
887	213	1	11	1	454	
888	214	2	5	1	455	
889	215	1	5	1	456	
890	216	1	6	1	457	
891	216	1	12	2	457	458	
892	216	1	6	1	458	
893	217	2	6	1	459	
894	218	1	6	1	460	
895	219	2	11	1	461	
896	220	2	5	1	462	
897	220	2	10	2	462	463	
898	220	2	5	1	463	
899	221	2	12	1	464	
900	221	2	18	2	464	465	
901	221	2	24	3	464	465	466	
902	221	2	18	2	464	466	
903	221	2	6	1	465	
904	221	2	12	2	465	466	
905	221	2	6	1	466	
906	222	2	18	1	467	
907	223	1	5	1	468	
908	223	1	10	2	468	469	
909	223	1	15	3	468	469	470	
910	223	1	5	1	469	
911	223	1	10	2	469	470	
912	223	1	15	3	469	470	471	
913	223	1	5	1	470	
914	223	1	10	2	470	471	
915	223	1	15	3	470	471	472	
916	223	1	5	1	471	
917	223	1	10	2	471	472	
918	223	1	15	3	471	472	473	
919	223	1	5	1	472	
920	223	1	10	2	472	473	
921	223	1	5	1	473	
922	224	2	5	1	474	
923	224	2	10	2	474	475	
924	224	2	15	3	474	475	476	
925	224	2	5	1	475	
926	224	2	10	2	475	476	
927	224	2	15	3	475	476	477	
928	224	2	5	1	476	
929	224	2	10	2	476	477	
930	224	2	15	3	476	477	478	
931	224	2	5	1	477	
932	224	2	10	2	477	478	
933	224	2	15	3	477	478	479	
934	224	2	5	1	478	
935	224	2	10	2	478	479	
936	224	2	15	3	478	479	480	
937	224	2	5	1	479	
938	224	2	10	2	479	480	
939	224	2	15	3	479	480	481	
940	224	2	5	1	480	
941	224	2	10	2	480	481	
942	224	2	5	1	481	
943	225	2	11	1	482	
944	225	2	22	2	482	483	
945	225	2	44	3	482	483	484	
946	225	2	33	2	482	484	
947	225	2	11	1	483	
948	225	2	33	2	483	484	
949	225	2	22	1	484	
950	226	1	11	1	485	
951	227	2	5	1	486	
952	228	1	22	1	487	
953	229	2	10	1	488	
954	230	2	5	1	489	
955	230	2	15	2	489	490	
956	230	2	25	3	489	490	491	
957	230	2	15	2	489	491	
958	230	2	10	1	490	
959	230	2	20	2	490	491	
960	230	2	10	1	491	
961	231	1	5	1	492	
962	232	2	6	1	493	
963	233	2	6	1	494	
964	234	2	5	1	495	
965	234	2	10	2	495	496	
966	234	2	15	3	495	496	497	
967	234	2	5	1	496	
968	234	2	10	2	496	497	
969	234	2	15	3	496	497	498	
970	234	2	5	1	497	
971	234	2	10	2	497	498	
972	234	2	15	3	497	498	499	
973	234	2	5	1	498	
974	234	2	10	2	498	499	
975	234	2	15	3	498	499	500	
976	234	2	5	1	499	
977	234	2	10	2	499	500	
978	234	2	15	3	499	500	501	
979	234	2	5	1	500	
980	234	2	10	2	500	501	
981	234	2	5	1	501	
982	235	2	5	1	502	
983	235	2	10	2	502	503	
984	235	2	5	1	503	
985	236	1	11	1	504	
986	237	2	11	1	505	
987	238	1	6	1	506	
988	238	1	12	2	506	507	
989	238	1	24	3	506	507	508	
990	238	1	18	2	506	508	
991	238	1	6	1	507	
992	238	1	18	2	507	508	
993	238	1	12	1	508	
994	239	1	5	1	509	
995	239	1	10	2	509	510	
996	239	1	5	1	510	
997	240	2	6	1	511	
998	241	2	6	1	512	
999	242	2	6	1	513	
1000	243	2	22	1	514	
1001	244	2	6	1	515	
1002	244	2	12	2	515	516	
1003	244	2	6	1	516	
1004	245	2	5	1	517	
1005	246	1	6	1	518	
1006	247	1	11	1	519	
1007	248	2	5	1	520	
1008	249	1	6	1	521	
1009	249	1	12	2	521	522	
1010	249	1	18	3	521	522	523	
1011	249	1	6	1	522	
1012	249	1	12	2	522	523	
1013	249	1	18	3	522	523	524	
1014	249	1	6	1	523	
1015	249	1	12	2	523	524	
1016	249	1	18	3	523	524	525	
1017	249	1	6	1	524	
1018	249	1	12	2	524	525	
1019	249	1	18	3	524	525	526	
1020	249	1	6	1	525	
1021	249	1	12	2	525	526	
1022	249	1	6	1	526	
1023	250	2	11	1	527	
1024	251	1	5	1	528	
1025	251	1	10	2	528	529	
1026	251	1	25	3	528	529	530	
1027	251	1	20	2	528	530	
1028	251	1	5	1	529	
1029	251	1	20	2	529	530	
1030	251	1	15	1	530	
1031	252	2	11	1	531	
1032	253	2	6	1	532	
1033	254	2	6	1	533	
1034	255	1	6	1	534	
1035	256	2	10	1	535	
1036	256	2	15	2	535	536	
1037	256	2	5	1	536	
1038	257	1	6	1	537	
1039	258	1	11	1	538	
1040	259	1	5	1	539	
1041	260	2	5	1	540	
1042	261	1	6	1	541	
1043	262	2	11	1	542	
1044	262	2	22	2	542	543	
1045	262	2	33	3	542	543	544	
1046	262	2	22	2	542	544	
1047	262	2	11	1	543	
1048	262	2	22	2	543	544	
1049	262	2	11	1	544	
1050	263	1	11	1	545	
1051	263	1	22	2	545	546	
1052	263	1	33	3	545	546	547	
1053	263	1	11	1	546	
1054	263	1	22	2	546	547	
1055	263	1	33	3	546	547	548	
1056	263	1	11	1	547	
1057	263	1	22	2	547	548	
1058	263	1	33	3	547	548	549	
1059	263	1	11	1	548	
1060	263	1	22	2	548	549	
1061	263	1	33	3	548	549	550	
1062	263	1	11	1	549	
1063	263	1	22	2	549	550	
1064	263	1	33	3	549	550	551	
1065	263	1	11	1	550	
1066	263	1	22	2	550	551	
1067	263	1	33	3	550	551	552	
1068	263	1	11	1	551	
1069	263	1	22	2	551	552	
1070	263	1	11	1	552	
1071	264	1	5	1	553	
1072	265	2	12	1	554	
1073	266	2	5	1	555	
1074	267	1	11	1	556	
1075	268	1	5	1	557	
1076	269	1	6	1	558	
1077	270	1	11	1	559	
1078	271	2	6	1	560	
1079	272	1	11	1	561	
1080	273	1	5	1	562	
1081	274	2	5	1	563	
1082	275	2	5	1	564	
1083	275	2	10	2	564	565	
1084	275	2	15	3	564	565	566	
1085	275	2	5	1	565	
1086	275	2	10	2	565	566	
1087	275	2	15	3	565	566	567	
1088	275	2	5	1	566	
1089	275	2	10	2	566	567	
1090	275	2	15	3	566	567	568	
1091	275	2	5	1	567	
1092	275	2	10	2	567	568	
1093	275	2	15	3	567	568	569	
1094	275	2	5	1	568	
1095	275	2	10	2	568	569	
1096	275	2	15	3	568	569	570	
1097	275	2	5	1	569	
1098	275	2	10	2	569	570	
1099	275	2	15	3	569	570	571	
1100	275	2	5	1	570	
1101	275	2	10	2	570	571	
1102	275	2	5	1	571	
1103	276	1	10	1	572	
1104	277	2	12	1	573	
1105	278	1	11	1	574	
1106	279	1	5	1	575	
1107	280	1	6	1	576	
1108	280	1	12	2	576	577	
1109	280	1	18	3	576	577	578	
1110	280	1	12	2	576	578	
1111	280	1	6	1	577	
1112	280	1	12	2	577	578	
1113	280	1	6	1	578	
1114	281	2	22	1	579	
1115	282	1	6	1	580	
1116	282	1	12	2	580	581	
1117	282	1	18	3	580	581	582	
1118	282	1	12	2	580	582	
1119	282	1	6	1	581	
1120	282	1	12	2	581	582	
1121	282	1	6	1	582	
1122	283	1	5	1	583	
1123	284	2	5	1	584	
1124	284	2	10	2	584	585	
1125	284	2	15	3	584	585	586	
1126	284	2	5	1	585	
1127	284	2	10	2	585	586	
1128	284	2	15	3	585	586	587	
1129	284	2	5	1	586	
1130	284	2	10	2	586	587	
1131	284	2	15	3	586	587	588	
1132	284	2	5	1	587	
1133	284	2	10	2	587	588	
1134	284	2	15	3	587	588	589	
1135	284	2	5	1	588	
1136	284	2	10	2	588	589	
1137	284	2	15	3	588	589	590	
1138	284	2	5	1	589	
1139	284	2	10	2	589	590	
1140	284	2	15	3	589	590	591	
1141	284	2	5	1	590	
1142	284	2	10	2	590	591	
1143	284	2	15	3	590	591	592	
1144	284	2	5	1	591	
1145	284	2	10	2	591	592	
1146	284	2	5	1	592	
1147	285	1	12	1	593	
1148	286	1	5	1	594	
1149	287	2	22	1	595	
1150	288	2	5	1	596	
1151	289	2	6	1	597	
1152	290	1	5	1	598	
1153	291	2	12	1	599	
1154	292	2	6	1	600	
1155	293	2	11	1	601	
1156	294	1	10	1	602	
1157	295	2	6	1	603	
1158	296	2	11	1	604	
1159	297	1	12	1	605	
1160	298	2	5	1	606	
1161	298	2	10	2	606	607	
1162	298	2	5	1	607	
1163	299	1	12	1	608	
1164	300	1	5	1	609	
1165	300	1	10	2	609	610	
1166	300	1	15	3	609	610	611	
1167	300	1	5	1	610	
1168	300	1	10	2	610	611	
1169	300	1	15	3	610	611	612	
1170	300	1	5	1	611	
1171	300	1	10	2	611	612	
1172	300	1	5	1	612	
1173	301	2	5	1	613	
1174	301	2	10	2	613	614	
1175	301	2	15	3	613	614	615	
1176	301	2	5	1	614	
1177	301	2	10	2	614	615	
1178	301	2	15	3	614	615	616	
1179	301	2	5	1	615	
1180	301	2	10	2	615	616	
1181	301	2	15	3	615	616	617	
1182	301	2	5	1	616	
1183	301	2	10	2	616	617	
1184	301	2	15	3	616	617	618	
1185	301	2	5	1	617	
1186	301	2	10	2	617	618	
1187	301	2	15	3	617	618	619	
1188	301	2	5	1	618	
1189	301	2	10	2	618	619	
1190	301	2	15	3	618	619	620	
1191	301	2	5	1	619	
1192	301	2	10	2	619	620	
1193	301	2	15	3	619	620	621	
1194	301	2	5	1	620	
1195	301	2	10	2	620	621	
1196	301	2	5	1	621	
1197	302	2	11	1	622	
1198	302	2	33	2	622	623	
1199	302	2	44	3	622	623	624	
1200	302	2	22	2	622	624	
1201	302	2	22	1	623	
1202	302	2	33	2	623	624	
1203	302	2	11	1	624	
1204	303	2	6	1	625	
1205	303	2	12	2	625	626	
1206	303	2	18	3	625	626	627	
1207	303	2	6	1	626	
1208	303	2	12	2	626	627	
1209	303	2	18	3	626	627	628	
1210	303	2	6	1	627	
1211	303	2	12	2	627	628	
1212	303	2	6	1	628	
1213	304	2	22	1	629	
1214	304	2	33	2	629	630	
1215	304	2	11	1	630	
1216	305	2	11	1	631	
1217	306	2	6	1	632	
1218	307	1	5	1	633	
1219	307	1	10	2	633	634	
1220	307	1	15	3	633	634	635	
1221	307	1	5	1	634	
1222	307	1	10	2	634	635	
1223	307	1	15	3	634	635	636	
1224	307	1	5	1	635	
1225	307	1	10	2	635	636	
1226	307	1	15	3	635	636	637	
1227	307	1	5	1	636	
1228	307	1	10	2	636	637	
1229	307	1	15	3	636	637	638	
1230	307	1	5	1	637	
1231	307	1	10	2	637	638	
1232	307	1	5	1	638	
1233	308	1	6	1	639	
1234	308	1	12	2	639	640	
1235	308	1	6	1	640	
1236	309	2	11	1	641	
1237	310	2	11	1	642	
1238	311	1	10	1	643	
1239	312	1	5	1	644	
1240	313	2	6	1	645	
1241	313	2	18	2	645	646	
1242	313	2	24	3	645	646	647	
1243	313	2	12	2	645	647	
1244	313	2	12	1	646	
1245	313	2	18	2	646	647	
1246	313	2	6	1	647	
1247	314	1	5	1	648	
1248	314	1	10	2	648	649	
1249	314	1	15	3	648	649	650	
1250	314	1	5	1	649	
1251	314	1	10	2	649	650	
1252	314	1	15	3	649	650	651	
1253	314	1	5	1	650	
1254	314	1	10	2	650	651	
1255	314	1	15	3	650	651	652	
1256	314	1	5	1	651	
1257	314	1	10	2	651	652	
1258	314	1	5	1	652	
1259	315	1	6	1	653	
1260	316	1	5	1	654	
1261	317	2	11	1	655	
1262	318	2	5	1	656	
1263	319	2	12	1	657	
1264	319	2	18	2	657	658	
1265	319	2	24	3	657	658	659	
1266	319	2	18	2	657	659	
1267	319	2	6	1	658	
1268	319	2	12	2	658	659	
1269	319	2	6	1	659	
1270	320	2	5	1	660	
1271	321	1	5	1	661	
1272	322	1	5	1	662	
1273	323	2	10	1	663	
1274	324	2	12	1	664	
1275	325	2	6	1	665	
1276	326	2	11	1	666	
1277	326	2	22	2	666	667	
1278	326	2	33	3	666	667	668	
1279	326	2	11	1	667	
1280	326	2	22	2	667	668	
1281	326	2	33	3	667	668	669	
1282	326	2	11	1	668	
1283	326	2	22	2	668	669	
1284	326	2	11	1	669	
1285	327	2	5	1	670	
1286	328	2	11	1	671	
1287	329	1	5	1	672	
1288	329	1	10	2	672	673	
1289	329	1	15	3	672	673	674	
1290	329	1	5	1	673	
1291	329	1	10	2	673	674	
1292	329	1	15	3	673	674	675	
1293	329	1	5	1	674	
1294	329	1	10	2	674	675	
1295	329	1	15	3	674	675	676	
1296	329	1	5	1	675	
1297	329	1	10	2	675	676	
1298	329	1	5	1	676	
1299	330	1	5	1	677	
1300	330	1	15	2	677	678	
1301	330	1	10	1	678	
1302	331	2	6	1	679	
1303	332	2	12	1	680	
1304	333	2	5	1	681	
1305	334	2	11	1	682	
1306	334	2	22	2	682	683	
1307	334	2	11	1	683	
1308	335	1	11	1	684	
1309	336	1	6	1	685	
1310	337	1	5	1	686	
1311	338	1	5	1	687	
1312	339	1	5	1	688	
1313	340	2	11	1	689	
1314	341	2	11	1	690	
1315	342	2	10	1	691	
1316	342	2	20	2	691	692	
1317	342	2	25	3	691	692	693	
1318	342	2	15	2	691	693	
1319	342	2	10	1	692	
1320	342	2	15	2	692	693	
1321	342	2	5	1	693	
1322	343	1	11	1	694	
1323	343	1	22	2	694	695	
1324	343	1	11	1	695	
1325	344	1	11	1	696	
1326	344	1	33	2	696	697	
1327	344	1	22	1	697	
1328	345	1	5	1	698	
1329	346	2	11	1	699	
1330	346	2	33	2	699	700	
1331	346	2	55	3	699	700	701	
1332	346	2	33	2	699	701	
1333	346	2	22	1	700	
1334	346	2	44	2	700	701	
1335	346	2	22	1	701	
1336	347	2	5	1	702	
1337	347	2	10	2	702	703	
1338	347	2	5	1	703	
1339	348	2	6	1	704	
1340	349	2	5	1	705	
1341	350	2	11	1	706	
1342	350	2	22	2	706	707	
1343	350	2	33	3	706	707	708	
1344	350	2	11	1	707	
1345	350	2	22	2	707	708	
1346	350	2	33	3	707	708	709	
1347	350	2	11	1	708	
1348	350	2	22	2	708	709	
1349	350	2	33	3	708	709	710	
1350	350	2	11	1	709	
1351	350	2	22	2	709	710	
1352	350	2	33	3	709	710	711	
1353	350	2	11	1	710	
1354	350	2	22	2	710	711	
1355	350	2	33	3	710	711	712	
1356	350	2	11	1	711	
1357	350	2	22	2	711	712	
1358	350	2	33	3	711	712	713	
1359	350	2	11	1	712	
1360	350	2	22	2	712	713	
1361	350	2	33	3	712	713	714	
1362	350	2	11	1	713	
1363	350	2	22	2	713	714	
1364	350	2	11	1	714	
1365	351	1	11	1	715	
1366	351	1	22	2	715	716	
1367	351	1	33	3	715	716	717	
1368	351	1	11	1	716	
1369	351	1	22	2	716	717	
1370	351	1	33	3	716	717	718	
1371	351	1	11	1	717	
1372	351	1	22	2	717	718	
1373	351	1	33	3	717	718	719	
1374	351	1	11	1	718	
1375	351	1	22	2	718	719	
1376	351	1	33	3	718	719	720	
1377	351	1	11	1	719	
1378	351	1	22	2	719	720	
1379	351	1	33	3	719	720	721	
1380	351	1	11	1	720	
1381	351	1	22	2	720	721	
1382	351	1	33	3	720	721	722	
1383	351	1	11	1	721	
1384	351	1	22	2	721	722	
1385	351	1	33	3	721	722	723	
1386	351	1	11	1	722	
1387	351	1	22	2	722	723	
1388	351	1	11	1	723	
1389	352	2	11	1	724	
1390	352	2	22	2	724	725	
1391	352	2	33	3	724	725	726	
1392	352	2	11	1	725	
1393	352	2	22	2	725	726	
1394	352	2	33	3	725	726	727	
1395	352	2	11	1	726	
1396	352	2	22	2	726	727	
1397	352	2	33	3	726	727	728	
1398	352	2	11	1	727	
1399	352	2	22	2	727	728	
1400	352	2	33	3	727	728	729	
1401	352	2	11	1	728	
1402	352	2	22	2	728	729	
1403	352	2	33	3	728	729	730	
1404	352	2	11	1	729	
1405	352	2	22	2	729	730	
1406	352	2	11	1	730	
1407	353	2	5	1	731	
1408	354	2	11	1	732	
1409	354	2	22	2	732	733	
1410	354	2	33	3	732	733	734	
1411	354	2	22	2	732	734	
1412	354	2	11	1	733	
1413	354	2	22	2	733	734	
1414	354	2	11	1	734	
1415	355	1	5	1	735	
1416	355	1	10	2	735	736	
1417	355	1	15	3	735	736	737	
1418	355	1	10	2	735	737	
1419	355	1	5	1	736	
1420	355	1	10	2	736	737	
1421	355	1	5	1	737	
1422	356	2	11	1	738	
1423	357	1	11	1	739	
1424	357	1	22	2	739	740	
1425	357	1	11	1	740	
1426	358	1	6	1	741	
1427	358	1	12	2	741	742	
1428	358	1	18	3	741	742	743	
1429	358	1	6	1	742	
1430	358	1	12	2	742	743	
1431	358	1	18	3	742	743	744	
1432	358	1	6	1	743	
1433	358	1	12	2	743	744	
1434	358	1	18	3	743	744	745	
1435	358	1	6	1	744	
1436	358	1	12	2	744	745	
1437	358	1	18	3	744	745	746	
1438	358	1	6	1	745	
1439	358	1	12	2	745	746	
1440	358	1	18	3	745	746	747	
1441	358	1	6	1	746	
1442	358	1	12	2	746	747	
1443	358	1	18	3	746	747	748	
1444	358	1	6	1	747	
1445	358	1	12	2	747	748	
1446	358	1	18	3	747	748	749	
1447	358	1	6	1	748	
1448	358	1	12	2	748	749	
1449	358	1	6	1	749	
1450	359	1	5	1	750	
1451	360	2	10	1	751	
1452	361	1	11	1	752	
1453	362	1	6	1	753	
1454	363	2	11	1	754	
1455	363	2	33	2	754	755	
1456	363	2	22	1	755	
1457	364	1	5	1	756	
1458	365	2	5	1	757	
1459	366	1	5	1	758	
1460	367	2	5	1	759	
1461	368	2	10	1	760	
1462	369	2	11	1	761	
1463	370	2	6	1	762	
1464	370	2	18	2	762	763	
1465	370	2	12	1	763	
1466	371	2	6	1	764	
1467	372	2	11	1	765	
1468	373	2	6	1	766	
1469	374	2	11	1	767	
1470	375	2	6	1	768	
1471	375	2	12	2	768	769	
1472	375	2	18	3	768	769	770	
1473	375	2	6	1	769	
1474	375	2	12	2	769	770	
1475	375	2	18	3	769	770	771	
1476	375	2	6	1	770	
1477	375	2	12	2	770	771	
1478	375	2	18	3	770	771	772	
1479	375	2	6	1	771	
1480	375	2	12	2	771	772	
1481	375	2	18	3	771	772	773	
1482	375	2	6	1	772	
1483	375	2	12	2	772	773	
1484	375	2	6	1	773	
1485	376	2	11	1	774	
1486	376	2	22	2	774	775	
1487	376	2	33	3	774	775	776	
1488	376	2	11	1	775	
1489	376	2	22	2	775	776	
1490	376	2	33	3	775	776	777	
1491	376	2	11	1	776	
1492	376	2	22	2	776	777	
1493	376	2	33	3	776	777	778	
1494	376	2	11	1	777	
1495	376	2	22	2	777	778	
1496	376	2	33	3	777	778	779	
1497	376	2	11	1	778	
1498	376	2	22	2	778	779	
1499	376	2	33	3	778	779	780	
1500	376	2	11	1	779	
1501	376	2	22	2	779	780	
1502	376	2	33	3	779	780	781	
1503	376	2	11	1	780	
1504	376	2	22	2	780	781	
1505	376	2	33	3	780	781	782	
1506	376	2	11	1	781	
1507	376	2	22	2	781	782	
1508	376	2	11	1	782	
1509	377	1	22	1	783	
1510	378	1	11	1	784	
1511	378	1	22	2	784	785	
1512	378	1	33	3	784	785	786	
1513	378	1	11	1	785	
1514	378	1	22	2	785	786	
1515	378	1	33	3	785	786	787	
1516	378	1	11	1	786	
1517	378	1	22	2	786	787	
1518	378	1	33	3	786	787	788	
1519	378	1	11	1	787	
1520	378	1	22	2	787	788	
1521	378	1	11	1	788	
1522	379	2	11	1	789	
1523	380	1	11	1	790	
1524	380	1	22	2	790	791	
1525	380	1	33	3	790	791	792	
1526	380	1	11	1	791	
1527	380	1	22	2	791	792	
1528	380	1	33	3	791	792	793	
1529	380	1	11	1	792	
1530	380	1	22	2	792	793	
1531	380	1	33	3	792	793	794	
1532	380	1	11	1	793	
1533	380	1	22	2	793	794	
1534	380	1	33	3	793	794	795	
1535	380	1	11	1	794	
1536	380	1	22	2	794	795	
1537	380	1	33	3	794	795	796	
1538	380	1	11	1	795	
1539	380	1	22	2	795	796	
1540	380	1	11	1	796	
1541	381	2	5	1	797	
1542	382	2	10	1	798	
1543	383	1	5	1	799	
1544	384	2	5	1	800	
1545	385	1	11	1	801	
1546	386	1	5	1	802	
1547	386	1	10	2	802	803	
1548	386	1	5	1	803	
1549	387	1	5	1	804	
1550	387	1	10	2	804	805	
1551	387	1	5	1	805	
1552	388	1	22	1	806	
1553	388	1	33	2	806	807	
1554	388	1	11	1	807	
1555	389	1	5	1	808	
1556	390	1	6	1	809	
1557	390	1	12	2	809	810	
1558	390	1	18	3	809	810	811	
1559	390	1	12	2	809	811	
1560	390	1	6	1	810	
1561	390	1	12	2	810	811	
1562	390	1	6	1	811	
1563	391	1	11	1	812	
1564	392	2	5	1	813	
1565	393	2	5	1	814	
1566	394	2	5	1	815	
1567	395	1	11	1	816	
1568	395	1	22	2	816	817	
1569	395	1	33	3	816	817	818	
1570	395	1	11	1	817	
1571	395	1	22	2	817	818	
1572	395	1	33	3	817	818	819	
1573	395	1	11	1	818	
1574	395	1	22	2	818	819	
1575	395	1	33	3	818	819	820	
1576	395	1	11	1	819	
1577	395	1	22	2	819	820	
1578	395	1	11	1	820	
1579	396	2	6	1	821	
1580	396	2	12	2	821	822	
1581	396	2	18	3	821	822	823	
1582	396	2	6	1	822	
1583	396	2	12	2	822	823	
1584	396	2	18	3	822	823	824	
1585	396	2	6	1	823	
1586	396	2	12	2	823	824	
1587	396	2	18	3	823	824	825	
1588	396	2	6	1	824	
1589	396	2	12	2	824	825	
1590	396	2	18	3	824	825	826	
1591	396	2	6	1	825	
1592	396	2	12	2	825	826	
1593	396	2	18	3	825	826	827	
1594	396	2	6	1	826	
1595	396	2	12	2	826	827	
1596	396	2	18	3	826	827	828	
1597	396	2	6	1	827	
1598	396	2	12	2	827	828	
1599	396	2	6	1	828	
1600	397	2	5	1	829	
1601	397	2	10	2	829	830	
1602	397	2	5	1	830	
1603	398	2	11	1	831	
1604	399	2	5	1	832	
1605	399	2	10	2	832	833	
1606	399	2	15	3	832	833	834	
1607	399	2	5	1	833	
1608	399	2	10	2	833	834	
1609	399	2	15	3	833	834	835	
1610	399	2	5	1	834	
1611	399	2	10	2	834	835	
1612	399	2	15	3	834	835	836	
1613	399	2	5	1	835	
1614	399	2	10	2	835	836	
1615	399	2	15	3	835	836	837	
1616	399	2	5	1	836	
1617	399	2	10	2	836	837	
1618	399	2	15	3	836	837	838	
1619	399	2	5	1	837	
1620	399	2	10	2	837	838	
1621	399	2	15	3	837	838	839	
1622	399	2	5	1	838	
1623	399	2	10	2	838	839	
1624	399	2	15	3	838	839	840	
1625	399	2	5	1	839	
1626	399	2	10	2	839	840	
1627	399	2	5	1	840	
1628	0	2	10	2	841	842
1629	1	2	6	1	843
1630	2	2	18	2	844	845
1631	3	1	10	2	846	847
1632	4	1	40	4	848	849	850	851
1633	5	1	12	1	852
1634	6	1	6	1	853
1635	7	1	15	2	854	855
1636	8	2	5	1	856
1637	9	1	5	1	857
1638	10	1	12	2	858	859
1639	11	1	33	2	860	861
1640	12	1	66	4	862	863	864	865
1641	13	2	22	1	866
1642	14	2	12	1	867
1643	15	2	6	1	868
1644	16	2	15	2	869	870
1645	17	2	12	1	871
1646	18	1	33	2	872	873
1647	19	1	12	1	874
1648	20	2	22	1	875
1649	21	2	6	1	876
1650	22	1	6	1	877
1651	23	2	30	3	878	879	880
1652	24	2	10	2	881	882
1653	25	2	15	2	883	884
1654	26	2	33	2	885	886
1655	27	2	12	1	887
1656	28	1	44	3	888	889	890
1657	29	2	15	2	891	892
1658	30	1	10	1	893
1659	31	2	33	2	894	895
1660	32	1	18	2	896	897
1661	33	2	20	2	898	899
1662	34	2	33	3	900	901	902
1663	35	2	44	2	903	904
1664	36	1	5	1	905
1665	37	2	10	1	906
1666	38	1	18	2	907	908
1667	39	1	33	2	909	910
1668	40	2	11	1	911
1669	41	2	44	2	912	913
1670	42	2	36	4	914	915	916	917
1671	43	2	24	3	918	919	920
1672	44	2	18	2	921	922
1673	45	2	22	2	923	924
1674	46	2	22	1	925
1675	47	2	6	1	926
1676	48	2	44	2	927	928
1677	49	1	6	1	929
1678	50	1	11	1	930
1679	51	1	15	2	931	932
1680	52	1	30	4	933	934	935	936
1681	53	2	24	3	937	938	939
1682	54	2	30	4	940	941	942	943
1683	55	1	6	1	944
1684	56	2	10	1	945
1685	57	1	35	4	946	947	948	949
1686	58	2	15	2	950	951
1687	59	1	15	2	952	953
1688	60	2	12	2	954	955
1689	61	2	25	3	956	957	958
1690	62	2	22	2	959	960
1691	63	1	44	4	961	962	963	964
1692	64	2	15	2	965	966
1693	65	1	18	2	967	968
1694	66	2	18	2	969	970
1695	67	2	6	1	971
1696	68	1	10	1	972
1697	69	1	6	1	973
1698	70	2	10	1	974
1699	71	1	30	4	975	976	977	978
1700	72	2	5	1	979
1701	73	1	25	4	980	981	982	983
1702	74	2	6	1	984
1703	75	1	44	2	985	986
1704	76	2	11	1	987
1705	77	1	22	2	988	989
1706	78	2	20	2	990	991
1707	79	1	15	2	992	993
1708	80	1	6	1	994
1709	81	2	24	2	995	996
1710	82	1	15	2	997	998
1711	83	2	12	1	999
1712	84	1	44	2	1000	1001
1713	85	2	12	1	1002
1714	86	1	20	2	1003	1004
1715	87	1	15	2	1005	1006
1716	88	1	22	1	1007
1717	89	1	22	1	1008
1718	90	1	55	4	1009	1010	1011	1012
1719	91	1	33	2	1013	1014
1720	92	1	18	2	1015	1016
1721	93	1	10	1	1017
1722	94	2	5	1	1018
1723	95	2	10	1	1019
1724	96	2	12	1	1020
1725	97	2	12	1	1021
1726	98	2	44	2	1022	1023
1727	99	2	36	4	1024	1025	1026	1027
1728	100	1	11	1	1028
1729	101	2	22	2	1029	1030
1730	102	2	15	2	1031	1032
1731	103	2	10	1	1033
1732	104	2	22	2	1034	1035
1733	105	1	5	1	1036
1734	106	2	10	1	1037
1735	107	1	30	4	1038	1039	1040	1041
1736	108	2	44	2	1042	1043
1737	109	2	15	2	1044	1045
1738	110	2	33	2	1046	1047
1739	111	1	36	4	1048	1049	1050	1051
1740	112	1	6	1	1052
1741	113	1	5	1	1053
1742	114	2	33	2	1054	1055
1743	115	2	10	2	1056	1057
1744	116	2	5	1	1058
1745	117	2	15	2	1059	1060
1746	118	1	6	1	1061
1747	119	1	44	2	1062	1063
1748	120	2	30	4	1064	1065	1066	1067
1749	121	1	10	1	1068
1750	122	1	35	4	1069	1070	1071	1072
1751	123	2	44	2	1073	1074
1752	124	1	20	2	1075	1076
1753	125	1	22	1	1077
1754	126	1	5	1	1078
1755	127	2	11	1	1079
1756	128	1	15	2	1080	1081
1757	129	2	11	1	1082
1758	130	1	5	1	1083
1759	131	2	10	1	1084
1760	132	2	36	3	1085	1086	1087
1761	133	1	22	1	1088
1762	134	2	18	2	1089	1090
1763	135	1	10	1	1091
1764	136	2	18	2	1092	1093
1765	137	1	18	2	1094	1095
1766	138	1	22	2	1096	1097
1767	139	2	33	2	1098	1099
1768	140	2	15	2	1100	1101
1769	141	2	6	1	1102
1770	142	2	10	1	1103
1771	143	2	10	1	1104
1772	144	2	30	4	1105	1106	1107	1108
1773	145	2	10	1	1109
1774	146	2	30	3	1110	1111	1112
1775	147	1	22	1	1113
1776	148	2	12	2	1114	1115
1777	149	2	6	1	1116
1778	150	1	6	1	1117
1779	151	2	6	1	1118
1780	152	1	15	2	1119	1120
1781	153	2	22	1	1121
1782	154	2	12	2	1122	1123
1783	155	1	5	1	1124
1784	156	1	12	1	1125
1785	157	2	6	1	1126
1786	158	1	12	2	1127	1128
1787	159	2	15	2	1129	1130
1788	160	1	6	1	1131
1789	161	2	77	4	1132	1133	1134	1135
1790	162	1	18	2	1136	1137
1791	163	2	30	3	1138	1139	1140
1792	164	1	6	1	1141
1793	165	1	10	1	1142
1794	166	1	11	1	1143
1795	167	1	36	4	1144	1145	1146	1147
1796	168	2	15	2	1148	1149
1797	169	1	20	3	1150	1151	1152
1798	170	1	6	1	1153
1799	171	2	5	1	1154
1800	172	1	20	3	1155	1156	1157
1801	173	1	22	1	1158
1802	174	1	12	1	1159
1803	175	1	11	1	1160
1804	176	2	22	1	1161
1805	177	2	18	2	1162	1163
1806	178	2	5	1	1164
1807	179	1	5	1	1165
1808	180	1	11	1	1166
1809	181	2	12	1	1167
1810	182	1	24	2	1168	1169
1811	183	1	12	2	1170	1171
1812	184	2	12	1	1172
1813	185	2	36	3	1173	1174	1175
1814	186	2	5	1	1176
1815	187	1	6	1	1177
1816	188	1	33	2	1178	1179
1817	189	2	18	2	1180	1181
1818	190	2	24	2	1182	1183
1819	191	1	15	2	1184	1185
1820	192	1	18	2	1186	1187
1821	193	2	22	1	1188
1822	194	2	18	2	1189	1190
1823	195	1	12	1	1191
1824	196	2	5	1	1192
1825	197	1	11	1	1193
1826	198	2	22	1	1194
1827	199	1	12	2	1195	1196
1828	200	1	24	2	1197	1198
1829	201	1	10	1	1199
1830	202	1	12	1	1200
1831	203	1	66	3	1201	1202	1203
1832	204	1	12	1	1204
1833	205	1	6	1	1205
1834	206	1	10	1	1206
1835	207	2	6	1	1207
1836	208	2	5	1	1208
1837	209	2	15	2	1209	1210
1838	210	1	33	2	1211	1212
1839	211	2	35	4	1213	1214	1215	1216
1840	212	2	30	3	1217	1218	1219
1841	213	1	22	2	1220	1221
1842	214	2	5	1	1222
1843	215	1	5	1	1223
1844	216	1	12	2	1224	1225
1845	217	2	24	2	1226	1227
1846	218	1	12	1	1228
1847	219	2	33	2	1229	1230
1848	220	2	5	1	1231
1849	221	2	24	2	1232	1233
1850	222	2	12	2	1234	1235
1851	223	1	25	4	1236	1237	1238	1239
1852	224	2	35	4	1240	1241	1242	1243
1853	225	2	11	1	1244
1854	226	1	33	2	1245	1246
1855	227	2	20	2	1247	1248
1856	228	1	11	1	1249
1857	229	2	5	1	1250
1858	230	2	10	2	1251	1252
1859	231	1	20	2	1253	1254
1860	232	2	12	1	1255
1861	233	2	12	1	1256
1862	234	2	35	4	1257	1258	1259	1260
1863	235	2	10	1	1261
1864	236	1	22	1	1262
1865	237	2	11	1	1263
1866	238	1	12	1	1264
1867	239	1	10	2	1265	1266
1868	240	2	12	2	1267	1268
1869	241	2	6	1	1269
1870	242	2	12	2	1270	1271
1871	243	2	44	2	1272	1273
1872	244	2	12	2	1274	1275
1873	245	2	20	2	1276	1277
1874	246	1	18	2	1278	1279
1875	247	1	22	1	1280
1876	248	2	15	2	1281	1282
1877	249	1	42	4	1283	1284	1285	1286
1878	250	2	22	2	1287	1288
1879	251	1	15	2	1289	1290
1880	252	2	11	1	1291
1881	253	2	12	1	1292
1882	254	2	24	2	1293	1294
1883	255	1	12	1	1295
1884	256	2	5	1	1296
1885	257	1	12	2	1297	1298
1886	258	1	33	2	1299	1300
1887	259	1	5	1	1301
1888	260	2	10	1	1302
1889	261	1	6	1	1303
1890	262	2	11	1	1304
1891	263	1	44	3	1305	1306	1307
1892	264	1	10	2	1308	1309
1893	265	2	18	2	1310	1311
1894	266	2	15	2	1312	1313
1895	267	1	33	2	1314	1315
1896	268	1	10	2	1316	1317
1897	269	1	6	1	1318
1898	270	1	33	2	1319	1320
1899	271	2	12	2	1321	1322
1900	272	1	11	1	1323
1901	273	1	15	2	1324	1325
1902	274	2	5	1	1326
1903	275	2	25	3	1327	1328	1329
1904	276	1	20	2	1330	1331
1905	277	2	12	1	1332
1906	278	1	22	2	1333	1334
1907	279	1	5	1	1335
1908	280	1	12	2	1336	1337
1909	281	2	44	2	1338	1339
1910	282	1	24	2	1340	1341
1911	283	1	15	2	1342	1343
1912	284	2	25	4	1344	1345	1346	1347
1913	285	1	24	2	1348	1349
1914	286	1	15	2	1350	1351
1915	287	2	11	1	1352
1916	288	2	10	2	1353	1354
1917	289	2	24	2	1355	1356
1918	290	1	20	2	1357	1358
1919	291	2	12	1	1359
1920	292	2	12	1	1360
1921	293	2	11	1	1361
1922	294	1	15	2	1362	1363
1923	295	2	12	2	1364	1365
1924	296	2	22	1	1366
1925	297	1	6	1	1367
1926	298	2	5	1	1368
1927	299	1	12	1	1369
1928	300	1	20	3	1370	1371	1372
1929	301	2	35	4	1373	1374	1375	1376
1930	302	2	33	2	1377	1378
1931	303	2	24	3	1379	1380	1381
1932	304	2	33	2	1382	1383
1933	305	2	22	2	1384	1385
1934	306	2	18	2	1386	1387
1935	307	1	25	3	1388	1389	1390
1936	308	1	18	2	1391	1392
1937	309	2	22	1	1393
1938	310	2	33	2	1394	1395
1939	311	1	20	2	1396	1397
1940	312	1	10	1	1398
1941	313	2	6	1	1399
1942	314	1	20	3	1400	1401	1402
1943	315	1	12	1	1403
1944	316	1	15	2	1404	1405
1945	317	2	11	1	1406
1946	318	2	10	2	1407	1408
1947	319	2	12	1	1409
1948	320	2	15	2	1410	1411
1949	321	1	10	2	1412	1413
1950	322	1	5	1	1414
1951	323	2	15	2	1415	1416
1952	324	2	6	1	1417
1953	325	2	18	2	1418	1419
1954	326	2	66	4	1420	1421	1422	1423
1955	327	2	15	2	1424	1425
1956	328	2	22	1	1426
1957	329	1	30	4	1427	1428	1429	1430
1958	330	1	10	1	1431
1959	331	2	6	1	1432
1960	332	2	12	2	1433	1434
1961	333	2	5	1	1435
1962	334	2	33	2	1436	1437
1963	335	1	11	1	1438
1964	336	1	18	2	1439	1440
1965	337	1	20	2	1441	1442
1966	338	1	10	1	1443
1967	339	1	15	2	1444	1445
1968	340	2	33	2	1446	1447
1969	341	2	11	1	1448
1970	342	2	15	2	1449	1450
1971	343	1	44	2	1451	1452
1972	344	1	11	1	1453
1973	345	1	10	1	1454
1974	346	2	33	2	1455	1456
1975	347	2	15	2	1457	1458
1976	348	2	6	1	1459
1977	349	2	10	1	1460
1978	350	2	44	3	1461	1462	1463
1979	351	1	44	3	1464	1465	1466
1980	352	2	44	3	1467	1468	1469
1981	353	2	5	1	1470
1982	354	2	22	1	1471
1983	355	1	15	2	1472	1473
1984	356	2	11	1	1474
1985	357	1	22	2	1475	1476
1986	358	1	30	4	1477	1478	1479	1480
1987	359	1	20	2	1481	1482
1988	360	2	20	2	1483	1484
1989	361	1	11	1	1485
1990	362	1	6	1	1486
1991	363	2	44	2	1487	1488
1992	364	1	15	2	1489	1490
1993	365	2	10	2	1491	1492
1994	366	1	5	1	1493
1995	367	2	10	1	1494
1996	368	2	10	2	1495	1496
1997	369	2	22	1	1497
1998	370	2	18	2	1498	1499
1999	371	2	12	1	1500
2000	372	2	11	1	1501
2001	373	2	18	2	1502	1503
2002	374	2	22	1	1504
2003	375	2	18	3	1505	1506	1507
2004	376	2	44	4	1508	1509	1510	1511
2005	377	1	11	1	1512
2006	378	1	66	4	1513	1514	1515	1516
2007	379	2	11	1	1517
2008	380	1	66	4	1518	1519	1520	1521
2009	381	2	5	1	1522
2010	382	2	5	1	1523
2011	383	1	5	1	1524
2012	384	2	10	2	1525	1526
2013	385	1	11	1	1527
2014	386	1	10	2	1528	1529
2015	387	1	5	1	1530
2016	388	1	44	2	1531	1532
2017	389	1	15	2	1533	1534
2018	390	1	6	1	1535
2019	391	1	11	1	1536
2020	392	2	10	1	1537
2021	393	2	20	2	1538	1539
2022	394	2	15	2	1540	1541
2023	395	1	55	3	1542	1543	1544
2024	396	2	42	4	1545	1546	1547	1548
2025	397	2	15	2	1549	1550
2026	398	2	22	1	1551
2027	399	2	25	4	1552	1553	1554	1555
