520
0	0	2	0	
1	1	2	1	
2	2	2	2	
3	3	2	4	
4	3	1	10	
5	3	2	16	
6	3	2	22	
7	4	2	24	
8	5	2	27	
9	6	2	32	
10	7	2	33	
11	8	2	36	
12	9	2	43	
13	9	1	51	
14	10	2	55	
15	11	2	60	
16	12	2	61	
17	13	2	64	
18	14	2	69	
19	15	2	70	
20	16	2	71	
21	17	2	72	
22	18	2	74	
23	19	2	76	
24	20	2	78	
25	21	2	80	
26	22	2	81	
27	23	1	83	
28	23	2	89	
29	24	2	92	
30	25	2	95	
31	25	1	101	
32	26	2	104	
33	26	2	110	
34	26	1	116	
35	27	2	118	
36	28	2	119	
37	29	2	120	
38	30	2	123	
39	31	2	128	
40	32	2	129	
41	33	2	131	
42	34	2	135	
43	35	1	141	
44	35	2	147	
45	35	2	153	
46	35	2	159	
47	36	2	161	
48	37	2	162	
49	38	2	164	
50	38	2	170	
51	39	1	174	
52	39	1	182	
53	39	2	188	
54	39	1	194	
55	40	2	196	
56	41	2	197	
57	42	2	199	
58	42	1	205	
59	42	1	211	
60	43	2	213	
61	44	2	214	
62	45	2	215	
63	46	2	216	
64	47	2	217	
65	48	2	219	
66	49	2	221	
67	50	2	223	
68	51	2	227	
69	52	2	232	
70	53	2	233	
71	54	2	234	
72	55	2	237	
73	56	2	242	
74	57	2	243	
75	58	2	244	
76	59	2	245	
77	60	2	246	
78	61	1	249	
79	61	1	257	
80	61	1	263	
81	62	2	265	
82	63	2	267	
83	64	2	269	
84	65	2	270	
85	66	2	271	
86	67	1	273	
87	67	2	279	
88	67	1	285	
89	68	2	288	
90	69	2	291	
91	69	2	297	
92	69	2	303	
93	69	2	309	
94	70	2	311	
95	71	1	314	
96	71	1	322	
97	72	2	324	
98	73	2	325	
99	74	2	326	
100	75	2	327	
101	76	2	330	
102	77	2	335	
103	78	2	336	
104	79	2	337	
105	80	2	340	
106	80	1	348	
107	80	1	354	
108	81	2	356	
109	82	2	357	
110	83	2	360	
111	84	1	366	
112	84	1	372	
113	84	2	378	
114	85	2	380	
115	86	2	381	
116	87	2	382	
117	88	2	383	
118	89	2	384	
119	90	2	385	
120	91	2	386	
121	92	2	387	
122	93	2	388	
123	94	2	390	
124	94	1	396	
125	95	2	400	
126	96	2	406	
127	96	2	412	
128	96	1	418	
129	96	2	424	
130	97	2	426	
131	98	2	427	
132	99	2	428	
133	100	2	431	
134	101	2	436	
135	102	2	439	
136	103	2	444	
137	104	2	446	
138	104	2	452	
139	105	2	455	
140	106	2	457	
141	107	2	458	
142	108	2	459	
143	109	2	460	
144	110	2	461	
145	111	2	463	
146	112	2	465	
147	113	2	466	
148	114	1	469	
149	114	2	477	
150	115	2	479	
151	116	2	480	
152	117	2	481	
153	118	2	482	
154	119	2	483	
155	120	1	486	
156	120	1	494	
157	121	2	496	
158	122	2	497	
159	123	2	498	
160	124	2	499	
161	125	2	500	
162	126	2	502	
163	127	2	504	
164	128	2	506	
165	128	2	512	
166	128	1	518	
167	129	2	520	
168	130	2	521	
169	131	2	522	
170	132	2	523	
171	133	2	524	
172	134	2	526	
173	135	2	528	
174	136	2	531	
175	137	2	538	
176	138	2	543	
177	139	2	544	
178	140	2	545	
179	141	2	548	
180	142	2	553	
181	143	2	554	
182	144	2	555	
183	145	2	558	
184	146	2	563	
185	147	2	564	
186	148	2	565	
187	149	1	568	
188	149	1	576	
189	149	2	582	
190	150	2	584	
191	151	2	586	
192	152	2	589	
193	153	2	593	
194	154	2	598	
195	155	2	601	
196	156	2	606	
197	157	2	609	
198	157	2	617	
199	157	2	623	
200	157	1	629	
201	158	2	632	
202	159	1	636	
203	159	1	644	
204	160	2	646	
205	161	2	647	
206	162	1	649	
207	162	1	655	
208	162	2	661	
209	162	2	667	
210	163	2	669	
211	164	2	670	
212	165	2	671	
213	166	2	672	
214	167	2	673	
215	168	2	674	
216	169	2	675	
217	170	2	676	
218	171	2	679	
219	172	2	684	
220	173	2	685	
221	174	1	687	
222	174	2	693	
223	175	2	695	
224	176	2	698	
225	177	2	703	
226	178	2	704	
227	179	1	706	
228	179	2	712	
229	179	2	718	
230	179	1	724	
231	180	2	728	
232	181	2	733	
233	182	2	734	
234	183	1	736	
235	183	1	742	
236	183	1	748	
237	183	1	754	
238	184	2	756	
239	185	2	757	
240	186	2	758	
241	187	2	759	
242	188	2	762	
243	189	2	767	
244	190	2	768	
245	191	2	770	
246	192	2	774	
247	193	2	780	
248	194	2	782	
249	195	2	783	
250	196	2	785	
251	197	2	789	
252	198	2	794	
253	199	2	795	
254	200	2	797	
255	201	2	799	
256	202	2	800	
257	203	2	801	
258	204	2	802	
259	205	2	804	
260	205	1	810	
261	205	2	816	
262	205	1	822	
263	206	2	824	
264	207	2	825	
265	208	2	826	
266	209	1	828	
267	209	1	834	
268	209	2	840	
269	210	2	842	
270	211	2	843	
271	212	2	845	
272	212	1	851	
273	213	2	855	
274	214	2	860	
275	215	1	862	
276	215	1	868	
277	216	2	872	
278	217	2	877	
279	218	2	878	
280	219	2	879	
281	220	2	881	
282	221	2	883	
283	222	2	884	
284	223	2	885	
285	224	2	886	
286	225	2	887	
287	226	2	888	
288	227	2	891	
289	227	2	899	
290	227	2	905	
291	228	2	909	
292	228	2	917	
293	228	1	923	
294	228	1	929	
295	229	2	931	
296	230	1	933	
297	230	1	939	
298	230	2	945	
299	231	2	948	
300	232	2	951	
301	233	2	954	
302	234	2	956	
303	235	2	959	
304	236	1	966	
305	236	1	974	
306	236	1	980	
307	237	1	983	
308	237	2	989	
309	238	2	991	
310	239	1	993	
311	239	1	999	
312	239	1	1005	
313	240	2	1007	
314	241	2	1009	
315	241	2	1015	
316	241	2	1021	
317	241	1	1027	
318	242	2	1029	
319	243	1	1032	
320	243	2	1040	
321	243	2	1046	
322	243	1	1052	
323	244	1	1055	
324	244	2	1061	
325	244	1	1067	
326	244	1	1073	
327	245	2	1075	
328	246	2	1076	
329	247	1	1079	
330	247	1	1087	
331	247	2	1093	
332	247	1	1099	
333	248	2	1101	
334	249	2	1102	
335	250	2	1105	
336	251	2	1110	
337	252	2	1111	
338	253	2	1112	
339	254	2	1113	
340	255	2	1115	
341	256	2	1117	
342	257	1	1119	
343	257	1	1125	
344	257	1	1131	
345	257	1	1137	
346	258	2	1139	
347	259	2	1140	
348	260	2	1142	
349	261	2	1144	
350	262	1	1147	
351	262	2	1155	
352	262	2	1161	
353	263	2	1163	
354	264	2	1166	
355	265	2	1171	
356	266	2	1172	
357	267	2	1173	
358	268	2	1174	
359	269	2	1176	
360	270	2	1178	
361	271	2	1179	
362	272	2	1180	
363	273	2	1181	
364	274	2	1182	
365	275	2	1183	
366	276	2	1186	
367	277	2	1191	
368	278	2	1192	
369	279	2	1195	
370	280	2	1200	
371	281	2	1201	
372	282	2	1202	
373	283	2	1203	
374	284	2	1204	
375	285	2	1205	
376	286	2	1207	
377	287	2	1209	
378	288	2	1211	
379	289	2	1213	
380	290	2	1215	
381	291	1	1218	
382	291	1	1224	
383	291	1	1230	
384	292	2	1232	
385	293	2	1233	
386	294	2	1236	
387	295	2	1241	
388	296	2	1243	
389	297	2	1245	
390	298	2	1247	
391	299	2	1250	
392	300	2	1252	
393	301	2	1255	
394	302	2	1260	
395	303	2	1262	
396	304	2	1264	
397	305	2	1265	
398	306	2	1266	
399	307	1	1268	
400	307	1	1274	
401	307	2	1280	
402	308	2	1283	
403	309	2	1285	
404	310	2	1287	
405	310	2	1293	
406	310	2	1299	
407	310	2	1305	
408	311	2	1307	
409	312	2	1308	
410	313	2	1309	
411	314	2	1312	
412	315	2	1317	
413	316	2	1318	
414	317	2	1319	
415	318	2	1320	
416	319	2	1321	
417	320	2	1322	
418	321	2	1323	
419	322	2	1326	
420	322	1	1334	
421	322	1	1340	
422	322	1	1346	
423	323	2	1348	
424	324	2	1351	
425	325	2	1356	
426	326	2	1357	
427	327	2	1358	
428	328	2	1359	
429	329	2	1360	
430	330	2	1361	
431	331	2	1364	
432	332	2	1370	
433	332	2	1376	
434	332	1	1382	
435	333	2	1385	
436	334	2	1389	
437	335	2	1395	
438	335	2	1401	
439	335	2	1407	
440	336	2	1409	
441	337	2	1410	
442	338	2	1411	
443	339	2	1412	
444	340	2	1413	
445	341	2	1414	
446	342	2	1416	
447	343	2	1418	
448	344	2	1419	
449	345	2	1420	
450	346	2	1423	
451	347	2	1430	
452	348	2	1435	
453	349	2	1436	
454	350	2	1437	
455	351	2	1438	
456	352	2	1439	
457	353	2	1440	
458	354	2	1442	
459	354	2	1448	
460	354	1	1454	
461	354	2	1460	
462	355	2	1462	
463	356	2	1463	
464	357	2	1464	
465	358	2	1467	
466	358	2	1475	
467	359	2	1479	
468	360	2	1484	
469	361	2	1485	
470	362	2	1488	
471	363	2	1493	
472	364	2	1494	
473	365	2	1495	
474	366	2	1496	
475	367	2	1497	
476	368	2	1500	
477	368	2	1508	
478	368	2	1514	
479	368	2	1520	
480	369	2	1522	
481	370	2	1523	
482	371	2	1524	
483	372	2	1525	
484	373	2	1528	
485	374	2	1533	
486	375	2	1536	
487	375	1	1544	
488	375	2	1550	
489	376	2	1554	
490	377	2	1559	
491	378	2	1560	
492	379	2	1561	
493	380	2	1562	
494	381	2	1563	
495	382	1	1566	
496	382	1	1574	
497	382	1	1580	
498	382	2	1586	
499	383	2	1588	
500	384	2	1590	
501	385	2	1592	
502	386	2	1593	
503	387	2	1594	
504	388	2	1595	
505	389	1	1597	
506	389	1	1603	
507	389	2	1609	
508	389	2	1615	
509	390	2	1617	
510	391	2	1619	
511	392	2	1621	
512	393	2	1622	
513	394	2	1623	
514	395	2	1624	
515	396	2	1627	
516	397	2	1632	
517	398	2	1634	
518	398	1	1640	
519	399	2	1642	
