2173	1773	400
0	0	1	5	1	0	
1	0	1	10	2	0	1	
2	0	1	15	3	0	1	2	
3	0	1	10	2	0	2	
4	0	1	5	1	1	
5	0	1	10	2	1	2	
6	0	1	5	1	2	
7	1	1	5	1	3	
8	2	1	6	1	4	
9	3	2	22	1	5	
10	4	1	18	1	6	
11	4	1	30	2	6	7	
12	4	1	12	1	7	
13	5	2	10	1	8	
14	6	2	22	1	9	
15	7	1	6	1	10	
16	7	1	12	2	10	11	
17	7	1	18	3	10	11	12	
18	7	1	6	1	11	
19	7	1	12	2	11	12	
20	7	1	18	3	11	12	13	
21	7	1	6	1	12	
22	7	1	12	2	12	13	
23	7	1	18	3	12	13	14	
24	7	1	6	1	13	
25	7	1	12	2	13	14	
26	7	1	18	3	13	14	15	
27	7	1	6	1	14	
28	7	1	12	2	14	15	
29	7	1	18	3	14	15	16	
30	7	1	6	1	15	
31	7	1	12	2	15	16	
32	7	1	18	3	15	16	17	
33	7	1	6	1	16	
34	7	1	12	2	16	17	
35	7	1	18	3	16	17	18	
36	7	1	6	1	17	
37	7	1	12	2	17	18	
38	7	1	6	1	18	
39	8	2	6	1	19	
40	8	2	12	2	19	20	
41	8	2	18	3	19	20	21	
42	8	2	12	2	19	21	
43	8	2	6	1	20	
44	8	2	12	2	20	21	
45	8	2	6	1	21	
46	9	2	6	1	22	
47	10	2	11	1	23	
48	11	2	5	1	24	
49	12	2	6	1	25	
50	13	2	6	1	26	
51	13	2	12	2	26	27	
52	13	2	18	3	26	27	28	
53	13	2	6	1	27	
54	13	2	12	2	27	28	
55	13	2	18	3	27	28	29	
56	13	2	6	1	28	
57	13	2	12	2	28	29	
58	13	2	6	1	29	
59	14	1	12	1	30	
60	15	2	5	1	31	
61	16	2	5	1	32	
62	17	1	12	1	33	
63	18	2	5	1	34	
64	18	2	10	2	34	35	
65	18	2	25	3	34	35	36	
66	18	2	20	2	34	36	
67	18	2	5	1	35	
68	18	2	20	2	35	36	
69	18	2	15	1	36	
70	19	2	11	1	37	
71	19	2	22	2	37	38	
72	19	2	33	3	37	38	39	
73	19	2	11	1	38	
74	19	2	22	2	38	39	
75	19	2	33	3	38	39	40	
76	19	2	11	1	39	
77	19	2	22	2	39	40	
78	19	2	33	3	39	40	41	
79	19	2	11	1	40	
80	19	2	22	2	40	41	
81	19	2	33	3	40	41	42	
82	19	2	11	1	41	
83	19	2	22	2	41	42	
84	19	2	11	1	42	
85	20	2	10	1	43	
86	21	1	6	1	44	
87	22	2	5	1	45	
88	22	2	10	2	45	46	
89	22	2	15	3	45	46	47	
90	22	2	5	1	46	
91	22	2	10	2	46	47	
92	22	2	15	3	46	47	48	
93	22	2	5	1	47	
94	22	2	10	2	47	48	
95	22	2	15	3	47	48	49	
96	22	2	5	1	48	
97	22	2	10	2	48	49	
98	22	2	15	3	48	49	50	
99	22	2	5	1	49	
100	22	2	10	2	49	50	
101	22	2	15	3	49	50	51	
102	22	2	5	1	50	
103	22	2	10	2	50	51	
104	22	2	15	3	50	51	52	
105	22	2	5	1	51	
106	22	2	10	2	51	52	
107	22	2	15	3	51	52	53	
108	22	2	5	1	52	
109	22	2	10	2	52	53	
110	22	2	5	1	53	
111	23	2	12	1	54	
112	24	1	6	1	55	
113	25	2	5	1	56	
114	26	1	5	1	57	
115	26	1	10	2	57	58	
116	26	1	15	3	57	58	59	
117	26	1	10	2	57	59	
118	26	1	5	1	58	
119	26	1	10	2	58	59	
120	26	1	5	1	59	
121	27	2	11	1	60	
122	28	2	6	1	61	
123	29	1	6	1	62	
124	30	2	5	1	63	
125	31	2	5	1	64	
126	32	1	5	1	65	
127	33	1	11	1	66	
128	34	1	5	1	67	
129	34	1	10	2	67	68	
130	34	1	15	3	67	68	69	
131	34	1	5	1	68	
132	34	1	10	2	68	69	
133	34	1	15	3	68	69	70	
134	34	1	5	1	69	
135	34	1	10	2	69	70	
136	34	1	15	3	69	70	71	
137	34	1	5	1	70	
138	34	1	10	2	70	71	
139	34	1	5	1	71	
140	35	1	6	1	72	
141	35	1	12	2	72	73	
142	35	1	18	3	72	73	74	
143	35	1	6	1	73	
144	35	1	12	2	73	74	
145	35	1	18	3	73	74	75	
146	35	1	6	1	74	
147	35	1	12	2	74	75	
148	35	1	18	3	74	75	76	
149	35	1	6	1	75	
150	35	1	12	2	75	76	
151	35	1	18	3	75	76	77	
152	35	1	6	1	76	
153	35	1	12	2	76	77	
154	35	1	18	3	76	77	78	
155	35	1	6	1	77	
156	35	1	12	2	77	78	
157	35	1	18	3	77	78	79	
158	35	1	6	1	78	
159	35	1	12	2	78	79	
160	35	1	18	3	78	79	80	
161	35	1	6	1	79	
162	35	1	12	2	79	80	
163	35	1	6	1	80	
164	36	1	22	1	81	
165	37	1	10	1	82	
166	38	2	11	1	83	
167	38	2	22	2	83	84	
168	38	2	11	1	84	
169	39	2	6	1	85	
170	39	2	18	2	85	86	
171	39	2	24	3	85	86	87	
172	39	2	12	2	85	87	
173	39	2	12	1	86	
174	39	2	18	2	86	87	
175	39	2	6	1	87	
176	40	1	6	1	88	
177	41	2	11	1	89	
178	41	2	22	2	89	90	
179	41	2	33	3	89	90	91	
180	41	2	22	2	89	91	
181	41	2	11	1	90	
182	41	2	22	2	90	91	
183	41	2	11	1	91	
184	42	2	5	1	92	
185	43	1	11	1	93	
186	44	1	5	1	94	
187	45	1	11	1	95	
188	45	1	22	2	95	96	
189	45	1	33	3	95	96	97	
190	45	1	22	2	95	97	
191	45	1	11	1	96	
192	45	1	22	2	96	97	
193	45	1	11	1	97	
194	46	1	6	1	98	
195	46	1	12	2	98	99	
196	46	1	18	3	98	99	100	
197	46	1	6	1	99	
198	46	1	12	2	99	100	
199	46	1	18	3	99	100	101	
200	46	1	6	1	100	
201	46	1	12	2	100	101	
202	46	1	18	3	100	101	102	
203	46	1	6	1	101	
204	46	1	12	2	101	102	
205	46	1	18	3	101	102	103	
206	46	1	6	1	102	
207	46	1	12	2	102	103	
208	46	1	18	3	102	103	104	
209	46	1	6	1	103	
210	46	1	12	2	103	104	
211	46	1	18	3	103	104	105	
212	46	1	6	1	104	
213	46	1	12	2	104	105	
214	46	1	6	1	105	
215	47	1	22	1	106	
216	47	1	33	2	106	107	
217	47	1	55	3	106	107	108	
218	47	1	44	2	106	108	
219	47	1	11	1	107	
220	47	1	33	2	107	108	
221	47	1	22	1	108	
222	48	2	11	1	109	
223	48	2	22	2	109	110	
224	48	2	33	3	109	110	111	
225	48	2	11	1	110	
226	48	2	22	2	110	111	
227	48	2	33	3	110	111	112	
228	48	2	11	1	111	
229	48	2	22	2	111	112	
230	48	2	33	3	111	112	113	
231	48	2	11	1	112	
232	48	2	22	2	112	113	
233	48	2	33	3	112	113	114	
234	48	2	11	1	113	
235	48	2	22	2	113	114	
236	48	2	33	3	113	114	115	
237	48	2	11	1	114	
238	48	2	22	2	114	115	
239	48	2	33	3	114	115	116	
240	48	2	11	1	115	
241	48	2	22	2	115	116	
242	48	2	11	1	116	
243	49	2	6	1	117	
244	50	1	6	1	118	
245	51	2	11	1	119	
246	51	2	22	2	119	120	
247	51	2	33	3	119	120	121	
248	51	2	22	2	119	121	
249	51	2	11	1	120	
250	51	2	22	2	120	121	
251	51	2	11	1	121	
252	52	1	11	1	122	
253	52	1	22	2	122	123	
254	52	1	11	1	123	
255	53	1	6	1	124	
256	54	2	10	1	125	
257	55	2	6	1	126	
258	56	2	10	1	127	
259	56	2	15	2	127	128	
260	56	2	20	3	127	128	129	
261	56	2	15	2	127	129	
262	56	2	5	1	128	
263	56	2	10	2	128	129	
264	56	2	5	1	129	
265	57	1	6	1	130	
266	57	1	24	2	130	131	
267	57	1	30	3	130	131	132	
268	57	1	12	2	130	132	
269	57	1	18	1	131	
270	57	1	24	2	131	132	
271	57	1	6	1	132	
272	58	1	18	1	133	
273	58	1	30	2	133	134	
274	58	1	36	3	133	134	135	
275	58	1	24	2	133	135	
276	58	1	12	1	134	
277	58	1	18	2	134	135	
278	58	1	6	1	135	
279	59	2	6	1	136	
280	60	1	11	1	137	
281	61	1	10	1	138	
282	61	1	15	2	138	139	
283	61	1	5	1	139	
284	62	1	5	1	140	
285	63	1	11	1	141	
286	64	2	22	1	142	
287	65	2	5	1	143	
288	66	2	10	1	144	
289	67	2	6	1	145	
290	68	1	11	1	146	
291	69	2	6	1	147	
292	70	1	6	1	148	
293	71	2	10	1	149	
294	71	2	15	2	149	150	
295	71	2	20	3	149	150	151	
296	71	2	15	2	149	151	
297	71	2	5	1	150	
298	71	2	10	2	150	151	
299	71	2	5	1	151	
300	72	2	11	1	152	
301	73	2	6	1	153	
302	74	1	6	1	154	
303	74	1	12	2	154	155	
304	74	1	18	3	154	155	156	
305	74	1	6	1	155	
306	74	1	12	2	155	156	
307	74	1	18	3	155	156	157	
308	74	1	6	1	156	
309	74	1	12	2	156	157	
310	74	1	18	3	156	157	158	
311	74	1	6	1	157	
312	74	1	12	2	157	158	
313	74	1	18	3	157	158	159	
314	74	1	6	1	158	
315	74	1	12	2	158	159	
316	74	1	18	3	158	159	160	
317	74	1	6	1	159	
318	74	1	12	2	159	160	
319	74	1	18	3	159	160	161	
320	74	1	6	1	160	
321	74	1	12	2	160	161	
322	74	1	6	1	161	
323	75	1	11	1	162	
324	76	2	5	1	163	
325	77	2	22	1	164	
326	77	2	33	2	164	165	
327	77	2	11	1	165	
328	78	1	6	1	166	
329	78	1	12	2	166	167	
330	78	1	6	1	167	
331	79	2	22	1	168	
332	80	1	6	1	169	
333	80	1	12	2	169	170	
334	80	1	6	1	170	
335	81	2	5	1	171	
336	81	2	20	2	171	172	
337	81	2	15	1	172	
338	82	1	11	1	173	
339	83	2	5	1	174	
340	84	2	5	1	175	
341	85	1	6	1	176	
342	86	2	12	1	177	
343	87	2	22	1	178	
344	88	2	22	1	179	
345	88	2	33	2	179	180	
346	88	2	44	3	179	180	181	
347	88	2	33	2	179	181	
348	88	2	11	1	180	
349	88	2	22	2	180	181	
350	88	2	11	1	181	
351	89	2	11	1	182	
352	90	2	11	1	183	
353	90	2	22	2	183	184	
354	90	2	33	3	183	184	185	
355	90	2	22	2	183	185	
356	90	2	11	1	184	
357	90	2	22	2	184	185	
358	90	2	11	1	185	
359	91	2	11	1	186	
360	92	1	6	1	187	
361	93	1	15	1	188	
362	94	2	6	1	189	
363	95	1	6	1	190	
364	95	1	12	2	190	191	
365	95	1	18	3	190	191	192	
366	95	1	6	1	191	
367	95	1	12	2	191	192	
368	95	1	18	3	191	192	193	
369	95	1	6	1	192	
370	95	1	12	2	192	193	
371	95	1	18	3	192	193	194	
372	95	1	6	1	193	
373	95	1	12	2	193	194	
374	95	1	18	3	193	194	195	
375	95	1	6	1	194	
376	95	1	12	2	194	195	
377	95	1	18	3	194	195	196	
378	95	1	6	1	195	
379	95	1	12	2	195	196	
380	95	1	18	3	195	196	197	
381	95	1	6	1	196	
382	95	1	12	2	196	197	
383	95	1	18	3	196	197	198	
384	95	1	6	1	197	
385	95	1	12	2	197	198	
386	95	1	6	1	198	
387	96	1	6	1	199	
388	96	1	12	2	199	200	
389	96	1	18	3	199	200	201	
390	96	1	6	1	200	
391	96	1	12	2	200	201	
392	96	1	18	3	200	201	202	
393	96	1	6	1	201	
394	96	1	12	2	201	202	
395	96	1	18	3	201	202	203	
396	96	1	6	1	202	
397	96	1	12	2	202	203	
398	96	1	18	3	202	203	204	
399	96	1	6	1	203	
400	96	1	12	2	203	204	
401	96	1	6	1	204	
402	97	2	11	1	205	
403	97	2	33	2	205	206	
404	97	2	44	3	205	206	207	
405	97	2	22	2	205	207	
406	97	2	22	1	206	
407	97	2	33	2	206	207	
408	97	2	11	1	207	
409	98	1	6	1	208	
410	99	1	5	1	209	
411	100	1	6	1	210	
412	101	2	5	1	211	
413	101	2	10	2	211	212	
414	101	2	15	3	211	212	213	
415	101	2	5	1	212	
416	101	2	10	2	212	213	
417	101	2	15	3	212	213	214	
418	101	2	5	1	213	
419	101	2	10	2	213	214	
420	101	2	15	3	213	214	215	
421	101	2	5	1	214	
422	101	2	10	2	214	215	
423	101	2	15	3	214	215	216	
424	101	2	5	1	215	
425	101	2	10	2	215	216	
426	101	2	15	3	215	216	217	
427	101	2	5	1	216	
428	101	2	10	2	216	217	
429	101	2	15	3	216	217	218	
430	101	2	5	1	217	
431	101	2	10	2	217	218	
432	101	2	5	1	218	
433	102	2	22	1	219	
434	103	1	11	1	220	
435	104	1	11	1	221	
436	105	1	6	1	222	
437	105	1	12	2	222	223	
438	105	1	18	3	222	223	224	
439	105	1	12	2	222	224	
440	105	1	6	1	223	
441	105	1	12	2	223	224	
442	105	1	6	1	224	
443	106	2	6	1	225	
444	106	2	12	2	225	226	
445	106	2	24	3	225	226	227	
446	106	2	18	2	225	227	
447	106	2	6	1	226	
448	106	2	18	2	226	227	
449	106	2	12	1	227	
450	107	1	11	1	228	
451	108	2	11	1	229	
452	108	2	22	2	229	230	
453	108	2	33	3	229	230	231	
454	108	2	11	1	230	
455	108	2	22	2	230	231	
456	108	2	33	3	230	231	232	
457	108	2	11	1	231	
458	108	2	22	2	231	232	
459	108	2	33	3	231	232	233	
460	108	2	11	1	232	
461	108	2	22	2	232	233	
462	108	2	33	3	232	233	234	
463	108	2	11	1	233	
464	108	2	22	2	233	234	
465	108	2	33	3	233	234	235	
466	108	2	11	1	234	
467	108	2	22	2	234	235	
468	108	2	11	1	235	
469	109	2	5	1	236	
470	109	2	10	2	236	237	
471	109	2	15	3	236	237	238	
472	109	2	5	1	237	
473	109	2	10	2	237	238	
474	109	2	15	3	237	238	239	
475	109	2	5	1	238	
476	109	2	10	2	238	239	
477	109	2	15	3	238	239	240	
478	109	2	5	1	239	
479	109	2	10	2	239	240	
480	109	2	15	3	239	240	241	
481	109	2	5	1	240	
482	109	2	10	2	240	241	
483	109	2	15	3	240	241	242	
484	109	2	5	1	241	
485	109	2	10	2	241	242	
486	109	2	15	3	241	242	243	
487	109	2	5	1	242	
488	109	2	10	2	242	243	
489	109	2	15	3	242	243	244	
490	109	2	5	1	243	
491	109	2	10	2	243	244	
492	109	2	5	1	244	
493	110	1	11	1	245	
494	110	1	22	2	245	246	
495	110	1	33	3	245	246	247	
496	110	1	11	1	246	
497	110	1	22	2	246	247	
498	110	1	33	3	246	247	248	
499	110	1	11	1	247	
500	110	1	22	2	247	248	
501	110	1	33	3	247	248	249	
502	110	1	11	1	248	
503	110	1	22	2	248	249	
504	110	1	33	3	248	249	250	
505	110	1	11	1	249	
506	110	1	22	2	249	250	
507	110	1	33	3	249	250	251	
508	110	1	11	1	250	
509	110	1	22	2	250	251	
510	110	1	11	1	251	
511	111	2	12	1	252	
512	112	1	6	1	253	
513	113	2	11	1	254	
514	114	2	5	1	255	
515	114	2	10	2	255	256	
516	114	2	15	3	255	256	257	
517	114	2	10	2	255	257	
518	114	2	5	1	256	
519	114	2	10	2	256	257	
520	114	2	5	1	257	
521	115	1	6	1	258	
522	115	1	12	2	258	259	
523	115	1	18	3	258	259	260	
524	115	1	6	1	259	
525	115	1	12	2	259	260	
526	115	1	18	3	259	260	261	
527	115	1	6	1	260	
528	115	1	12	2	260	261	
529	115	1	18	3	260	261	262	
530	115	1	6	1	261	
531	115	1	12	2	261	262	
532	115	1	18	3	261	262	263	
533	115	1	6	1	262	
534	115	1	12	2	262	263	
535	115	1	18	3	262	263	264	
536	115	1	6	1	263	
537	115	1	12	2	263	264	
538	115	1	6	1	264	
539	116	1	6	1	265	
540	117	2	6	1	266	
541	117	2	12	2	266	267	
542	117	2	18	3	266	267	268	
543	117	2	12	2	266	268	
544	117	2	6	1	267	
545	117	2	12	2	267	268	
546	117	2	6	1	268	
547	118	1	6	1	269	
548	118	1	12	2	269	270	
549	118	1	18	3	269	270	271	
550	118	1	6	1	270	
551	118	1	12	2	270	271	
552	118	1	18	3	270	271	272	
553	118	1	6	1	271	
554	118	1	12	2	271	272	
555	118	1	6	1	272	
556	119	1	5	1	273	
557	119	1	10	2	273	274	
558	119	1	15	3	273	274	275	
559	119	1	5	1	274	
560	119	1	10	2	274	275	
561	119	1	15	3	274	275	276	
562	119	1	5	1	275	
563	119	1	10	2	275	276	
564	119	1	5	1	276	
565	120	1	11	1	277	
566	120	1	22	2	277	278	
567	120	1	33	3	277	278	279	
568	120	1	11	1	278	
569	120	1	22	2	278	279	
570	120	1	33	3	278	279	280	
571	120	1	11	1	279	
572	120	1	22	2	279	280	
573	120	1	33	3	279	280	281	
574	120	1	11	1	280	
575	120	1	22	2	280	281	
576	120	1	33	3	280	281	282	
577	120	1	11	1	281	
578	120	1	22	2	281	282	
579	120	1	33	3	281	282	283	
580	120	1	11	1	282	
581	120	1	22	2	282	283	
582	120	1	33	3	282	283	284	
583	120	1	11	1	283	
584	120	1	22	2	283	284	
585	120	1	33	3	283	284	285	
586	120	1	11	1	284	
587	120	1	22	2	284	285	
588	120	1	11	1	285	
589	121	1	6	1	286	
590	122	1	5	1	287	
591	122	1	10	2	287	288	
592	122	1	15	3	287	288	289	
593	122	1	5	1	288	
594	122	1	10	2	288	289	
595	122	1	15	3	288	289	290	
596	122	1	5	1	289	
597	122	1	10	2	289	290	
598	122	1	15	3	289	290	291	
599	122	1	5	1	290	
600	122	1	10	2	290	291	
601	122	1	15	3	290	291	292	
602	122	1	5	1	291	
603	122	1	10	2	291	292	
604	122	1	15	3	291	292	293	
605	122	1	5	1	292	
606	122	1	10	2	292	293	
607	122	1	15	3	292	293	294	
608	122	1	5	1	293	
609	122	1	10	2	293	294	
610	122	1	15	3	293	294	295	
611	122	1	5	1	294	
612	122	1	10	2	294	295	
613	122	1	5	1	295	
614	123	1	11	1	296	
615	123	1	22	2	296	297	
616	123	1	11	1	297	
617	124	1	6	1	298	
618	124	1	12	2	298	299	
619	124	1	18	3	298	299	300	
620	124	1	6	1	299	
621	124	1	12	2	299	300	
622	124	1	18	3	299	300	301	
623	124	1	6	1	300	
624	124	1	12	2	300	301	
625	124	1	18	3	300	301	302	
626	124	1	6	1	301	
627	124	1	12	2	301	302	
628	124	1	18	3	301	302	303	
629	124	1	6	1	302	
630	124	1	12	2	302	303	
631	124	1	18	3	302	303	304	
632	124	1	6	1	303	
633	124	1	12	2	303	304	
634	124	1	18	3	303	304	305	
635	124	1	6	1	304	
636	124	1	12	2	304	305	
637	124	1	18	3	304	305	306	
638	124	1	6	1	305	
639	124	1	12	2	305	306	
640	124	1	6	1	306	
641	125	2	11	1	307	
642	125	2	22	2	307	308	
643	125	2	33	3	307	308	309	
644	125	2	22	2	307	309	
645	125	2	11	1	308	
646	125	2	22	2	308	309	
647	125	2	11	1	309	
648	126	1	12	1	310	
649	127	1	6	1	311	
650	127	1	12	2	311	312	
651	127	1	6	1	312	
652	128	2	10	1	313	
653	129	2	6	1	314	
654	130	2	5	1	315	
655	131	1	6	1	316	
656	132	2	11	1	317	
657	132	2	22	2	317	318	
658	132	2	33	3	317	318	319	
659	132	2	22	2	317	319	
660	132	2	11	1	318	
661	132	2	22	2	318	319	
662	132	2	11	1	319	
663	133	1	5	1	320	
664	134	2	11	1	321	
665	135	1	6	1	322	
666	135	1	18	2	322	323	
667	135	1	12	1	323	
668	136	1	11	1	324	
669	137	1	6	1	325	
670	138	1	6	1	326	
671	138	1	12	2	326	327	
672	138	1	6	1	327	
673	139	2	5	1	328	
674	140	1	22	1	329	
675	141	2	11	1	330	
676	142	2	11	1	331	
677	143	1	6	1	332	
678	144	1	5	1	333	
679	144	1	20	2	333	334	
680	144	1	15	1	334	
681	145	2	6	1	335	
682	146	1	11	1	336	
683	147	1	6	1	337	
684	148	2	5	1	338	
685	148	2	10	2	338	339	
686	148	2	15	3	338	339	340	
687	148	2	5	1	339	
688	148	2	10	2	339	340	
689	148	2	15	3	339	340	341	
690	148	2	5	1	340	
691	148	2	10	2	340	341	
692	148	2	15	3	340	341	342	
693	148	2	5	1	341	
694	148	2	10	2	341	342	
695	148	2	15	3	341	342	343	
696	148	2	5	1	342	
697	148	2	10	2	342	343	
698	148	2	15	3	342	343	344	
699	148	2	5	1	343	
700	148	2	10	2	343	344	
701	148	2	15	3	343	344	345	
702	148	2	5	1	344	
703	148	2	10	2	344	345	
704	148	2	5	1	345	
705	149	2	12	1	346	
706	150	2	5	1	347	
707	151	2	12	1	348	
708	152	1	5	1	349	
709	153	1	11	1	350	
710	153	1	22	2	350	351	
711	153	1	33	3	350	351	352	
712	153	1	22	2	350	352	
713	153	1	11	1	351	
714	153	1	22	2	351	352	
715	153	1	11	1	352	
716	154	1	11	1	353	
717	154	1	22	2	353	354	
718	154	1	11	1	354	
719	155	1	6	1	355	
720	156	2	5	1	356	
721	156	2	10	2	356	357	
722	156	2	20	3	356	357	358	
723	156	2	15	2	356	358	
724	156	2	5	1	357	
725	156	2	15	2	357	358	
726	156	2	10	1	358	
727	157	1	6	1	359	
728	158	1	6	1	360	
729	158	1	18	2	360	361	
730	158	1	24	3	360	361	362	
731	158	1	12	2	360	362	
732	158	1	12	1	361	
733	158	1	18	2	361	362	
734	158	1	6	1	362	
735	159	2	6	1	363	
736	160	2	11	1	364	
737	161	1	22	1	365	
738	162	2	5	1	366	
739	162	2	15	2	366	367	
740	162	2	10	1	367	
741	163	1	6	1	368	
742	164	2	11	1	369	
743	165	2	12	1	370	
744	166	1	5	1	371	
745	167	2	22	1	372	
746	168	2	5	1	373	
747	168	2	10	2	373	374	
748	168	2	15	3	373	374	375	
749	168	2	5	1	374	
750	168	2	10	2	374	375	
751	168	2	15	3	374	375	376	
752	168	2	5	1	375	
753	168	2	10	2	375	376	
754	168	2	15	3	375	376	377	
755	168	2	5	1	376	
756	168	2	10	2	376	377	
757	168	2	5	1	377	
758	169	2	22	1	378	
759	169	2	33	2	378	379	
760	169	2	11	1	379	
761	170	2	5	1	380	
762	171	2	5	1	381	
763	171	2	10	2	381	382	
764	171	2	20	3	381	382	383	
765	171	2	15	2	381	383	
766	171	2	5	1	382	
767	171	2	15	2	382	383	
768	171	2	10	1	383	
769	172	2	11	1	384	
770	173	2	11	1	385	
771	174	2	5	1	386	
772	174	2	10	2	386	387	
773	174	2	5	1	387	
774	175	1	6	1	388	
775	175	1	12	2	388	389	
776	175	1	6	1	389	
777	176	1	11	1	390	
778	176	1	22	2	390	391	
779	176	1	11	1	391	
780	177	1	6	1	392	
781	178	2	22	1	393	
782	179	1	6	1	394	
783	180	2	11	1	395	
784	181	2	22	1	396	
785	182	2	22	1	397	
786	183	2	6	1	398	
787	183	2	18	2	398	399	
788	183	2	24	3	398	399	400	
789	183	2	12	2	398	400	
790	183	2	12	1	399	
791	183	2	18	2	399	400	
792	183	2	6	1	400	
793	184	2	6	1	401	
794	184	2	12	2	401	402	
795	184	2	18	3	401	402	403	
796	184	2	6	1	402	
797	184	2	12	2	402	403	
798	184	2	18	3	402	403	404	
799	184	2	6	1	403	
800	184	2	12	2	403	404	
801	184	2	18	3	403	404	405	
802	184	2	6	1	404	
803	184	2	12	2	404	405	
804	184	2	18	3	404	405	406	
805	184	2	6	1	405	
806	184	2	12	2	405	406	
807	184	2	18	3	405	406	407	
808	184	2	6	1	406	
809	184	2	12	2	406	407	
810	184	2	18	3	406	407	408	
811	184	2	6	1	407	
812	184	2	12	2	407	408	
813	184	2	18	3	407	408	409	
814	184	2	6	1	408	
815	184	2	12	2	408	409	
816	184	2	6	1	409	
817	185	2	6	1	410	
818	186	2	12	1	411	
819	187	2	5	1	412	
820	187	2	10	2	412	413	
821	187	2	5	1	413	
822	188	2	11	1	414	
823	188	2	22	2	414	415	
824	188	2	11	1	415	
825	189	2	10	1	416	
826	189	2	20	2	416	417	
827	189	2	10	1	417	
828	190	1	6	1	418	
829	191	1	22	1	419	
830	192	1	5	1	420	
831	193	1	6	1	421	
832	194	1	5	1	422	
833	195	2	22	1	423	
834	196	2	6	1	424	
835	196	2	12	2	424	425	
836	196	2	24	3	424	425	426	
837	196	2	18	2	424	426	
838	196	2	6	1	425	
839	196	2	18	2	425	426	
840	196	2	12	1	426	
841	197	1	6	1	427	
842	198	2	6	1	428	
843	199	1	22	1	429	
844	200	2	22	1	430	
845	200	2	33	2	430	431	
846	200	2	44	3	430	431	432	
847	200	2	33	2	430	432	
848	200	2	11	1	431	
849	200	2	22	2	431	432	
850	200	2	11	1	432	
851	201	2	6	1	433	
852	202	2	5	1	434	
853	203	2	10	1	435	
854	204	2	11	1	436	
855	205	1	11	1	437	
856	206	1	6	1	438	
857	206	1	12	2	438	439	
858	206	1	18	3	438	439	440	
859	206	1	6	1	439	
860	206	1	12	2	439	440	
861	206	1	18	3	439	440	441	
862	206	1	6	1	440	
863	206	1	12	2	440	441	
864	206	1	18	3	440	441	442	
865	206	1	6	1	441	
866	206	1	12	2	441	442	
867	206	1	18	3	441	442	443	
868	206	1	6	1	442	
869	206	1	12	2	442	443	
870	206	1	18	3	442	443	444	
871	206	1	6	1	443	
872	206	1	12	2	443	444	
873	206	1	18	3	443	444	445	
874	206	1	6	1	444	
875	206	1	12	2	444	445	
876	206	1	18	3	444	445	446	
877	206	1	6	1	445	
878	206	1	12	2	445	446	
879	206	1	6	1	446	
880	207	1	6	1	447	
881	207	1	12	2	447	448	
882	207	1	18	3	447	448	449	
883	207	1	6	1	448	
884	207	1	12	2	448	449	
885	207	1	18	3	448	449	450	
886	207	1	6	1	449	
887	207	1	12	2	449	450	
888	207	1	18	3	449	450	451	
889	207	1	6	1	450	
890	207	1	12	2	450	451	
891	207	1	18	3	450	451	452	
892	207	1	6	1	451	
893	207	1	12	2	451	452	
894	207	1	18	3	451	452	453	
895	207	1	6	1	452	
896	207	1	12	2	452	453	
897	207	1	18	3	452	453	454	
898	207	1	6	1	453	
899	207	1	12	2	453	454	
900	207	1	6	1	454	
901	208	2	5	1	455	
902	209	2	11	1	456	
903	210	1	11	1	457	
904	210	1	22	2	457	458	
905	210	1	33	3	457	458	459	
906	210	1	11	1	458	
907	210	1	22	2	458	459	
908	210	1	33	3	458	459	460	
909	210	1	11	1	459	
910	210	1	22	2	459	460	
911	210	1	33	3	459	460	461	
912	210	1	11	1	460	
913	210	1	22	2	460	461	
914	210	1	33	3	460	461	462	
915	210	1	11	1	461	
916	210	1	22	2	461	462	
917	210	1	11	1	462	
918	211	1	6	1	463	
919	212	2	6	1	464	
920	213	2	12	1	465	
921	214	1	22	1	466	
922	214	1	44	2	466	467	
923	214	1	55	3	466	467	468	
924	214	1	33	2	466	468	
925	214	1	22	1	467	
926	214	1	33	2	467	468	
927	214	1	11	1	468	
928	215	2	11	1	469	
929	216	2	6	1	470	
930	217	2	11	1	471	
931	218	2	12	1	472	
932	219	1	5	1	473	
933	219	1	15	2	473	474	
934	219	1	10	1	474	
935	220	2	6	1	475	
936	220	2	12	2	475	476	
937	220	2	6	1	476	
938	221	2	5	1	477	
939	222	1	11	1	478	
940	222	1	22	2	478	479	
941	222	1	33	3	478	479	480	
942	222	1	22	2	478	480	
943	222	1	11	1	479	
944	222	1	22	2	479	480	
945	222	1	11	1	480	
946	223	1	11	1	481	
947	223	1	22	2	481	482	
948	223	1	33	3	481	482	483	
949	223	1	22	2	481	483	
950	223	1	11	1	482	
951	223	1	22	2	482	483	
952	223	1	11	1	483	
953	224	1	11	1	484	
954	225	1	11	1	485	
955	225	1	22	2	485	486	
956	225	1	33	3	485	486	487	
957	225	1	11	1	486	
958	225	1	22	2	486	487	
959	225	1	33	3	486	487	488	
960	225	1	11	1	487	
961	225	1	22	2	487	488	
962	225	1	33	3	487	488	489	
963	225	1	11	1	488	
964	225	1	22	2	488	489	
965	225	1	11	1	489	
966	226	2	5	1	490	
967	227	1	6	1	491	
968	228	2	6	1	492	
969	229	2	5	1	493	
970	230	2	6	1	494	
971	230	2	18	2	494	495	
972	230	2	12	1	495	
973	231	1	11	1	496	
974	232	1	6	1	497	
975	232	1	12	2	497	498	
976	232	1	18	3	497	498	499	
977	232	1	6	1	498	
978	232	1	12	2	498	499	
979	232	1	18	3	498	499	500	
980	232	1	6	1	499	
981	232	1	12	2	499	500	
982	232	1	18	3	499	500	501	
983	232	1	6	1	500	
984	232	1	12	2	500	501	
985	232	1	6	1	501	
986	233	2	11	1	502	
987	233	2	22	2	502	503	
988	233	2	33	3	502	503	504	
989	233	2	11	1	503	
990	233	2	22	2	503	504	
991	233	2	33	3	503	504	505	
992	233	2	11	1	504	
993	233	2	22	2	504	505	
994	233	2	33	3	504	505	506	
995	233	2	11	1	505	
996	233	2	22	2	505	506	
997	233	2	33	3	505	506	507	
998	233	2	11	1	506	
999	233	2	22	2	506	507	
1000	233	2	33	3	506	507	508	
1001	233	2	11	1	507	
1002	233	2	22	2	507	508	
1003	233	2	11	1	508	
1004	234	1	5	1	509	
1005	234	1	10	2	509	510	
1006	234	1	15	3	509	510	511	
1007	234	1	5	1	510	
1008	234	1	10	2	510	511	
1009	234	1	15	3	510	511	512	
1010	234	1	5	1	511	
1011	234	1	10	2	511	512	
1012	234	1	15	3	511	512	513	
1013	234	1	5	1	512	
1014	234	1	10	2	512	513	
1015	234	1	5	1	513	
1016	235	2	11	1	514	
1017	235	2	22	2	514	515	
1018	235	2	33	3	514	515	516	
1019	235	2	11	1	515	
1020	235	2	22	2	515	516	
1021	235	2	33	3	515	516	517	
1022	235	2	11	1	516	
1023	235	2	22	2	516	517	
1024	235	2	33	3	516	517	518	
1025	235	2	11	1	517	
1026	235	2	22	2	517	518	
1027	235	2	11	1	518	
1028	236	2	11	1	519	
1029	237	1	11	1	520	
1030	238	2	6	1	521	
1031	238	2	12	2	521	522	
1032	238	2	6	1	522	
1033	239	2	11	1	523	
1034	240	2	6	1	524	
1035	241	1	5	1	525	
1036	241	1	10	2	525	526	
1037	241	1	5	1	526	
1038	242	1	6	1	527	
1039	243	2	5	1	528	
1040	243	2	15	2	528	529	
1041	243	2	10	1	529	
1042	244	1	5	1	530	
1043	245	2	5	1	531	
1044	245	2	10	2	531	532	
1045	245	2	15	3	531	532	533	
1046	245	2	5	1	532	
1047	245	2	10	2	532	533	
1048	245	2	15	3	532	533	534	
1049	245	2	5	1	533	
1050	245	2	10	2	533	534	
1051	245	2	5	1	534	
1052	246	2	11	1	535	
1053	247	1	22	1	536	
1054	248	2	5	1	537	
1055	248	2	15	2	537	538	
1056	248	2	10	1	538	
1057	249	2	11	1	539	
1058	250	1	6	1	540	
1059	250	1	12	2	540	541	
1060	250	1	18	3	540	541	542	
1061	250	1	12	2	540	542	
1062	250	1	6	1	541	
1063	250	1	12	2	541	542	
1064	250	1	6	1	542	
1065	251	2	5	1	543	
1066	252	2	5	1	544	
1067	253	1	6	1	545	
1068	253	1	12	2	545	546	
1069	253	1	6	1	546	
1070	254	2	5	1	547	
1071	255	1	10	1	548	
1072	255	1	15	2	548	549	
1073	255	1	5	1	549	
1074	256	1	5	1	550	
1075	257	1	6	1	551	
1076	257	1	12	2	551	552	
1077	257	1	18	3	551	552	553	
1078	257	1	6	1	552	
1079	257	1	12	2	552	553	
1080	257	1	18	3	552	553	554	
1081	257	1	6	1	553	
1082	257	1	12	2	553	554	
1083	257	1	6	1	554	
1084	258	2	6	1	555	
1085	258	2	12	2	555	556	
1086	258	2	18	3	555	556	557	
1087	258	2	6	1	556	
1088	258	2	12	2	556	557	
1089	258	2	18	3	556	557	558	
1090	258	2	6	1	557	
1091	258	2	12	2	557	558	
1092	258	2	18	3	557	558	559	
1093	258	2	6	1	558	
1094	258	2	12	2	558	559	
1095	258	2	18	3	558	559	560	
1096	258	2	6	1	559	
1097	258	2	12	2	559	560	
1098	258	2	18	3	559	560	561	
1099	258	2	6	1	560	
1100	258	2	12	2	560	561	
1101	258	2	18	3	560	561	562	
1102	258	2	6	1	561	
1103	258	2	12	2	561	562	
1104	258	2	6	1	562	
1105	259	2	5	1	563	
1106	260	2	6	1	564	
1107	261	2	11	1	565	
1108	262	2	6	1	566	
1109	262	2	12	2	566	567	
1110	262	2	18	3	566	567	568	
1111	262	2	6	1	567	
1112	262	2	12	2	567	568	
1113	262	2	18	3	567	568	569	
1114	262	2	6	1	568	
1115	262	2	12	2	568	569	
1116	262	2	18	3	568	569	570	
1117	262	2	6	1	569	
1118	262	2	12	2	569	570	
1119	262	2	6	1	570	
1120	263	1	6	1	571	
1121	263	1	18	2	571	572	
1122	263	1	12	1	572	
1123	264	1	5	1	573	
1124	265	1	6	1	574	
1125	266	1	5	1	575	
1126	266	1	10	2	575	576	
1127	266	1	5	1	576	
1128	267	1	11	1	577	
1129	268	2	6	1	578	
1130	269	1	5	1	579	
1131	269	1	10	2	579	580	
1132	269	1	5	1	580	
1133	270	1	5	1	581	
1134	271	2	5	1	582	
1135	271	2	10	2	582	583	
1136	271	2	15	3	582	583	584	
1137	271	2	5	1	583	
1138	271	2	10	2	583	584	
1139	271	2	15	3	583	584	585	
1140	271	2	5	1	584	
1141	271	2	10	2	584	585	
1142	271	2	5	1	585	
1143	272	1	12	1	586	
1144	272	1	24	2	586	587	
1145	272	1	12	1	587	
1146	273	2	12	1	588	
1147	274	2	5	1	589	
1148	274	2	10	2	589	590	
1149	274	2	5	1	590	
1150	275	2	6	1	591	
1151	276	1	11	1	592	
1152	277	1	6	1	593	
1153	278	2	11	1	594	
1154	279	1	10	1	595	
1155	279	1	20	2	595	596	
1156	279	1	25	3	595	596	597	
1157	279	1	15	2	595	597	
1158	279	1	10	1	596	
1159	279	1	15	2	596	597	
1160	279	1	5	1	597	
1161	280	1	11	1	598	
1162	281	2	5	1	599	
1163	281	2	10	2	599	600	
1164	281	2	5	1	600	
1165	282	2	6	1	601	
1166	283	1	11	1	602	
1167	283	1	22	2	602	603	
1168	283	1	33	3	602	603	604	
1169	283	1	11	1	603	
1170	283	1	22	2	603	604	
1171	283	1	33	3	603	604	605	
1172	283	1	11	1	604	
1173	283	1	22	2	604	605	
1174	283	1	33	3	604	605	606	
1175	283	1	11	1	605	
1176	283	1	22	2	605	606	
1177	283	1	33	3	605	606	607	
1178	283	1	11	1	606	
1179	283	1	22	2	606	607	
1180	283	1	11	1	607	
1181	284	1	12	1	608	
1182	285	1	5	1	609	
1183	285	1	10	2	609	610	
1184	285	1	15	3	609	610	611	
1185	285	1	5	1	610	
1186	285	1	10	2	610	611	
1187	285	1	15	3	610	611	612	
1188	285	1	5	1	611	
1189	285	1	10	2	611	612	
1190	285	1	15	3	611	612	613	
1191	285	1	5	1	612	
1192	285	1	10	2	612	613	
1193	285	1	15	3	612	613	614	
1194	285	1	5	1	613	
1195	285	1	10	2	613	614	
1196	285	1	5	1	614	
1197	286	2	10	1	615	
1198	286	2	15	2	615	616	
1199	286	2	5	1	616	
1200	287	2	22	1	617	
1201	288	1	6	1	618	
1202	288	1	12	2	618	619	
1203	288	1	18	3	618	619	620	
1204	288	1	6	1	619	
1205	288	1	12	2	619	620	
1206	288	1	18	3	619	620	621	
1207	288	1	6	1	620	
1208	288	1	12	2	620	621	
1209	288	1	18	3	620	621	622	
1210	288	1	6	1	621	
1211	288	1	12	2	621	622	
1212	288	1	18	3	621	622	623	
1213	288	1	6	1	622	
1214	288	1	12	2	622	623	
1215	288	1	18	3	622	623	624	
1216	288	1	6	1	623	
1217	288	1	12	2	623	624	
1218	288	1	18	3	623	624	625	
1219	288	1	6	1	624	
1220	288	1	12	2	624	625	
1221	288	1	6	1	625	
1222	289	1	11	1	626	
1223	289	1	22	2	626	627	
1224	289	1	33	3	626	627	628	
1225	289	1	11	1	627	
1226	289	1	22	2	627	628	
1227	289	1	33	3	627	628	629	
1228	289	1	11	1	628	
1229	289	1	22	2	628	629	
1230	289	1	33	3	628	629	630	
1231	289	1	11	1	629	
1232	289	1	22	2	629	630	
1233	289	1	33	3	629	630	631	
1234	289	1	11	1	630	
1235	289	1	22	2	630	631	
1236	289	1	33	3	630	631	632	
1237	289	1	11	1	631	
1238	289	1	22	2	631	632	
1239	289	1	33	3	631	632	633	
1240	289	1	11	1	632	
1241	289	1	22	2	632	633	
1242	289	1	33	3	632	633	634	
1243	289	1	11	1	633	
1244	289	1	22	2	633	634	
1245	289	1	11	1	634	
1246	290	1	11	1	635	
1247	291	2	22	1	636	
1248	292	1	5	1	637	
1249	293	1	6	1	638	
1250	294	2	5	1	639	
1251	295	2	5	1	640	
1252	296	2	5	1	641	
1253	297	1	10	1	642	
1254	298	2	5	1	643	
1255	298	2	10	2	643	644	
1256	298	2	15	3	643	644	645	
1257	298	2	5	1	644	
1258	298	2	10	2	644	645	
1259	298	2	15	3	644	645	646	
1260	298	2	5	1	645	
1261	298	2	10	2	645	646	
1262	298	2	15	3	645	646	647	
1263	298	2	5	1	646	
1264	298	2	10	2	646	647	
1265	298	2	15	3	646	647	648	
1266	298	2	5	1	647	
1267	298	2	10	2	647	648	
1268	298	2	15	3	647	648	649	
1269	298	2	5	1	648	
1270	298	2	10	2	648	649	
1271	298	2	5	1	649	
1272	299	1	10	1	650	
1273	300	2	12	1	651	
1274	301	1	11	1	652	
1275	301	1	22	2	652	653	
1276	301	1	33	3	652	653	654	
1277	301	1	22	2	652	654	
1278	301	1	11	1	653	
1279	301	1	22	2	653	654	
1280	301	1	11	1	654	
1281	302	1	6	1	655	
1282	302	1	18	2	655	656	
1283	302	1	24	3	655	656	657	
1284	302	1	12	2	655	657	
1285	302	1	12	1	656	
1286	302	1	18	2	656	657	
1287	302	1	6	1	657	
1288	303	1	11	1	658	
1289	304	1	5	1	659	
1290	305	2	6	1	660	
1291	305	2	12	2	660	661	
1292	305	2	18	3	660	661	662	
1293	305	2	6	1	661	
1294	305	2	12	2	661	662	
1295	305	2	18	3	661	662	663	
1296	305	2	6	1	662	
1297	305	2	12	2	662	663	
1298	305	2	18	3	662	663	664	
1299	305	2	6	1	663	
1300	305	2	12	2	663	664	
1301	305	2	18	3	663	664	665	
1302	305	2	6	1	664	
1303	305	2	12	2	664	665	
1304	305	2	6	1	665	
1305	306	2	11	1	666	
1306	307	2	5	1	667	
1307	307	2	10	2	667	668	
1308	307	2	15	3	667	668	669	
1309	307	2	10	2	667	669	
1310	307	2	5	1	668	
1311	307	2	10	2	668	669	
1312	307	2	5	1	669	
1313	308	1	6	1	670	
1314	308	1	18	2	670	671	
1315	308	1	24	3	670	671	672	
1316	308	1	12	2	670	672	
1317	308	1	12	1	671	
1318	308	1	18	2	671	672	
1319	308	1	6	1	672	
1320	309	2	22	1	673	
1321	310	2	11	1	674	
1322	311	1	5	1	675	
1323	312	1	6	1	676	
1324	313	2	6	1	677	
1325	314	2	6	1	678	
1326	314	2	12	2	678	679	
1327	314	2	18	3	678	679	680	
1328	314	2	12	2	678	680	
1329	314	2	6	1	679	
1330	314	2	12	2	679	680	
1331	314	2	6	1	680	
1332	315	2	5	1	681	
1333	315	2	10	2	681	682	
1334	315	2	15	3	681	682	683	
1335	315	2	5	1	682	
1336	315	2	10	2	682	683	
1337	315	2	15	3	682	683	684	
1338	315	2	5	1	683	
1339	315	2	10	2	683	684	
1340	315	2	15	3	683	684	685	
1341	315	2	5	1	684	
1342	315	2	10	2	684	685	
1343	315	2	15	3	684	685	686	
1344	315	2	5	1	685	
1345	315	2	10	2	685	686	
1346	315	2	15	3	685	686	687	
1347	315	2	5	1	686	
1348	315	2	10	2	686	687	
1349	315	2	15	3	686	687	688	
1350	315	2	5	1	687	
1351	315	2	10	2	687	688	
1352	315	2	15	3	687	688	689	
1353	315	2	5	1	688	
1354	315	2	10	2	688	689	
1355	315	2	5	1	689	
1356	316	1	11	1	690	
1357	316	1	22	2	690	691	
1358	316	1	33	3	690	691	692	
1359	316	1	11	1	691	
1360	316	1	22	2	691	692	
1361	316	1	33	3	691	692	693	
1362	316	1	11	1	692	
1363	316	1	22	2	692	693	
1364	316	1	33	3	692	693	694	
1365	316	1	11	1	693	
1366	316	1	22	2	693	694	
1367	316	1	33	3	693	694	695	
1368	316	1	11	1	694	
1369	316	1	22	2	694	695	
1370	316	1	33	3	694	695	696	
1371	316	1	11	1	695	
1372	316	1	22	2	695	696	
1373	316	1	11	1	696	
1374	317	1	5	1	697	
1375	318	2	33	1	698	
1376	318	2	44	2	698	699	
1377	318	2	55	3	698	699	700	
1378	318	2	44	2	698	700	
1379	318	2	11	1	699	
1380	318	2	22	2	699	700	
1381	318	2	11	1	700	
1382	319	2	22	1	701	
1383	320	1	12	1	702	
1384	321	2	5	1	703	
1385	321	2	15	2	703	704	
1386	321	2	20	3	703	704	705	
1387	321	2	10	2	703	705	
1388	321	2	10	1	704	
1389	321	2	15	2	704	705	
1390	321	2	5	1	705	
1391	322	2	5	1	706	
1392	322	2	10	2	706	707	
1393	322	2	15	3	706	707	708	
1394	322	2	10	2	706	708	
1395	322	2	5	1	707	
1396	322	2	10	2	707	708	
1397	322	2	5	1	708	
1398	323	1	11	1	709	
1399	324	2	5	1	710	
1400	325	2	5	1	711	
1401	325	2	10	2	711	712	
1402	325	2	15	3	711	712	713	
1403	325	2	5	1	712	
1404	325	2	10	2	712	713	
1405	325	2	15	3	712	713	714	
1406	325	2	5	1	713	
1407	325	2	10	2	713	714	
1408	325	2	15	3	713	714	715	
1409	325	2	5	1	714	
1410	325	2	10	2	714	715	
1411	325	2	15	3	714	715	716	
1412	325	2	5	1	715	
1413	325	2	10	2	715	716	
1414	325	2	5	1	716	
1415	326	2	10	1	717	
1416	327	1	12	1	718	
1417	327	1	24	2	718	719	
1418	327	1	30	3	718	719	720	
1419	327	1	18	2	718	720	
1420	327	1	12	1	719	
1421	327	1	18	2	719	720	
1422	327	1	6	1	720	
1423	328	1	5	1	721	
1424	328	1	10	2	721	722	
1425	328	1	15	3	721	722	723	
1426	328	1	5	1	722	
1427	328	1	10	2	722	723	
1428	328	1	15	3	722	723	724	
1429	328	1	5	1	723	
1430	328	1	10	2	723	724	
1431	328	1	15	3	723	724	725	
1432	328	1	5	1	724	
1433	328	1	10	2	724	725	
1434	328	1	15	3	724	725	726	
1435	328	1	5	1	725	
1436	328	1	10	2	725	726	
1437	328	1	5	1	726	
1438	329	1	5	1	727	
1439	329	1	10	2	727	728	
1440	329	1	15	3	727	728	729	
1441	329	1	10	2	727	729	
1442	329	1	5	1	728	
1443	329	1	10	2	728	729	
1444	329	1	5	1	729	
1445	330	1	5	1	730	
1446	331	1	5	1	731	
1447	332	1	6	1	732	
1448	333	1	11	1	733	
1449	334	2	11	1	734	
1450	335	2	11	1	735	
1451	335	2	33	2	735	736	
1452	335	2	44	3	735	736	737	
1453	335	2	22	2	735	737	
1454	335	2	22	1	736	
1455	335	2	33	2	736	737	
1456	335	2	11	1	737	
1457	336	2	5	1	738	
1458	336	2	20	2	738	739	
1459	336	2	30	3	738	739	740	
1460	336	2	15	2	738	740	
1461	336	2	15	1	739	
1462	336	2	25	2	739	740	
1463	336	2	10	1	740	
1464	337	2	6	1	741	
1465	338	1	11	1	742	
1466	339	1	11	1	743	
1467	340	2	22	1	744	
1468	341	1	6	1	745	
1469	341	1	12	2	745	746	
1470	341	1	18	3	745	746	747	
1471	341	1	6	1	746	
1472	341	1	12	2	746	747	
1473	341	1	18	3	746	747	748	
1474	341	1	6	1	747	
1475	341	1	12	2	747	748	
1476	341	1	18	3	747	748	749	
1477	341	1	6	1	748	
1478	341	1	12	2	748	749	
1479	341	1	18	3	748	749	750	
1480	341	1	6	1	749	
1481	341	1	12	2	749	750	
1482	341	1	18	3	749	750	751	
1483	341	1	6	1	750	
1484	341	1	12	2	750	751	
1485	341	1	18	3	750	751	752	
1486	341	1	6	1	751	
1487	341	1	12	2	751	752	
1488	341	1	18	3	751	752	753	
1489	341	1	6	1	752	
1490	341	1	12	2	752	753	
1491	341	1	6	1	753	
1492	342	2	10	1	754	
1493	343	1	5	1	755	
1494	344	2	6	1	756	
1495	344	2	18	2	756	757	
1496	344	2	24	3	756	757	758	
1497	344	2	12	2	756	758	
1498	344	2	12	1	757	
1499	344	2	18	2	757	758	
1500	344	2	6	1	758	
1501	345	2	6	1	759	
1502	346	1	6	1	760	
1503	346	1	12	2	760	761	
1504	346	1	18	3	760	761	762	
1505	346	1	6	1	761	
1506	346	1	12	2	761	762	
1507	346	1	18	3	761	762	763	
1508	346	1	6	1	762	
1509	346	1	12	2	762	763	
1510	346	1	18	3	762	763	764	
1511	346	1	6	1	763	
1512	346	1	12	2	763	764	
1513	346	1	18	3	763	764	765	
1514	346	1	6	1	764	
1515	346	1	12	2	764	765	
1516	346	1	18	3	764	765	766	
1517	346	1	6	1	765	
1518	346	1	12	2	765	766	
1519	346	1	6	1	766	
1520	347	2	5	1	767	
1521	347	2	10	2	767	768	
1522	347	2	15	3	767	768	769	
1523	347	2	5	1	768	
1524	347	2	10	2	768	769	
1525	347	2	15	3	768	769	770	
1526	347	2	5	1	769	
1527	347	2	10	2	769	770	
1528	347	2	15	3	769	770	771	
1529	347	2	5	1	770	
1530	347	2	10	2	770	771	
1531	347	2	5	1	771	
1532	348	1	11	1	772	
1533	349	2	6	1	773	
1534	350	2	6	1	774	
1535	351	2	6	1	775	
1536	352	1	11	1	776	
1537	353	2	18	1	777	
1538	354	1	12	1	778	
1539	355	1	6	1	779	
1540	355	1	12	2	779	780	
1541	355	1	18	3	779	780	781	
1542	355	1	12	2	779	781	
1543	355	1	6	1	780	
1544	355	1	12	2	780	781	
1545	355	1	6	1	781	
1546	356	1	11	1	782	
1547	356	1	22	2	782	783	
1548	356	1	33	3	782	783	784	
1549	356	1	11	1	783	
1550	356	1	22	2	783	784	
1551	356	1	33	3	783	784	785	
1552	356	1	11	1	784	
1553	356	1	22	2	784	785	
1554	356	1	33	3	784	785	786	
1555	356	1	11	1	785	
1556	356	1	22	2	785	786	
1557	356	1	33	3	785	786	787	
1558	356	1	11	1	786	
1559	356	1	22	2	786	787	
1560	356	1	33	3	786	787	788	
1561	356	1	11	1	787	
1562	356	1	22	2	787	788	
1563	356	1	33	3	787	788	789	
1564	356	1	11	1	788	
1565	356	1	22	2	788	789	
1566	356	1	33	3	788	789	790	
1567	356	1	11	1	789	
1568	356	1	22	2	789	790	
1569	356	1	11	1	790	
1570	357	2	5	1	791	
1571	358	2	6	1	792	
1572	358	2	18	2	792	793	
1573	358	2	24	3	792	793	794	
1574	358	2	12	2	792	794	
1575	358	2	12	1	793	
1576	358	2	18	2	793	794	
1577	358	2	6	1	794	
1578	359	2	5	1	795	
1579	360	1	11	1	796	
1580	361	2	6	1	797	
1581	361	2	12	2	797	798	
1582	361	2	18	3	797	798	799	
1583	361	2	6	1	798	
1584	361	2	12	2	798	799	
1585	361	2	18	3	798	799	800	
1586	361	2	6	1	799	
1587	361	2	12	2	799	800	
1588	361	2	6	1	800	
1589	362	1	11	1	801	
1590	362	1	22	2	801	802	
1591	362	1	44	3	801	802	803	
1592	362	1	33	2	801	803	
1593	362	1	11	1	802	
1594	362	1	33	2	802	803	
1595	362	1	22	1	803	
1596	363	1	6	1	804	
1597	363	1	12	2	804	805	
1598	363	1	6	1	805	
1599	364	2	12	1	806	
1600	365	2	11	1	807	
1601	366	1	11	1	808	
1602	367	2	6	1	809	
1603	368	2	5	1	810	
1604	369	1	11	1	811	
1605	369	1	22	2	811	812	
1606	369	1	33	3	811	812	813	
1607	369	1	11	1	812	
1608	369	1	22	2	812	813	
1609	369	1	33	3	812	813	814	
1610	369	1	11	1	813	
1611	369	1	22	2	813	814	
1612	369	1	33	3	813	814	815	
1613	369	1	11	1	814	
1614	369	1	22	2	814	815	
1615	369	1	33	3	814	815	816	
1616	369	1	11	1	815	
1617	369	1	22	2	815	816	
1618	369	1	11	1	816	
1619	370	2	5	1	817	
1620	370	2	10	2	817	818	
1621	370	2	15	3	817	818	819	
1622	370	2	5	1	818	
1623	370	2	10	2	818	819	
1624	370	2	15	3	818	819	820	
1625	370	2	5	1	819	
1626	370	2	10	2	819	820	
1627	370	2	15	3	819	820	821	
1628	370	2	5	1	820	
1629	370	2	10	2	820	821	
1630	370	2	15	3	820	821	822	
1631	370	2	5	1	821	
1632	370	2	10	2	821	822	
1633	370	2	15	3	821	822	823	
1634	370	2	5	1	822	
1635	370	2	10	2	822	823	
1636	370	2	5	1	823	
1637	371	1	6	1	824	
1638	372	1	5	1	825	
1639	373	2	5	1	826	
1640	373	2	15	2	826	827	
1641	373	2	10	1	827	
1642	374	1	6	1	828	
1643	375	2	5	1	829	
1644	376	2	11	1	830	
1645	377	1	5	1	831	
1646	377	1	15	2	831	832	
1647	377	1	20	3	831	832	833	
1648	377	1	10	2	831	833	
1649	377	1	10	1	832	
1650	377	1	15	2	832	833	
1651	377	1	5	1	833	
1652	378	1	11	1	834	
1653	379	2	5	1	835	
1654	379	2	10	2	835	836	
1655	379	2	15	3	835	836	837	
1656	379	2	5	1	836	
1657	379	2	10	2	836	837	
1658	379	2	15	3	836	837	838	
1659	379	2	5	1	837	
1660	379	2	10	2	837	838	
1661	379	2	15	3	837	838	839	
1662	379	2	5	1	838	
1663	379	2	10	2	838	839	
1664	379	2	15	3	838	839	840	
1665	379	2	5	1	839	
1666	379	2	10	2	839	840	
1667	379	2	15	3	839	840	841	
1668	379	2	5	1	840	
1669	379	2	10	2	840	841	
1670	379	2	15	3	840	841	842	
1671	379	2	5	1	841	
1672	379	2	10	2	841	842	
1673	379	2	5	1	842	
1674	380	1	11	1	843	
1675	381	2	22	1	844	
1676	382	1	5	1	845	
1677	383	1	11	1	846	
1678	384	2	6	1	847	
1679	385	2	10	1	848	
1680	385	2	15	2	848	849	
1681	385	2	20	3	848	849	850	
1682	385	2	15	2	848	850	
1683	385	2	5	1	849	
1684	385	2	10	2	849	850	
1685	385	2	5	1	850	
1686	386	2	5	1	851	
1687	387	2	5	1	852	
1688	388	1	11	1	853	
1689	388	1	22	2	853	854	
1690	388	1	33	3	853	854	855	
1691	388	1	11	1	854	
1692	388	1	22	2	854	855	
1693	388	1	33	3	854	855	856	
1694	388	1	11	1	855	
1695	388	1	22	2	855	856	
1696	388	1	33	3	855	856	857	
1697	388	1	11	1	856	
1698	388	1	22	2	856	857	
1699	388	1	11	1	857	
1700	389	1	11	1	858	
1701	389	1	22	2	858	859	
1702	389	1	33	3	858	859	860	
1703	389	1	11	1	859	
1704	389	1	22	2	859	860	
1705	389	1	33	3	859	860	861	
1706	389	1	11	1	860	
1707	389	1	22	2	860	861	
1708	389	1	33	3	860	861	862	
1709	389	1	11	1	861	
1710	389	1	22	2	861	862	
1711	389	1	33	3	861	862	863	
1712	389	1	11	1	862	
1713	389	1	22	2	862	863	
1714	389	1	33	3	862	863	864	
1715	389	1	11	1	863	
1716	389	1	22	2	863	864	
1717	389	1	33	3	863	864	865	
1718	389	1	11	1	864	
1719	389	1	22	2	864	865	
1720	389	1	11	1	865	
1721	390	2	5	1	866	
1722	390	2	10	2	866	867	
1723	390	2	15	3	866	867	868	
1724	390	2	5	1	867	
1725	390	2	10	2	867	868	
1726	390	2	15	3	867	868	869	
1727	390	2	5	1	868	
1728	390	2	10	2	868	869	
1729	390	2	15	3	868	869	870	
1730	390	2	5	1	869	
1731	390	2	10	2	869	870	
1732	390	2	15	3	869	870	871	
1733	390	2	5	1	870	
1734	390	2	10	2	870	871	
1735	390	2	15	3	870	871	872	
1736	390	2	5	1	871	
1737	390	2	10	2	871	872	
1738	390	2	15	3	871	872	873	
1739	390	2	5	1	872	
1740	390	2	10	2	872	873	
1741	390	2	5	1	873	
1742	391	2	11	1	874	
1743	392	2	22	1	875	
1744	392	2	33	2	875	876	
1745	392	2	55	3	875	876	877	
1746	392	2	44	2	875	877	
1747	392	2	11	1	876	
1748	392	2	33	2	876	877	
1749	392	2	22	1	877	
1750	393	2	5	1	878	
1751	394	1	22	1	879	
1752	395	1	5	1	880	
1753	395	1	10	2	880	881	
1754	395	1	15	3	880	881	882	
1755	395	1	5	1	881	
1756	395	1	10	2	881	882	
1757	395	1	15	3	881	882	883	
1758	395	1	5	1	882	
1759	395	1	10	2	882	883	
1760	395	1	5	1	883	
1761	396	1	5	1	884	
1762	397	1	10	1	885	
1763	398	2	10	1	886	
1764	398	2	15	2	886	887	
1765	398	2	5	1	887	
1766	399	2	12	1	888	
1767	399	2	18	2	888	889	
1768	399	2	24	3	888	889	890	
1769	399	2	18	2	888	890	
1770	399	2	6	1	889	
1771	399	2	12	2	889	890	
1772	399	2	6	1	890	
1773	0	1	10	1	891
1774	1	1	15	2	892	893
1775	2	1	12	1	894
1776	3	2	33	2	895	896
1777	4	1	12	1	897
1778	5	2	10	1	898
1779	6	2	11	1	899
1780	7	1	24	3	900	901	902
1781	8	2	12	1	903
1782	9	2	12	2	904	905
1783	10	2	44	2	906	907
1784	11	2	5	1	908
1785	12	2	12	1	909
1786	13	2	42	4	910	911	912	913
1787	14	1	12	2	914	915
1788	15	2	5	1	916
1789	16	2	15	2	917	918
1790	17	1	18	2	919	920
1791	18	2	10	1	921
1792	19	2	44	3	922	923	924
1793	20	2	10	1	925
1794	21	1	18	2	926	927
1795	22	2	20	3	928	929	930
1796	23	2	12	1	931
1797	24	1	12	1	932
1798	25	2	10	1	933
1799	26	1	10	1	934
1800	27	2	33	2	935	936
1801	28	2	6	1	937
1802	29	1	6	1	938
1803	30	2	10	2	939	940
1804	31	2	10	1	941
1805	32	1	10	1	942
1806	33	1	22	2	943	944
1807	34	1	20	3	945	946	947
1808	35	1	36	4	948	949	950	951
1809	36	1	22	2	952	953
1810	37	1	15	2	954	955
1811	38	2	22	1	956
1812	39	2	24	2	957	958
1813	40	1	6	1	959
1814	41	2	33	2	960	961
1815	42	2	15	2	962	963
1816	43	1	44	2	964	965
1817	44	1	5	1	966
1818	45	1	33	2	967	968
1819	46	1	30	3	969	970	971
1820	47	1	22	1	972
1821	48	2	55	3	973	974	975
1822	49	2	18	2	976	977
1823	50	1	12	1	978
1824	51	2	22	1	979
1825	52	1	22	2	980	981
1826	53	1	18	2	982	983
1827	54	2	10	2	984	985
1828	55	2	12	2	986	987
1829	56	2	10	2	988	989
1830	57	1	18	2	990	991
1831	58	1	12	1	992
1832	59	2	18	2	993	994
1833	60	1	22	2	995	996
1834	61	1	10	1	997
1835	62	1	10	1	998
1836	63	1	11	1	999
1837	64	2	33	2	1000	1001
1838	65	2	5	1	1002
1839	66	2	20	2	1003	1004
1840	67	2	18	2	1005	1006
1841	68	1	44	2	1007	1008
1842	69	2	6	1	1009
1843	70	1	18	2	1010	1011
1844	71	2	20	2	1012	1013
1845	72	2	33	2	1014	1015
1846	73	2	18	2	1016	1017
1847	74	1	36	4	1018	1019	1020	1021
1848	75	1	11	1	1022
1849	76	2	10	1	1023
1850	77	2	33	2	1024	1025
1851	78	1	12	1	1026
1852	79	2	11	1	1027
1853	80	1	12	1	1028
1854	81	2	10	1	1029
1855	82	1	11	1	1030
1856	83	2	5	1	1031
1857	84	2	5	1	1032
1858	85	1	12	1	1033
1859	86	2	6	1	1034
1860	87	2	22	1	1035
1861	88	2	22	1	1036
1862	89	2	22	2	1037	1038
1863	90	2	22	1	1039
1864	91	2	33	2	1040	1041
1865	92	1	12	1	1042
1866	93	1	20	2	1043	1044
1867	94	2	6	1	1045
1868	95	1	30	3	1046	1047	1048
1869	96	1	24	4	1049	1050	1051	1052
1870	97	2	33	2	1053	1054
1871	98	1	6	1	1055
1872	99	1	10	1	1056
1873	100	1	18	2	1057	1058
1874	101	2	15	3	1059	1060	1061
1875	102	2	11	1	1062
1876	103	1	11	1	1063
1877	104	1	11	1	1064
1878	105	1	6	1	1065
1879	106	2	12	1	1066
1880	107	1	11	1	1067
1881	108	2	55	3	1068	1069	1070
1882	109	2	35	4	1071	1072	1073	1074
1883	110	1	77	4	1075	1076	1077	1078
1884	111	2	12	1	1079
1885	112	1	12	1	1080
1886	113	2	11	1	1081
1887	114	2	15	2	1082	1083
1888	115	1	36	4	1084	1085	1086	1087
1889	116	1	12	1	1088
1890	117	2	24	2	1089	1090
1891	118	1	36	4	1091	1092	1093	1094
1892	119	1	25	3	1095	1096	1097
1893	120	1	44	3	1098	1099	1100
1894	121	1	18	2	1101	1102
1895	122	1	20	3	1103	1104	1105
1896	123	1	22	2	1106	1107
1897	124	1	30	4	1108	1109	1110	1111
1898	125	2	33	2	1112	1113
1899	126	1	18	2	1114	1115
1900	127	1	12	2	1116	1117
1901	128	2	5	1	1118
1902	129	2	18	2	1119	1120
1903	130	2	10	1	1121
1904	131	1	12	1	1122
1905	132	2	11	1	1123
1906	133	1	20	2	1124	1125
1907	134	2	44	2	1126	1127
1908	135	1	24	2	1128	1129
1909	136	1	33	2	1130	1131
1910	137	1	18	2	1132	1133
1911	138	1	6	1	1134
1912	139	2	5	1	1135
1913	140	1	11	1	1136
1914	141	2	33	2	1137	1138
1915	142	2	22	1	1139
1916	143	1	18	2	1140	1141
1917	144	1	5	1	1142
1918	145	2	12	1	1143
1919	146	1	11	1	1144
1920	147	1	18	2	1145	1146
1921	148	2	25	4	1147	1148	1149	1150
1922	149	2	24	2	1151	1152
1923	150	2	15	2	1153	1154
1924	151	2	12	2	1155	1156
1925	152	1	10	1	1157
1926	153	1	22	2	1158	1159
1927	154	1	22	1	1160
1928	155	1	6	1	1161
1929	156	2	20	2	1162	1163
1930	157	1	18	2	1164	1165
1931	158	1	12	2	1166	1167
1932	159	2	6	1	1168
1933	160	2	33	2	1169	1170
1934	161	1	11	1	1171
1935	162	2	10	2	1172	1173
1936	163	1	24	2	1174	1175
1937	164	2	22	2	1176	1177
1938	165	2	18	2	1178	1179
1939	166	1	10	2	1180	1181
1940	167	2	33	2	1182	1183
1941	168	2	20	4	1184	1185	1186	1187
1942	169	2	11	1	1188
1943	170	2	5	1	1189
1944	171	2	15	2	1190	1191
1945	172	2	22	1	1192
1946	173	2	33	2	1193	1194
1947	174	2	10	1	1195
1948	175	1	12	1	1196
1949	176	1	22	2	1197	1198
1950	177	1	12	2	1199	1200
1951	178	2	33	2	1201	1202
1952	179	1	18	2	1203	1204
1953	180	2	22	1	1205
1954	181	2	22	1	1206
1955	182	2	22	1	1207
1956	183	2	12	1	1208
1957	184	2	24	3	1209	1210	1211
1958	185	2	6	1	1212
1959	186	2	18	2	1213	1214
1960	187	2	15	2	1215	1216
1961	188	2	33	2	1217	1218
1962	189	2	10	1	1219
1963	190	1	6	1	1220
1964	191	1	33	2	1221	1222
1965	192	1	15	2	1223	1224
1966	193	1	12	1	1225
1967	194	1	5	1	1226
1968	195	2	33	2	1227	1228
1969	196	2	12	1	1229
1970	197	1	12	1	1230
1971	198	2	6	1	1231
1972	199	1	11	1	1232
1973	200	2	33	2	1233	1234
1974	201	2	24	2	1235	1236
1975	202	2	5	1	1237
1976	203	2	20	2	1238	1239
1977	204	2	22	1	1240
1978	205	1	33	2	1241	1242
1979	206	1	30	3	1243	1244	1245
1980	207	1	24	3	1246	1247	1248
1981	208	2	5	1	1249
1982	209	2	33	2	1250	1251
1983	210	1	44	3	1252	1253	1254
1984	211	1	18	2	1255	1256
1985	212	2	24	2	1257	1258
1986	213	2	18	2	1259	1260
1987	214	1	44	2	1261	1262
1988	215	2	33	2	1263	1264
1989	216	2	24	2	1265	1266
1990	217	2	11	1	1267
1991	218	2	18	2	1268	1269
1992	219	1	15	2	1270	1271
1993	220	2	18	2	1272	1273
1994	221	2	15	2	1274	1275
1995	222	1	22	1	1276
1996	223	1	44	2	1277	1278
1997	224	1	44	2	1279	1280
1998	225	1	66	4	1281	1282	1283	1284
1999	226	2	10	1	1285
2000	227	1	6	1	1286
2001	228	2	12	1	1287
2002	229	2	10	1	1288
2003	230	2	24	2	1289	1290
2004	231	1	22	1	1291
2005	232	1	36	3	1292	1293	1294
2006	233	2	66	4	1295	1296	1297	1298
2007	234	1	30	3	1299	1300	1301
2008	235	2	66	4	1302	1303	1304	1305
2009	236	2	11	1	1306
2010	237	1	33	2	1307	1308
2011	238	2	12	2	1309	1310
2012	239	2	22	1	1311
2013	240	2	12	1	1312
2014	241	1	5	1	1313
2015	242	1	12	1	1314
2016	243	2	5	1	1315
2017	244	1	15	2	1316	1317
2018	245	2	20	3	1318	1319	1320
2019	246	2	11	1	1321
2020	247	1	22	2	1322	1323
2021	248	2	5	1	1324
2022	249	2	33	2	1325	1326
2023	250	1	12	1	1327
2024	251	2	10	1	1328
2025	252	2	15	2	1329	1330
2026	253	1	6	1	1331
2027	254	2	10	2	1332	1333
2028	255	1	15	2	1334	1335
2029	256	1	15	2	1336	1337
2030	257	1	24	4	1338	1339	1340	1341
2031	258	2	36	3	1342	1343	1344
2032	259	2	20	2	1345	1346
2033	260	2	12	1	1347
2034	261	2	11	1	1348
2035	262	2	24	3	1349	1350	1351
2036	263	1	12	2	1352	1353
2037	264	1	10	1	1354
2038	265	1	6	1	1355
2039	266	1	10	2	1356	1357
2040	267	1	44	2	1358	1359
2041	268	2	12	1	1360
2042	269	1	15	2	1361	1362
2043	270	1	10	1	1363
2044	271	2	25	4	1364	1365	1366	1367
2045	272	1	18	2	1368	1369
2046	273	2	24	2	1370	1371
2047	274	2	10	1	1372
2048	275	2	24	2	1373	1374
2049	276	1	44	2	1375	1376
2050	277	1	6	1	1377
2051	278	2	33	2	1378	1379
2052	279	1	15	2	1380	1381
2053	280	1	22	1	1382
2054	281	2	20	2	1383	1384
2055	282	2	24	2	1385	1386
2056	283	1	55	3	1387	1388	1389
2057	284	1	12	1	1390
2058	285	1	30	4	1391	1392	1393	1394
2059	286	2	5	1	1395
2060	287	2	22	2	1396	1397
2061	288	1	24	3	1398	1399	1400
2062	289	1	55	4	1401	1402	1403	1404
2063	290	1	22	1	1405
2064	291	2	11	1	1406
2065	292	1	5	1	1407
2066	293	1	12	1	1408
2067	294	2	15	2	1409	1410
2068	295	2	15	2	1411	1412
2069	296	2	5	1	1413
2070	297	1	20	2	1414	1415
2071	298	2	15	3	1416	1417	1418
2072	299	1	5	1	1419
2073	300	2	6	1	1420
2074	301	1	22	2	1421	1422
2075	302	1	6	1	1423
2076	303	1	44	2	1424	1425
2077	304	1	10	2	1426	1427
2078	305	2	42	4	1428	1429	1430	1431
2079	306	2	11	1	1432
2080	307	2	5	1	1433
2081	308	1	24	2	1434	1435
2082	309	2	22	1	1436
2083	310	2	22	1	1437
2084	311	1	10	1	1438
2085	312	1	18	2	1439	1440
2086	313	2	12	1	1441
2087	314	2	6	1	1442
2088	315	2	20	3	1443	1444	1445
2089	316	1	55	3	1446	1447	1448
2090	317	1	10	1	1449
2091	318	2	11	1	1450
2092	319	2	33	2	1451	1452
2093	320	1	18	2	1453	1454
2094	321	2	10	1	1455
2095	322	2	15	2	1456	1457
2096	323	1	11	1	1458
2097	324	2	10	2	1459	1460
2098	325	2	25	3	1461	1462	1463
2099	326	2	5	1	1464
2100	327	1	6	1	1465
2101	328	1	30	4	1466	1467	1468	1469
2102	329	1	15	2	1470	1471
2103	330	1	5	1	1472
2104	331	1	10	1	1473
2105	332	1	6	1	1474
2106	333	1	22	2	1475	1476
2107	334	2	22	2	1477	1478
2108	335	2	11	1	1479
2109	336	2	5	1	1480
2110	337	2	12	1	1481
2111	338	1	22	1	1482
2112	339	1	11	1	1483
2113	340	2	33	2	1484	1485
2114	341	1	36	4	1486	1487	1488	1489
2115	342	2	10	2	1490	1491
2116	343	1	10	1	1492
2117	344	2	12	1	1493
2118	345	2	6	1	1494
2119	346	1	30	4	1495	1496	1497	1498
2120	347	2	25	4	1499	1500	1501	1502
2121	348	1	33	2	1503	1504
2122	349	2	12	2	1505	1506
2123	350	2	12	1	1507
2124	351	2	18	2	1508	1509
2125	352	1	33	2	1510	1511
2126	353	2	12	1	1512
2127	354	1	6	1	1513
2128	355	1	18	2	1514	1515
2129	356	1	44	4	1516	1517	1518	1519
2130	357	2	5	1	1520
2131	358	2	24	2	1521	1522
2132	359	2	15	2	1523	1524
2133	360	1	33	2	1525	1526
2134	361	2	24	3	1527	1528	1529
2135	362	1	44	2	1530	1531
2136	363	1	24	2	1532	1533
2137	364	2	12	2	1534	1535
2138	365	2	22	2	1536	1537
2139	366	1	22	1	1538
2140	367	2	12	1	1539
2141	368	2	15	2	1540	1541
2142	369	1	55	3	1542	1543	1544
2143	370	2	25	3	1545	1546	1547
2144	371	1	12	1	1548
2145	372	1	15	2	1549	1550
2146	373	2	20	2	1551	1552
2147	374	1	18	2	1553	1554
2148	375	2	15	2	1555	1556
2149	376	2	22	1	1557
2150	377	1	10	1	1558
2151	378	1	44	2	1559	1560
2152	379	2	25	4	1561	1562	1563	1564
2153	380	1	22	1	1565
2154	381	2	22	1	1566
2155	382	1	10	2	1567	1568
2156	383	1	11	1	1569
2157	384	2	18	2	1570	1571
2158	385	2	15	2	1572	1573
2159	386	2	5	1	1574
2160	387	2	10	1	1575
2161	388	1	77	4	1576	1577	1578	1579
2162	389	1	44	4	1580	1581	1582	1583
2163	390	2	25	4	1584	1585	1586	1587
2164	391	2	22	1	1588
2165	392	2	33	2	1589	1590
2166	393	2	15	2	1591	1592
2167	394	1	22	2	1593	1594
2168	395	1	25	3	1595	1596	1597
2169	396	1	15	2	1598	1599
2170	397	1	15	2	1600	1601
2171	398	2	10	2	1602	1603
2172	399	2	24	2	1604	1605
