127
0	2	0	1	319	
1	3	0	15	59	60	61	62	63	64	65	66	67	68	69	70	71	72	73	
2	9	0	3	117	118	119	
3	12	0	1	6	
4	13	0	1	217	
5	16	0	12	381	382	383	384	385	386	387	388	389	390	391	392	
6	17	0	1	380	
7	19	0	15	220	221	222	223	224	225	226	227	228	229	230	231	232	233	234	
8	21	0	7	359	360	361	362	363	364	365	
9	23	0	3	366	367	368	
10	26	0	15	178	179	180	181	182	183	184	185	186	187	188	189	190	191	192	
11	31	0	18	7	8	9	10	11	12	13	14	15	16	17	18	19	20	21	22	23	24	
12	32	0	1	52	
13	37	0	1	219	
14	38	0	7	371	372	373	374	375	376	377	
15	39	0	1	120	
16	40	0	1	244	
17	41	0	1	353	
18	43	0	7	110	111	112	113	114	115	116	
19	45	0	1	379	
20	46	0	18	26	27	28	29	30	31	32	33	34	35	36	37	38	39	40	41	42	43	
21	47	0	1	2	
22	49	0	9	254	255	256	257	258	259	260	261	262	
23	51	0	12	330	331	332	333	334	335	336	337	338	339	340	341	
24	53	0	12	97	98	99	100	101	102	103	104	105	106	107	108	
25	56	0	18	26	27	28	29	30	31	32	33	34	35	36	37	38	39	40	41	42	43	
26	59	0	1	265	
27	61	0	1	284	
28	63	0	9	147	148	149	150	151	152	153	154	155	
29	65	0	9	321	322	323	324	325	326	327	328	329	
30	67	0	12	202	203	204	205	206	207	208	209	210	211	212	213	
31	68	0	12	330	331	332	333	334	335	336	337	338	339	340	341	
32	70	0	1	316	
33	74	0	1	369	
34	75	0	1	4	
35	76	0	1	1	
36	78	0	9	147	148	149	150	151	152	153	154	155	
37	79	0	7	246	247	248	249	250	251	252	
38	84	0	1	342	
39	85	0	1	218	
40	86	0	9	321	322	323	324	325	326	327	328	329	
41	87	0	1	109	
42	89	0	1	158	
43	91	0	7	346	347	348	349	350	351	352	
44	92	0	24	121	122	123	124	125	126	127	128	129	130	131	132	133	134	135	136	137	138	139	140	141	142	143	144	
45	93	0	1	83	
46	94	0	18	7	8	9	10	11	12	13	14	15	16	17	18	19	20	21	22	23	24	
47	96	0	3	285	286	287	
48	99	0	9	74	75	76	77	78	79	80	81	82	
49	100	0	9	306	307	308	309	310	311	312	313	314	
50	102	0	1	318	
51	103	0	15	178	179	180	181	182	183	184	185	186	187	188	189	190	191	192	
52	106	0	1	393	
53	107	0	1	253	
54	111	0	1	264	
55	112	0	1	378	
56	114	0	12	202	203	204	205	206	207	208	209	210	211	212	213	
57	115	0	3	56	57	58	
58	117	0	15	59	60	61	62	63	64	65	66	67	68	69	70	71	72	73	
59	118	0	9	306	307	308	309	310	311	312	313	314	
60	120	0	1	166	
61	122	0	15	269	270	271	272	273	274	275	276	277	278	279	280	281	282	283	
62	123	0	9	74	75	76	77	78	79	80	81	82	
63	124	0	15	220	221	222	223	224	225	226	227	228	229	230	231	232	233	234	
64	125	0	1	320	
65	129	0	1	243	
66	130	0	1	370	
67	132	0	9	254	255	256	257	258	259	260	261	262	
68	133	0	1	245	
69	135	0	1	214	
70	137	0	12	85	86	87	88	89	90	91	92	93	94	95	96	
71	138	0	18	7	8	9	10	11	12	13	14	15	16	17	18	19	20	21	22	23	24	
72	142	0	1	354	
73	144	0	24	121	122	123	124	125	126	127	128	129	130	131	132	133	134	135	136	137	138	139	140	141	142	143	144	
74	145	0	1	288	
75	146	0	1	146	
76	147	0	1	194	
77	148	0	1	358	
78	150	0	1	168	
79	151	0	1	156	
80	152	0	15	291	292	293	294	295	296	297	298	299	300	301	302	303	304	305	
81	155	0	1	215	
82	157	0	1	44	
83	159	0	15	269	270	271	272	273	274	275	276	277	278	279	280	281	282	283	
84	164	0	15	291	292	293	294	295	296	297	298	299	300	301	302	303	304	305	
85	165	0	24	121	122	123	124	125	126	127	128	129	130	131	132	133	134	135	136	137	138	139	140	141	142	143	144	
86	169	0	1	263	
87	170	0	1	145	
88	172	0	1	290	
89	174	0	7	45	46	47	48	49	50	51	
90	175	0	1	344	
91	178	0	7	195	196	197	198	199	200	201	
92	180	0	1	343	
93	181	0	15	291	292	293	294	295	296	297	298	299	300	301	302	303	304	305	
94	183	0	1	157	
95	184	0	1	84	
96	191	0	1	357	
97	195	0	15	269	270	271	272	273	274	275	276	277	278	279	280	281	282	283	
98	196	0	15	220	221	222	223	224	225	226	227	228	229	230	231	232	233	234	
99	197	0	1	193	
100	199	0	1	356	
101	201	0	7	236	237	238	239	240	241	242	
102	203	0	24	121	122	123	124	125	126	127	128	129	130	131	132	133	134	135	136	137	138	139	140	141	142	143	144	
103	204	0	1	315	
104	207	0	1	317	
105	208	0	7	170	171	172	173	174	175	176	
106	209	0	1	289	
107	211	0	1	216	
108	215	0	12	97	98	99	100	101	102	103	104	105	106	107	108	
109	217	0	1	5	
110	218	0	1	0	
111	219	0	1	177	
112	220	0	15	178	179	180	181	182	183	184	185	186	187	188	189	190	191	192	
113	221	0	12	85	86	87	88	89	90	91	92	93	94	95	96	
114	224	0	1	345	
115	226	0	1	169	
116	227	0	12	381	382	383	384	385	386	387	388	389	390	391	392	
117	228	0	3	266	267	268	
118	229	0	1	235	
119	233	0	1	167	
120	234	0	1	355	
121	237	0	1	3	
122	241	0	3	53	54	55	
123	242	0	1	25	
124	245	0	18	26	27	28	29	30	31	32	33	34	35	36	37	38	39	40	41	42	43	
125	247	0	7	159	160	161	162	163	164	165	
126	249	0	15	59	60	61	62	63	64	65	66	67	68	69	70	71	72	73	
