250
9
6
0
Tutor0 	 0 	 0 	 120 	 0 	 120 	 0 	 3 	 0 	 3 	 1 	 0 	 0 	 0 	 0 	 0 	 0 	 0 	 0 	 1 	 1 	 1 	 1 	 1 	 1 	 1 	 2 	  	 0
Tutor1 	 1 	 0 	 120 	 0 	 120 	 0 	 3 	 0 	 3 	 0 	 0 	 0 	 0 	 0 	 0 	 1 	 0 	 0 	 1 	 1 	 1 	 1 	 1 	 1 	 0 	  	 4 	 14 	 99 	 81 	 47
Tutor2 	 2 	 0 	 120 	 0 	 120 	 0 	 3 	 0 	 3 	 0 	 0 	 0 	 0 	 0 	 0 	 0 	 1 	 0 	 1 	 1 	 1 	 1 	 1 	 1 	 0 	  	 7 	 19 	 58 	 6 	 15 	 22 	 12 	 46
Tutor3 	 3 	 0 	 120 	 0 	 120 	 0 	 3 	 0 	 3 	 1 	 0 	 0 	 0 	 0 	 0 	 0 	 1 	 0 	 1 	 1 	 1 	 1 	 1 	 1 	 0 	  	 5 	 39 	 0 	 46 	 35 	 91
Tutor4 	 4 	 0 	 120 	 0 	 120 	 0 	 3 	 0 	 3 	 0 	 0 	 0 	 0 	 0 	 0 	 0 	 0 	 1 	 1 	 1 	 1 	 1 	 1 	 1 	 0 	  	 5 	 60 	 43 	 62 	 66 	 4
Tutor5 	 5 	 0 	 120 	 0 	 120 	 0 	 3 	 0 	 3 	 1 	 0 	 0 	 0 	 0 	 1 	 1 	 1 	 0 	 1 	 1 	 1 	 1 	 1 	 1 	 0 	  	 4 	 10 	 83 	 85 	 59
Tutor6 	 6 	 0 	 120 	 0 	 120 	 0 	 3 	 0 	 3 	 1 	 0 	 0 	 0 	 0 	 1 	 0 	 0 	 0 	 1 	 1 	 1 	 1 	 1 	 1 	 1 	 14 	  	 5 	 54 	 80 	 15 	 22 	 30
Tutor7 	 7 	 0 	 120 	 0 	 120 	 0 	 3 	 0 	 3 	 0 	 0 	 1 	 0 	 0 	 0 	 0 	 0 	 0 	 1 	 1 	 1 	 1 	 1 	 1 	 1 	 84 	  	 1 	 7
Tutor8 	 8 	 0 	 120 	 0 	 120 	 0 	 3 	 0 	 3 	 0 	 1 	 0 	 1 	 0 	 0 	 0 	 0 	 0 	 1 	 1 	 1 	 1 	 1 	 1 	 0 	  	 5 	 55 	 3 	 13 	 58 	 35
Tutor9 	 9 	 0 	 120 	 0 	 120 	 0 	 3 	 0 	 3 	 0 	 0 	 0 	 1 	 0 	 0 	 0 	 0 	 0 	 1 	 1 	 1 	 1 	 1 	 1 	 1 	 82 	  	 5 	 10 	 96 	 11 	 69 	 98
Tutor10 	 10 	 0 	 120 	 0 	 120 	 0 	 3 	 0 	 3 	 0 	 0 	 0 	 0 	 1 	 0 	 0 	 0 	 0 	 1 	 1 	 1 	 1 	 1 	 1 	 0 	  	 1 	 74
Tutor11 	 11 	 0 	 120 	 0 	 120 	 0 	 3 	 0 	 3 	 0 	 0 	 0 	 0 	 0 	 1 	 0 	 0 	 1 	 1 	 1 	 1 	 1 	 1 	 1 	 0 	  	 1 	 92
Tutor12 	 12 	 0 	 120 	 0 	 120 	 0 	 3 	 0 	 3 	 1 	 0 	 0 	 0 	 0 	 0 	 0 	 1 	 0 	 1 	 1 	 1 	 1 	 1 	 1 	 0 	  	 5 	 6 	 4 	 64 	 90 	 60
Tutor13 	 13 	 0 	 120 	 0 	 120 	 0 	 3 	 0 	 3 	 0 	 0 	 0 	 0 	 1 	 0 	 0 	 0 	 1 	 1 	 1 	 1 	 1 	 1 	 1 	 0 	  	 6 	 85 	 40 	 23 	 61 	 91 	 48
Tutor14 	 14 	 0 	 120 	 0 	 120 	 0 	 3 	 0 	 3 	 1 	 0 	 0 	 0 	 0 	 0 	 0 	 0 	 0 	 1 	 1 	 1 	 1 	 1 	 1 	 0 	  	 5 	 92 	 69 	 93 	 71 	 43
Tutor15 	 15 	 0 	 120 	 0 	 120 	 0 	 3 	 0 	 3 	 0 	 0 	 0 	 1 	 1 	 0 	 0 	 0 	 0 	 1 	 1 	 1 	 1 	 1 	 1 	 1 	 115 	  	 3 	 24 	 69 	 96
Tutor16 	 16 	 0 	 120 	 0 	 120 	 0 	 3 	 0 	 3 	 0 	 0 	 0 	 0 	 0 	 0 	 0 	 1 	 0 	 1 	 1 	 1 	 1 	 1 	 1 	 1 	 100 	  	 5 	 26 	 62 	 49 	 48 	 35
Tutor17 	 17 	 0 	 120 	 0 	 120 	 0 	 3 	 0 	 3 	 0 	 0 	 0 	 0 	 0 	 0 	 0 	 0 	 0 	 1 	 1 	 1 	 1 	 1 	 1 	 1 	 108 	  	 1 	 88
Tutor18 	 18 	 0 	 120 	 0 	 120 	 0 	 3 	 0 	 3 	 1 	 0 	 1 	 0 	 0 	 0 	 0 	 0 	 0 	 1 	 1 	 1 	 1 	 1 	 1 	 0 	  	 7 	 28 	 30 	 47 	 43 	 51 	 21 	 89
Tutor19 	 19 	 0 	 120 	 0 	 120 	 0 	 3 	 0 	 3 	 0 	 0 	 0 	 1 	 0 	 0 	 0 	 0 	 0 	 1 	 1 	 1 	 1 	 1 	 1 	 1 	 8 	  	 2 	 47 	 43
Tutor20 	 20 	 0 	 120 	 0 	 120 	 0 	 3 	 0 	 3 	 0 	 0 	 1 	 0 	 0 	 0 	 1 	 1 	 0 	 1 	 1 	 1 	 1 	 1 	 1 	 1 	 75 	  	 4 	 5 	 23 	 13 	 82
Tutor21 	 21 	 0 	 120 	 0 	 120 	 0 	 3 	 0 	 3 	 0 	 1 	 0 	 0 	 0 	 0 	 0 	 0 	 0 	 1 	 1 	 1 	 1 	 1 	 1 	 0 	  	 1 	 68
Tutor22 	 22 	 0 	 120 	 0 	 120 	 0 	 3 	 0 	 3 	 0 	 0 	 0 	 0 	 0 	 0 	 1 	 0 	 0 	 1 	 1 	 1 	 1 	 1 	 1 	 1 	 102 	  	 5 	 46 	 64 	 34 	 31 	 39
Tutor23 	 23 	 0 	 120 	 0 	 120 	 0 	 3 	 0 	 3 	 1 	 1 	 1 	 0 	 0 	 0 	 0 	 1 	 0 	 1 	 1 	 1 	 1 	 1 	 1 	 0 	  	 1 	 79
Tutor24 	 24 	 0 	 120 	 0 	 120 	 0 	 3 	 0 	 3 	 1 	 0 	 0 	 0 	 0 	 1 	 0 	 0 	 0 	 1 	 1 	 1 	 1 	 1 	 1 	 0 	  	 1 	 35
Tutor25 	 25 	 0 	 120 	 0 	 120 	 0 	 3 	 0 	 3 	 0 	 0 	 1 	 0 	 0 	 1 	 0 	 0 	 0 	 1 	 1 	 1 	 1 	 1 	 1 	 0 	  	 4 	 23 	 15 	 90 	 31
Tutor26 	 26 	 0 	 120 	 0 	 120 	 0 	 3 	 0 	 3 	 1 	 1 	 0 	 0 	 0 	 0 	 0 	 0 	 0 	 1 	 1 	 1 	 1 	 1 	 1 	 0 	  	 2 	 94 	 70
Tutor27 	 27 	 0 	 120 	 0 	 120 	 0 	 3 	 0 	 3 	 0 	 0 	 0 	 0 	 0 	 0 	 0 	 0 	 0 	 1 	 1 	 1 	 1 	 1 	 1 	 1 	 39 	  	 7 	 78 	 37 	 48 	 67 	 93 	 95 	 92
Tutor28 	 28 	 0 	 120 	 0 	 120 	 0 	 3 	 0 	 3 	 0 	 1 	 0 	 0 	 0 	 0 	 0 	 0 	 0 	 1 	 1 	 1 	 1 	 1 	 1 	 0 	  	 3 	 39 	 87 	 36
Tutor29 	 29 	 0 	 120 	 0 	 120 	 0 	 3 	 0 	 3 	 0 	 0 	 0 	 0 	 0 	 0 	 0 	 0 	 0 	 1 	 1 	 1 	 1 	 1 	 1 	 1 	 28 	  	 6 	 41 	 2 	 68 	 84 	 6 	 3
Tutor30 	 30 	 0 	 120 	 0 	 120 	 0 	 3 	 0 	 3 	 0 	 0 	 1 	 1 	 1 	 0 	 1 	 0 	 0 	 1 	 1 	 1 	 1 	 1 	 1 	 0 	  	 1 	 43
Tutor31 	 31 	 0 	 120 	 0 	 120 	 0 	 3 	 0 	 3 	 0 	 0 	 0 	 0 	 0 	 0 	 0 	 0 	 0 	 1 	 1 	 0 	 0 	 0 	 0 	 0 	  	 7 	 93 	 40 	 42 	 48 	 33 	 18 	 5
Tutor32 	 32 	 0 	 120 	 0 	 120 	 0 	 3 	 0 	 3 	 1 	 0 	 1 	 1 	 0 	 0 	 0 	 0 	 0 	 1 	 1 	 1 	 1 	 1 	 1 	 1 	 90 	  	 7 	 93 	 10 	 42 	 14 	 74 	 22 	 47
Tutor33 	 33 	 0 	 120 	 0 	 120 	 0 	 3 	 0 	 3 	 0 	 1 	 1 	 0 	 0 	 1 	 1 	 0 	 0 	 1 	 1 	 1 	 1 	 1 	 1 	 1 	 54 	  	 8 	 38 	 16 	 70 	 20 	 2 	 32 	 94 	 21
Tutor34 	 34 	 0 	 120 	 0 	 120 	 0 	 3 	 0 	 3 	 0 	 0 	 1 	 0 	 0 	 0 	 0 	 0 	 0 	 1 	 1 	 1 	 1 	 1 	 1 	 0 	  	 5 	 20 	 86 	 72 	 42 	 19
Tutor35 	 35 	 0 	 120 	 0 	 120 	 0 	 3 	 0 	 3 	 0 	 1 	 0 	 0 	 0 	 0 	 0 	 0 	 0 	 1 	 1 	 1 	 1 	 1 	 1 	 0 	  	 7 	 64 	 36 	 60 	 16 	 47 	 68 	 20
Tutor36 	 36 	 0 	 120 	 0 	 120 	 0 	 3 	 0 	 3 	 0 	 0 	 0 	 0 	 1 	 0 	 0 	 0 	 0 	 1 	 1 	 1 	 1 	 1 	 1 	 1 	 7 	  	 8 	 5 	 13 	 55 	 17 	 47 	 83 	 81 	 8
Tutor37 	 37 	 0 	 120 	 0 	 120 	 0 	 3 	 0 	 3 	 0 	 1 	 0 	 0 	 0 	 0 	 0 	 0 	 0 	 1 	 1 	 1 	 1 	 1 	 1 	 0 	  	 4 	 58 	 33 	 88 	 41
Tutor38 	 38 	 0 	 120 	 0 	 120 	 0 	 3 	 0 	 3 	 0 	 0 	 0 	 0 	 1 	 0 	 0 	 0 	 0 	 1 	 1 	 1 	 1 	 1 	 1 	 0 	  	 4 	 98 	 48 	 49 	 74
Tutor39 	 39 	 0 	 120 	 0 	 120 	 0 	 3 	 0 	 3 	 0 	 0 	 0 	 0 	 0 	 0 	 0 	 0 	 0 	 1 	 1 	 1 	 1 	 1 	 1 	 0 	  	 3 	 50 	 94 	 96
Tutor40 	 40 	 0 	 120 	 0 	 120 	 0 	 3 	 0 	 3 	 0 	 0 	 0 	 0 	 0 	 1 	 0 	 0 	 0 	 1 	 0 	 0 	 0 	 0 	 0 	 1 	 46 	  	 8 	 57 	 49 	 38 	 67 	 31 	 91 	 52 	 87
Tutor41 	 41 	 0 	 120 	 0 	 120 	 0 	 3 	 0 	 3 	 0 	 0 	 0 	 0 	 0 	 1 	 1 	 0 	 0 	 1 	 1 	 1 	 1 	 1 	 1 	 0 	  	 4 	 74 	 56 	 35 	 72
Tutor42 	 42 	 0 	 120 	 0 	 120 	 0 	 3 	 0 	 3 	 0 	 0 	 0 	 0 	 0 	 0 	 0 	 1 	 0 	 1 	 1 	 1 	 1 	 1 	 1 	 0 	  	 1 	 7
Tutor43 	 43 	 0 	 120 	 0 	 120 	 0 	 3 	 0 	 3 	 0 	 0 	 1 	 0 	 0 	 1 	 0 	 0 	 1 	 1 	 1 	 1 	 1 	 1 	 1 	 0 	  	 3 	 21 	 64 	 85
Tutor44 	 44 	 0 	 120 	 0 	 120 	 0 	 3 	 0 	 3 	 0 	 0 	 0 	 0 	 0 	 0 	 0 	 0 	 1 	 1 	 1 	 1 	 1 	 1 	 1 	 0 	  	 2 	 66 	 17
Tutor45 	 45 	 0 	 120 	 0 	 120 	 0 	 3 	 0 	 3 	 0 	 0 	 1 	 0 	 0 	 0 	 0 	 1 	 0 	 1 	 1 	 1 	 1 	 1 	 1 	 0 	  	 7 	 92 	 69 	 10 	 58 	 55 	 48 	 49
Tutor46 	 46 	 0 	 120 	 0 	 120 	 0 	 3 	 0 	 3 	 0 	 0 	 0 	 0 	 0 	 0 	 0 	 0 	 0 	 1 	 1 	 1 	 1 	 1 	 1 	 1 	 110 	  	 4 	 50 	 53 	 75 	 90
Tutor47 	 47 	 0 	 120 	 0 	 120 	 0 	 3 	 0 	 3 	 0 	 0 	 0 	 1 	 1 	 0 	 1 	 0 	 1 	 1 	 1 	 1 	 1 	 1 	 1 	 1 	 68 	  	 5 	 69 	 62 	 17 	 0 	 53
Tutor48 	 48 	 0 	 120 	 0 	 120 	 0 	 3 	 0 	 3 	 0 	 0 	 0 	 1 	 0 	 1 	 0 	 0 	 0 	 1 	 1 	 1 	 1 	 1 	 1 	 1 	 11 	  	 3 	 62 	 17 	 84
Tutor49 	 49 	 0 	 120 	 0 	 120 	 0 	 3 	 0 	 3 	 0 	 0 	 0 	 0 	 0 	 0 	 0 	 1 	 0 	 1 	 1 	 0 	 0 	 0 	 0 	 0 	  	 5 	 63 	 69 	 3 	 79 	 60
Tutor50 	 50 	 0 	 120 	 0 	 120 	 0 	 3 	 0 	 3 	 0 	 1 	 0 	 0 	 0 	 1 	 1 	 1 	 0 	 1 	 1 	 1 	 1 	 1 	 1 	 0 	  	 2 	 79 	 71
Tutor51 	 51 	 0 	 120 	 0 	 120 	 0 	 3 	 0 	 3 	 0 	 0 	 1 	 0 	 0 	 0 	 1 	 0 	 0 	 1 	 1 	 1 	 1 	 1 	 1 	 1 	 32 	  	 2 	 2 	 44
Tutor52 	 52 	 0 	 120 	 0 	 120 	 0 	 3 	 0 	 3 	 0 	 0 	 0 	 0 	 0 	 0 	 0 	 0 	 0 	 1 	 1 	 1 	 1 	 1 	 1 	 0 	  	 7 	 83 	 7 	 16 	 75 	 28 	 82 	 77
Tutor53 	 53 	 0 	 120 	 0 	 120 	 0 	 3 	 0 	 3 	 0 	 0 	 0 	 0 	 1 	 0 	 0 	 0 	 0 	 1 	 1 	 1 	 1 	 1 	 1 	 1 	 48 	  	 6 	 45 	 85 	 81 	 25 	 49 	 48
Tutor54 	 54 	 0 	 120 	 0 	 120 	 0 	 3 	 0 	 3 	 0 	 1 	 1 	 0 	 0 	 0 	 0 	 1 	 1 	 1 	 1 	 1 	 1 	 1 	 1 	 1 	 17 	  	 1 	 38
Tutor55 	 55 	 0 	 120 	 0 	 120 	 0 	 3 	 0 	 3 	 0 	 0 	 0 	 0 	 0 	 0 	 1 	 0 	 0 	 1 	 1 	 1 	 1 	 1 	 1 	 0 	  	 3 	 96 	 50 	 82
Tutor56 	 56 	 0 	 120 	 0 	 120 	 0 	 3 	 0 	 3 	 0 	 0 	 0 	 0 	 0 	 0 	 1 	 1 	 0 	 1 	 1 	 1 	 1 	 1 	 1 	 1 	 114 	  	 0
Tutor57 	 57 	 0 	 120 	 0 	 120 	 0 	 3 	 0 	 3 	 0 	 0 	 1 	 0 	 1 	 0 	 0 	 0 	 0 	 1 	 1 	 1 	 1 	 1 	 1 	 0 	  	 2 	 2 	 91
Tutor58 	 58 	 0 	 120 	 0 	 120 	 0 	 3 	 0 	 3 	 0 	 0 	 0 	 0 	 0 	 0 	 0 	 0 	 0 	 1 	 1 	 1 	 1 	 1 	 1 	 0 	  	 5 	 29 	 70 	 74 	 28 	 26
Tutor59 	 59 	 0 	 120 	 0 	 120 	 0 	 3 	 0 	 3 	 0 	 0 	 0 	 0 	 0 	 0 	 1 	 1 	 0 	 1 	 1 	 1 	 1 	 1 	 1 	 1 	 94 	  	 0
Tutor60 	 60 	 0 	 120 	 0 	 120 	 0 	 3 	 0 	 3 	 0 	 0 	 0 	 0 	 0 	 0 	 1 	 1 	 0 	 1 	 1 	 1 	 1 	 1 	 1 	 0 	  	 8 	 80 	 88 	 98 	 90 	 58 	 73 	 0 	 52
Tutor61 	 61 	 0 	 120 	 0 	 120 	 0 	 3 	 0 	 3 	 0 	 0 	 0 	 0 	 0 	 0 	 0 	 1 	 0 	 1 	 1 	 1 	 1 	 1 	 1 	 0 	  	 4 	 83 	 31 	 10 	 43
Tutor62 	 62 	 0 	 120 	 0 	 120 	 0 	 3 	 0 	 3 	 0 	 0 	 0 	 0 	 1 	 0 	 0 	 0 	 1 	 1 	 1 	 1 	 1 	 1 	 1 	 0 	  	 0
Tutor63 	 63 	 0 	 120 	 0 	 120 	 0 	 3 	 0 	 3 	 1 	 0 	 1 	 0 	 0 	 0 	 0 	 0 	 0 	 1 	 1 	 1 	 1 	 1 	 1 	 0 	  	 3 	 27 	 96 	 78
Tutor64 	 64 	 0 	 120 	 0 	 120 	 0 	 3 	 0 	 3 	 0 	 0 	 1 	 1 	 1 	 0 	 0 	 0 	 1 	 1 	 1 	 1 	 1 	 1 	 1 	 0 	  	 0
Tutor65 	 65 	 0 	 120 	 0 	 120 	 0 	 3 	 0 	 3 	 0 	 0 	 0 	 0 	 0 	 1 	 0 	 0 	 0 	 1 	 1 	 1 	 1 	 1 	 1 	 0 	  	 7 	 99 	 36 	 70 	 38 	 69 	 27 	 20
Tutor66 	 66 	 0 	 120 	 0 	 120 	 0 	 3 	 0 	 3 	 0 	 0 	 0 	 0 	 0 	 0 	 1 	 0 	 0 	 1 	 0 	 0 	 0 	 0 	 0 	 1 	 55 	  	 1 	 82
Tutor67 	 67 	 0 	 120 	 0 	 120 	 0 	 3 	 0 	 3 	 0 	 1 	 1 	 0 	 0 	 0 	 0 	 0 	 1 	 1 	 1 	 1 	 1 	 1 	 1 	 1 	 69 	  	 4 	 78 	 64 	 40 	 72
Tutor68 	 68 	 0 	 120 	 0 	 120 	 0 	 3 	 0 	 3 	 0 	 0 	 0 	 0 	 0 	 0 	 0 	 1 	 0 	 1 	 1 	 1 	 1 	 1 	 1 	 0 	  	 5 	 78 	 13 	 4 	 21 	 22
Tutor69 	 69 	 0 	 120 	 0 	 120 	 0 	 3 	 0 	 3 	 0 	 0 	 0 	 0 	 0 	 0 	 1 	 0 	 0 	 1 	 1 	 1 	 1 	 1 	 1 	 1 	 120 	  	 4 	 36 	 54 	 76 	 3
Tutor70 	 70 	 0 	 120 	 0 	 120 	 0 	 3 	 0 	 3 	 0 	 0 	 1 	 0 	 0 	 0 	 0 	 0 	 0 	 1 	 1 	 1 	 1 	 1 	 1 	 0 	  	 3 	 91 	 9 	 39
Tutor71 	 71 	 0 	 120 	 0 	 120 	 0 	 3 	 0 	 3 	 0 	 0 	 1 	 1 	 0 	 0 	 1 	 0 	 0 	 1 	 1 	 1 	 1 	 1 	 1 	 0 	  	 6 	 15 	 17 	 93 	 24 	 53 	 30
Tutor72 	 72 	 0 	 120 	 0 	 120 	 0 	 3 	 0 	 3 	 0 	 0 	 0 	 1 	 0 	 0 	 0 	 1 	 0 	 1 	 1 	 1 	 1 	 1 	 1 	 1 	 43 	  	 7 	 55 	 63 	 85 	 88 	 69 	 76 	 51
Tutor73 	 73 	 0 	 120 	 0 	 120 	 0 	 3 	 0 	 3 	 0 	 1 	 0 	 0 	 0 	 0 	 0 	 0 	 0 	 1 	 1 	 1 	 1 	 1 	 1 	 1 	 47 	  	 3 	 51 	 63 	 76
Tutor74 	 74 	 0 	 120 	 0 	 120 	 0 	 3 	 0 	 3 	 0 	 0 	 0 	 1 	 0 	 0 	 0 	 0 	 0 	 1 	 1 	 1 	 1 	 1 	 1 	 1 	 1 	  	 2 	 22 	 5
Tutor75 	 75 	 0 	 120 	 0 	 120 	 0 	 3 	 0 	 3 	 0 	 0 	 0 	 0 	 0 	 1 	 1 	 0 	 0 	 1 	 1 	 1 	 1 	 1 	 1 	 0 	  	 0
Tutor76 	 76 	 0 	 120 	 0 	 120 	 0 	 3 	 0 	 3 	 0 	 0 	 0 	 0 	 0 	 0 	 0 	 1 	 1 	 1 	 1 	 1 	 1 	 1 	 1 	 0 	  	 8 	 28 	 18 	 61 	 16 	 24 	 6 	 23 	 26
Tutor77 	 77 	 0 	 120 	 0 	 120 	 0 	 3 	 0 	 3 	 0 	 0 	 0 	 0 	 0 	 0 	 0 	 0 	 0 	 1 	 1 	 1 	 1 	 1 	 1 	 0 	  	 3 	 90 	 21 	 24
Tutor78 	 78 	 0 	 120 	 0 	 120 	 0 	 3 	 0 	 3 	 0 	 0 	 0 	 1 	 1 	 0 	 0 	 0 	 0 	 1 	 1 	 1 	 1 	 1 	 1 	 1 	 83 	  	 2 	 63 	 78
Tutor79 	 79 	 0 	 120 	 0 	 120 	 0 	 3 	 0 	 3 	 0 	 0 	 0 	 0 	 1 	 0 	 1 	 0 	 1 	 1 	 1 	 1 	 1 	 1 	 1 	 0 	  	 8 	 35 	 1 	 96 	 54 	 40 	 81 	 78 	 39
Tutor80 	 80 	 0 	 120 	 0 	 120 	 0 	 3 	 0 	 3 	 1 	 0 	 0 	 0 	 0 	 0 	 0 	 0 	 0 	 1 	 1 	 1 	 1 	 1 	 1 	 1 	 56 	  	 4 	 18 	 14 	 55 	 73
Tutor81 	 81 	 0 	 120 	 0 	 120 	 0 	 3 	 0 	 3 	 0 	 0 	 0 	 0 	 1 	 0 	 0 	 1 	 0 	 1 	 1 	 1 	 1 	 1 	 1 	 0 	  	 2 	 56 	 19
Tutor82 	 82 	 0 	 120 	 0 	 120 	 0 	 3 	 0 	 3 	 0 	 0 	 0 	 0 	 0 	 0 	 0 	 0 	 0 	 1 	 1 	 1 	 1 	 1 	 1 	 1 	 119 	  	 1 	 40
Tutor83 	 83 	 0 	 120 	 0 	 120 	 0 	 3 	 0 	 3 	 0 	 0 	 0 	 0 	 0 	 0 	 0 	 0 	 0 	 1 	 1 	 1 	 1 	 1 	 1 	 1 	 80 	  	 0
Tutor84 	 84 	 0 	 120 	 0 	 120 	 0 	 3 	 0 	 3 	 0 	 0 	 0 	 0 	 0 	 0 	 0 	 0 	 0 	 1 	 1 	 1 	 1 	 1 	 1 	 1 	 6 	  	 4 	 7 	 83 	 82 	 75
Tutor85 	 85 	 0 	 120 	 0 	 120 	 0 	 3 	 0 	 3 	 0 	 1 	 0 	 1 	 0 	 0 	 0 	 1 	 0 	 1 	 1 	 1 	 1 	 1 	 1 	 1 	 86 	  	 1 	 17
Tutor86 	 86 	 0 	 120 	 0 	 120 	 0 	 3 	 0 	 3 	 0 	 0 	 0 	 0 	 1 	 0 	 1 	 0 	 0 	 1 	 1 	 1 	 1 	 1 	 1 	 1 	 103 	  	 2 	 8 	 38
Tutor87 	 87 	 0 	 120 	 0 	 120 	 0 	 3 	 0 	 3 	 0 	 0 	 1 	 1 	 0 	 0 	 0 	 1 	 0 	 1 	 1 	 1 	 1 	 1 	 1 	 0 	  	 1 	 25
Tutor88 	 88 	 0 	 120 	 0 	 120 	 0 	 3 	 0 	 3 	 0 	 0 	 0 	 0 	 0 	 0 	 1 	 0 	 0 	 1 	 1 	 1 	 1 	 1 	 1 	 0 	  	 4 	 87 	 36 	 84 	 67
Tutor89 	 89 	 0 	 120 	 0 	 120 	 0 	 3 	 0 	 3 	 0 	 0 	 0 	 0 	 0 	 0 	 0 	 0 	 1 	 1 	 1 	 1 	 1 	 1 	 1 	 1 	 31 	  	 6 	 11 	 1 	 45 	 32 	 88 	 2
Tutor90 	 90 	 0 	 120 	 0 	 120 	 0 	 3 	 0 	 3 	 0 	 0 	 0 	 1 	 0 	 1 	 0 	 0 	 0 	 1 	 1 	 1 	 1 	 1 	 1 	 1 	 95 	  	 1 	 85
Tutor91 	 91 	 0 	 120 	 0 	 120 	 0 	 3 	 0 	 3 	 0 	 0 	 0 	 1 	 0 	 0 	 0 	 1 	 0 	 1 	 1 	 1 	 1 	 1 	 1 	 0 	  	 7 	 15 	 98 	 31 	 51 	 1 	 3 	 7
Tutor92 	 92 	 0 	 120 	 0 	 120 	 0 	 3 	 0 	 3 	 0 	 0 	 0 	 0 	 0 	 0 	 0 	 1 	 0 	 1 	 1 	 1 	 1 	 1 	 1 	 1 	 79 	  	 4 	 99 	 81 	 12 	 70
Tutor93 	 93 	 0 	 120 	 0 	 120 	 0 	 3 	 0 	 3 	 0 	 0 	 1 	 0 	 1 	 0 	 0 	 0 	 0 	 1 	 1 	 1 	 1 	 1 	 1 	 0 	  	 1 	 98
Tutor94 	 94 	 0 	 120 	 0 	 120 	 0 	 3 	 0 	 3 	 0 	 0 	 0 	 0 	 0 	 1 	 1 	 0 	 0 	 1 	 1 	 1 	 1 	 1 	 1 	 1 	 18 	  	 2 	 49 	 52
Tutor95 	 95 	 0 	 120 	 0 	 120 	 0 	 3 	 0 	 3 	 0 	 0 	 0 	 0 	 0 	 0 	 0 	 0 	 0 	 1 	 1 	 1 	 1 	 1 	 1 	 1 	 76 	  	 5 	 38 	 37 	 82 	 20 	 96
Tutor96 	 96 	 0 	 120 	 0 	 120 	 0 	 3 	 0 	 3 	 0 	 0 	 0 	 1 	 0 	 0 	 0 	 1 	 0 	 1 	 1 	 1 	 1 	 1 	 1 	 1 	 118 	  	 0
Tutor97 	 97 	 0 	 120 	 0 	 120 	 0 	 3 	 0 	 3 	 1 	 0 	 1 	 1 	 0 	 0 	 0 	 0 	 0 	 1 	 1 	 1 	 1 	 1 	 1 	 0 	  	 0
Tutor98 	 98 	 0 	 120 	 0 	 120 	 0 	 3 	 0 	 3 	 0 	 0 	 0 	 0 	 0 	 0 	 0 	 1 	 0 	 1 	 1 	 1 	 1 	 1 	 1 	 1 	 87 	  	 4 	 47 	 59 	 70 	 92
Tutor99 	 99 	 0 	 120 	 0 	 120 	 0 	 3 	 0 	 3 	 0 	 0 	 0 	 0 	 0 	 0 	 0 	 0 	 1 	 1 	 1 	 0 	 0 	 0 	 0 	 0 	  	 5 	 34 	 3 	 73 	 1 	 77
Tutor100 	 100 	 0 	 120 	 0 	 120 	 0 	 3 	 0 	 3 	 0 	 0 	 1 	 1 	 1 	 0 	 0 	 0 	 0 	 1 	 0 	 0 	 0 	 0 	 0 	 1 	 27 	  	 2 	 6 	 49
Tutor101 	 101 	 0 	 120 	 0 	 120 	 0 	 3 	 0 	 3 	 1 	 0 	 1 	 0 	 0 	 0 	 1 	 0 	 0 	 1 	 1 	 1 	 1 	 1 	 1 	 1 	 63 	  	 7 	 95 	 37 	 27 	 31 	 61 	 56 	 62
Tutor102 	 102 	 0 	 120 	 0 	 120 	 0 	 3 	 0 	 3 	 0 	 0 	 0 	 0 	 0 	 0 	 1 	 0 	 0 	 1 	 1 	 1 	 1 	 1 	 1 	 0 	  	 0
Tutor103 	 103 	 0 	 120 	 0 	 120 	 0 	 3 	 0 	 3 	 0 	 0 	 0 	 1 	 0 	 0 	 0 	 1 	 0 	 1 	 1 	 1 	 1 	 1 	 1 	 1 	 66 	  	 8 	 62 	 99 	 5 	 77 	 0 	 14 	 3 	 74
Tutor104 	 104 	 0 	 120 	 0 	 120 	 0 	 3 	 0 	 3 	 0 	 1 	 1 	 0 	 1 	 0 	 1 	 0 	 1 	 1 	 1 	 1 	 1 	 1 	 1 	 1 	 34 	  	 4 	 69 	 25 	 55 	 88
Tutor105 	 105 	 0 	 120 	 0 	 120 	 0 	 3 	 0 	 3 	 0 	 1 	 0 	 0 	 0 	 0 	 0 	 0 	 0 	 1 	 1 	 1 	 1 	 1 	 1 	 1 	 73 	  	 6 	 17 	 56 	 8 	 13 	 82 	 32
Tutor106 	 106 	 0 	 120 	 0 	 120 	 0 	 3 	 0 	 3 	 0 	 0 	 0 	 0 	 0 	 1 	 0 	 0 	 0 	 1 	 1 	 1 	 1 	 1 	 1 	 0 	  	 0
Tutor107 	 107 	 0 	 120 	 0 	 120 	 0 	 3 	 0 	 3 	 0 	 0 	 0 	 0 	 0 	 0 	 0 	 1 	 0 	 1 	 1 	 1 	 1 	 1 	 1 	 1 	 19 	  	 6 	 12 	 74 	 75 	 72 	 69 	 98
Tutor108 	 108 	 0 	 120 	 0 	 120 	 0 	 3 	 0 	 3 	 0 	 0 	 1 	 0 	 1 	 0 	 0 	 0 	 0 	 1 	 1 	 1 	 1 	 1 	 1 	 0 	  	 3 	 35 	 44 	 73
Tutor109 	 109 	 0 	 120 	 0 	 120 	 0 	 3 	 0 	 3 	 0 	 0 	 1 	 0 	 0 	 0 	 0 	 0 	 0 	 1 	 1 	 1 	 1 	 1 	 1 	 1 	 41 	  	 6 	 44 	 41 	 37 	 73 	 17 	 92
Tutor110 	 110 	 0 	 120 	 0 	 120 	 0 	 3 	 0 	 3 	 1 	 1 	 1 	 0 	 1 	 0 	 0 	 1 	 0 	 1 	 1 	 1 	 1 	 1 	 1 	 1 	 9 	  	 4 	 82 	 14 	 10 	 83
Tutor111 	 111 	 0 	 120 	 0 	 120 	 0 	 3 	 0 	 3 	 0 	 0 	 1 	 0 	 0 	 1 	 0 	 0 	 0 	 1 	 1 	 1 	 1 	 1 	 1 	 0 	  	 2 	 90 	 7
Tutor112 	 112 	 0 	 120 	 0 	 120 	 0 	 3 	 0 	 3 	 0 	 0 	 0 	 0 	 0 	 0 	 1 	 1 	 0 	 1 	 1 	 1 	 1 	 1 	 1 	 0 	  	 0
Tutor113 	 113 	 0 	 120 	 0 	 120 	 0 	 3 	 0 	 3 	 0 	 1 	 0 	 1 	 1 	 0 	 0 	 0 	 0 	 1 	 1 	 1 	 1 	 1 	 1 	 0 	  	 8 	 78 	 40 	 70 	 76 	 89 	 95 	 38 	 96
Tutor114 	 114 	 0 	 120 	 0 	 120 	 0 	 3 	 0 	 3 	 0 	 0 	 0 	 0 	 0 	 0 	 0 	 0 	 1 	 1 	 1 	 1 	 1 	 1 	 1 	 0 	  	 4 	 72 	 53 	 59 	 15
Tutor115 	 115 	 0 	 120 	 0 	 120 	 0 	 3 	 0 	 3 	 1 	 0 	 0 	 0 	 0 	 0 	 1 	 0 	 0 	 1 	 1 	 1 	 1 	 1 	 1 	 1 	 116 	  	 4 	 29 	 67 	 70 	 88
Tutor116 	 116 	 0 	 120 	 0 	 120 	 0 	 3 	 0 	 3 	 1 	 0 	 1 	 0 	 0 	 1 	 1 	 1 	 0 	 1 	 1 	 1 	 1 	 1 	 1 	 1 	 98 	  	 1 	 96
Tutor117 	 117 	 0 	 120 	 0 	 120 	 0 	 3 	 0 	 3 	 0 	 0 	 0 	 0 	 0 	 0 	 0 	 0 	 0 	 1 	 1 	 1 	 1 	 1 	 1 	 0 	  	 3 	 57 	 34 	 49
Tutor118 	 118 	 0 	 120 	 0 	 120 	 0 	 3 	 0 	 3 	 0 	 0 	 0 	 0 	 0 	 0 	 0 	 1 	 0 	 1 	 1 	 1 	 1 	 1 	 1 	 0 	  	 4 	 48 	 71 	 16 	 28
Tutor119 	 119 	 0 	 120 	 0 	 120 	 0 	 3 	 0 	 3 	 0 	 1 	 0 	 0 	 0 	 0 	 0 	 0 	 0 	 1 	 1 	 1 	 1 	 1 	 1 	 1 	 105 	  	 1 	 5
Tutor120 	 120 	 0 	 120 	 0 	 120 	 0 	 3 	 0 	 3 	 0 	 0 	 1 	 0 	 0 	 0 	 0 	 0 	 1 	 1 	 1 	 1 	 1 	 1 	 1 	 0 	  	 7 	 69 	 63 	 37 	 26 	 29 	 98 	 10
Tutor121 	 121 	 0 	 120 	 0 	 120 	 0 	 3 	 0 	 3 	 0 	 0 	 0 	 0 	 0 	 0 	 0 	 0 	 0 	 1 	 1 	 0 	 0 	 0 	 0 	 1 	 88 	  	 5 	 60 	 34 	 20 	 17 	 49
Tutor122 	 122 	 0 	 120 	 0 	 120 	 0 	 3 	 0 	 3 	 0 	 0 	 1 	 0 	 1 	 0 	 0 	 1 	 0 	 1 	 1 	 1 	 1 	 1 	 1 	 1 	 65 	  	 0
Tutor123 	 123 	 0 	 120 	 0 	 120 	 0 	 3 	 0 	 3 	 0 	 0 	 1 	 0 	 0 	 1 	 0 	 0 	 0 	 1 	 1 	 1 	 1 	 1 	 1 	 1 	 45 	  	 7 	 76 	 45 	 39 	 27 	 22 	 82 	 55
Tutor124 	 124 	 0 	 120 	 0 	 120 	 0 	 3 	 0 	 3 	 0 	 1 	 0 	 1 	 0 	 0 	 0 	 0 	 1 	 1 	 1 	 1 	 1 	 1 	 1 	 1 	 3 	  	 7 	 79 	 47 	 91 	 98 	 34 	 31 	 1
Tutor125 	 125 	 0 	 120 	 0 	 120 	 0 	 3 	 0 	 3 	 0 	 0 	 0 	 0 	 0 	 0 	 1 	 0 	 0 	 1 	 1 	 1 	 1 	 1 	 1 	 1 	 30 	  	 0
Tutor126 	 126 	 0 	 120 	 0 	 120 	 0 	 3 	 0 	 3 	 1 	 1 	 1 	 0 	 0 	 0 	 1 	 0 	 1 	 1 	 1 	 1 	 1 	 1 	 1 	 0 	  	 3 	 94 	 53 	 9
Tutor127 	 127 	 0 	 120 	 0 	 120 	 0 	 3 	 0 	 3 	 0 	 0 	 0 	 0 	 1 	 0 	 0 	 0 	 1 	 1 	 1 	 1 	 1 	 1 	 1 	 1 	 113 	  	 4 	 91 	 24 	 62 	 73
Tutor128 	 128 	 0 	 120 	 0 	 120 	 0 	 3 	 0 	 3 	 1 	 0 	 0 	 0 	 0 	 0 	 0 	 0 	 0 	 1 	 1 	 1 	 1 	 1 	 1 	 1 	 109 	  	 7 	 75 	 90 	 53 	 98 	 64 	 54 	 25
Tutor129 	 129 	 0 	 120 	 0 	 120 	 0 	 3 	 0 	 3 	 0 	 1 	 0 	 0 	 0 	 0 	 0 	 1 	 0 	 1 	 1 	 1 	 1 	 1 	 1 	 0 	  	 7 	 70 	 61 	 56 	 44 	 66 	 18 	 14
Tutor130 	 130 	 0 	 120 	 0 	 120 	 0 	 3 	 0 	 3 	 0 	 0 	 0 	 0 	 1 	 0 	 1 	 1 	 0 	 1 	 1 	 1 	 1 	 1 	 1 	 1 	 117 	  	 5 	 65 	 77 	 33 	 16 	 0
Tutor131 	 131 	 0 	 120 	 0 	 120 	 0 	 3 	 0 	 3 	 1 	 0 	 0 	 0 	 1 	 0 	 0 	 0 	 1 	 1 	 1 	 1 	 1 	 1 	 1 	 1 	 53 	  	 7 	 9 	 43 	 6 	 62 	 32 	 29 	 71
Tutor132 	 132 	 0 	 120 	 0 	 120 	 0 	 3 	 0 	 3 	 1 	 0 	 0 	 0 	 0 	 0 	 0 	 1 	 0 	 1 	 1 	 1 	 1 	 1 	 1 	 0 	  	 2 	 68 	 73
Tutor133 	 133 	 0 	 120 	 0 	 120 	 0 	 3 	 0 	 3 	 0 	 1 	 1 	 0 	 0 	 0 	 0 	 1 	 1 	 1 	 1 	 1 	 1 	 1 	 1 	 0 	  	 1 	 79
Tutor134 	 134 	 0 	 120 	 0 	 120 	 0 	 3 	 0 	 3 	 0 	 0 	 1 	 0 	 0 	 1 	 0 	 1 	 1 	 1 	 1 	 1 	 1 	 1 	 1 	 1 	 74 	  	 7 	 65 	 23 	 44 	 40 	 54 	 46 	 61
Tutor135 	 135 	 0 	 120 	 0 	 120 	 0 	 3 	 0 	 3 	 0 	 0 	 0 	 0 	 0 	 0 	 0 	 0 	 0 	 1 	 1 	 1 	 1 	 1 	 1 	 0 	  	 0
Tutor136 	 136 	 0 	 120 	 0 	 120 	 0 	 3 	 0 	 3 	 0 	 1 	 1 	 0 	 0 	 0 	 0 	 0 	 0 	 1 	 1 	 1 	 1 	 1 	 1 	 1 	 26 	  	 5 	 61 	 56 	 85 	 99 	 87
Tutor137 	 137 	 0 	 120 	 0 	 120 	 0 	 3 	 0 	 3 	 1 	 0 	 0 	 0 	 0 	 0 	 0 	 1 	 0 	 1 	 1 	 1 	 1 	 1 	 1 	 1 	 57 	  	 2 	 4 	 7
Tutor138 	 138 	 0 	 120 	 0 	 120 	 0 	 3 	 0 	 3 	 0 	 0 	 0 	 0 	 0 	 0 	 0 	 0 	 0 	 1 	 1 	 1 	 1 	 1 	 1 	 1 	 49 	  	 5 	 55 	 61 	 0 	 32 	 45
Tutor139 	 139 	 0 	 120 	 0 	 120 	 0 	 3 	 0 	 3 	 0 	 0 	 0 	 1 	 0 	 0 	 0 	 0 	 1 	 1 	 1 	 1 	 1 	 1 	 1 	 0 	  	 8 	 16 	 41 	 64 	 61 	 81 	 78 	 48 	 1
Tutor140 	 140 	 0 	 120 	 0 	 120 	 0 	 3 	 0 	 3 	 0 	 1 	 1 	 0 	 0 	 0 	 0 	 0 	 1 	 1 	 1 	 1 	 1 	 1 	 1 	 0 	  	 1 	 14
Tutor141 	 141 	 0 	 120 	 0 	 120 	 0 	 3 	 0 	 3 	 0 	 0 	 1 	 0 	 0 	 0 	 1 	 0 	 1 	 1 	 1 	 1 	 1 	 1 	 1 	 0 	  	 5 	 14 	 82 	 32 	 1 	 83
Tutor142 	 142 	 0 	 120 	 0 	 120 	 0 	 3 	 0 	 3 	 0 	 0 	 0 	 0 	 0 	 0 	 0 	 0 	 0 	 1 	 1 	 1 	 1 	 1 	 1 	 1 	 16 	  	 4 	 52 	 38 	 27 	 61
Tutor143 	 143 	 0 	 120 	 0 	 120 	 0 	 3 	 0 	 3 	 1 	 0 	 0 	 0 	 0 	 0 	 0 	 0 	 0 	 1 	 1 	 1 	 1 	 1 	 1 	 0 	  	 8 	 19 	 43 	 12 	 44 	 76 	 93 	 67 	 56
Tutor144 	 144 	 0 	 120 	 0 	 120 	 0 	 3 	 0 	 3 	 0 	 1 	 0 	 0 	 0 	 0 	 1 	 1 	 0 	 1 	 1 	 1 	 1 	 1 	 1 	 1 	 37 	  	 6 	 26 	 79 	 80 	 57 	 60 	 23
Tutor145 	 145 	 0 	 120 	 0 	 120 	 0 	 3 	 0 	 3 	 0 	 0 	 1 	 0 	 1 	 0 	 0 	 0 	 0 	 1 	 1 	 1 	 1 	 1 	 1 	 0 	  	 1 	 74
Tutor146 	 146 	 0 	 120 	 0 	 120 	 0 	 3 	 0 	 3 	 0 	 0 	 1 	 0 	 0 	 0 	 0 	 0 	 1 	 1 	 1 	 1 	 1 	 1 	 1 	 1 	 104 	  	 7 	 69 	 99 	 76 	 57 	 74 	 40 	 77
Tutor147 	 147 	 0 	 120 	 0 	 120 	 0 	 3 	 0 	 3 	 1 	 0 	 0 	 0 	 0 	 1 	 1 	 0 	 1 	 1 	 1 	 1 	 1 	 1 	 1 	 1 	 59 	  	 0
Tutor148 	 148 	 0 	 120 	 0 	 120 	 0 	 3 	 0 	 3 	 0 	 0 	 0 	 0 	 0 	 0 	 0 	 0 	 0 	 1 	 1 	 1 	 1 	 1 	 1 	 1 	 0 	  	 4 	 66 	 56 	 84 	 32
Tutor149 	 149 	 0 	 120 	 0 	 120 	 0 	 3 	 0 	 3 	 0 	 0 	 0 	 0 	 0 	 0 	 1 	 1 	 1 	 1 	 1 	 1 	 1 	 1 	 1 	 1 	 42 	  	 6 	 12 	 98 	 45 	 32 	 73 	 18
Tutor150 	 150 	 0 	 120 	 0 	 120 	 0 	 3 	 0 	 3 	 0 	 0 	 0 	 0 	 0 	 1 	 0 	 1 	 0 	 1 	 1 	 1 	 1 	 1 	 1 	 1 	 29 	  	 8 	 91 	 26 	 27 	 70 	 83 	 60 	 12 	 46
Tutor151 	 151 	 0 	 120 	 0 	 120 	 0 	 3 	 0 	 3 	 0 	 0 	 0 	 0 	 0 	 0 	 1 	 0 	 0 	 1 	 1 	 1 	 1 	 1 	 1 	 0 	  	 2 	 95 	 18
Tutor152 	 152 	 0 	 120 	 0 	 120 	 0 	 3 	 0 	 3 	 0 	 0 	 0 	 0 	 0 	 0 	 0 	 0 	 0 	 1 	 1 	 1 	 1 	 1 	 1 	 0 	  	 4 	 20 	 76 	 0 	 17
Tutor153 	 153 	 0 	 120 	 0 	 120 	 0 	 3 	 0 	 3 	 1 	 0 	 1 	 0 	 0 	 1 	 1 	 1 	 0 	 1 	 1 	 1 	 1 	 1 	 1 	 0 	  	 8 	 47 	 70 	 6 	 40 	 27 	 73 	 58 	 2
Tutor154 	 154 	 0 	 120 	 0 	 120 	 0 	 3 	 0 	 3 	 0 	 0 	 0 	 0 	 1 	 0 	 0 	 0 	 1 	 1 	 1 	 1 	 1 	 1 	 1 	 1 	 121 	  	 6 	 99 	 48 	 97 	 44 	 16 	 24
Tutor155 	 155 	 0 	 120 	 0 	 120 	 0 	 3 	 0 	 3 	 0 	 0 	 0 	 0 	 1 	 1 	 0 	 0 	 0 	 1 	 1 	 1 	 1 	 1 	 1 	 1 	 25 	  	 4 	 24 	 98 	 86 	 30
Tutor156 	 156 	 0 	 120 	 0 	 120 	 0 	 3 	 0 	 3 	 0 	 0 	 0 	 0 	 0 	 0 	 1 	 0 	 0 	 1 	 1 	 1 	 1 	 1 	 1 	 0 	  	 3 	 74 	 82 	 46
Tutor157 	 157 	 0 	 120 	 0 	 120 	 0 	 3 	 0 	 3 	 0 	 0 	 0 	 0 	 0 	 1 	 0 	 0 	 0 	 1 	 1 	 1 	 1 	 1 	 1 	 1 	 97 	  	 7 	 8 	 89 	 23 	 14 	 15 	 95 	 67
Tutor158 	 158 	 0 	 120 	 0 	 120 	 0 	 3 	 0 	 3 	 0 	 0 	 0 	 0 	 0 	 0 	 0 	 0 	 1 	 1 	 1 	 1 	 1 	 1 	 1 	 1 	 24 	  	 4 	 85 	 36 	 10 	 62
Tutor159 	 159 	 0 	 120 	 0 	 120 	 0 	 3 	 0 	 3 	 0 	 0 	 0 	 0 	 0 	 0 	 0 	 0 	 0 	 1 	 1 	 1 	 1 	 1 	 1 	 0 	  	 1 	 61
Tutor160 	 160 	 0 	 120 	 0 	 120 	 0 	 3 	 0 	 3 	 0 	 0 	 0 	 0 	 0 	 0 	 0 	 0 	 1 	 1 	 1 	 1 	 1 	 1 	 1 	 1 	 38 	  	 3 	 67 	 47 	 80
Tutor161 	 161 	 0 	 120 	 0 	 120 	 0 	 3 	 0 	 3 	 0 	 0 	 0 	 0 	 0 	 0 	 0 	 0 	 0 	 1 	 1 	 1 	 1 	 1 	 1 	 1 	 50 	  	 0
Tutor162 	 162 	 0 	 120 	 0 	 120 	 0 	 3 	 0 	 3 	 0 	 0 	 0 	 0 	 1 	 0 	 1 	 0 	 0 	 1 	 1 	 1 	 1 	 1 	 1 	 0 	  	 6 	 33 	 45 	 77 	 32 	 97 	 23
Tutor163 	 163 	 0 	 120 	 0 	 120 	 0 	 3 	 0 	 3 	 0 	 0 	 1 	 1 	 0 	 0 	 0 	 0 	 1 	 1 	 1 	 1 	 1 	 1 	 1 	 1 	 85 	  	 3 	 73 	 13 	 87
Tutor164 	 164 	 0 	 120 	 0 	 120 	 0 	 3 	 0 	 3 	 1 	 0 	 0 	 0 	 1 	 0 	 0 	 0 	 1 	 1 	 1 	 1 	 1 	 1 	 1 	 1 	 62 	  	 6 	 44 	 79 	 70 	 9 	 51 	 24
Tutor165 	 165 	 0 	 120 	 0 	 120 	 0 	 3 	 0 	 3 	 0 	 0 	 0 	 0 	 0 	 0 	 0 	 0 	 1 	 1 	 1 	 1 	 1 	 1 	 1 	 0 	  	 2 	 20 	 29
Tutor166 	 166 	 0 	 120 	 0 	 120 	 0 	 3 	 0 	 3 	 0 	 0 	 1 	 0 	 0 	 1 	 0 	 0 	 0 	 1 	 1 	 1 	 1 	 1 	 1 	 1 	 111 	  	 2 	 81 	 36
Tutor167 	 167 	 0 	 120 	 0 	 120 	 0 	 3 	 0 	 3 	 0 	 0 	 0 	 0 	 0 	 0 	 1 	 0 	 0 	 1 	 1 	 1 	 1 	 1 	 1 	 0 	  	 8 	 56 	 50 	 75 	 92 	 45 	 23 	 12 	 96
Tutor168 	 168 	 0 	 120 	 0 	 120 	 0 	 3 	 0 	 3 	 0 	 0 	 0 	 0 	 0 	 0 	 0 	 0 	 0 	 1 	 1 	 1 	 1 	 1 	 1 	 0 	  	 2 	 49 	 3
Tutor169 	 169 	 0 	 120 	 0 	 120 	 0 	 3 	 0 	 3 	 0 	 0 	 1 	 0 	 0 	 0 	 0 	 0 	 1 	 1 	 1 	 1 	 1 	 1 	 1 	 1 	 96 	  	 2 	 95 	 46
Tutor170 	 170 	 0 	 120 	 0 	 120 	 0 	 3 	 0 	 3 	 0 	 0 	 1 	 0 	 0 	 0 	 1 	 0 	 1 	 1 	 1 	 1 	 1 	 1 	 1 	 0 	  	 4 	 92 	 28 	 54 	 10
Tutor171 	 171 	 0 	 120 	 0 	 120 	 0 	 3 	 0 	 3 	 1 	 0 	 1 	 0 	 0 	 0 	 0 	 0 	 0 	 1 	 1 	 1 	 1 	 1 	 1 	 1 	 51 	  	 6 	 4 	 46 	 77 	 30 	 91 	 18
Tutor172 	 172 	 0 	 120 	 0 	 120 	 0 	 3 	 0 	 3 	 0 	 0 	 0 	 0 	 0 	 0 	 0 	 0 	 0 	 1 	 1 	 1 	 1 	 1 	 1 	 1 	 77 	  	 3 	 75 	 49 	 84
Tutor173 	 173 	 0 	 120 	 0 	 120 	 0 	 3 	 0 	 3 	 0 	 0 	 1 	 1 	 0 	 0 	 0 	 0 	 0 	 1 	 1 	 1 	 1 	 1 	 1 	 0 	  	 1 	 23
Tutor174 	 174 	 0 	 120 	 0 	 120 	 0 	 3 	 0 	 3 	 0 	 0 	 0 	 0 	 0 	 1 	 0 	 0 	 0 	 1 	 1 	 1 	 1 	 1 	 1 	 0 	  	 4 	 79 	 63 	 82 	 55
Tutor175 	 175 	 0 	 120 	 0 	 120 	 0 	 3 	 0 	 3 	 0 	 0 	 0 	 0 	 0 	 0 	 0 	 0 	 0 	 1 	 1 	 1 	 1 	 1 	 1 	 1 	 10 	  	 0
Tutor176 	 176 	 0 	 120 	 0 	 120 	 0 	 3 	 0 	 3 	 0 	 0 	 0 	 0 	 0 	 0 	 0 	 0 	 0 	 1 	 1 	 1 	 1 	 1 	 1 	 0 	  	 2 	 24 	 69
Tutor177 	 177 	 0 	 120 	 0 	 120 	 0 	 3 	 0 	 3 	 1 	 0 	 0 	 0 	 0 	 0 	 0 	 0 	 1 	 1 	 1 	 1 	 1 	 1 	 1 	 0 	  	 4 	 95 	 70 	 80 	 33
Tutor178 	 178 	 0 	 120 	 0 	 120 	 0 	 3 	 0 	 3 	 0 	 1 	 0 	 0 	 0 	 0 	 0 	 0 	 0 	 1 	 1 	 1 	 1 	 1 	 1 	 1 	 60 	  	 7 	 83 	 34 	 27 	 7 	 36 	 47 	 20
Tutor179 	 179 	 0 	 120 	 0 	 120 	 0 	 3 	 0 	 3 	 0 	 0 	 0 	 0 	 0 	 1 	 0 	 0 	 0 	 1 	 1 	 1 	 1 	 1 	 1 	 0 	  	 8 	 18 	 93 	 84 	 92 	 26 	 85 	 57 	 98
Tutor180 	 180 	 0 	 120 	 0 	 120 	 0 	 3 	 0 	 3 	 0 	 0 	 1 	 1 	 0 	 0 	 0 	 0 	 0 	 1 	 1 	 1 	 1 	 1 	 1 	 0 	  	 4 	 68 	 73 	 56 	 65
Tutor181 	 181 	 0 	 120 	 0 	 120 	 0 	 3 	 0 	 3 	 1 	 0 	 1 	 0 	 0 	 0 	 0 	 0 	 0 	 1 	 1 	 1 	 1 	 1 	 1 	 1 	 40 	  	 2 	 54 	 27
Tutor182 	 182 	 0 	 120 	 0 	 120 	 0 	 3 	 0 	 3 	 0 	 1 	 0 	 0 	 0 	 0 	 1 	 0 	 0 	 1 	 1 	 1 	 1 	 1 	 1 	 1 	 21 	  	 8 	 16 	 42 	 35 	 95 	 86 	 8 	 49 	 32
Tutor183 	 183 	 0 	 120 	 0 	 120 	 0 	 3 	 0 	 3 	 0 	 0 	 0 	 0 	 0 	 0 	 0 	 1 	 0 	 1 	 1 	 1 	 1 	 1 	 1 	 0 	  	 0
Tutor184 	 184 	 0 	 120 	 0 	 120 	 0 	 3 	 0 	 3 	 0 	 1 	 0 	 0 	 1 	 0 	 1 	 1 	 1 	 1 	 1 	 1 	 1 	 1 	 1 	 1 	 61 	  	 5 	 20 	 85 	 27 	 78 	 44
Tutor185 	 185 	 0 	 120 	 0 	 120 	 0 	 3 	 0 	 3 	 0 	 1 	 0 	 0 	 1 	 0 	 1 	 0 	 1 	 1 	 1 	 1 	 1 	 1 	 1 	 1 	 20 	  	 5 	 70 	 44 	 39 	 75 	 7
Tutor186 	 186 	 0 	 120 	 0 	 120 	 0 	 3 	 0 	 3 	 1 	 0 	 0 	 0 	 0 	 0 	 1 	 0 	 1 	 1 	 1 	 1 	 1 	 1 	 1 	 0 	  	 8 	 25 	 93 	 64 	 19 	 49 	 22 	 8 	 69
Tutor187 	 187 	 0 	 120 	 0 	 120 	 0 	 3 	 0 	 3 	 1 	 1 	 1 	 0 	 0 	 0 	 0 	 0 	 1 	 1 	 1 	 1 	 1 	 1 	 1 	 0 	  	 2 	 55 	 92
Tutor188 	 188 	 0 	 120 	 0 	 120 	 0 	 3 	 0 	 3 	 0 	 0 	 0 	 0 	 0 	 0 	 0 	 0 	 0 	 1 	 1 	 1 	 1 	 1 	 1 	 0 	  	 0
Tutor189 	 189 	 0 	 120 	 0 	 120 	 0 	 3 	 0 	 3 	 1 	 0 	 0 	 1 	 0 	 0 	 0 	 0 	 1 	 1 	 1 	 1 	 1 	 1 	 1 	 1 	 81 	  	 8 	 62 	 71 	 38 	 90 	 61 	 43 	 44 	 0
Tutor190 	 190 	 0 	 120 	 0 	 120 	 0 	 3 	 0 	 3 	 0 	 0 	 0 	 1 	 0 	 0 	 0 	 0 	 0 	 1 	 1 	 1 	 1 	 1 	 1 	 0 	  	 5 	 17 	 64 	 75 	 91 	 44
Tutor191 	 191 	 0 	 120 	 0 	 120 	 0 	 3 	 0 	 3 	 0 	 0 	 0 	 0 	 0 	 0 	 1 	 1 	 0 	 1 	 1 	 1 	 1 	 1 	 1 	 0 	  	 4 	 12 	 5 	 99 	 66
Tutor192 	 192 	 0 	 120 	 0 	 120 	 0 	 3 	 0 	 3 	 0 	 0 	 0 	 0 	 0 	 0 	 1 	 0 	 0 	 1 	 1 	 1 	 1 	 1 	 1 	 1 	 93 	  	 1 	 77
Tutor193 	 193 	 0 	 120 	 0 	 120 	 0 	 3 	 0 	 3 	 0 	 1 	 0 	 0 	 1 	 0 	 0 	 1 	 0 	 1 	 1 	 1 	 1 	 1 	 1 	 0 	  	 6 	 55 	 20 	 83 	 73 	 38 	 42
Tutor194 	 194 	 0 	 120 	 0 	 120 	 0 	 3 	 0 	 3 	 0 	 0 	 0 	 0 	 0 	 0 	 0 	 0 	 0 	 1 	 1 	 1 	 1 	 1 	 1 	 1 	 112 	  	 5 	 39 	 46 	 6 	 78 	 23
Tutor195 	 195 	 0 	 120 	 0 	 120 	 0 	 3 	 0 	 3 	 0 	 0 	 0 	 1 	 0 	 1 	 1 	 0 	 0 	 1 	 1 	 1 	 1 	 1 	 1 	 1 	 44 	  	 2 	 35 	 15
Tutor196 	 196 	 0 	 120 	 0 	 120 	 0 	 3 	 0 	 3 	 0 	 0 	 0 	 0 	 0 	 1 	 1 	 0 	 0 	 1 	 1 	 1 	 1 	 1 	 1 	 1 	 36 	  	 2 	 4 	 24
Tutor197 	 197 	 0 	 120 	 0 	 120 	 0 	 3 	 0 	 3 	 0 	 0 	 1 	 1 	 0 	 1 	 0 	 1 	 1 	 1 	 1 	 0 	 0 	 0 	 0 	 0 	  	 5 	 51 	 60 	 96 	 99 	 3
Tutor198 	 198 	 0 	 120 	 0 	 120 	 0 	 3 	 0 	 3 	 1 	 0 	 1 	 0 	 1 	 0 	 0 	 1 	 1 	 1 	 1 	 1 	 1 	 1 	 1 	 0 	  	 8 	 72 	 45 	 4 	 62 	 60 	 13 	 89 	 48
Tutor199 	 199 	 0 	 120 	 0 	 120 	 0 	 3 	 0 	 3 	 1 	 1 	 0 	 1 	 1 	 0 	 0 	 0 	 0 	 1 	 1 	 1 	 1 	 1 	 1 	 1 	 70 	  	 0
Tutor200 	 200 	 0 	 120 	 0 	 120 	 0 	 3 	 0 	 3 	 1 	 1 	 1 	 1 	 0 	 0 	 0 	 0 	 1 	 1 	 1 	 1 	 1 	 1 	 1 	 1 	 35 	  	 1 	 87
Tutor201 	 201 	 0 	 120 	 0 	 120 	 0 	 3 	 0 	 3 	 0 	 0 	 0 	 0 	 1 	 0 	 0 	 0 	 1 	 1 	 1 	 1 	 1 	 1 	 1 	 0 	  	 2 	 69 	 55
Tutor202 	 202 	 0 	 120 	 0 	 120 	 0 	 3 	 0 	 3 	 0 	 0 	 0 	 0 	 0 	 0 	 1 	 0 	 0 	 1 	 1 	 1 	 1 	 1 	 1 	 1 	 15 	  	 8 	 64 	 33 	 7 	 78 	 4 	 38 	 42 	 84
Tutor203 	 203 	 0 	 120 	 0 	 120 	 0 	 3 	 0 	 3 	 1 	 0 	 0 	 0 	 0 	 0 	 0 	 0 	 0 	 1 	 1 	 1 	 1 	 1 	 1 	 0 	  	 7 	 56 	 8 	 37 	 70 	 48 	 41 	 82
Tutor204 	 204 	 0 	 120 	 0 	 120 	 0 	 3 	 0 	 3 	 0 	 0 	 1 	 0 	 0 	 0 	 0 	 1 	 0 	 1 	 1 	 1 	 1 	 1 	 1 	 0 	  	 8 	 59 	 76 	 61 	 24 	 45 	 31 	 0 	 13
Tutor205 	 205 	 0 	 120 	 0 	 120 	 0 	 3 	 0 	 3 	 1 	 0 	 1 	 0 	 0 	 0 	 1 	 1 	 0 	 1 	 1 	 0 	 0 	 0 	 0 	 1 	 71 	  	 5 	 94 	 2 	 81 	 7 	 38
Tutor206 	 206 	 0 	 120 	 0 	 120 	 0 	 3 	 0 	 3 	 0 	 0 	 0 	 0 	 1 	 1 	 0 	 0 	 0 	 1 	 1 	 1 	 1 	 1 	 1 	 1 	 5 	  	 8 	 34 	 87 	 7 	 68 	 72 	 78 	 53 	 43
Tutor207 	 207 	 0 	 120 	 0 	 120 	 0 	 3 	 0 	 3 	 0 	 0 	 0 	 1 	 0 	 1 	 0 	 1 	 0 	 1 	 1 	 1 	 1 	 1 	 1 	 0 	  	 6 	 36 	 53 	 71 	 46 	 40 	 42
Tutor208 	 208 	 0 	 120 	 0 	 120 	 0 	 3 	 0 	 3 	 0 	 0 	 0 	 0 	 0 	 0 	 0 	 1 	 0 	 1 	 1 	 1 	 1 	 1 	 1 	 0 	  	 7 	 38 	 49 	 45 	 61 	 86 	 47 	 53
Tutor209 	 209 	 0 	 120 	 0 	 120 	 0 	 3 	 0 	 3 	 1 	 0 	 0 	 1 	 0 	 0 	 0 	 0 	 0 	 1 	 1 	 1 	 1 	 1 	 1 	 0 	  	 2 	 74 	 26
Tutor210 	 210 	 0 	 120 	 0 	 120 	 0 	 3 	 0 	 3 	 0 	 1 	 0 	 1 	 0 	 0 	 0 	 0 	 0 	 1 	 1 	 1 	 1 	 1 	 1 	 1 	 92 	  	 1 	 97
Tutor211 	 211 	 0 	 120 	 0 	 120 	 0 	 3 	 0 	 3 	 0 	 1 	 0 	 0 	 0 	 1 	 0 	 0 	 0 	 1 	 1 	 1 	 1 	 1 	 1 	 1 	 99 	  	 3 	 99 	 83 	 41
Tutor212 	 212 	 0 	 120 	 0 	 120 	 0 	 3 	 0 	 3 	 0 	 0 	 0 	 1 	 0 	 1 	 0 	 0 	 0 	 1 	 1 	 0 	 0 	 0 	 0 	 0 	  	 4 	 44 	 6 	 68 	 23
Tutor213 	 213 	 0 	 120 	 0 	 120 	 0 	 3 	 0 	 3 	 0 	 0 	 0 	 0 	 0 	 0 	 1 	 0 	 0 	 1 	 1 	 1 	 1 	 1 	 1 	 1 	 12 	  	 3 	 19 	 92 	 66
Tutor214 	 214 	 0 	 120 	 0 	 120 	 0 	 3 	 0 	 3 	 0 	 1 	 0 	 0 	 0 	 0 	 0 	 0 	 0 	 1 	 1 	 1 	 1 	 1 	 1 	 1 	 23 	  	 3 	 41 	 25 	 50
Tutor215 	 215 	 0 	 120 	 0 	 120 	 0 	 3 	 0 	 3 	 0 	 0 	 0 	 0 	 0 	 0 	 0 	 0 	 0 	 1 	 1 	 1 	 1 	 1 	 1 	 0 	  	 0
Tutor216 	 216 	 0 	 120 	 0 	 120 	 0 	 3 	 0 	 3 	 0 	 0 	 1 	 1 	 0 	 0 	 0 	 0 	 1 	 1 	 1 	 1 	 1 	 1 	 1 	 1 	 101 	  	 6 	 64 	 27 	 48 	 83 	 66 	 94
Tutor217 	 217 	 0 	 120 	 0 	 120 	 0 	 3 	 0 	 3 	 1 	 1 	 0 	 0 	 0 	 0 	 0 	 0 	 0 	 1 	 1 	 1 	 1 	 1 	 1 	 0 	  	 1 	 16
Tutor218 	 218 	 0 	 120 	 0 	 120 	 0 	 3 	 0 	 3 	 0 	 0 	 0 	 0 	 0 	 0 	 0 	 0 	 0 	 1 	 1 	 1 	 1 	 1 	 1 	 0 	  	 1 	 8
Tutor219 	 219 	 0 	 120 	 0 	 120 	 0 	 3 	 0 	 3 	 0 	 0 	 0 	 0 	 0 	 0 	 0 	 0 	 1 	 1 	 1 	 1 	 1 	 1 	 1 	 1 	 67 	  	 1 	 60
Tutor220 	 220 	 0 	 120 	 0 	 120 	 0 	 3 	 0 	 3 	 0 	 0 	 0 	 0 	 0 	 0 	 0 	 1 	 1 	 1 	 1 	 1 	 1 	 1 	 1 	 0 	  	 3 	 41 	 90 	 60
Tutor221 	 221 	 0 	 120 	 0 	 120 	 0 	 3 	 0 	 3 	 1 	 0 	 0 	 0 	 0 	 0 	 0 	 0 	 0 	 1 	 1 	 1 	 1 	 1 	 1 	 1 	 4 	  	 8 	 6 	 60 	 67 	 35 	 34 	 84 	 80 	 91
Tutor222 	 222 	 0 	 120 	 0 	 120 	 0 	 3 	 0 	 3 	 1 	 0 	 0 	 0 	 0 	 0 	 0 	 0 	 0 	 1 	 1 	 1 	 1 	 1 	 1 	 0 	  	 1 	 57
Tutor223 	 223 	 0 	 120 	 0 	 120 	 0 	 3 	 0 	 3 	 0 	 1 	 1 	 1 	 0 	 0 	 0 	 1 	 0 	 1 	 1 	 1 	 1 	 1 	 1 	 0 	  	 3 	 61 	 0 	 97
Tutor224 	 224 	 0 	 120 	 0 	 120 	 0 	 3 	 0 	 3 	 0 	 0 	 0 	 0 	 0 	 1 	 0 	 1 	 0 	 1 	 1 	 1 	 1 	 1 	 1 	 1 	 58 	  	 1 	 86
Tutor225 	 225 	 0 	 120 	 0 	 120 	 0 	 3 	 0 	 3 	 1 	 0 	 0 	 0 	 1 	 0 	 0 	 0 	 0 	 1 	 1 	 1 	 1 	 1 	 1 	 0 	  	 0
Tutor226 	 226 	 0 	 120 	 0 	 120 	 0 	 3 	 0 	 3 	 1 	 0 	 0 	 0 	 1 	 1 	 0 	 0 	 0 	 1 	 1 	 1 	 1 	 1 	 1 	 0 	  	 3 	 12 	 15 	 47
Tutor227 	 227 	 0 	 120 	 0 	 120 	 0 	 3 	 0 	 3 	 0 	 0 	 0 	 1 	 0 	 0 	 0 	 0 	 0 	 1 	 1 	 1 	 1 	 1 	 1 	 0 	  	 0
Tutor228 	 228 	 0 	 120 	 0 	 120 	 0 	 3 	 0 	 3 	 0 	 1 	 0 	 0 	 0 	 0 	 0 	 0 	 0 	 1 	 1 	 1 	 1 	 1 	 1 	 0 	  	 4 	 57 	 18 	 54 	 97
Tutor229 	 229 	 0 	 120 	 0 	 120 	 0 	 3 	 0 	 3 	 0 	 0 	 0 	 0 	 0 	 1 	 0 	 0 	 1 	 1 	 1 	 1 	 1 	 1 	 1 	 0 	  	 0
Tutor230 	 230 	 0 	 120 	 0 	 120 	 0 	 3 	 0 	 3 	 1 	 0 	 0 	 0 	 0 	 0 	 0 	 1 	 0 	 1 	 1 	 1 	 1 	 1 	 1 	 0 	  	 5 	 64 	 49 	 85 	 46 	 18
Tutor231 	 231 	 0 	 120 	 0 	 120 	 0 	 3 	 0 	 3 	 0 	 0 	 0 	 1 	 0 	 0 	 1 	 0 	 0 	 1 	 1 	 1 	 1 	 1 	 1 	 1 	 72 	  	 8 	 17 	 99 	 52 	 50 	 5 	 81 	 45 	 9
Tutor232 	 232 	 0 	 120 	 0 	 120 	 0 	 3 	 0 	 3 	 1 	 1 	 0 	 0 	 1 	 0 	 1 	 0 	 0 	 1 	 1 	 1 	 1 	 1 	 1 	 1 	 91 	  	 4 	 42 	 20 	 55 	 57
Tutor233 	 233 	 0 	 120 	 0 	 120 	 0 	 3 	 0 	 3 	 0 	 0 	 0 	 0 	 0 	 0 	 0 	 0 	 0 	 1 	 1 	 1 	 1 	 1 	 1 	 0 	  	 7 	 13 	 76 	 24 	 87 	 25 	 57 	 11
Tutor234 	 234 	 0 	 120 	 0 	 120 	 0 	 3 	 0 	 3 	 1 	 0 	 0 	 0 	 0 	 0 	 0 	 0 	 0 	 1 	 1 	 1 	 1 	 1 	 1 	 1 	 22 	  	 1 	 55
Tutor235 	 235 	 0 	 120 	 0 	 120 	 0 	 3 	 0 	 3 	 1 	 0 	 0 	 0 	 0 	 0 	 0 	 0 	 0 	 1 	 1 	 1 	 1 	 1 	 1 	 0 	  	 4 	 35 	 93 	 53 	 67
Tutor236 	 236 	 0 	 120 	 0 	 120 	 0 	 3 	 0 	 3 	 0 	 0 	 1 	 0 	 0 	 0 	 0 	 1 	 0 	 1 	 1 	 1 	 1 	 1 	 1 	 0 	  	 4 	 76 	 15 	 80 	 9
Tutor237 	 237 	 0 	 120 	 0 	 120 	 0 	 3 	 0 	 3 	 0 	 0 	 0 	 0 	 0 	 1 	 0 	 0 	 0 	 1 	 1 	 1 	 1 	 1 	 1 	 1 	 107 	  	 0
Tutor238 	 238 	 0 	 120 	 0 	 120 	 0 	 3 	 0 	 3 	 0 	 1 	 0 	 0 	 0 	 0 	 0 	 1 	 0 	 1 	 1 	 1 	 1 	 1 	 1 	 1 	 106 	  	 5 	 63 	 70 	 52 	 85 	 3
Tutor239 	 239 	 0 	 120 	 0 	 120 	 0 	 3 	 0 	 3 	 0 	 1 	 0 	 0 	 0 	 0 	 0 	 0 	 0 	 1 	 1 	 1 	 1 	 1 	 1 	 1 	 52 	  	 4 	 68 	 50 	 85 	 53
Tutor240 	 240 	 0 	 120 	 0 	 120 	 0 	 3 	 0 	 3 	 0 	 1 	 0 	 0 	 0 	 0 	 0 	 0 	 1 	 1 	 1 	 1 	 1 	 1 	 1 	 0 	  	 3 	 93 	 40 	 73
Tutor241 	 241 	 0 	 120 	 0 	 120 	 0 	 3 	 0 	 3 	 0 	 0 	 1 	 0 	 0 	 1 	 1 	 0 	 0 	 1 	 1 	 1 	 1 	 1 	 1 	 0 	  	 3 	 46 	 55 	 52
Tutor242 	 242 	 0 	 120 	 0 	 120 	 0 	 3 	 0 	 3 	 0 	 1 	 1 	 0 	 0 	 0 	 0 	 1 	 0 	 1 	 1 	 0 	 0 	 0 	 0 	 0 	  	 1 	 18
Tutor243 	 243 	 0 	 120 	 0 	 120 	 0 	 3 	 0 	 3 	 0 	 0 	 0 	 0 	 0 	 0 	 0 	 0 	 0 	 1 	 1 	 1 	 1 	 1 	 1 	 1 	 89 	  	 4 	 78 	 15 	 39 	 48
Tutor244 	 244 	 0 	 120 	 0 	 120 	 0 	 3 	 0 	 3 	 1 	 0 	 1 	 0 	 0 	 1 	 0 	 1 	 0 	 1 	 1 	 1 	 1 	 1 	 1 	 1 	 33 	  	 6 	 50 	 80 	 84 	 32 	 38 	 10
Tutor245 	 245 	 0 	 120 	 0 	 120 	 0 	 3 	 0 	 3 	 0 	 0 	 0 	 1 	 0 	 0 	 0 	 0 	 0 	 1 	 1 	 1 	 1 	 1 	 1 	 1 	 64 	  	 0
Tutor246 	 246 	 0 	 120 	 0 	 120 	 0 	 3 	 0 	 3 	 1 	 0 	 0 	 0 	 0 	 0 	 0 	 0 	 0 	 1 	 1 	 1 	 1 	 1 	 1 	 0 	  	 3 	 81 	 41 	 90
Tutor247 	 247 	 0 	 120 	 0 	 120 	 0 	 3 	 0 	 3 	 0 	 0 	 0 	 0 	 0 	 1 	 0 	 0 	 0 	 1 	 1 	 1 	 1 	 1 	 1 	 0 	  	 3 	 97 	 76 	 75
Tutor248 	 248 	 0 	 120 	 0 	 120 	 0 	 3 	 0 	 3 	 0 	 1 	 0 	 0 	 0 	 0 	 0 	 0 	 1 	 1 	 1 	 1 	 1 	 1 	 1 	 1 	 13 	  	 3 	 77 	 21 	 35
Tutor249 	 249 	 0 	 120 	 0 	 120 	 0 	 3 	 0 	 3 	 0 	 0 	 0 	 0 	 0 	 0 	 1 	 0 	 0 	 1 	 1 	 1 	 1 	 1 	 1 	 1 	 78 	  	 7 	 12 	 85 	 69 	 78 	 43 	 18 	 76
