100
9
6
Course0 	 0 	 2 	 0 	 0 	 0 	 0 	 1 	 1 	 0 	 1 	 0 	 0 	 0 	 0 	 0 	 0 	 1
Course1 	 1 	 2 	 0 	 1 	 1 	 0 	 0 	 0 	 0 	 1 	 0 	 0 	 0 	 1 	 0 	 0 	 0
Course2 	 2 	 2 	 1 	 1 	 0 	 0 	 1 	 0 	 0 	 0 	 1 	 0 	 0 	 1 	 0 	 0 	 0
Course3 	 3 	 2 	 0 	 0 	 0 	 0 	 1 	 0 	 1 	 0 	 0 	 0 	 0 	 1 	 0 	 0 	 0
Course4 	 4 	 2 	 1 	 1 	 0 	 0 	 0 	 0 	 0 	 1 	 0 	 0 	 0 	 0 	 1 	 0 	 0
Course5 	 5 	 2 	 0 	 1 	 1 	 1 	 0 	 1 	 1 	 0 	 0 	 0 	 0 	 0 	 1 	 0 	 0
Course6 	 6 	 2 	 0 	 0 	 0 	 0 	 0 	 1 	 0 	 0 	 0 	 0 	 0 	 0 	 1 	 0 	 0
Course7 	 7 	 2 	 1 	 1 	 1 	 0 	 1 	 0 	 1 	 1 	 0 	 0 	 0 	 0 	 1 	 0 	 0
Course8 	 8 	 2 	 0 	 0 	 1 	 0 	 0 	 0 	 1 	 0 	 0 	 0 	 0 	 1 	 0 	 0 	 0
Course9 	 9 	 2 	 1 	 1 	 0 	 0 	 0 	 1 	 1 	 0 	 1 	 0 	 0 	 0 	 0 	 1 	 0
Course10 	 10 	 2 	 0 	 1 	 0 	 0 	 1 	 1 	 1 	 1 	 0 	 0 	 1 	 0 	 0 	 0 	 0
Course11 	 11 	 2 	 0 	 0 	 1 	 0 	 1 	 1 	 1 	 1 	 1 	 0 	 1 	 0 	 0 	 0 	 0
Course12 	 12 	 2 	 0 	 0 	 1 	 1 	 0 	 0 	 0 	 0 	 0 	 0 	 1 	 0 	 0 	 0 	 0
Course13 	 13 	 2 	 1 	 0 	 1 	 0 	 0 	 0 	 1 	 0 	 0 	 0 	 0 	 0 	 0 	 0 	 1
Course14 	 14 	 2 	 1 	 1 	 0 	 0 	 0 	 0 	 0 	 1 	 0 	 0 	 0 	 1 	 0 	 0 	 0
Course15 	 15 	 2 	 0 	 1 	 0 	 0 	 0 	 0 	 1 	 0 	 1 	 0 	 0 	 0 	 0 	 0 	 1
Course16 	 16 	 2 	 1 	 0 	 0 	 1 	 0 	 1 	 0 	 0 	 0 	 0 	 0 	 0 	 1 	 0 	 0
Course17 	 17 	 2 	 1 	 0 	 0 	 0 	 0 	 0 	 0 	 0 	 0 	 0 	 0 	 0 	 1 	 0 	 0
Course18 	 18 	 2 	 0 	 1 	 1 	 1 	 0 	 1 	 0 	 1 	 1 	 0 	 0 	 1 	 0 	 0 	 0
Course19 	 19 	 2 	 0 	 1 	 1 	 0 	 1 	 0 	 0 	 0 	 0 	 0 	 0 	 1 	 0 	 0 	 0
Course20 	 20 	 2 	 1 	 1 	 0 	 1 	 1 	 1 	 0 	 1 	 0 	 0 	 0 	 0 	 0 	 1 	 0
Course21 	 21 	 2 	 0 	 1 	 0 	 0 	 1 	 1 	 0 	 0 	 1 	 0 	 0 	 1 	 0 	 0 	 0
Course22 	 22 	 2 	 0 	 1 	 1 	 0 	 1 	 0 	 1 	 0 	 1 	 0 	 1 	 0 	 0 	 0 	 0
Course23 	 23 	 2 	 0 	 0 	 0 	 0 	 0 	 0 	 1 	 0 	 1 	 0 	 0 	 0 	 1 	 0 	 0
Course24 	 24 	 2 	 1 	 0 	 0 	 1 	 1 	 0 	 0 	 0 	 1 	 0 	 0 	 0 	 1 	 0 	 0
Course25 	 25 	 2 	 0 	 0 	 1 	 0 	 0 	 1 	 1 	 0 	 0 	 0 	 0 	 0 	 0 	 0 	 1
Course26 	 26 	 2 	 0 	 0 	 0 	 0 	 0 	 1 	 0 	 1 	 1 	 0 	 0 	 1 	 0 	 0 	 0
Course27 	 27 	 2 	 0 	 0 	 0 	 0 	 1 	 0 	 1 	 1 	 1 	 0 	 0 	 0 	 1 	 0 	 0
Course28 	 28 	 2 	 1 	 1 	 1 	 1 	 0 	 0 	 1 	 0 	 1 	 0 	 0 	 0 	 0 	 1 	 0
Course29 	 29 	 2 	 0 	 0 	 0 	 1 	 0 	 0 	 0 	 0 	 0 	 0 	 0 	 0 	 0 	 0 	 1
Course30 	 30 	 2 	 0 	 0 	 1 	 0 	 0 	 1 	 0 	 0 	 0 	 0 	 0 	 0 	 0 	 0 	 1
Course31 	 31 	 2 	 0 	 1 	 1 	 0 	 1 	 1 	 0 	 0 	 0 	 0 	 1 	 0 	 0 	 0 	 0
Course32 	 32 	 2 	 1 	 0 	 0 	 1 	 0 	 0 	 0 	 0 	 0 	 0 	 0 	 1 	 0 	 0 	 0
Course33 	 33 	 2 	 0 	 0 	 1 	 1 	 1 	 0 	 1 	 0 	 0 	 0 	 0 	 0 	 1 	 0 	 0
Course34 	 34 	 2 	 1 	 1 	 0 	 1 	 1 	 1 	 0 	 1 	 0 	 0 	 0 	 0 	 0 	 0 	 1
Course35 	 35 	 1 	 1 	 1 	 1 	 0 	 1 	 0 	 1 	 0 	 0 	 0 	 0 	 0 	 1 	 0 	 0
Course36 	 36 	 2 	 0 	 0 	 0 	 1 	 1 	 0 	 1 	 0 	 0 	 0 	 0 	 0 	 0 	 1 	 0
Course37 	 37 	 2 	 1 	 1 	 0 	 1 	 0 	 0 	 0 	 0 	 1 	 0 	 0 	 0 	 1 	 0 	 0
Course38 	 38 	 2 	 1 	 1 	 1 	 0 	 1 	 1 	 0 	 0 	 0 	 0 	 1 	 0 	 0 	 0 	 0
Course39 	 39 	 2 	 1 	 0 	 0 	 0 	 1 	 0 	 0 	 1 	 1 	 0 	 0 	 0 	 0 	 0 	 1
Course40 	 40 	 2 	 1 	 0 	 0 	 0 	 0 	 1 	 0 	 1 	 1 	 0 	 0 	 0 	 1 	 0 	 0
Course41 	 41 	 2 	 0 	 1 	 0 	 0 	 1 	 0 	 0 	 0 	 0 	 0 	 0 	 0 	 0 	 1 	 0
Course42 	 42 	 2 	 0 	 0 	 0 	 1 	 0 	 0 	 0 	 0 	 1 	 0 	 0 	 0 	 1 	 0 	 0
Course43 	 43 	 1 	 0 	 0 	 0 	 0 	 1 	 0 	 1 	 1 	 0 	 0 	 0 	 1 	 0 	 0 	 0
Course44 	 44 	 2 	 0 	 0 	 1 	 1 	 0 	 1 	 1 	 0 	 1 	 0 	 0 	 0 	 1 	 0 	 0
Course45 	 45 	 2 	 1 	 0 	 1 	 1 	 0 	 1 	 1 	 1 	 1 	 0 	 0 	 0 	 0 	 1 	 0
Course46 	 46 	 2 	 0 	 0 	 1 	 0 	 0 	 1 	 0 	 0 	 0 	 0 	 0 	 1 	 0 	 0 	 0
Course47 	 47 	 2 	 1 	 0 	 0 	 1 	 0 	 1 	 0 	 0 	 0 	 0 	 0 	 1 	 0 	 0 	 0
Course48 	 48 	 2 	 1 	 1 	 0 	 0 	 0 	 0 	 0 	 0 	 0 	 0 	 0 	 0 	 1 	 0 	 0
Course49 	 49 	 2 	 0 	 1 	 1 	 0 	 1 	 0 	 1 	 1 	 0 	 0 	 0 	 1 	 0 	 0 	 0
Course50 	 50 	 2 	 0 	 1 	 0 	 1 	 0 	 0 	 0 	 0 	 1 	 0 	 0 	 0 	 1 	 0 	 0
Course51 	 51 	 2 	 0 	 0 	 0 	 1 	 0 	 0 	 0 	 1 	 0 	 0 	 0 	 0 	 1 	 0 	 0
Course52 	 52 	 2 	 0 	 1 	 0 	 1 	 0 	 0 	 0 	 1 	 0 	 0 	 0 	 0 	 0 	 0 	 1
Course53 	 53 	 2 	 0 	 0 	 1 	 1 	 1 	 1 	 0 	 0 	 0 	 0 	 0 	 0 	 0 	 0 	 1
Course54 	 54 	 2 	 0 	 1 	 1 	 0 	 1 	 1 	 0 	 1 	 1 	 0 	 0 	 0 	 1 	 0 	 0
Course55 	 55 	 2 	 0 	 1 	 0 	 1 	 1 	 1 	 1 	 1 	 0 	 0 	 0 	 0 	 0 	 0 	 1
Course56 	 56 	 2 	 1 	 0 	 1 	 1 	 1 	 0 	 0 	 1 	 1 	 0 	 0 	 0 	 0 	 0 	 1
Course57 	 57 	 2 	 1 	 1 	 1 	 1 	 0 	 0 	 0 	 0 	 0 	 0 	 0 	 0 	 0 	 1 	 0
Course58 	 58 	 2 	 0 	 0 	 1 	 0 	 1 	 1 	 1 	 1 	 1 	 0 	 0 	 0 	 1 	 0 	 0
Course59 	 59 	 2 	 0 	 1 	 0 	 0 	 0 	 0 	 0 	 1 	 0 	 0 	 0 	 1 	 0 	 0 	 0
Course60 	 60 	 2 	 0 	 0 	 1 	 1 	 0 	 1 	 1 	 1 	 1 	 0 	 0 	 1 	 0 	 0 	 0
Course61 	 61 	 2 	 0 	 1 	 1 	 0 	 0 	 0 	 1 	 0 	 0 	 0 	 0 	 0 	 1 	 0 	 0
Course62 	 62 	 2 	 1 	 1 	 0 	 0 	 1 	 1 	 1 	 0 	 1 	 0 	 0 	 0 	 1 	 0 	 0
Course63 	 63 	 2 	 1 	 1 	 1 	 0 	 0 	 0 	 1 	 1 	 0 	 0 	 0 	 0 	 0 	 0 	 1
Course64 	 64 	 2 	 0 	 1 	 0 	 1 	 1 	 0 	 0 	 0 	 0 	 0 	 0 	 1 	 0 	 0 	 0
Course65 	 65 	 2 	 1 	 0 	 0 	 0 	 0 	 1 	 0 	 0 	 1 	 0 	 0 	 1 	 0 	 0 	 0
Course66 	 66 	 2 	 0 	 1 	 0 	 0 	 1 	 1 	 1 	 1 	 0 	 0 	 0 	 0 	 0 	 0 	 1
Course67 	 67 	 2 	 0 	 1 	 1 	 0 	 0 	 0 	 0 	 0 	 1 	 0 	 0 	 1 	 0 	 0 	 0
Course68 	 68 	 2 	 1 	 1 	 0 	 0 	 0 	 0 	 1 	 0 	 1 	 0 	 0 	 0 	 0 	 0 	 1
Course69 	 69 	 1 	 0 	 0 	 0 	 0 	 0 	 0 	 1 	 0 	 1 	 0 	 1 	 0 	 0 	 0 	 0
Course70 	 70 	 2 	 1 	 1 	 1 	 0 	 0 	 1 	 0 	 1 	 1 	 0 	 0 	 0 	 1 	 0 	 0
Course71 	 71 	 2 	 0 	 0 	 1 	 1 	 0 	 1 	 0 	 0 	 0 	 0 	 1 	 0 	 0 	 0 	 0
Course72 	 72 	 2 	 0 	 0 	 0 	 0 	 1 	 1 	 1 	 1 	 1 	 0 	 0 	 0 	 0 	 1 	 0
Course73 	 73 	 2 	 0 	 0 	 0 	 1 	 0 	 0 	 0 	 1 	 0 	 0 	 0 	 0 	 0 	 0 	 1
Course74 	 74 	 2 	 0 	 1 	 1 	 0 	 0 	 1 	 0 	 0 	 1 	 0 	 0 	 1 	 0 	 0 	 0
Course75 	 75 	 2 	 0 	 0 	 1 	 1 	 1 	 1 	 1 	 0 	 0 	 0 	 0 	 0 	 0 	 0 	 1
Course76 	 76 	 2 	 0 	 1 	 0 	 0 	 0 	 1 	 1 	 1 	 1 	 0 	 0 	 1 	 0 	 0 	 0
Course77 	 77 	 2 	 0 	 1 	 1 	 1 	 1 	 0 	 1 	 0 	 0 	 0 	 0 	 0 	 0 	 0 	 1
Course78 	 78 	 2 	 0 	 0 	 0 	 1 	 0 	 1 	 1 	 0 	 1 	 0 	 0 	 0 	 1 	 0 	 0
Course79 	 79 	 2 	 1 	 0 	 0 	 0 	 0 	 1 	 1 	 1 	 0 	 0 	 0 	 0 	 1 	 0 	 0
Course80 	 80 	 2 	 0 	 0 	 0 	 1 	 0 	 1 	 1 	 1 	 0 	 0 	 0 	 0 	 0 	 0 	 1
Course81 	 81 	 2 	 1 	 1 	 1 	 0 	 0 	 1 	 0 	 1 	 0 	 0 	 0 	 0 	 1 	 0 	 0
Course82 	 82 	 2 	 0 	 1 	 0 	 1 	 0 	 0 	 1 	 1 	 0 	 0 	 0 	 0 	 1 	 0 	 0
Course83 	 83 	 2 	 0 	 0 	 1 	 0 	 0 	 1 	 1 	 1 	 1 	 0 	 0 	 0 	 0 	 0 	 1
Course84 	 84 	 2 	 1 	 0 	 0 	 0 	 1 	 0 	 1 	 0 	 0 	 0 	 0 	 1 	 0 	 0 	 0
Course85 	 85 	 2 	 0 	 0 	 0 	 0 	 1 	 0 	 1 	 0 	 0 	 0 	 0 	 0 	 1 	 0 	 0
Course86 	 86 	 2 	 0 	 0 	 1 	 0 	 0 	 1 	 0 	 1 	 0 	 0 	 0 	 1 	 0 	 0 	 0
Course87 	 87 	 2 	 0 	 1 	 1 	 0 	 0 	 0 	 1 	 0 	 0 	 0 	 0 	 0 	 0 	 0 	 1
Course88 	 88 	 2 	 0 	 1 	 0 	 0 	 0 	 1 	 0 	 0 	 0 	 0 	 0 	 0 	 1 	 0 	 0
Course89 	 89 	 2 	 0 	 0 	 0 	 0 	 1 	 1 	 0 	 1 	 1 	 0 	 1 	 0 	 0 	 0 	 0
Course90 	 90 	 2 	 0 	 1 	 1 	 1 	 0 	 0 	 0 	 0 	 1 	 0 	 0 	 0 	 1 	 0 	 0
Course91 	 91 	 2 	 1 	 1 	 1 	 0 	 0 	 1 	 0 	 0 	 1 	 0 	 0 	 1 	 0 	 0 	 0
Course92 	 92 	 2 	 1 	 0 	 0 	 0 	 1 	 0 	 0 	 1 	 1 	 0 	 0 	 1 	 0 	 0 	 0
Course93 	 93 	 2 	 1 	 1 	 0 	 1 	 1 	 0 	 0 	 1 	 1 	 0 	 0 	 0 	 1 	 0 	 0
Course94 	 94 	 2 	 1 	 0 	 1 	 0 	 1 	 1 	 0 	 1 	 0 	 0 	 0 	 0 	 0 	 1 	 0
Course95 	 95 	 2 	 1 	 0 	 1 	 1 	 0 	 1 	 0 	 0 	 1 	 1 	 0 	 0 	 0 	 0 	 0
Course96 	 96 	 2 	 0 	 0 	 1 	 1 	 0 	 1 	 1 	 1 	 0 	 0 	 0 	 1 	 0 	 0 	 0
Course97 	 97 	 2 	 0 	 0 	 0 	 1 	 1 	 0 	 0 	 1 	 1 	 0 	 0 	 1 	 0 	 0 	 0
Course98 	 98 	 2 	 0 	 1 	 1 	 0 	 0 	 1 	 0 	 0 	 0 	 0 	 0 	 0 	 1 	 0 	 0
Course99 	 99 	 1 	 1 	 1 	 0 	 0 	 1 	 0 	 0 	 1 	 1 	 0 	 0 	 0 	 1 	 0 	 0
