250
9
6
0
Tutor0 	 0 	 0 	 120 	 0 	 120 	 0 	 3 	 0 	 3 	 0 	 0 	 0 	 0 	 0 	 0 	 0 	 0 	 0 	 1 	 1 	 1 	 1 	 1 	 1 	 0 	  	 6 	 94 	 57 	 89 	 82 	 55 	 15
Tutor1 	 1 	 0 	 120 	 0 	 120 	 0 	 3 	 0 	 3 	 0 	 0 	 0 	 0 	 0 	 0 	 0 	 0 	 0 	 1 	 1 	 1 	 1 	 1 	 1 	 1 	 23 	  	 8 	 14 	 54 	 52 	 42 	 3 	 60 	 30 	 98
Tutor2 	 2 	 0 	 120 	 0 	 120 	 0 	 3 	 0 	 3 	 0 	 0 	 1 	 0 	 0 	 0 	 1 	 0 	 0 	 1 	 1 	 1 	 1 	 1 	 1 	 1 	 124 	  	 4 	 63 	 3 	 51 	 7
Tutor3 	 3 	 0 	 120 	 0 	 120 	 0 	 3 	 0 	 3 	 1 	 0 	 0 	 0 	 0 	 0 	 0 	 0 	 0 	 1 	 1 	 1 	 1 	 1 	 1 	 0 	  	 8 	 39 	 49 	 91 	 43 	 88 	 55 	 51 	 46
Tutor4 	 4 	 0 	 120 	 0 	 120 	 0 	 3 	 0 	 3 	 0 	 0 	 0 	 0 	 0 	 1 	 0 	 1 	 0 	 1 	 1 	 1 	 1 	 1 	 1 	 1 	 91 	  	 4 	 44 	 20 	 40 	 42
Tutor5 	 5 	 0 	 120 	 0 	 120 	 0 	 3 	 0 	 3 	 1 	 0 	 1 	 0 	 0 	 0 	 1 	 0 	 0 	 1 	 1 	 1 	 1 	 1 	 1 	 0 	  	 4 	 75 	 90 	 45 	 54
Tutor6 	 6 	 0 	 120 	 0 	 120 	 0 	 3 	 0 	 3 	 1 	 0 	 0 	 1 	 0 	 0 	 0 	 1 	 0 	 1 	 1 	 1 	 1 	 1 	 1 	 0 	  	 4 	 68 	 95 	 29 	 96
Tutor7 	 7 	 0 	 120 	 0 	 120 	 0 	 3 	 0 	 3 	 1 	 0 	 0 	 0 	 0 	 0 	 0 	 1 	 0 	 1 	 1 	 1 	 1 	 1 	 1 	 0 	  	 2 	 8 	 71
Tutor8 	 8 	 0 	 120 	 0 	 120 	 0 	 3 	 0 	 3 	 0 	 0 	 0 	 0 	 0 	 0 	 0 	 0 	 0 	 1 	 1 	 1 	 1 	 1 	 1 	 1 	 20 	  	 0
Tutor9 	 9 	 0 	 120 	 0 	 120 	 0 	 3 	 0 	 3 	 1 	 0 	 0 	 0 	 0 	 1 	 1 	 0 	 1 	 1 	 1 	 1 	 1 	 1 	 1 	 1 	 82 	  	 6 	 69 	 36 	 86 	 70 	 93 	 52
Tutor10 	 10 	 0 	 120 	 0 	 120 	 0 	 3 	 0 	 3 	 0 	 0 	 0 	 0 	 0 	 0 	 0 	 0 	 0 	 1 	 1 	 1 	 1 	 1 	 1 	 1 	 37 	  	 3 	 24 	 76 	 38
Tutor11 	 11 	 0 	 120 	 0 	 120 	 0 	 3 	 0 	 3 	 0 	 0 	 0 	 0 	 0 	 0 	 0 	 0 	 0 	 1 	 1 	 1 	 1 	 1 	 1 	 0 	  	 1 	 17
Tutor12 	 12 	 0 	 120 	 0 	 120 	 0 	 3 	 0 	 3 	 0 	 1 	 0 	 0 	 0 	 0 	 0 	 1 	 1 	 1 	 1 	 1 	 1 	 1 	 1 	 1 	 27 	  	 6 	 39 	 0 	 74 	 27 	 22 	 91
Tutor13 	 13 	 0 	 120 	 0 	 120 	 0 	 3 	 0 	 3 	 0 	 0 	 0 	 1 	 0 	 0 	 1 	 0 	 0 	 1 	 1 	 1 	 1 	 1 	 1 	 0 	  	 8 	 55 	 16 	 37 	 92 	 15 	 20 	 48 	 28
Tutor14 	 14 	 0 	 120 	 0 	 120 	 0 	 3 	 0 	 3 	 0 	 0 	 1 	 1 	 0 	 0 	 1 	 0 	 0 	 1 	 1 	 1 	 1 	 1 	 1 	 0 	  	 7 	 56 	 49 	 15 	 78 	 86 	 47 	 55
Tutor15 	 15 	 0 	 120 	 0 	 120 	 0 	 3 	 0 	 3 	 0 	 0 	 0 	 0 	 0 	 0 	 1 	 0 	 0 	 1 	 1 	 1 	 1 	 1 	 1 	 1 	 44 	  	 5 	 8 	 91 	 78 	 68 	 92
Tutor16 	 16 	 0 	 120 	 0 	 120 	 0 	 3 	 0 	 3 	 1 	 0 	 0 	 0 	 0 	 0 	 0 	 0 	 0 	 1 	 1 	 1 	 1 	 1 	 1 	 0 	  	 1 	 58
Tutor17 	 17 	 0 	 120 	 0 	 120 	 0 	 3 	 0 	 3 	 1 	 0 	 0 	 0 	 0 	 1 	 0 	 0 	 0 	 1 	 1 	 1 	 1 	 1 	 1 	 0 	  	 7 	 30 	 21 	 33 	 79 	 93 	 46 	 51
Tutor18 	 18 	 0 	 120 	 0 	 120 	 0 	 3 	 0 	 3 	 0 	 0 	 0 	 1 	 0 	 0 	 0 	 1 	 0 	 1 	 1 	 1 	 1 	 1 	 1 	 1 	 30 	  	 2 	 22 	 89
Tutor19 	 19 	 0 	 120 	 0 	 120 	 0 	 3 	 0 	 3 	 1 	 0 	 1 	 0 	 0 	 0 	 0 	 0 	 0 	 1 	 1 	 1 	 1 	 1 	 1 	 0 	  	 0
Tutor20 	 20 	 0 	 120 	 0 	 120 	 0 	 3 	 0 	 3 	 1 	 0 	 0 	 0 	 0 	 0 	 0 	 1 	 1 	 1 	 1 	 1 	 1 	 1 	 1 	 0 	  	 4 	 42 	 66 	 12 	 15
Tutor21 	 21 	 0 	 120 	 0 	 120 	 0 	 3 	 0 	 3 	 0 	 1 	 1 	 0 	 0 	 0 	 0 	 0 	 0 	 1 	 1 	 1 	 1 	 1 	 1 	 1 	 8 	  	 8 	 26 	 32 	 35 	 56 	 22 	 1 	 25 	 85
Tutor22 	 22 	 0 	 120 	 0 	 120 	 0 	 3 	 0 	 3 	 0 	 0 	 0 	 0 	 0 	 0 	 0 	 0 	 0 	 1 	 1 	 1 	 1 	 1 	 1 	 1 	 38 	  	 0
Tutor23 	 23 	 0 	 120 	 0 	 120 	 0 	 3 	 0 	 3 	 0 	 0 	 0 	 0 	 0 	 0 	 0 	 1 	 0 	 1 	 1 	 1 	 1 	 1 	 1 	 1 	 66 	  	 1 	 32
Tutor24 	 24 	 0 	 120 	 0 	 120 	 0 	 3 	 0 	 3 	 0 	 0 	 0 	 0 	 1 	 0 	 0 	 0 	 0 	 1 	 1 	 1 	 1 	 1 	 1 	 0 	  	 7 	 0 	 31 	 73 	 67 	 65 	 87 	 38
Tutor25 	 25 	 0 	 120 	 0 	 120 	 0 	 3 	 0 	 3 	 0 	 0 	 0 	 0 	 1 	 1 	 0 	 0 	 0 	 1 	 1 	 1 	 1 	 1 	 1 	 0 	  	 2 	 67 	 1
Tutor26 	 26 	 0 	 120 	 0 	 120 	 0 	 3 	 0 	 3 	 0 	 0 	 0 	 0 	 0 	 0 	 0 	 0 	 0 	 1 	 1 	 1 	 1 	 1 	 1 	 0 	  	 3 	 74 	 96 	 61
Tutor27 	 27 	 0 	 120 	 0 	 120 	 0 	 3 	 0 	 3 	 0 	 0 	 0 	 0 	 0 	 0 	 1 	 0 	 0 	 1 	 1 	 1 	 1 	 1 	 1 	 1 	 69 	  	 2 	 16 	 77
Tutor28 	 28 	 0 	 120 	 0 	 120 	 0 	 3 	 0 	 3 	 1 	 1 	 0 	 0 	 1 	 0 	 0 	 0 	 1 	 1 	 1 	 1 	 1 	 1 	 1 	 1 	 71 	  	 5 	 62 	 1 	 24 	 15 	 17
Tutor29 	 29 	 0 	 120 	 0 	 120 	 0 	 3 	 0 	 3 	 0 	 1 	 1 	 0 	 0 	 0 	 0 	 0 	 0 	 1 	 1 	 1 	 1 	 1 	 1 	 1 	 35 	  	 4 	 14 	 12 	 59 	 52
Tutor30 	 30 	 0 	 120 	 0 	 120 	 0 	 3 	 0 	 3 	 0 	 0 	 0 	 0 	 0 	 1 	 1 	 0 	 0 	 1 	 1 	 1 	 1 	 1 	 1 	 0 	  	 8 	 74 	 40 	 5 	 98 	 15 	 33 	 44 	 17
Tutor31 	 31 	 0 	 120 	 0 	 120 	 0 	 3 	 0 	 3 	 0 	 1 	 0 	 0 	 0 	 0 	 1 	 0 	 0 	 1 	 1 	 1 	 1 	 1 	 1 	 1 	 99 	  	 8 	 38 	 21 	 79 	 65 	 90 	 81 	 64 	 61
Tutor32 	 32 	 0 	 120 	 0 	 120 	 0 	 3 	 0 	 3 	 1 	 1 	 0 	 1 	 0 	 0 	 0 	 0 	 0 	 1 	 1 	 1 	 1 	 1 	 1 	 1 	 87 	  	 5 	 66 	 47 	 68 	 20 	 95
Tutor33 	 33 	 0 	 120 	 0 	 120 	 0 	 3 	 0 	 3 	 0 	 0 	 0 	 0 	 0 	 0 	 1 	 0 	 0 	 1 	 1 	 1 	 1 	 1 	 1 	 1 	 108 	  	 3 	 24 	 31 	 89
Tutor34 	 34 	 0 	 120 	 0 	 120 	 0 	 3 	 0 	 3 	 1 	 0 	 0 	 0 	 0 	 0 	 0 	 0 	 1 	 1 	 1 	 1 	 1 	 1 	 1 	 0 	  	 7 	 54 	 40 	 8 	 10 	 9 	 21 	 36
Tutor35 	 35 	 0 	 120 	 0 	 120 	 0 	 3 	 0 	 3 	 0 	 0 	 0 	 0 	 0 	 0 	 0 	 0 	 0 	 1 	 1 	 1 	 1 	 1 	 1 	 1 	 52 	  	 5 	 3 	 0 	 26 	 23 	 13
Tutor36 	 36 	 0 	 120 	 0 	 120 	 0 	 3 	 0 	 3 	 1 	 0 	 0 	 1 	 0 	 1 	 0 	 0 	 0 	 1 	 1 	 1 	 1 	 1 	 1 	 0 	  	 1 	 12
Tutor37 	 37 	 0 	 120 	 0 	 120 	 0 	 3 	 0 	 3 	 0 	 0 	 0 	 1 	 0 	 0 	 0 	 0 	 0 	 1 	 1 	 1 	 1 	 1 	 1 	 1 	 10 	  	 0
Tutor38 	 38 	 0 	 120 	 0 	 120 	 0 	 3 	 0 	 3 	 1 	 0 	 1 	 0 	 1 	 1 	 1 	 0 	 0 	 1 	 1 	 1 	 1 	 1 	 1 	 1 	 39 	  	 3 	 72 	 66 	 85
Tutor39 	 39 	 0 	 120 	 0 	 120 	 0 	 3 	 0 	 3 	 0 	 0 	 1 	 0 	 0 	 0 	 1 	 0 	 0 	 1 	 1 	 1 	 1 	 1 	 1 	 0 	  	 6 	 74 	 3 	 88 	 50 	 96 	 75
Tutor40 	 40 	 0 	 120 	 0 	 120 	 0 	 3 	 0 	 3 	 0 	 0 	 0 	 1 	 0 	 0 	 0 	 0 	 1 	 1 	 1 	 1 	 1 	 1 	 1 	 1 	 25 	  	 7 	 37 	 74 	 1 	 40 	 64 	 36 	 73
Tutor41 	 41 	 0 	 120 	 0 	 120 	 0 	 3 	 0 	 3 	 0 	 1 	 0 	 0 	 0 	 1 	 1 	 0 	 0 	 1 	 1 	 1 	 1 	 1 	 1 	 0 	  	 1 	 71
Tutor42 	 42 	 0 	 120 	 0 	 120 	 0 	 3 	 0 	 3 	 1 	 0 	 0 	 0 	 0 	 0 	 0 	 0 	 0 	 1 	 1 	 1 	 1 	 1 	 1 	 1 	 90 	  	 2 	 79 	 26
Tutor43 	 43 	 0 	 120 	 0 	 120 	 0 	 3 	 0 	 3 	 0 	 0 	 0 	 0 	 1 	 0 	 1 	 0 	 0 	 1 	 1 	 1 	 1 	 1 	 1 	 0 	  	 2 	 89 	 63
Tutor44 	 44 	 0 	 120 	 0 	 120 	 0 	 3 	 0 	 3 	 0 	 0 	 0 	 0 	 0 	 0 	 0 	 0 	 0 	 1 	 1 	 1 	 1 	 1 	 1 	 1 	 11 	  	 8 	 20 	 21 	 24 	 42 	 97 	 36 	 34 	 41
Tutor45 	 45 	 0 	 120 	 0 	 120 	 0 	 3 	 0 	 3 	 0 	 0 	 0 	 0 	 1 	 1 	 0 	 0 	 0 	 1 	 1 	 1 	 1 	 1 	 1 	 0 	  	 5 	 39 	 8 	 23 	 24 	 77
Tutor46 	 46 	 0 	 120 	 0 	 120 	 0 	 3 	 0 	 3 	 1 	 0 	 0 	 0 	 0 	 0 	 0 	 0 	 1 	 1 	 1 	 1 	 1 	 1 	 1 	 0 	  	 1 	 59
Tutor47 	 47 	 0 	 120 	 0 	 120 	 0 	 3 	 0 	 3 	 0 	 0 	 0 	 0 	 0 	 0 	 0 	 0 	 0 	 1 	 1 	 1 	 1 	 1 	 1 	 0 	  	 1 	 80
Tutor48 	 48 	 0 	 120 	 0 	 120 	 0 	 3 	 0 	 3 	 1 	 0 	 0 	 0 	 0 	 1 	 0 	 1 	 0 	 1 	 1 	 1 	 1 	 1 	 1 	 1 	 111 	  	 8 	 20 	 33 	 23 	 70 	 3 	 51 	 65 	 71
Tutor49 	 49 	 0 	 120 	 0 	 120 	 0 	 3 	 0 	 3 	 0 	 0 	 0 	 1 	 0 	 0 	 0 	 0 	 0 	 1 	 1 	 1 	 1 	 1 	 1 	 0 	  	 4 	 9 	 94 	 57 	 36
Tutor50 	 50 	 0 	 120 	 0 	 120 	 0 	 3 	 0 	 3 	 1 	 0 	 0 	 0 	 0 	 0 	 0 	 0 	 0 	 1 	 1 	 1 	 1 	 1 	 1 	 0 	  	 5 	 99 	 76 	 71 	 21 	 90
Tutor51 	 51 	 0 	 120 	 0 	 120 	 0 	 3 	 0 	 3 	 0 	 0 	 0 	 0 	 0 	 0 	 0 	 0 	 0 	 1 	 1 	 1 	 1 	 1 	 1 	 1 	 9 	  	 0
Tutor52 	 52 	 0 	 120 	 0 	 120 	 0 	 3 	 0 	 3 	 0 	 0 	 0 	 1 	 0 	 0 	 0 	 1 	 0 	 1 	 1 	 1 	 1 	 1 	 1 	 1 	 45 	  	 8 	 2 	 92 	 33 	 93 	 49 	 18 	 14 	 69
Tutor53 	 53 	 0 	 120 	 0 	 120 	 0 	 3 	 0 	 3 	 1 	 0 	 0 	 0 	 1 	 1 	 0 	 0 	 0 	 1 	 1 	 1 	 1 	 1 	 1 	 1 	 123 	  	 0
Tutor54 	 54 	 0 	 120 	 0 	 120 	 0 	 3 	 0 	 3 	 0 	 0 	 1 	 0 	 1 	 0 	 1 	 0 	 0 	 1 	 1 	 1 	 1 	 1 	 1 	 0 	  	 8 	 31 	 36 	 8 	 91 	 93 	 63 	 19 	 46
Tutor55 	 55 	 0 	 120 	 0 	 120 	 0 	 3 	 0 	 3 	 1 	 1 	 0 	 0 	 1 	 0 	 0 	 0 	 0 	 1 	 1 	 1 	 1 	 1 	 1 	 0 	  	 2 	 98 	 42
Tutor56 	 56 	 0 	 120 	 0 	 120 	 0 	 3 	 0 	 3 	 0 	 0 	 0 	 0 	 0 	 1 	 0 	 0 	 0 	 1 	 1 	 1 	 1 	 1 	 1 	 0 	  	 1 	 73
Tutor57 	 57 	 0 	 120 	 0 	 120 	 0 	 3 	 0 	 3 	 0 	 1 	 0 	 0 	 0 	 0 	 0 	 0 	 0 	 1 	 1 	 1 	 1 	 1 	 1 	 0 	  	 5 	 82 	 5 	 31 	 66 	 17
Tutor58 	 58 	 0 	 120 	 0 	 120 	 0 	 3 	 0 	 3 	 0 	 0 	 1 	 0 	 0 	 0 	 0 	 0 	 0 	 1 	 1 	 1 	 1 	 1 	 1 	 1 	 74 	  	 3 	 54 	 7 	 60
Tutor59 	 59 	 0 	 120 	 0 	 120 	 0 	 3 	 0 	 3 	 0 	 1 	 0 	 0 	 0 	 0 	 0 	 1 	 0 	 1 	 1 	 1 	 1 	 1 	 1 	 0 	  	 3 	 72 	 74 	 93
Tutor60 	 60 	 0 	 120 	 0 	 120 	 0 	 3 	 0 	 3 	 1 	 1 	 0 	 0 	 1 	 0 	 0 	 0 	 0 	 1 	 1 	 1 	 1 	 1 	 1 	 0 	  	 2 	 74 	 6
Tutor61 	 61 	 0 	 120 	 0 	 120 	 0 	 3 	 0 	 3 	 0 	 0 	 1 	 0 	 1 	 0 	 0 	 0 	 0 	 1 	 1 	 1 	 1 	 1 	 1 	 1 	 73 	  	 3 	 28 	 89 	 59
Tutor62 	 62 	 0 	 120 	 0 	 120 	 0 	 3 	 0 	 3 	 1 	 0 	 1 	 0 	 0 	 0 	 0 	 0 	 1 	 1 	 1 	 1 	 1 	 1 	 1 	 1 	 75 	  	 3 	 30 	 14 	 47
Tutor63 	 63 	 0 	 120 	 0 	 120 	 0 	 3 	 0 	 3 	 0 	 0 	 0 	 0 	 0 	 0 	 0 	 1 	 1 	 1 	 1 	 1 	 1 	 1 	 1 	 1 	 127 	  	 7 	 82 	 3 	 88 	 47 	 61 	 93 	 4
Tutor64 	 64 	 0 	 120 	 0 	 120 	 0 	 3 	 0 	 3 	 0 	 0 	 1 	 0 	 0 	 0 	 1 	 0 	 0 	 1 	 1 	 1 	 1 	 1 	 1 	 0 	  	 8 	 44 	 40 	 53 	 47 	 98 	 43 	 93 	 77
Tutor65 	 65 	 0 	 120 	 0 	 120 	 0 	 3 	 0 	 3 	 1 	 1 	 0 	 0 	 0 	 0 	 0 	 0 	 0 	 1 	 1 	 1 	 1 	 1 	 1 	 1 	 79 	  	 3 	 34 	 78 	 8
Tutor66 	 66 	 0 	 120 	 0 	 120 	 0 	 3 	 0 	 3 	 1 	 0 	 0 	 0 	 1 	 0 	 0 	 0 	 0 	 1 	 1 	 1 	 1 	 1 	 1 	 0 	  	 2 	 20 	 56
Tutor67 	 67 	 0 	 120 	 0 	 120 	 0 	 3 	 0 	 3 	 0 	 0 	 0 	 0 	 0 	 0 	 0 	 0 	 1 	 1 	 1 	 1 	 1 	 1 	 1 	 0 	  	 0
Tutor68 	 68 	 0 	 120 	 0 	 120 	 0 	 3 	 0 	 3 	 0 	 0 	 0 	 0 	 0 	 0 	 0 	 0 	 0 	 1 	 1 	 1 	 1 	 1 	 1 	 0 	  	 0
Tutor69 	 69 	 0 	 120 	 0 	 120 	 0 	 3 	 0 	 3 	 0 	 0 	 0 	 1 	 0 	 0 	 1 	 0 	 0 	 1 	 1 	 1 	 1 	 1 	 1 	 1 	 14 	  	 7 	 23 	 36 	 71 	 17 	 47 	 80 	 26
Tutor70 	 70 	 0 	 120 	 0 	 120 	 0 	 3 	 0 	 3 	 1 	 0 	 0 	 0 	 0 	 0 	 1 	 1 	 1 	 1 	 1 	 0 	 0 	 0 	 0 	 1 	 48 	  	 0
Tutor71 	 71 	 0 	 120 	 0 	 120 	 0 	 3 	 0 	 3 	 0 	 0 	 0 	 0 	 0 	 0 	 1 	 0 	 0 	 1 	 1 	 1 	 1 	 1 	 1 	 0 	  	 6 	 21 	 63 	 0 	 22 	 12 	 26
Tutor72 	 72 	 0 	 120 	 0 	 120 	 0 	 3 	 0 	 3 	 1 	 0 	 0 	 0 	 0 	 0 	 1 	 0 	 0 	 1 	 1 	 1 	 1 	 1 	 1 	 0 	  	 0
Tutor73 	 73 	 0 	 120 	 0 	 120 	 0 	 3 	 0 	 3 	 0 	 0 	 0 	 0 	 0 	 0 	 1 	 0 	 0 	 1 	 0 	 0 	 0 	 0 	 0 	 1 	 53 	  	 8 	 68 	 72 	 63 	 61 	 47 	 34 	 19 	 66
Tutor74 	 74 	 0 	 120 	 0 	 120 	 0 	 3 	 0 	 3 	 0 	 1 	 0 	 1 	 1 	 1 	 0 	 0 	 0 	 1 	 1 	 1 	 1 	 1 	 1 	 1 	 22 	  	 8 	 62 	 36 	 5 	 19 	 27 	 73 	 99 	 29
Tutor75 	 75 	 0 	 120 	 0 	 120 	 0 	 3 	 0 	 3 	 1 	 0 	 1 	 0 	 1 	 0 	 0 	 0 	 0 	 1 	 1 	 1 	 1 	 1 	 1 	 0 	  	 2 	 98 	 64
Tutor76 	 76 	 0 	 120 	 0 	 120 	 0 	 3 	 0 	 3 	 0 	 0 	 0 	 0 	 1 	 0 	 0 	 0 	 0 	 1 	 1 	 1 	 1 	 1 	 1 	 1 	 7 	  	 0
Tutor77 	 77 	 0 	 120 	 0 	 120 	 0 	 3 	 0 	 3 	 0 	 0 	 0 	 0 	 0 	 0 	 0 	 0 	 0 	 1 	 1 	 1 	 1 	 1 	 1 	 1 	 125 	  	 3 	 92 	 52 	 85
Tutor78 	 78 	 0 	 120 	 0 	 120 	 0 	 3 	 0 	 3 	 0 	 0 	 0 	 0 	 0 	 0 	 0 	 0 	 0 	 1 	 1 	 1 	 1 	 1 	 1 	 1 	 129 	  	 7 	 31 	 74 	 22 	 88 	 69 	 81 	 78
Tutor79 	 79 	 0 	 120 	 0 	 120 	 0 	 3 	 0 	 3 	 0 	 0 	 0 	 0 	 0 	 0 	 0 	 0 	 1 	 1 	 1 	 1 	 1 	 1 	 1 	 1 	 119 	  	 4 	 31 	 1 	 34 	 54
Tutor80 	 80 	 0 	 120 	 0 	 120 	 0 	 3 	 0 	 3 	 0 	 0 	 1 	 0 	 0 	 0 	 0 	 0 	 0 	 1 	 1 	 1 	 1 	 1 	 1 	 0 	  	 0
Tutor81 	 81 	 0 	 120 	 0 	 120 	 0 	 3 	 0 	 3 	 0 	 0 	 0 	 0 	 0 	 0 	 0 	 0 	 0 	 1 	 1 	 1 	 1 	 1 	 1 	 0 	  	 0
Tutor82 	 82 	 0 	 120 	 0 	 120 	 0 	 3 	 0 	 3 	 0 	 0 	 1 	 1 	 0 	 0 	 0 	 0 	 0 	 1 	 1 	 1 	 1 	 1 	 1 	 1 	 76 	  	 6 	 1 	 39 	 48 	 83 	 77 	 35
Tutor83 	 83 	 0 	 120 	 0 	 120 	 0 	 3 	 0 	 3 	 1 	 0 	 0 	 1 	 0 	 0 	 0 	 0 	 0 	 1 	 1 	 1 	 1 	 1 	 1 	 1 	 56 	  	 7 	 29 	 19 	 33 	 88 	 69 	 13 	 79
Tutor84 	 84 	 0 	 120 	 0 	 120 	 0 	 3 	 0 	 3 	 0 	 0 	 0 	 0 	 0 	 1 	 1 	 0 	 1 	 1 	 1 	 1 	 1 	 1 	 1 	 0 	  	 2 	 56 	 43
Tutor85 	 85 	 0 	 120 	 0 	 120 	 0 	 3 	 0 	 3 	 0 	 0 	 0 	 0 	 0 	 0 	 0 	 0 	 0 	 1 	 1 	 1 	 1 	 1 	 1 	 1 	 12 	  	 5 	 24 	 85 	 57 	 51 	 41
Tutor86 	 86 	 0 	 120 	 0 	 120 	 0 	 3 	 0 	 3 	 0 	 0 	 1 	 0 	 0 	 0 	 0 	 0 	 0 	 1 	 1 	 1 	 1 	 1 	 1 	 1 	 120 	  	 2 	 67 	 42
Tutor87 	 87 	 0 	 120 	 0 	 120 	 0 	 3 	 0 	 3 	 0 	 0 	 0 	 0 	 0 	 1 	 0 	 1 	 1 	 1 	 1 	 1 	 1 	 1 	 1 	 1 	 26 	  	 7 	 43 	 0 	 61 	 81 	 44 	 18 	 87
Tutor88 	 88 	 0 	 120 	 0 	 120 	 0 	 3 	 0 	 3 	 0 	 0 	 0 	 1 	 1 	 1 	 0 	 0 	 0 	 1 	 1 	 1 	 1 	 1 	 1 	 1 	 64 	  	 6 	 8 	 50 	 75 	 34 	 56 	 25
Tutor89 	 89 	 0 	 120 	 0 	 120 	 0 	 3 	 0 	 3 	 1 	 0 	 0 	 0 	 0 	 1 	 0 	 1 	 1 	 1 	 1 	 1 	 1 	 1 	 1 	 0 	  	 0
Tutor90 	 90 	 0 	 120 	 0 	 120 	 0 	 3 	 0 	 3 	 0 	 0 	 0 	 0 	 0 	 0 	 0 	 1 	 1 	 1 	 1 	 1 	 1 	 1 	 1 	 1 	 13 	  	 6 	 18 	 58 	 45 	 34 	 72 	 44
Tutor91 	 91 	 0 	 120 	 0 	 120 	 0 	 3 	 0 	 3 	 0 	 0 	 0 	 1 	 1 	 0 	 0 	 1 	 0 	 1 	 1 	 1 	 1 	 1 	 1 	 1 	 3 	  	 0
Tutor92 	 92 	 0 	 120 	 0 	 120 	 0 	 3 	 0 	 3 	 0 	 0 	 0 	 0 	 1 	 0 	 0 	 0 	 0 	 1 	 1 	 1 	 1 	 1 	 1 	 0 	  	 7 	 22 	 19 	 36 	 2 	 12 	 26 	 68
Tutor93 	 93 	 0 	 120 	 0 	 120 	 0 	 3 	 0 	 3 	 0 	 0 	 0 	 0 	 1 	 0 	 0 	 0 	 0 	 1 	 1 	 1 	 1 	 1 	 1 	 1 	 51 	  	 0
Tutor94 	 94 	 0 	 120 	 0 	 120 	 0 	 3 	 0 	 3 	 0 	 0 	 0 	 1 	 0 	 0 	 0 	 1 	 0 	 1 	 1 	 1 	 1 	 1 	 1 	 0 	  	 6 	 80 	 33 	 25 	 91 	 93 	 45
Tutor95 	 95 	 0 	 120 	 0 	 120 	 0 	 3 	 0 	 3 	 0 	 1 	 0 	 0 	 0 	 0 	 1 	 0 	 0 	 1 	 1 	 1 	 1 	 1 	 1 	 0 	  	 2 	 90 	 19
Tutor96 	 96 	 0 	 120 	 0 	 120 	 0 	 3 	 0 	 3 	 0 	 0 	 0 	 0 	 0 	 1 	 0 	 0 	 0 	 1 	 1 	 1 	 1 	 1 	 1 	 0 	  	 4 	 11 	 8 	 37 	 93
Tutor97 	 97 	 0 	 120 	 0 	 120 	 0 	 3 	 0 	 3 	 0 	 1 	 1 	 1 	 0 	 0 	 1 	 0 	 0 	 1 	 1 	 1 	 1 	 1 	 1 	 1 	 114 	  	 3 	 85 	 93 	 91
Tutor98 	 98 	 0 	 120 	 0 	 120 	 0 	 3 	 0 	 3 	 1 	 0 	 0 	 0 	 0 	 1 	 0 	 0 	 1 	 1 	 1 	 1 	 1 	 1 	 1 	 1 	 80 	  	 4 	 87 	 20 	 51 	 64
Tutor99 	 99 	 0 	 120 	 0 	 120 	 0 	 3 	 0 	 3 	 0 	 0 	 0 	 0 	 0 	 0 	 0 	 0 	 0 	 1 	 1 	 1 	 1 	 1 	 1 	 1 	 36 	  	 5 	 89 	 81 	 4 	 15 	 36
Tutor100 	 100 	 0 	 120 	 0 	 120 	 0 	 3 	 0 	 3 	 0 	 0 	 0 	 0 	 0 	 0 	 0 	 0 	 0 	 1 	 1 	 1 	 1 	 1 	 1 	 0 	  	 1 	 4
Tutor101 	 101 	 0 	 120 	 0 	 120 	 0 	 3 	 0 	 3 	 1 	 0 	 1 	 0 	 0 	 0 	 0 	 0 	 1 	 1 	 1 	 1 	 1 	 1 	 1 	 1 	 116 	  	 8 	 79 	 33 	 36 	 53 	 52 	 76 	 85 	 57
Tutor102 	 102 	 0 	 120 	 0 	 120 	 0 	 3 	 0 	 3 	 1 	 0 	 0 	 0 	 0 	 1 	 1 	 0 	 0 	 1 	 1 	 1 	 1 	 1 	 1 	 1 	 0 	  	 6 	 66 	 82 	 71 	 53 	 22 	 16
Tutor103 	 103 	 0 	 120 	 0 	 120 	 0 	 3 	 0 	 3 	 0 	 1 	 1 	 0 	 0 	 0 	 0 	 0 	 1 	 1 	 1 	 1 	 1 	 1 	 1 	 0 	  	 0
Tutor104 	 104 	 0 	 120 	 0 	 120 	 0 	 3 	 0 	 3 	 0 	 0 	 0 	 0 	 0 	 0 	 0 	 0 	 0 	 1 	 1 	 1 	 1 	 1 	 1 	 1 	 107 	  	 0
Tutor105 	 105 	 0 	 120 	 0 	 120 	 0 	 3 	 0 	 3 	 0 	 0 	 1 	 0 	 0 	 0 	 0 	 1 	 0 	 1 	 1 	 1 	 1 	 1 	 1 	 1 	 40 	  	 4 	 21 	 91 	 52 	 25
Tutor106 	 106 	 0 	 120 	 0 	 120 	 0 	 3 	 0 	 3 	 0 	 0 	 0 	 0 	 0 	 0 	 1 	 0 	 0 	 1 	 1 	 1 	 1 	 1 	 1 	 0 	  	 7 	 30 	 46 	 64 	 12 	 35 	 6 	 74
Tutor107 	 107 	 0 	 120 	 0 	 120 	 0 	 3 	 0 	 3 	 0 	 0 	 0 	 0 	 0 	 0 	 0 	 0 	 0 	 1 	 1 	 1 	 1 	 1 	 1 	 1 	 70 	  	 6 	 67 	 56 	 64 	 55 	 33 	 48
Tutor108 	 108 	 0 	 120 	 0 	 120 	 0 	 3 	 0 	 3 	 0 	 0 	 1 	 0 	 0 	 1 	 0 	 0 	 0 	 1 	 1 	 1 	 1 	 1 	 1 	 0 	  	 2 	 21 	 84
Tutor109 	 109 	 0 	 120 	 0 	 120 	 0 	 3 	 0 	 3 	 0 	 0 	 0 	 0 	 0 	 0 	 0 	 1 	 0 	 1 	 1 	 1 	 1 	 1 	 1 	 1 	 95 	  	 1 	 7
Tutor110 	 110 	 0 	 120 	 0 	 120 	 0 	 3 	 0 	 3 	 0 	 0 	 0 	 0 	 0 	 0 	 0 	 0 	 0 	 1 	 1 	 1 	 1 	 1 	 1 	 0 	  	 0
Tutor111 	 111 	 0 	 120 	 0 	 120 	 0 	 3 	 0 	 3 	 0 	 0 	 0 	 0 	 0 	 0 	 0 	 0 	 0 	 1 	 1 	 1 	 1 	 1 	 1 	 1 	 28 	  	 4 	 90 	 29 	 45 	 13
Tutor112 	 112 	 0 	 120 	 0 	 120 	 0 	 3 	 0 	 3 	 0 	 0 	 0 	 0 	 1 	 0 	 0 	 1 	 1 	 1 	 1 	 1 	 1 	 1 	 1 	 1 	 97 	  	 2 	 28 	 5
Tutor113 	 113 	 0 	 120 	 0 	 120 	 0 	 3 	 0 	 3 	 0 	 0 	 0 	 0 	 0 	 0 	 0 	 0 	 1 	 1 	 1 	 1 	 1 	 1 	 1 	 0 	  	 8 	 44 	 0 	 82 	 53 	 57 	 41 	 3 	 54
Tutor114 	 114 	 0 	 120 	 0 	 120 	 0 	 3 	 0 	 3 	 1 	 1 	 1 	 0 	 1 	 1 	 0 	 0 	 0 	 1 	 1 	 1 	 1 	 1 	 1 	 1 	 68 	  	 8 	 35 	 45 	 84 	 85 	 42 	 43 	 28 	 82
Tutor115 	 115 	 0 	 120 	 0 	 120 	 0 	 3 	 0 	 3 	 0 	 0 	 0 	 0 	 0 	 0 	 0 	 1 	 0 	 1 	 1 	 1 	 1 	 1 	 1 	 0 	  	 1 	 14
Tutor116 	 116 	 0 	 120 	 0 	 120 	 0 	 3 	 0 	 3 	 1 	 0 	 0 	 0 	 0 	 0 	 0 	 0 	 1 	 1 	 1 	 1 	 1 	 1 	 1 	 1 	 31 	  	 8 	 36 	 53 	 19 	 23 	 38 	 60 	 74 	 85
Tutor117 	 117 	 0 	 120 	 0 	 120 	 0 	 3 	 0 	 3 	 1 	 0 	 0 	 1 	 1 	 1 	 0 	 0 	 0 	 1 	 1 	 1 	 1 	 1 	 1 	 1 	 2 	  	 0
Tutor118 	 118 	 0 	 120 	 0 	 120 	 0 	 3 	 0 	 3 	 0 	 0 	 0 	 0 	 0 	 0 	 0 	 0 	 1 	 1 	 1 	 1 	 1 	 1 	 1 	 1 	 77 	  	 8 	 58 	 30 	 53 	 83 	 40 	 52 	 28 	 42
Tutor119 	 119 	 0 	 120 	 0 	 120 	 0 	 3 	 0 	 3 	 0 	 1 	 1 	 0 	 0 	 0 	 0 	 0 	 0 	 1 	 1 	 1 	 1 	 1 	 1 	 1 	 6 	  	 4 	 83 	 77 	 34 	 78
Tutor120 	 120 	 0 	 120 	 0 	 120 	 0 	 3 	 0 	 3 	 0 	 0 	 0 	 1 	 1 	 0 	 0 	 1 	 0 	 1 	 1 	 1 	 1 	 1 	 1 	 1 	 98 	  	 3 	 7 	 81 	 73
Tutor121 	 121 	 0 	 120 	 0 	 120 	 0 	 3 	 0 	 3 	 0 	 0 	 1 	 0 	 0 	 0 	 0 	 0 	 1 	 1 	 1 	 1 	 1 	 1 	 1 	 1 	 128 	  	 3 	 39 	 36 	 99
Tutor122 	 122 	 0 	 120 	 0 	 120 	 0 	 3 	 0 	 3 	 0 	 0 	 0 	 0 	 0 	 0 	 0 	 0 	 0 	 1 	 1 	 1 	 1 	 1 	 1 	 0 	  	 0
Tutor123 	 123 	 0 	 120 	 0 	 120 	 0 	 3 	 0 	 3 	 0 	 0 	 0 	 0 	 0 	 0 	 0 	 0 	 0 	 1 	 1 	 1 	 1 	 1 	 1 	 0 	  	 2 	 94 	 97
Tutor124 	 124 	 0 	 120 	 0 	 120 	 0 	 3 	 0 	 3 	 0 	 0 	 0 	 1 	 0 	 1 	 0 	 0 	 0 	 1 	 1 	 1 	 1 	 1 	 1 	 0 	  	 3 	 61 	 30 	 69
Tutor125 	 125 	 0 	 120 	 0 	 120 	 0 	 3 	 0 	 3 	 0 	 0 	 0 	 1 	 0 	 1 	 0 	 0 	 1 	 1 	 1 	 1 	 1 	 1 	 1 	 0 	  	 3 	 3 	 15 	 9
Tutor126 	 126 	 0 	 120 	 0 	 120 	 0 	 3 	 0 	 3 	 1 	 0 	 0 	 0 	 0 	 0 	 0 	 0 	 0 	 1 	 1 	 1 	 1 	 1 	 1 	 1 	 101 	  	 5 	 81 	 87 	 21 	 97 	 77
Tutor127 	 127 	 0 	 120 	 0 	 120 	 0 	 3 	 0 	 3 	 0 	 1 	 0 	 0 	 0 	 0 	 0 	 0 	 0 	 1 	 1 	 1 	 1 	 1 	 1 	 0 	  	 0
Tutor128 	 128 	 0 	 120 	 0 	 120 	 0 	 3 	 0 	 3 	 0 	 0 	 1 	 0 	 1 	 0 	 0 	 0 	 1 	 1 	 1 	 1 	 1 	 1 	 1 	 1 	 83 	  	 4 	 64 	 40 	 66 	 88
Tutor129 	 129 	 0 	 120 	 0 	 120 	 0 	 3 	 0 	 3 	 0 	 0 	 0 	 0 	 0 	 0 	 1 	 0 	 1 	 1 	 1 	 1 	 1 	 1 	 1 	 0 	  	 1 	 18
Tutor130 	 130 	 0 	 120 	 0 	 120 	 0 	 3 	 0 	 3 	 0 	 0 	 0 	 1 	 0 	 0 	 0 	 0 	 0 	 1 	 1 	 1 	 1 	 1 	 1 	 1 	 103 	  	 5 	 35 	 76 	 83 	 46 	 16
Tutor131 	 131 	 0 	 120 	 0 	 120 	 0 	 3 	 0 	 3 	 0 	 0 	 0 	 0 	 0 	 0 	 0 	 0 	 0 	 1 	 1 	 1 	 1 	 1 	 1 	 1 	 33 	  	 3 	 52 	 32 	 6
Tutor132 	 132 	 0 	 120 	 0 	 120 	 0 	 3 	 0 	 3 	 0 	 1 	 0 	 1 	 0 	 0 	 0 	 0 	 1 	 1 	 1 	 1 	 1 	 1 	 1 	 0 	  	 1 	 24
Tutor133 	 133 	 0 	 120 	 0 	 120 	 0 	 3 	 0 	 3 	 0 	 0 	 1 	 0 	 0 	 1 	 0 	 0 	 0 	 1 	 1 	 1 	 1 	 1 	 1 	 0 	  	 6 	 6 	 32 	 24 	 61 	 27 	 79
Tutor134 	 134 	 0 	 120 	 0 	 120 	 0 	 3 	 0 	 3 	 0 	 0 	 0 	 1 	 0 	 0 	 0 	 0 	 0 	 1 	 1 	 1 	 1 	 1 	 1 	 1 	 105 	  	 3 	 14 	 94 	 46
Tutor135 	 135 	 0 	 120 	 0 	 120 	 0 	 3 	 0 	 3 	 0 	 0 	 1 	 0 	 0 	 0 	 0 	 0 	 0 	 1 	 1 	 1 	 1 	 1 	 1 	 1 	 65 	  	 3 	 57 	 35 	 43
Tutor136 	 136 	 0 	 120 	 0 	 120 	 0 	 3 	 0 	 3 	 0 	 0 	 0 	 0 	 0 	 0 	 0 	 0 	 1 	 1 	 1 	 1 	 1 	 1 	 1 	 0 	  	 5 	 16 	 8 	 20 	 73 	 9
Tutor137 	 137 	 0 	 120 	 0 	 120 	 0 	 3 	 0 	 3 	 0 	 0 	 1 	 0 	 0 	 0 	 0 	 0 	 0 	 1 	 1 	 1 	 1 	 1 	 1 	 0 	  	 2 	 18 	 54
Tutor138 	 138 	 0 	 120 	 0 	 120 	 0 	 3 	 0 	 3 	 0 	 0 	 0 	 0 	 0 	 0 	 0 	 0 	 0 	 1 	 1 	 1 	 1 	 1 	 1 	 0 	  	 8 	 30 	 2 	 61 	 44 	 64 	 99 	 58 	 86
Tutor139 	 139 	 0 	 120 	 0 	 120 	 0 	 3 	 0 	 3 	 0 	 0 	 0 	 1 	 0 	 0 	 0 	 0 	 0 	 1 	 1 	 1 	 1 	 1 	 1 	 0 	  	 1 	 11
Tutor140 	 140 	 0 	 120 	 0 	 120 	 0 	 3 	 0 	 3 	 1 	 0 	 1 	 0 	 1 	 1 	 0 	 0 	 0 	 1 	 1 	 1 	 1 	 1 	 1 	 1 	 96 	  	 7 	 25 	 64 	 45 	 11 	 50 	 28 	 95
Tutor141 	 141 	 0 	 120 	 0 	 120 	 0 	 3 	 0 	 3 	 0 	 1 	 0 	 1 	 0 	 0 	 0 	 0 	 0 	 1 	 1 	 1 	 1 	 1 	 1 	 1 	 49 	  	 6 	 18 	 16 	 88 	 98 	 26 	 89
Tutor142 	 142 	 0 	 120 	 0 	 120 	 0 	 3 	 0 	 3 	 1 	 0 	 1 	 0 	 0 	 0 	 0 	 0 	 0 	 1 	 1 	 1 	 1 	 1 	 1 	 1 	 5 	  	 8 	 98 	 38 	 97 	 44 	 57 	 56 	 4 	 87
Tutor143 	 143 	 0 	 120 	 0 	 120 	 0 	 3 	 0 	 3 	 0 	 0 	 1 	 0 	 0 	 0 	 0 	 1 	 0 	 1 	 1 	 1 	 1 	 1 	 1 	 0 	  	 5 	 96 	 56 	 51 	 34 	 30
Tutor144 	 144 	 0 	 120 	 0 	 120 	 0 	 3 	 0 	 3 	 0 	 0 	 0 	 1 	 1 	 1 	 0 	 0 	 0 	 1 	 1 	 1 	 1 	 1 	 1 	 1 	 41 	  	 1 	 89
Tutor145 	 145 	 0 	 120 	 0 	 120 	 0 	 3 	 0 	 3 	 0 	 1 	 1 	 0 	 0 	 1 	 1 	 0 	 1 	 1 	 1 	 1 	 1 	 1 	 1 	 1 	 122 	  	 1 	 8
Tutor146 	 146 	 0 	 120 	 0 	 120 	 0 	 3 	 0 	 3 	 1 	 0 	 0 	 0 	 0 	 0 	 0 	 1 	 0 	 1 	 1 	 1 	 1 	 1 	 1 	 1 	 67 	  	 8 	 12 	 62 	 65 	 44 	 59 	 83 	 51 	 48
Tutor147 	 147 	 0 	 120 	 0 	 120 	 0 	 3 	 0 	 3 	 0 	 0 	 0 	 0 	 0 	 1 	 0 	 0 	 0 	 1 	 1 	 1 	 1 	 1 	 1 	 1 	 109 	  	 6 	 91 	 67 	 85 	 80 	 71 	 86
Tutor148 	 148 	 0 	 120 	 0 	 120 	 0 	 3 	 0 	 3 	 0 	 0 	 1 	 0 	 0 	 0 	 0 	 0 	 1 	 1 	 1 	 1 	 1 	 1 	 1 	 0 	  	 0
Tutor149 	 149 	 0 	 120 	 0 	 120 	 0 	 3 	 0 	 3 	 0 	 0 	 1 	 0 	 1 	 0 	 0 	 0 	 0 	 1 	 1 	 1 	 1 	 1 	 1 	 0 	  	 5 	 42 	 64 	 32 	 38 	 82
Tutor150 	 150 	 0 	 120 	 0 	 120 	 0 	 3 	 0 	 3 	 0 	 0 	 0 	 1 	 0 	 0 	 0 	 0 	 0 	 1 	 1 	 1 	 1 	 1 	 1 	 1 	 63 	  	 6 	 63 	 14 	 66 	 17 	 3 	 22
Tutor151 	 151 	 0 	 120 	 0 	 120 	 0 	 3 	 0 	 3 	 0 	 1 	 1 	 1 	 0 	 0 	 1 	 0 	 1 	 1 	 1 	 1 	 1 	 1 	 1 	 0 	  	 6 	 97 	 21 	 68 	 35 	 84 	 10
Tutor152 	 152 	 0 	 120 	 0 	 120 	 0 	 3 	 0 	 3 	 0 	 0 	 1 	 1 	 0 	 0 	 1 	 1 	 0 	 1 	 1 	 1 	 1 	 1 	 1 	 1 	 115 	  	 5 	 41 	 92 	 71 	 91 	 83
Tutor153 	 153 	 0 	 120 	 0 	 120 	 0 	 3 	 0 	 3 	 0 	 0 	 0 	 0 	 1 	 0 	 0 	 0 	 0 	 1 	 1 	 1 	 1 	 1 	 1 	 1 	 85 	  	 6 	 48 	 39 	 91 	 89 	 90 	 4
Tutor154 	 154 	 0 	 120 	 0 	 120 	 0 	 3 	 0 	 3 	 0 	 0 	 0 	 0 	 1 	 1 	 0 	 0 	 0 	 1 	 1 	 1 	 1 	 1 	 1 	 0 	  	 0
Tutor155 	 155 	 0 	 120 	 0 	 120 	 0 	 3 	 0 	 3 	 0 	 0 	 0 	 1 	 0 	 0 	 1 	 0 	 1 	 1 	 1 	 1 	 1 	 1 	 1 	 1 	 29 	  	 8 	 97 	 52 	 48 	 21 	 80 	 53 	 90 	 4
Tutor156 	 156 	 0 	 120 	 0 	 120 	 0 	 3 	 0 	 3 	 0 	 0 	 1 	 0 	 0 	 0 	 0 	 0 	 1 	 1 	 1 	 1 	 1 	 1 	 1 	 0 	  	 8 	 96 	 20 	 87 	 57 	 51 	 71 	 55 	 42
Tutor157 	 157 	 0 	 120 	 0 	 120 	 0 	 3 	 0 	 3 	 0 	 0 	 1 	 0 	 0 	 0 	 1 	 0 	 0 	 1 	 1 	 1 	 1 	 1 	 1 	 1 	 117 	  	 3 	 22 	 37 	 87
Tutor158 	 158 	 0 	 120 	 0 	 120 	 0 	 3 	 0 	 3 	 0 	 1 	 1 	 0 	 0 	 0 	 0 	 0 	 0 	 1 	 1 	 1 	 1 	 1 	 1 	 1 	 92 	  	 7 	 77 	 67 	 63 	 2 	 36 	 89 	 20
Tutor159 	 159 	 0 	 120 	 0 	 120 	 0 	 3 	 0 	 3 	 0 	 0 	 0 	 0 	 1 	 0 	 0 	 0 	 1 	 1 	 1 	 1 	 1 	 1 	 1 	 0 	  	 7 	 54 	 1 	 95 	 47 	 44 	 30 	 85
Tutor160 	 160 	 0 	 120 	 0 	 120 	 0 	 3 	 0 	 3 	 1 	 0 	 0 	 0 	 0 	 0 	 0 	 0 	 0 	 1 	 1 	 1 	 1 	 1 	 1 	 0 	  	 6 	 97 	 78 	 2 	 24 	 66 	 91
Tutor161 	 161 	 0 	 120 	 0 	 120 	 0 	 3 	 0 	 3 	 0 	 0 	 0 	 0 	 0 	 0 	 1 	 0 	 1 	 1 	 1 	 1 	 1 	 1 	 1 	 0 	  	 5 	 78 	 53 	 39 	 17 	 65
Tutor162 	 162 	 0 	 120 	 0 	 120 	 0 	 3 	 0 	 3 	 0 	 0 	 0 	 0 	 0 	 0 	 0 	 1 	 0 	 1 	 1 	 1 	 1 	 1 	 1 	 0 	  	 5 	 88 	 30 	 26 	 6 	 16
Tutor163 	 163 	 0 	 120 	 0 	 120 	 0 	 3 	 0 	 3 	 1 	 1 	 0 	 0 	 0 	 0 	 0 	 0 	 0 	 1 	 1 	 1 	 1 	 1 	 1 	 0 	  	 1 	 40
Tutor164 	 164 	 0 	 120 	 0 	 120 	 0 	 3 	 0 	 3 	 1 	 0 	 0 	 1 	 1 	 0 	 1 	 0 	 0 	 1 	 1 	 1 	 1 	 1 	 1 	 1 	 57 	  	 6 	 33 	 85 	 61 	 77 	 25 	 38
Tutor165 	 165 	 0 	 120 	 0 	 120 	 0 	 3 	 0 	 3 	 1 	 0 	 0 	 1 	 0 	 0 	 0 	 0 	 0 	 1 	 1 	 1 	 1 	 1 	 1 	 0 	  	 4 	 33 	 30 	 24 	 23
Tutor166 	 166 	 0 	 120 	 0 	 120 	 0 	 3 	 0 	 3 	 0 	 1 	 0 	 1 	 0 	 0 	 1 	 1 	 1 	 1 	 1 	 1 	 1 	 1 	 1 	 1 	 94 	  	 1 	 59
Tutor167 	 167 	 0 	 120 	 0 	 120 	 0 	 3 	 0 	 3 	 0 	 0 	 1 	 0 	 1 	 0 	 0 	 0 	 0 	 1 	 1 	 1 	 1 	 1 	 1 	 0 	  	 0
Tutor168 	 168 	 0 	 120 	 0 	 120 	 0 	 3 	 0 	 3 	 0 	 0 	 0 	 0 	 0 	 0 	 1 	 0 	 0 	 1 	 1 	 1 	 1 	 1 	 1 	 0 	  	 5 	 65 	 45 	 55 	 63 	 13
Tutor169 	 169 	 0 	 120 	 0 	 120 	 0 	 3 	 0 	 3 	 0 	 0 	 0 	 0 	 0 	 0 	 0 	 0 	 0 	 1 	 1 	 1 	 1 	 1 	 1 	 1 	 61 	  	 7 	 49 	 8 	 15 	 7 	 59 	 52 	 69
Tutor170 	 170 	 0 	 120 	 0 	 120 	 0 	 3 	 0 	 3 	 0 	 1 	 0 	 0 	 0 	 0 	 0 	 0 	 1 	 1 	 1 	 1 	 1 	 1 	 1 	 1 	 93 	  	 6 	 22 	 98 	 7 	 39 	 58 	 23
Tutor171 	 171 	 0 	 120 	 0 	 120 	 0 	 3 	 0 	 3 	 0 	 0 	 0 	 0 	 0 	 1 	 1 	 0 	 0 	 1 	 1 	 1 	 1 	 1 	 1 	 1 	 17 	  	 2 	 30 	 20
Tutor172 	 172 	 0 	 120 	 0 	 120 	 0 	 3 	 0 	 3 	 0 	 0 	 0 	 0 	 1 	 0 	 0 	 0 	 1 	 1 	 1 	 1 	 1 	 1 	 1 	 1 	 60 	  	 1 	 68
Tutor173 	 173 	 0 	 120 	 0 	 120 	 0 	 3 	 0 	 3 	 0 	 0 	 0 	 0 	 1 	 0 	 0 	 0 	 0 	 1 	 1 	 1 	 1 	 1 	 1 	 1 	 118 	  	 8 	 35 	 81 	 22 	 91 	 95 	 72 	 45 	 39
Tutor174 	 174 	 0 	 120 	 0 	 120 	 0 	 3 	 0 	 3 	 0 	 0 	 0 	 0 	 0 	 1 	 0 	 0 	 0 	 1 	 1 	 1 	 1 	 1 	 1 	 1 	 72 	  	 7 	 65 	 74 	 52 	 85 	 67 	 1 	 41
Tutor175 	 175 	 0 	 120 	 0 	 120 	 0 	 3 	 0 	 3 	 0 	 0 	 0 	 1 	 0 	 1 	 0 	 0 	 0 	 1 	 1 	 1 	 1 	 1 	 1 	 0 	  	 5 	 49 	 58 	 0 	 14 	 40
Tutor176 	 176 	 0 	 120 	 0 	 120 	 0 	 3 	 0 	 3 	 0 	 0 	 0 	 0 	 0 	 0 	 1 	 0 	 0 	 1 	 1 	 1 	 1 	 1 	 1 	 0 	  	 7 	 27 	 92 	 97 	 55 	 40 	 7 	 36
Tutor177 	 177 	 0 	 120 	 0 	 120 	 0 	 3 	 0 	 3 	 0 	 0 	 0 	 0 	 0 	 0 	 0 	 0 	 0 	 1 	 1 	 1 	 1 	 1 	 1 	 0 	  	 0
Tutor178 	 178 	 0 	 120 	 0 	 120 	 0 	 3 	 0 	 3 	 0 	 0 	 1 	 1 	 0 	 0 	 1 	 0 	 0 	 1 	 1 	 1 	 1 	 1 	 1 	 1 	 15 	  	 4 	 62 	 49 	 8 	 38
Tutor179 	 179 	 0 	 120 	 0 	 120 	 0 	 3 	 0 	 3 	 0 	 0 	 0 	 0 	 0 	 0 	 1 	 0 	 0 	 1 	 1 	 1 	 1 	 1 	 1 	 0 	  	 2 	 2 	 74
Tutor180 	 180 	 0 	 120 	 0 	 120 	 0 	 3 	 0 	 3 	 0 	 0 	 0 	 0 	 0 	 0 	 0 	 0 	 1 	 1 	 1 	 1 	 1 	 1 	 1 	 1 	 89 	  	 7 	 61 	 71 	 18 	 52 	 0 	 38 	 11
Tutor181 	 181 	 0 	 120 	 0 	 120 	 0 	 3 	 0 	 3 	 0 	 0 	 0 	 0 	 0 	 0 	 1 	 0 	 0 	 1 	 1 	 1 	 1 	 1 	 1 	 1 	 62 	  	 7 	 63 	 92 	 54 	 31 	 42 	 69 	 38
Tutor182 	 182 	 0 	 120 	 0 	 120 	 0 	 3 	 0 	 3 	 0 	 1 	 0 	 0 	 1 	 0 	 0 	 1 	 0 	 1 	 1 	 1 	 1 	 1 	 1 	 0 	  	 7 	 51 	 36 	 37 	 56 	 38 	 16 	 93
Tutor183 	 183 	 0 	 120 	 0 	 120 	 0 	 3 	 0 	 3 	 0 	 0 	 0 	 0 	 0 	 0 	 0 	 0 	 0 	 1 	 1 	 1 	 1 	 1 	 1 	 1 	 4 	  	 5 	 86 	 73 	 81 	 98 	 57
Tutor184 	 184 	 0 	 120 	 0 	 120 	 0 	 3 	 0 	 3 	 1 	 0 	 0 	 0 	 0 	 0 	 1 	 0 	 1 	 1 	 1 	 1 	 1 	 1 	 1 	 0 	  	 6 	 24 	 4 	 54 	 2 	 46 	 42
Tutor185 	 185 	 0 	 120 	 0 	 120 	 0 	 3 	 0 	 3 	 0 	 1 	 0 	 0 	 0 	 1 	 0 	 0 	 0 	 1 	 1 	 1 	 1 	 1 	 1 	 1 	 84 	  	 4 	 73 	 26 	 55 	 22
Tutor186 	 186 	 0 	 120 	 0 	 120 	 0 	 3 	 0 	 3 	 1 	 1 	 0 	 0 	 0 	 1 	 0 	 0 	 0 	 1 	 1 	 1 	 1 	 1 	 1 	 0 	  	 5 	 65 	 96 	 37 	 52 	 18
Tutor187 	 187 	 0 	 120 	 0 	 120 	 0 	 3 	 0 	 3 	 0 	 0 	 0 	 0 	 1 	 1 	 0 	 0 	 0 	 1 	 1 	 1 	 1 	 1 	 1 	 0 	  	 6 	 6 	 12 	 44 	 81 	 54 	 22
Tutor188 	 188 	 0 	 120 	 0 	 120 	 0 	 3 	 0 	 3 	 0 	 1 	 0 	 0 	 0 	 0 	 0 	 1 	 0 	 1 	 1 	 1 	 1 	 1 	 1 	 1 	 121 	  	 2 	 94 	 47
Tutor189 	 189 	 0 	 120 	 0 	 120 	 0 	 3 	 0 	 3 	 0 	 0 	 0 	 0 	 0 	 0 	 0 	 0 	 0 	 1 	 1 	 1 	 1 	 1 	 1 	 0 	  	 4 	 87 	 99 	 72 	 38
Tutor190 	 190 	 0 	 120 	 0 	 120 	 0 	 3 	 0 	 3 	 0 	 0 	 0 	 0 	 0 	 0 	 0 	 0 	 0 	 1 	 1 	 1 	 1 	 1 	 1 	 1 	 24 	  	 1 	 65
Tutor191 	 191 	 0 	 120 	 0 	 120 	 0 	 3 	 0 	 3 	 0 	 0 	 0 	 0 	 0 	 0 	 0 	 0 	 0 	 1 	 1 	 1 	 1 	 1 	 1 	 0 	  	 5 	 71 	 46 	 32 	 40 	 99
Tutor192 	 192 	 0 	 120 	 0 	 120 	 0 	 3 	 0 	 3 	 1 	 1 	 0 	 1 	 0 	 0 	 0 	 0 	 0 	 1 	 1 	 1 	 1 	 1 	 1 	 0 	  	 2 	 57 	 5
Tutor193 	 193 	 0 	 120 	 0 	 120 	 0 	 3 	 0 	 3 	 0 	 0 	 0 	 0 	 0 	 1 	 1 	 0 	 0 	 1 	 1 	 1 	 1 	 1 	 1 	 0 	  	 3 	 98 	 79 	 65
Tutor194 	 194 	 0 	 120 	 0 	 120 	 0 	 3 	 0 	 3 	 1 	 0 	 0 	 0 	 0 	 0 	 0 	 0 	 0 	 1 	 1 	 1 	 1 	 1 	 1 	 1 	 130 	  	 4 	 76 	 29 	 37 	 20
Tutor195 	 195 	 0 	 120 	 0 	 120 	 0 	 3 	 0 	 3 	 0 	 0 	 0 	 0 	 1 	 0 	 0 	 1 	 1 	 1 	 1 	 1 	 1 	 1 	 1 	 1 	 32 	  	 7 	 46 	 39 	 38 	 14 	 60 	 21 	 94
Tutor196 	 196 	 0 	 120 	 0 	 120 	 0 	 3 	 0 	 3 	 1 	 1 	 0 	 0 	 0 	 0 	 1 	 0 	 0 	 1 	 1 	 1 	 1 	 1 	 1 	 1 	 88 	  	 7 	 4 	 45 	 57 	 22 	 87 	 60 	 46
Tutor197 	 197 	 0 	 120 	 0 	 120 	 0 	 3 	 0 	 3 	 0 	 0 	 0 	 1 	 1 	 0 	 0 	 0 	 1 	 1 	 1 	 1 	 1 	 1 	 1 	 1 	 86 	  	 4 	 17 	 55 	 70 	 87
Tutor198 	 198 	 0 	 120 	 0 	 120 	 0 	 3 	 0 	 3 	 0 	 0 	 0 	 0 	 0 	 0 	 1 	 0 	 1 	 1 	 1 	 1 	 1 	 1 	 1 	 1 	 78 	  	 6 	 2 	 21 	 35 	 90 	 39 	 37
Tutor199 	 199 	 0 	 120 	 0 	 120 	 0 	 3 	 0 	 3 	 0 	 1 	 1 	 0 	 0 	 1 	 0 	 0 	 0 	 1 	 1 	 1 	 1 	 1 	 1 	 0 	  	 0
Tutor200 	 200 	 0 	 120 	 0 	 120 	 0 	 3 	 0 	 3 	 0 	 1 	 0 	 1 	 0 	 0 	 0 	 0 	 1 	 1 	 1 	 1 	 1 	 1 	 1 	 1 	 42 	  	 7 	 79 	 46 	 32 	 86 	 6 	 25 	 56
Tutor201 	 201 	 0 	 120 	 0 	 120 	 0 	 3 	 0 	 3 	 0 	 0 	 0 	 0 	 0 	 0 	 0 	 1 	 0 	 1 	 1 	 1 	 1 	 1 	 1 	 0 	  	 1 	 34
Tutor202 	 202 	 0 	 120 	 0 	 120 	 0 	 3 	 0 	 3 	 0 	 0 	 1 	 0 	 0 	 0 	 1 	 0 	 1 	 1 	 1 	 1 	 1 	 1 	 1 	 0 	  	 3 	 3 	 84 	 34
Tutor203 	 203 	 0 	 120 	 0 	 120 	 0 	 3 	 0 	 3 	 0 	 0 	 1 	 0 	 0 	 0 	 0 	 0 	 0 	 1 	 1 	 1 	 1 	 1 	 1 	 0 	  	 5 	 97 	 63 	 66 	 25 	 87
Tutor204 	 204 	 0 	 120 	 0 	 120 	 0 	 3 	 0 	 3 	 0 	 0 	 0 	 0 	 1 	 0 	 0 	 0 	 0 	 1 	 1 	 1 	 1 	 1 	 1 	 0 	  	 2 	 81 	 64
Tutor205 	 205 	 0 	 120 	 0 	 120 	 0 	 3 	 0 	 3 	 1 	 1 	 0 	 1 	 0 	 0 	 0 	 1 	 0 	 1 	 1 	 1 	 1 	 1 	 1 	 1 	 110 	  	 1 	 26
Tutor206 	 206 	 0 	 120 	 0 	 120 	 0 	 3 	 0 	 3 	 0 	 0 	 0 	 0 	 1 	 0 	 1 	 0 	 0 	 1 	 1 	 1 	 1 	 1 	 1 	 0 	  	 4 	 0 	 59 	 72 	 49
Tutor207 	 207 	 0 	 120 	 0 	 120 	 0 	 3 	 0 	 3 	 1 	 0 	 0 	 0 	 1 	 0 	 1 	 0 	 1 	 1 	 1 	 1 	 1 	 1 	 1 	 0 	  	 6 	 89 	 79 	 78 	 81 	 40 	 46
Tutor208 	 208 	 0 	 120 	 0 	 120 	 0 	 3 	 0 	 3 	 0 	 1 	 1 	 0 	 0 	 0 	 0 	 0 	 0 	 1 	 1 	 1 	 1 	 1 	 1 	 0 	  	 6 	 60 	 5 	 34 	 99 	 84 	 96
Tutor209 	 209 	 0 	 120 	 0 	 120 	 0 	 3 	 0 	 3 	 0 	 0 	 0 	 0 	 0 	 0 	 1 	 0 	 1 	 1 	 1 	 1 	 1 	 1 	 1 	 0 	  	 1 	 98
Tutor210 	 210 	 0 	 120 	 0 	 120 	 0 	 3 	 0 	 3 	 1 	 0 	 0 	 0 	 0 	 0 	 0 	 0 	 0 	 1 	 1 	 1 	 1 	 1 	 1 	 0 	  	 7 	 61 	 35 	 78 	 30 	 81 	 3 	 38
Tutor211 	 211 	 0 	 120 	 0 	 120 	 0 	 3 	 0 	 3 	 0 	 0 	 0 	 0 	 1 	 0 	 1 	 0 	 0 	 1 	 1 	 1 	 1 	 1 	 1 	 1 	 102 	  	 7 	 87 	 54 	 28 	 63 	 20 	 72 	 11
Tutor212 	 212 	 0 	 120 	 0 	 120 	 0 	 3 	 0 	 3 	 0 	 0 	 1 	 0 	 0 	 0 	 0 	 0 	 0 	 1 	 1 	 1 	 1 	 1 	 1 	 0 	  	 1 	 54
Tutor213 	 213 	 0 	 120 	 0 	 120 	 0 	 3 	 0 	 3 	 0 	 1 	 0 	 0 	 0 	 1 	 0 	 0 	 0 	 1 	 1 	 1 	 1 	 1 	 1 	 0 	  	 6 	 74 	 97 	 96 	 6 	 64 	 40
Tutor214 	 214 	 0 	 120 	 0 	 120 	 0 	 3 	 0 	 3 	 0 	 0 	 1 	 0 	 1 	 1 	 1 	 1 	 0 	 1 	 1 	 1 	 1 	 1 	 1 	 0 	  	 5 	 27 	 97 	 14 	 39 	 23
Tutor215 	 215 	 0 	 120 	 0 	 120 	 0 	 3 	 0 	 3 	 0 	 0 	 0 	 1 	 0 	 0 	 0 	 0 	 1 	 1 	 1 	 1 	 1 	 1 	 1 	 1 	 46 	  	 5 	 18 	 82 	 92 	 88 	 11
Tutor216 	 216 	 0 	 120 	 0 	 120 	 0 	 3 	 0 	 3 	 1 	 0 	 0 	 0 	 1 	 0 	 1 	 0 	 1 	 1 	 1 	 1 	 1 	 1 	 1 	 0 	  	 4 	 36 	 55 	 33 	 64
Tutor217 	 217 	 0 	 120 	 0 	 120 	 0 	 3 	 0 	 3 	 1 	 0 	 1 	 0 	 0 	 0 	 0 	 0 	 0 	 1 	 1 	 1 	 1 	 1 	 1 	 1 	 34 	  	 3 	 2 	 38 	 28
Tutor218 	 218 	 0 	 120 	 0 	 120 	 0 	 3 	 0 	 3 	 1 	 0 	 0 	 0 	 0 	 0 	 0 	 0 	 0 	 1 	 1 	 1 	 1 	 1 	 1 	 1 	 47 	  	 7 	 62 	 13 	 14 	 78 	 43 	 20 	 41
Tutor219 	 219 	 0 	 120 	 0 	 120 	 0 	 3 	 0 	 3 	 0 	 0 	 0 	 0 	 0 	 0 	 0 	 0 	 0 	 1 	 1 	 1 	 1 	 1 	 1 	 1 	 104 	  	 4 	 12 	 41 	 2 	 20
Tutor220 	 220 	 0 	 120 	 0 	 120 	 0 	 3 	 0 	 3 	 0 	 0 	 0 	 0 	 0 	 0 	 0 	 0 	 0 	 1 	 1 	 1 	 1 	 1 	 1 	 0 	  	 0
Tutor221 	 221 	 0 	 120 	 0 	 120 	 0 	 3 	 0 	 3 	 0 	 0 	 0 	 0 	 0 	 0 	 0 	 0 	 0 	 1 	 1 	 1 	 1 	 1 	 1 	 0 	  	 3 	 30 	 13 	 55
Tutor222 	 222 	 0 	 120 	 0 	 120 	 0 	 3 	 0 	 3 	 0 	 0 	 0 	 1 	 0 	 0 	 1 	 1 	 0 	 1 	 1 	 1 	 1 	 1 	 1 	 1 	 43 	  	 0
Tutor223 	 223 	 0 	 120 	 0 	 120 	 0 	 3 	 0 	 3 	 1 	 0 	 0 	 0 	 0 	 1 	 1 	 0 	 1 	 1 	 1 	 1 	 1 	 1 	 1 	 1 	 16 	  	 7 	 65 	 62 	 19 	 44 	 57 	 41 	 86
Tutor224 	 224 	 0 	 120 	 0 	 120 	 0 	 3 	 0 	 3 	 0 	 0 	 0 	 0 	 0 	 0 	 0 	 0 	 0 	 1 	 1 	 1 	 1 	 1 	 1 	 0 	  	 8 	 8 	 37 	 64 	 80 	 15 	 66 	 41 	 99
Tutor225 	 225 	 0 	 120 	 0 	 120 	 0 	 3 	 0 	 3 	 0 	 0 	 0 	 0 	 0 	 0 	 0 	 1 	 1 	 1 	 1 	 1 	 1 	 1 	 1 	 1 	 58 	  	 5 	 35 	 16 	 37 	 48 	 72
Tutor226 	 226 	 0 	 120 	 0 	 120 	 0 	 3 	 0 	 3 	 1 	 0 	 1 	 0 	 0 	 0 	 0 	 0 	 1 	 1 	 1 	 1 	 1 	 1 	 1 	 0 	  	 6 	 53 	 51 	 44 	 16 	 56 	 11
Tutor227 	 227 	 0 	 120 	 0 	 120 	 0 	 3 	 0 	 3 	 0 	 1 	 1 	 0 	 0 	 0 	 0 	 1 	 0 	 1 	 1 	 1 	 1 	 1 	 1 	 1 	 100 	  	 1 	 37
Tutor228 	 228 	 0 	 120 	 0 	 120 	 0 	 3 	 0 	 3 	 0 	 0 	 0 	 0 	 1 	 0 	 0 	 0 	 0 	 1 	 1 	 1 	 1 	 1 	 1 	 1 	 126 	  	 6 	 1 	 35 	 34 	 30 	 23 	 28
Tutor229 	 229 	 0 	 120 	 0 	 120 	 0 	 3 	 0 	 3 	 1 	 0 	 1 	 0 	 0 	 0 	 0 	 1 	 0 	 1 	 1 	 1 	 1 	 1 	 1 	 1 	 55 	  	 5 	 81 	 45 	 67 	 44 	 50
Tutor230 	 230 	 0 	 120 	 0 	 120 	 0 	 3 	 0 	 3 	 0 	 0 	 1 	 0 	 0 	 1 	 0 	 0 	 0 	 1 	 1 	 1 	 1 	 1 	 1 	 1 	 113 	  	 3 	 97 	 93 	 90
Tutor231 	 231 	 0 	 120 	 0 	 120 	 0 	 3 	 0 	 3 	 0 	 0 	 0 	 0 	 0 	 0 	 0 	 0 	 0 	 1 	 1 	 1 	 1 	 1 	 1 	 1 	 1 	  	 0
Tutor232 	 232 	 0 	 120 	 0 	 120 	 0 	 3 	 0 	 3 	 0 	 0 	 1 	 0 	 0 	 1 	 0 	 0 	 1 	 1 	 1 	 1 	 1 	 1 	 1 	 1 	 81 	  	 0
Tutor233 	 233 	 0 	 120 	 0 	 120 	 0 	 3 	 0 	 3 	 1 	 0 	 0 	 1 	 1 	 0 	 1 	 1 	 0 	 1 	 1 	 1 	 1 	 1 	 1 	 1 	 18 	  	 2 	 53 	 63
Tutor234 	 234 	 0 	 120 	 0 	 120 	 0 	 3 	 0 	 3 	 1 	 0 	 1 	 0 	 0 	 0 	 0 	 0 	 0 	 1 	 1 	 1 	 1 	 1 	 1 	 0 	  	 3 	 10 	 90 	 52
Tutor235 	 235 	 0 	 120 	 0 	 120 	 0 	 3 	 0 	 3 	 0 	 1 	 1 	 0 	 0 	 0 	 0 	 1 	 0 	 1 	 1 	 1 	 1 	 1 	 1 	 0 	  	 0
Tutor236 	 236 	 0 	 120 	 0 	 120 	 0 	 3 	 0 	 3 	 0 	 0 	 1 	 0 	 0 	 0 	 0 	 0 	 0 	 1 	 1 	 1 	 1 	 1 	 1 	 0 	  	 2 	 44 	 75
Tutor237 	 237 	 0 	 120 	 0 	 120 	 0 	 3 	 0 	 3 	 1 	 0 	 0 	 0 	 1 	 0 	 0 	 1 	 0 	 1 	 1 	 1 	 1 	 1 	 1 	 1 	 21 	  	 3 	 49 	 36 	 58
Tutor238 	 238 	 0 	 120 	 0 	 120 	 0 	 3 	 0 	 3 	 0 	 0 	 0 	 0 	 0 	 1 	 0 	 0 	 0 	 1 	 1 	 1 	 1 	 1 	 1 	 0 	  	 1 	 76
Tutor239 	 239 	 0 	 120 	 0 	 120 	 0 	 3 	 0 	 3 	 0 	 0 	 0 	 0 	 0 	 0 	 0 	 0 	 1 	 1 	 1 	 1 	 1 	 1 	 1 	 0 	  	 5 	 33 	 12 	 8 	 26 	 48
Tutor240 	 240 	 0 	 120 	 0 	 120 	 0 	 3 	 0 	 3 	 0 	 0 	 0 	 0 	 0 	 0 	 0 	 0 	 0 	 1 	 1 	 1 	 1 	 1 	 1 	 1 	 112 	  	 3 	 90 	 53 	 86
Tutor241 	 241 	 0 	 120 	 0 	 120 	 0 	 3 	 0 	 3 	 0 	 0 	 0 	 0 	 0 	 1 	 0 	 1 	 0 	 1 	 1 	 1 	 1 	 1 	 1 	 1 	 59 	  	 6 	 11 	 44 	 65 	 54 	 80 	 74
Tutor242 	 242 	 0 	 120 	 0 	 120 	 0 	 3 	 0 	 3 	 0 	 0 	 0 	 0 	 0 	 0 	 0 	 0 	 0 	 1 	 0 	 0 	 0 	 0 	 0 	 1 	 106 	  	 8 	 47 	 2 	 34 	 42 	 65 	 31 	 10 	 23
Tutor243 	 243 	 0 	 120 	 0 	 120 	 0 	 3 	 0 	 3 	 0 	 0 	 0 	 0 	 1 	 0 	 0 	 0 	 0 	 1 	 1 	 1 	 1 	 1 	 1 	 1 	 54 	  	 1 	 81
Tutor244 	 244 	 0 	 120 	 0 	 120 	 0 	 3 	 0 	 3 	 0 	 0 	 0 	 1 	 0 	 1 	 0 	 0 	 0 	 1 	 1 	 1 	 1 	 1 	 1 	 0 	  	 4 	 1 	 10 	 45 	 14
Tutor245 	 245 	 0 	 120 	 0 	 120 	 0 	 3 	 0 	 3 	 1 	 0 	 0 	 1 	 0 	 0 	 0 	 0 	 0 	 1 	 1 	 1 	 1 	 1 	 1 	 0 	  	 7 	 83 	 80 	 17 	 2 	 0 	 28 	 24
Tutor246 	 246 	 0 	 120 	 0 	 120 	 0 	 3 	 0 	 3 	 0 	 0 	 0 	 0 	 0 	 0 	 0 	 0 	 0 	 1 	 1 	 1 	 1 	 1 	 1 	 1 	 19 	  	 3 	 84 	 13 	 28
Tutor247 	 247 	 0 	 120 	 0 	 120 	 0 	 3 	 0 	 3 	 0 	 0 	 1 	 1 	 0 	 0 	 0 	 0 	 0 	 1 	 1 	 1 	 1 	 1 	 1 	 0 	  	 8 	 47 	 70 	 38 	 24 	 45 	 14 	 27 	 10
Tutor248 	 248 	 0 	 120 	 0 	 120 	 0 	 3 	 0 	 3 	 1 	 0 	 0 	 0 	 0 	 0 	 0 	 0 	 0 	 1 	 1 	 1 	 1 	 1 	 1 	 1 	 50 	  	 1 	 56
Tutor249 	 249 	 0 	 120 	 0 	 120 	 0 	 3 	 0 	 3 	 0 	 0 	 0 	 0 	 0 	 1 	 0 	 0 	 1 	 1 	 1 	 1 	 1 	 1 	 1 	 0 	  	 0
