121
0	1	0	7	3	4	5	6	7	8	9	
1	3	0	9	211	212	213	214	215	216	217	218	219	
2	4	0	9	96	97	98	99	100	101	102	103	104	
3	5	0	21	58	59	60	61	62	63	64	65	66	67	68	69	70	71	72	73	74	75	76	77	78	
4	7	0	1	92	
5	9	0	1	193	
6	10	0	1	94	
7	11	0	21	58	59	60	61	62	63	64	65	66	67	68	69	70	71	72	73	74	75	76	77	78	
8	15	0	1	238	
9	17	0	1	145	
10	18	0	3	0	1	2	
11	19	0	1	210	
12	21	0	3	289	290	291	
13	22	0	21	58	59	60	61	62	63	64	65	66	67	68	69	70	71	72	73	74	75	76	77	78	
14	25	0	21	58	59	60	61	62	63	64	65	66	67	68	69	70	71	72	73	74	75	76	77	78	
15	29	0	21	122	123	124	125	126	127	128	129	130	131	132	133	134	135	136	137	138	139	140	141	142	
16	30	0	21	263	264	265	266	267	268	269	270	271	272	273	274	275	276	277	278	279	280	281	282	283	
17	35	0	1	198	
18	36	0	3	240	241	242	
19	37	0	3	286	287	288	
20	38	0	1	79	
21	39	0	3	337	338	339	
22	43	0	1	341	
23	44	0	1	20	
24	45	0	1	253	
25	50	0	1	149	
26	52	0	1	189	
27	55	0	1	10	
28	57	0	1	54	
29	60	0	9	96	97	98	99	100	101	102	103	104	
30	61	0	1	248	
31	62	0	21	301	302	303	304	305	306	307	308	309	310	311	312	313	314	315	316	317	318	319	320	321	
32	63	0	1	249	
33	64	0	3	160	161	162	
34	66	0	1	121	
35	67	0	1	106	
36	69	0	1	292	
37	70	0	1	147	
38	73	0	7	24	25	26	27	28	29	30	
39	74	0	1	11	
40	75	0	12	108	109	110	111	112	113	114	115	116	117	118	119	
41	76	0	7	34	35	36	37	38	39	40	
42	77	0	1	257	
43	78	0	1	300	
44	79	0	24	163	164	165	166	167	168	169	170	171	172	173	174	175	176	177	178	179	180	181	182	183	184	185	186	
45	81	0	24	163	164	165	166	167	168	169	170	171	172	173	174	175	176	177	178	179	180	181	182	183	184	185	186	
46	82	0	21	263	264	265	266	267	268	269	270	271	272	273	274	275	276	277	278	279	280	281	282	283	
47	85	0	3	80	81	82	
48	86	0	1	194	
49	87	0	1	261	
50	88	0	1	21	
51	89	0	7	84	85	86	87	88	89	90	
52	90	0	1	93	
53	91	0	1	120	
54	93	0	24	163	164	165	166	167	168	169	170	171	172	173	174	175	176	177	178	179	180	181	182	183	184	185	186	
55	96	0	21	263	264	265	266	267	268	269	270	271	272	273	274	275	276	277	278	279	280	281	282	283	
56	103	0	21	122	123	124	125	126	127	128	129	130	131	132	133	134	135	136	137	138	139	140	141	142	
57	105	0	1	146	
58	106	0	1	22	
59	109	0	9	211	212	213	214	215	216	217	218	219	
60	113	0	1	91	
61	120	0	21	122	123	124	125	126	127	128	129	130	131	132	133	134	135	136	137	138	139	140	141	142	
62	122	0	1	31	
63	123	0	7	41	42	43	44	45	46	47	
64	127	0	1	196	
65	129	0	7	293	294	295	296	297	298	299	
66	133	0	1	53	
67	138	0	24	163	164	165	166	167	168	169	170	171	172	173	174	175	176	177	178	179	180	181	182	183	184	185	186	
68	140	0	1	284	
69	143	0	7	323	324	325	326	327	328	329	
70	144	0	1	51	
71	146	0	1	340	
72	150	0	1	95	
73	152	0	9	199	200	201	202	203	204	205	206	207	
74	155	0	1	322	
75	156	0	1	256	
76	161	0	1	187	
77	162	0	3	243	244	245	
78	163	0	1	107	
79	166	0	9	199	200	201	202	203	204	205	206	207	
80	167	0	7	12	13	14	15	16	17	18	
81	171	0	21	122	123	124	125	126	127	128	129	130	131	132	133	134	135	136	137	138	139	140	141	142	
82	172	0	1	143	
83	173	0	3	258	259	260	
84	174	0	1	342	
85	177	0	1	32	
86	181	0	3	250	251	252	
87	182	0	1	247	
88	183	0	1	52	
89	184	0	1	83	
90	186	0	3	190	191	192	
91	188	0	18	220	221	222	223	224	225	226	227	228	229	230	231	232	233	234	235	236	237	
92	190	0	7	153	154	155	156	157	158	159	
93	191	0	1	188	
94	192	0	1	246	
95	193	0	1	33	
96	195	0	1	148	
97	196	0	1	239	
98	198	0	1	285	
99	199	0	1	19	
100	201	0	21	301	302	303	304	305	306	307	308	309	310	311	312	313	314	315	316	317	318	319	320	321	
101	203	0	21	263	264	265	266	267	268	269	270	271	272	273	274	275	276	277	278	279	280	281	282	283	
102	204	0	3	150	151	152	
103	205	0	1	209	
104	211	0	1	105	
105	215	0	1	208	
106	220	0	1	255	
107	221	0	18	220	221	222	223	224	225	226	227	228	229	230	231	232	233	234	235	236	237	
108	227	0	21	301	302	303	304	305	306	307	308	309	310	311	312	313	314	315	316	317	318	319	320	321	
109	229	0	1	262	
110	230	0	18	220	221	222	223	224	225	226	227	228	229	230	231	232	233	234	235	236	237	
111	231	0	1	23	
112	232	0	1	197	
113	237	0	1	254	
114	238	0	21	301	302	303	304	305	306	307	308	309	310	311	312	313	314	315	316	317	318	319	320	321	
115	239	0	3	48	49	50	
116	244	0	1	144	
117	245	0	12	108	109	110	111	112	113	114	115	116	117	118	119	
118	246	0	3	55	56	57	
119	247	0	1	195	
120	249	0	7	330	331	332	333	334	335	336	
