1952	1552	400
0	0	2	6	1	0	
1	0	2	12	2	0	1	
2	0	2	18	3	0	1	2	
3	0	2	6	1	1	
4	0	2	12	2	1	2	
5	0	2	18	3	1	2	3	
6	0	2	6	1	2	
7	0	2	12	2	2	3	
8	0	2	6	1	3	
9	1	2	12	1	4	
10	2	1	5	1	5	
11	3	1	6	1	6	
12	3	1	12	2	6	7	
13	3	1	6	1	7	
14	4	1	11	1	8	
15	5	2	5	1	9	
16	6	2	6	1	10	
17	6	2	18	2	10	11	
18	6	2	24	3	10	11	12	
19	6	2	12	2	10	12	
20	6	2	12	1	11	
21	6	2	18	2	11	12	
22	6	2	6	1	12	
23	7	2	11	1	13	
24	7	2	33	2	13	14	
25	7	2	44	3	13	14	15	
26	7	2	22	2	13	15	
27	7	2	22	1	14	
28	7	2	33	2	14	15	
29	7	2	11	1	15	
30	8	2	11	1	16	
31	8	2	22	2	16	17	
32	8	2	33	3	16	17	18	
33	8	2	11	1	17	
34	8	2	22	2	17	18	
35	8	2	33	3	17	18	19	
36	8	2	11	1	18	
37	8	2	22	2	18	19	
38	8	2	33	3	18	19	20	
39	8	2	11	1	19	
40	8	2	22	2	19	20	
41	8	2	33	3	19	20	21	
42	8	2	11	1	20	
43	8	2	22	2	20	21	
44	8	2	33	3	20	21	22	
45	8	2	11	1	21	
46	8	2	22	2	21	22	
47	8	2	33	3	21	22	23	
48	8	2	11	1	22	
49	8	2	22	2	22	23	
50	8	2	11	1	23	
51	9	1	10	1	24	
52	10	1	6	1	25	
53	11	1	6	1	26	
54	12	1	33	1	27	
55	12	1	44	2	27	28	
56	12	1	11	1	28	
57	13	1	11	1	29	
58	14	2	6	1	30	
59	15	2	11	1	31	
60	16	1	11	1	32	
61	16	1	22	2	32	33	
62	16	1	33	3	32	33	34	
63	16	1	11	1	33	
64	16	1	22	2	33	34	
65	16	1	33	3	33	34	35	
66	16	1	11	1	34	
67	16	1	22	2	34	35	
68	16	1	33	3	34	35	36	
69	16	1	11	1	35	
70	16	1	22	2	35	36	
71	16	1	11	1	36	
72	17	1	5	1	37	
73	18	2	11	1	38	
74	19	2	22	1	39	
75	20	2	11	1	40	
76	20	2	22	2	40	41	
77	20	2	33	3	40	41	42	
78	20	2	11	1	41	
79	20	2	22	2	41	42	
80	20	2	33	3	41	42	43	
81	20	2	11	1	42	
82	20	2	22	2	42	43	
83	20	2	11	1	43	
84	21	2	10	1	44	
85	22	1	10	1	45	
86	23	1	6	1	46	
87	23	1	12	2	46	47	
88	23	1	18	3	46	47	48	
89	23	1	6	1	47	
90	23	1	12	2	47	48	
91	23	1	18	3	47	48	49	
92	23	1	6	1	48	
93	23	1	12	2	48	49	
94	23	1	18	3	48	49	50	
95	23	1	6	1	49	
96	23	1	12	2	49	50	
97	23	1	18	3	49	50	51	
98	23	1	6	1	50	
99	23	1	12	2	50	51	
100	23	1	18	3	50	51	52	
101	23	1	6	1	51	
102	23	1	12	2	51	52	
103	23	1	18	3	51	52	53	
104	23	1	6	1	52	
105	23	1	12	2	52	53	
106	23	1	6	1	53	
107	24	1	11	1	54	
108	25	1	11	1	55	
109	26	2	5	1	56	
110	27	2	12	1	57	
111	27	2	18	2	57	58	
112	27	2	6	1	58	
113	28	1	6	1	59	
114	29	2	10	1	60	
115	30	2	11	1	61	
116	31	2	6	1	62	
117	31	2	12	2	62	63	
118	31	2	30	3	62	63	64	
119	31	2	24	2	62	64	
120	31	2	6	1	63	
121	31	2	24	2	63	64	
122	31	2	18	1	64	
123	32	2	5	1	65	
124	33	2	5	1	66	
125	33	2	15	2	66	67	
126	33	2	20	3	66	67	68	
127	33	2	10	2	66	68	
128	33	2	10	1	67	
129	33	2	15	2	67	68	
130	33	2	5	1	68	
131	34	1	6	1	69	
132	35	2	6	1	70	
133	36	2	6	1	71	
134	36	2	12	2	71	72	
135	36	2	18	3	71	72	73	
136	36	2	6	1	72	
137	36	2	12	2	72	73	
138	36	2	18	3	72	73	74	
139	36	2	6	1	73	
140	36	2	12	2	73	74	
141	36	2	18	3	73	74	75	
142	36	2	6	1	74	
143	36	2	12	2	74	75	
144	36	2	18	3	74	75	76	
145	36	2	6	1	75	
146	36	2	12	2	75	76	
147	36	2	18	3	75	76	77	
148	36	2	6	1	76	
149	36	2	12	2	76	77	
150	36	2	18	3	76	77	78	
151	36	2	6	1	77	
152	36	2	12	2	77	78	
153	36	2	6	1	78	
154	37	1	10	1	79	
155	38	1	5	1	80	
156	39	1	11	1	81	
157	40	1	5	1	82	
158	41	1	5	1	83	
159	42	2	5	1	84	
160	43	1	5	1	85	
161	44	1	5	1	86	
162	44	1	10	2	86	87	
163	44	1	15	3	86	87	88	
164	44	1	5	1	87	
165	44	1	10	2	87	88	
166	44	1	15	3	87	88	89	
167	44	1	5	1	88	
168	44	1	10	2	88	89	
169	44	1	15	3	88	89	90	
170	44	1	5	1	89	
171	44	1	10	2	89	90	
172	44	1	15	3	89	90	91	
173	44	1	5	1	90	
174	44	1	10	2	90	91	
175	44	1	5	1	91	
176	45	1	6	1	92	
177	46	1	22	1	93	
178	47	2	6	1	94	
179	48	1	6	1	95	
180	49	1	6	1	96	
181	50	2	5	1	97	
182	51	2	10	1	98	
183	52	2	11	1	99	
184	53	1	5	1	100	
185	54	1	6	1	101	
186	55	1	5	1	102	
187	55	1	10	2	102	103	
188	55	1	5	1	103	
189	56	2	5	1	104	
190	57	1	5	1	105	
191	58	1	6	1	106	
192	59	1	11	1	107	
193	60	1	12	1	108	
194	61	1	6	1	109	
195	61	1	12	2	109	110	
196	61	1	18	3	109	110	111	
197	61	1	6	1	110	
198	61	1	12	2	110	111	
199	61	1	18	3	110	111	112	
200	61	1	6	1	111	
201	61	1	12	2	111	112	
202	61	1	18	3	111	112	113	
203	61	1	6	1	112	
204	61	1	12	2	112	113	
205	61	1	18	3	112	113	114	
206	61	1	6	1	113	
207	61	1	12	2	113	114	
208	61	1	18	3	113	114	115	
209	61	1	6	1	114	
210	61	1	12	2	114	115	
211	61	1	18	3	114	115	116	
212	61	1	6	1	115	
213	61	1	12	2	115	116	
214	61	1	6	1	116	
215	62	2	5	1	117	
216	62	2	10	2	117	118	
217	62	2	5	1	118	
218	63	2	6	1	119	
219	64	1	11	1	120	
220	65	2	10	1	121	
221	65	2	15	2	121	122	
222	65	2	20	3	121	122	123	
223	65	2	15	2	121	123	
224	65	2	5	1	122	
225	65	2	10	2	122	123	
226	65	2	5	1	123	
227	66	2	6	1	124	
228	67	2	6	1	125	
229	68	2	12	1	126	
230	69	1	5	1	127	
231	70	1	12	1	128	
232	71	2	6	1	129	
233	72	1	5	1	130	
234	72	1	10	2	130	131	
235	72	1	15	3	130	131	132	
236	72	1	5	1	131	
237	72	1	10	2	131	132	
238	72	1	15	3	131	132	133	
239	72	1	5	1	132	
240	72	1	10	2	132	133	
241	72	1	15	3	132	133	134	
242	72	1	5	1	133	
243	72	1	10	2	133	134	
244	72	1	15	3	133	134	135	
245	72	1	5	1	134	
246	72	1	10	2	134	135	
247	72	1	15	3	134	135	136	
248	72	1	5	1	135	
249	72	1	10	2	135	136	
250	72	1	5	1	136	
251	73	2	11	1	137	
252	73	2	22	2	137	138	
253	73	2	33	3	137	138	139	
254	73	2	22	2	137	139	
255	73	2	11	1	138	
256	73	2	22	2	138	139	
257	73	2	11	1	139	
258	74	1	22	1	140	
259	75	2	5	1	141	
260	76	1	5	1	142	
261	77	2	11	1	143	
262	78	2	10	1	144	
263	78	2	15	2	144	145	
264	78	2	20	3	144	145	146	
265	78	2	15	2	144	146	
266	78	2	5	1	145	
267	78	2	10	2	145	146	
268	78	2	5	1	146	
269	79	1	6	1	147	
270	80	2	12	1	148	
271	81	2	10	1	149	
272	81	2	15	2	149	150	
273	81	2	20	3	149	150	151	
274	81	2	15	2	149	151	
275	81	2	5	1	150	
276	81	2	10	2	150	151	
277	81	2	5	1	151	
278	82	1	10	1	152	
279	83	2	5	1	153	
280	84	2	10	1	154	
281	84	2	15	2	154	155	
282	84	2	20	3	154	155	156	
283	84	2	15	2	154	156	
284	84	2	5	1	155	
285	84	2	10	2	155	156	
286	84	2	5	1	156	
287	85	2	11	1	157	
288	86	1	10	1	158	
289	87	1	6	1	159	
290	87	1	12	2	159	160	
291	87	1	6	1	160	
292	88	2	5	1	161	
293	88	2	10	2	161	162	
294	88	2	15	3	161	162	163	
295	88	2	10	2	161	163	
296	88	2	5	1	162	
297	88	2	10	2	162	163	
298	88	2	5	1	163	
299	89	1	11	1	164	
300	90	2	11	1	165	
301	91	2	22	1	166	
302	92	2	10	1	167	
303	92	2	15	2	167	168	
304	92	2	5	1	168	
305	93	2	6	1	169	
306	94	2	11	1	170	
307	95	1	5	1	171	
308	95	1	10	2	171	172	
309	95	1	5	1	172	
310	96	1	6	1	173	
311	96	1	12	2	173	174	
312	96	1	6	1	174	
313	97	2	11	1	175	
314	98	1	5	1	176	
315	98	1	10	2	176	177	
316	98	1	15	3	176	177	178	
317	98	1	5	1	177	
318	98	1	10	2	177	178	
319	98	1	15	3	177	178	179	
320	98	1	5	1	178	
321	98	1	10	2	178	179	
322	98	1	15	3	178	179	180	
323	98	1	5	1	179	
324	98	1	10	2	179	180	
325	98	1	15	3	179	180	181	
326	98	1	5	1	180	
327	98	1	10	2	180	181	
328	98	1	15	3	180	181	182	
329	98	1	5	1	181	
330	98	1	10	2	181	182	
331	98	1	5	1	182	
332	99	1	10	1	183	
333	100	1	5	1	184	
334	101	2	5	1	185	
335	102	1	10	1	186	
336	102	1	15	2	186	187	
337	102	1	20	3	186	187	188	
338	102	1	15	2	186	188	
339	102	1	5	1	187	
340	102	1	10	2	187	188	
341	102	1	5	1	188	
342	103	2	5	1	189	
343	103	2	10	2	189	190	
344	103	2	15	3	189	190	191	
345	103	2	10	2	189	191	
346	103	2	5	1	190	
347	103	2	10	2	190	191	
348	103	2	5	1	191	
349	104	1	6	1	192	
350	105	2	6	1	193	
351	106	2	6	1	194	
352	107	1	5	1	195	
353	108	1	5	1	196	
354	109	1	11	1	197	
355	110	1	5	1	198	
356	110	1	10	2	198	199	
357	110	1	15	3	198	199	200	
358	110	1	10	2	198	200	
359	110	1	5	1	199	
360	110	1	10	2	199	200	
361	110	1	5	1	200	
362	111	2	11	1	201	
363	112	2	6	1	202	
364	113	2	11	1	203	
365	113	2	22	2	203	204	
366	113	2	33	3	203	204	205	
367	113	2	11	1	204	
368	113	2	22	2	204	205	
369	113	2	33	3	204	205	206	
370	113	2	11	1	205	
371	113	2	22	2	205	206	
372	113	2	33	3	205	206	207	
373	113	2	11	1	206	
374	113	2	22	2	206	207	
375	113	2	11	1	207	
376	114	1	6	1	208	
377	115	2	11	1	209	
378	116	1	5	1	210	
379	117	1	5	1	211	
380	117	1	15	2	211	212	
381	117	1	10	1	212	
382	118	1	5	1	213	
383	119	2	11	1	214	
384	120	1	6	1	215	
385	121	2	6	1	216	
386	121	2	12	2	216	217	
387	121	2	18	3	216	217	218	
388	121	2	6	1	217	
389	121	2	12	2	217	218	
390	121	2	18	3	217	218	219	
391	121	2	6	1	218	
392	121	2	12	2	218	219	
393	121	2	6	1	219	
394	122	1	11	1	220	
395	123	1	11	1	221	
396	123	1	22	2	221	222	
397	123	1	11	1	222	
398	124	2	11	1	223	
399	125	2	11	1	224	
400	126	2	11	1	225	
401	127	1	6	1	226	
402	127	1	12	2	226	227	
403	127	1	18	3	226	227	228	
404	127	1	6	1	227	
405	127	1	12	2	227	228	
406	127	1	18	3	227	228	229	
407	127	1	6	1	228	
408	127	1	12	2	228	229	
409	127	1	18	3	228	229	230	
410	127	1	6	1	229	
411	127	1	12	2	229	230	
412	127	1	18	3	229	230	231	
413	127	1	6	1	230	
414	127	1	12	2	230	231	
415	127	1	18	3	230	231	232	
416	127	1	6	1	231	
417	127	1	12	2	231	232	
418	127	1	18	3	231	232	233	
419	127	1	6	1	232	
420	127	1	12	2	232	233	
421	127	1	18	3	232	233	234	
422	127	1	6	1	233	
423	127	1	12	2	233	234	
424	127	1	6	1	234	
425	128	1	5	1	235	
426	128	1	10	2	235	236	
427	128	1	15	3	235	236	237	
428	128	1	5	1	236	
429	128	1	10	2	236	237	
430	128	1	15	3	236	237	238	
431	128	1	5	1	237	
432	128	1	10	2	237	238	
433	128	1	15	3	237	238	239	
434	128	1	5	1	238	
435	128	1	10	2	238	239	
436	128	1	15	3	238	239	240	
437	128	1	5	1	239	
438	128	1	10	2	239	240	
439	128	1	5	1	240	
440	129	2	22	1	241	
441	130	2	5	1	242	
442	130	2	10	2	242	243	
443	130	2	15	3	242	243	244	
444	130	2	5	1	243	
445	130	2	10	2	243	244	
446	130	2	15	3	243	244	245	
447	130	2	5	1	244	
448	130	2	10	2	244	245	
449	130	2	5	1	245	
450	131	1	5	1	246	
451	132	2	6	1	247	
452	133	1	11	1	248	
453	134	2	11	1	249	
454	135	2	5	1	250	
455	136	1	22	1	251	
456	137	2	10	1	252	
457	138	2	22	1	253	
458	139	1	5	1	254	
459	140	1	22	1	255	
460	140	1	44	2	255	256	
461	140	1	22	1	256	
462	141	2	6	1	257	
463	142	1	6	1	258	
464	142	1	12	2	258	259	
465	142	1	6	1	259	
466	143	1	11	1	260	
467	144	2	5	1	261	
468	145	2	11	1	262	
469	146	1	5	1	263	
470	146	1	10	2	263	264	
471	146	1	5	1	264	
472	147	2	6	1	265	
473	147	2	18	2	265	266	
474	147	2	12	1	266	
475	148	2	6	1	267	
476	149	2	6	1	268	
477	150	1	12	1	269	
478	151	1	11	1	270	
479	151	1	22	2	270	271	
480	151	1	33	3	270	271	272	
481	151	1	11	1	271	
482	151	1	22	2	271	272	
483	151	1	33	3	271	272	273	
484	151	1	11	1	272	
485	151	1	22	2	272	273	
486	151	1	33	3	272	273	274	
487	151	1	11	1	273	
488	151	1	22	2	273	274	
489	151	1	33	3	273	274	275	
490	151	1	11	1	274	
491	151	1	22	2	274	275	
492	151	1	11	1	275	
493	152	1	11	1	276	
494	153	1	5	1	277	
495	153	1	10	2	277	278	
496	153	1	15	3	277	278	279	
497	153	1	5	1	278	
498	153	1	10	2	278	279	
499	153	1	15	3	278	279	280	
500	153	1	5	1	279	
501	153	1	10	2	279	280	
502	153	1	15	3	279	280	281	
503	153	1	5	1	280	
504	153	1	10	2	280	281	
505	153	1	5	1	281	
506	154	1	5	1	282	
507	155	2	5	1	283	
508	155	2	10	2	283	284	
509	155	2	5	1	284	
510	156	1	6	1	285	
511	157	1	5	1	286	
512	158	1	11	1	287	
513	159	1	22	1	288	
514	160	2	11	1	289	
515	160	2	22	2	289	290	
516	160	2	11	1	290	
517	161	2	5	1	291	
518	162	1	5	1	292	
519	162	1	10	2	292	293	
520	162	1	5	1	293	
521	163	1	6	1	294	
522	164	2	5	1	295	
523	164	2	10	2	295	296	
524	164	2	15	3	295	296	297	
525	164	2	5	1	296	
526	164	2	10	2	296	297	
527	164	2	15	3	296	297	298	
528	164	2	5	1	297	
529	164	2	10	2	297	298	
530	164	2	15	3	297	298	299	
531	164	2	5	1	298	
532	164	2	10	2	298	299	
533	164	2	15	3	298	299	300	
534	164	2	5	1	299	
535	164	2	10	2	299	300	
536	164	2	15	3	299	300	301	
537	164	2	5	1	300	
538	164	2	10	2	300	301	
539	164	2	15	3	300	301	302	
540	164	2	5	1	301	
541	164	2	10	2	301	302	
542	164	2	15	3	301	302	303	
543	164	2	5	1	302	
544	164	2	10	2	302	303	
545	164	2	5	1	303	
546	165	2	22	1	304	
547	166	2	11	1	305	
548	167	2	12	1	306	
549	168	1	10	1	307	
550	168	1	15	2	307	308	
551	168	1	5	1	308	
552	169	1	11	1	309	
553	169	1	22	2	309	310	
554	169	1	33	3	309	310	311	
555	169	1	11	1	310	
556	169	1	22	2	310	311	
557	169	1	33	3	310	311	312	
558	169	1	11	1	311	
559	169	1	22	2	311	312	
560	169	1	11	1	312	
561	170	1	11	1	313	
562	171	2	11	1	314	
563	171	2	22	2	314	315	
564	171	2	33	3	314	315	316	
565	171	2	22	2	314	316	
566	171	2	11	1	315	
567	171	2	22	2	315	316	
568	171	2	11	1	316	
569	172	1	5	1	317	
570	173	2	5	1	318	
571	174	1	5	1	319	
572	174	1	10	2	319	320	
573	174	1	15	3	319	320	321	
574	174	1	5	1	320	
575	174	1	10	2	320	321	
576	174	1	15	3	320	321	322	
577	174	1	5	1	321	
578	174	1	10	2	321	322	
579	174	1	15	3	321	322	323	
580	174	1	5	1	322	
581	174	1	10	2	322	323	
582	174	1	15	3	322	323	324	
583	174	1	5	1	323	
584	174	1	10	2	323	324	
585	174	1	15	3	323	324	325	
586	174	1	5	1	324	
587	174	1	10	2	324	325	
588	174	1	15	3	324	325	326	
589	174	1	5	1	325	
590	174	1	10	2	325	326	
591	174	1	15	3	325	326	327	
592	174	1	5	1	326	
593	174	1	10	2	326	327	
594	174	1	5	1	327	
595	175	2	6	1	328	
596	176	1	6	1	329	
597	176	1	18	2	329	330	
598	176	1	24	3	329	330	331	
599	176	1	12	2	329	331	
600	176	1	12	1	330	
601	176	1	18	2	330	331	
602	176	1	6	1	331	
603	177	1	10	1	332	
604	178	1	6	1	333	
605	178	1	12	2	333	334	
606	178	1	6	1	334	
607	179	1	6	1	335	
608	180	1	5	1	336	
609	181	1	6	1	337	
610	181	1	12	2	337	338	
611	181	1	6	1	338	
612	182	2	11	1	339	
613	183	1	11	1	340	
614	184	1	12	1	341	
615	185	1	5	1	342	
616	186	1	33	1	343	
617	187	1	5	1	344	
618	188	2	11	1	345	
619	188	2	22	2	345	346	
620	188	2	11	1	346	
621	189	2	11	1	347	
622	189	2	22	2	347	348	
623	189	2	33	3	347	348	349	
624	189	2	11	1	348	
625	189	2	22	2	348	349	
626	189	2	33	3	348	349	350	
627	189	2	11	1	349	
628	189	2	22	2	349	350	
629	189	2	33	3	349	350	351	
630	189	2	11	1	350	
631	189	2	22	2	350	351	
632	189	2	33	3	350	351	352	
633	189	2	11	1	351	
634	189	2	22	2	351	352	
635	189	2	33	3	351	352	353	
636	189	2	11	1	352	
637	189	2	22	2	352	353	
638	189	2	33	3	352	353	354	
639	189	2	11	1	353	
640	189	2	22	2	353	354	
641	189	2	11	1	354	
642	190	1	22	1	355	
643	191	2	6	1	356	
644	192	1	11	1	357	
645	192	1	22	2	357	358	
646	192	1	33	3	357	358	359	
647	192	1	11	1	358	
648	192	1	22	2	358	359	
649	192	1	33	3	358	359	360	
650	192	1	11	1	359	
651	192	1	22	2	359	360	
652	192	1	33	3	359	360	361	
653	192	1	11	1	360	
654	192	1	22	2	360	361	
655	192	1	33	3	360	361	362	
656	192	1	11	1	361	
657	192	1	22	2	361	362	
658	192	1	33	3	361	362	363	
659	192	1	11	1	362	
660	192	1	22	2	362	363	
661	192	1	33	3	362	363	364	
662	192	1	11	1	363	
663	192	1	22	2	363	364	
664	192	1	33	3	363	364	365	
665	192	1	11	1	364	
666	192	1	22	2	364	365	
667	192	1	11	1	365	
668	193	2	5	1	366	
669	193	2	10	2	366	367	
670	193	2	5	1	367	
671	194	1	11	1	368	
672	195	2	11	1	369	
673	195	2	33	2	369	370	
674	195	2	44	3	369	370	371	
675	195	2	22	2	369	371	
676	195	2	22	1	370	
677	195	2	33	2	370	371	
678	195	2	11	1	371	
679	196	2	10	1	372	
680	197	1	22	1	373	
681	198	1	11	1	374	
682	199	2	5	1	375	
683	200	1	6	1	376	
684	200	1	12	2	376	377	
685	200	1	18	3	376	377	378	
686	200	1	6	1	377	
687	200	1	12	2	377	378	
688	200	1	18	3	377	378	379	
689	200	1	6	1	378	
690	200	1	12	2	378	379	
691	200	1	18	3	378	379	380	
692	200	1	6	1	379	
693	200	1	12	2	379	380	
694	200	1	18	3	379	380	381	
695	200	1	6	1	380	
696	200	1	12	2	380	381	
697	200	1	18	3	380	381	382	
698	200	1	6	1	381	
699	200	1	12	2	381	382	
700	200	1	18	3	381	382	383	
701	200	1	6	1	382	
702	200	1	12	2	382	383	
703	200	1	6	1	383	
704	201	1	5	1	384	
705	201	1	10	2	384	385	
706	201	1	15	3	384	385	386	
707	201	1	5	1	385	
708	201	1	10	2	385	386	
709	201	1	15	3	385	386	387	
710	201	1	5	1	386	
711	201	1	10	2	386	387	
712	201	1	15	3	386	387	388	
713	201	1	5	1	387	
714	201	1	10	2	387	388	
715	201	1	15	3	387	388	389	
716	201	1	5	1	388	
717	201	1	10	2	388	389	
718	201	1	15	3	388	389	390	
719	201	1	5	1	389	
720	201	1	10	2	389	390	
721	201	1	15	3	389	390	391	
722	201	1	5	1	390	
723	201	1	10	2	390	391	
724	201	1	5	1	391	
725	202	2	12	1	392	
726	202	2	18	2	392	393	
727	202	2	30	3	392	393	394	
728	202	2	24	2	392	394	
729	202	2	6	1	393	
730	202	2	18	2	393	394	
731	202	2	12	1	394	
732	203	2	11	1	395	
733	203	2	22	2	395	396	
734	203	2	33	3	395	396	397	
735	203	2	11	1	396	
736	203	2	22	2	396	397	
737	203	2	33	3	396	397	398	
738	203	2	11	1	397	
739	203	2	22	2	397	398	
740	203	2	33	3	397	398	399	
741	203	2	11	1	398	
742	203	2	22	2	398	399	
743	203	2	33	3	398	399	400	
744	203	2	11	1	399	
745	203	2	22	2	399	400	
746	203	2	33	3	399	400	401	
747	203	2	11	1	400	
748	203	2	22	2	400	401	
749	203	2	33	3	400	401	402	
750	203	2	11	1	401	
751	203	2	22	2	401	402	
752	203	2	33	3	401	402	403	
753	203	2	11	1	402	
754	203	2	22	2	402	403	
755	203	2	11	1	403	
756	204	2	11	1	404	
757	204	2	22	2	404	405	
758	204	2	44	3	404	405	406	
759	204	2	33	2	404	406	
760	204	2	11	1	405	
761	204	2	33	2	405	406	
762	204	2	22	1	406	
763	205	2	6	1	407	
764	206	2	10	1	408	
765	207	2	22	1	409	
766	208	1	6	1	410	
767	209	1	11	1	411	
768	210	2	6	1	412	
769	211	2	6	1	413	
770	211	2	12	2	413	414	
771	211	2	6	1	414	
772	212	1	6	1	415	
773	212	1	12	2	415	416	
774	212	1	6	1	416	
775	213	2	5	1	417	
776	214	2	11	1	418	
777	215	2	5	1	419	
778	216	2	5	1	420	
779	216	2	10	2	420	421	
780	216	2	5	1	421	
781	217	1	22	1	422	
782	218	2	6	1	423	
783	219	2	11	1	424	
784	220	2	6	1	425	
785	221	1	22	1	426	
786	222	2	5	1	427	
787	222	2	10	2	427	428	
788	222	2	20	3	427	428	429	
789	222	2	15	2	427	429	
790	222	2	5	1	428	
791	222	2	15	2	428	429	
792	222	2	10	1	429	
793	223	2	6	1	430	
794	223	2	18	2	430	431	
795	223	2	24	3	430	431	432	
796	223	2	12	2	430	432	
797	223	2	12	1	431	
798	223	2	18	2	431	432	
799	223	2	6	1	432	
800	224	1	6	1	433	
801	225	2	5	1	434	
802	226	2	11	1	435	
803	226	2	33	2	435	436	
804	226	2	44	3	435	436	437	
805	226	2	22	2	435	437	
806	226	2	22	1	436	
807	226	2	33	2	436	437	
808	226	2	11	1	437	
809	227	1	6	1	438	
810	227	1	18	2	438	439	
811	227	1	24	3	438	439	440	
812	227	1	12	2	438	440	
813	227	1	12	1	439	
814	227	1	18	2	439	440	
815	227	1	6	1	440	
816	228	1	10	1	441	
817	229	2	6	1	442	
818	230	2	33	1	443	
819	231	1	5	1	444	
820	232	1	6	1	445	
821	233	1	11	1	446	
822	234	1	11	1	447	
823	235	2	11	1	448	
824	236	2	6	1	449	
825	236	2	12	2	449	450	
826	236	2	18	3	449	450	451	
827	236	2	12	2	449	451	
828	236	2	6	1	450	
829	236	2	12	2	450	451	
830	236	2	6	1	451	
831	237	2	6	1	452	
832	237	2	12	2	452	453	
833	237	2	18	3	452	453	454	
834	237	2	6	1	453	
835	237	2	12	2	453	454	
836	237	2	18	3	453	454	455	
837	237	2	6	1	454	
838	237	2	12	2	454	455	
839	237	2	18	3	454	455	456	
840	237	2	6	1	455	
841	237	2	12	2	455	456	
842	237	2	18	3	455	456	457	
843	237	2	6	1	456	
844	237	2	12	2	456	457	
845	237	2	18	3	456	457	458	
846	237	2	6	1	457	
847	237	2	12	2	457	458	
848	237	2	18	3	457	458	459	
849	237	2	6	1	458	
850	237	2	12	2	458	459	
851	237	2	18	3	458	459	460	
852	237	2	6	1	459	
853	237	2	12	2	459	460	
854	237	2	6	1	460	
855	238	1	5	1	461	
856	239	1	6	1	462	
857	240	2	22	1	463	
858	240	2	33	2	463	464	
859	240	2	44	3	463	464	465	
860	240	2	33	2	463	465	
861	240	2	11	1	464	
862	240	2	22	2	464	465	
863	240	2	11	1	465	
864	241	1	5	1	466	
865	242	2	22	1	467	
866	243	1	6	1	468	
867	243	1	12	2	468	469	
868	243	1	18	3	468	469	470	
869	243	1	6	1	469	
870	243	1	12	2	469	470	
871	243	1	18	3	469	470	471	
872	243	1	6	1	470	
873	243	1	12	2	470	471	
874	243	1	18	3	470	471	472	
875	243	1	6	1	471	
876	243	1	12	2	471	472	
877	243	1	18	3	471	472	473	
878	243	1	6	1	472	
879	243	1	12	2	472	473	
880	243	1	6	1	473	
881	244	2	5	1	474	
882	244	2	10	2	474	475	
883	244	2	15	3	474	475	476	
884	244	2	5	1	475	
885	244	2	10	2	475	476	
886	244	2	15	3	475	476	477	
887	244	2	5	1	476	
888	244	2	10	2	476	477	
889	244	2	15	3	476	477	478	
890	244	2	5	1	477	
891	244	2	10	2	477	478	
892	244	2	15	3	477	478	479	
893	244	2	5	1	478	
894	244	2	10	2	478	479	
895	244	2	15	3	478	479	480	
896	244	2	5	1	479	
897	244	2	10	2	479	480	
898	244	2	15	3	479	480	481	
899	244	2	5	1	480	
900	244	2	10	2	480	481	
901	244	2	15	3	480	481	482	
902	244	2	5	1	481	
903	244	2	10	2	481	482	
904	244	2	5	1	482	
905	245	1	6	1	483	
906	245	1	12	2	483	484	
907	245	1	6	1	484	
908	246	2	11	1	485	
909	247	1	11	1	486	
910	248	1	11	1	487	
911	249	1	5	1	488	
912	250	1	22	1	489	
913	251	1	11	1	490	
914	252	2	6	1	491	
915	253	1	10	1	492	
916	253	1	15	2	492	493	
917	253	1	20	3	492	493	494	
918	253	1	15	2	492	494	
919	253	1	5	1	493	
920	253	1	10	2	493	494	
921	253	1	5	1	494	
922	254	2	12	1	495	
923	255	1	11	1	496	
924	256	2	22	1	497	
925	256	2	33	2	497	498	
926	256	2	44	3	497	498	499	
927	256	2	33	2	497	499	
928	256	2	11	1	498	
929	256	2	22	2	498	499	
930	256	2	11	1	499	
931	257	1	6	1	500	
932	258	1	11	1	501	
933	258	1	22	2	501	502	
934	258	1	33	3	501	502	503	
935	258	1	22	2	501	503	
936	258	1	11	1	502	
937	258	1	22	2	502	503	
938	258	1	11	1	503	
939	259	2	11	1	504	
940	260	2	11	1	505	
941	260	2	22	2	505	506	
942	260	2	33	3	505	506	507	
943	260	2	11	1	506	
944	260	2	22	2	506	507	
945	260	2	33	3	506	507	508	
946	260	2	11	1	507	
947	260	2	22	2	507	508	
948	260	2	33	3	507	508	509	
949	260	2	11	1	508	
950	260	2	22	2	508	509	
951	260	2	33	3	508	509	510	
952	260	2	11	1	509	
953	260	2	22	2	509	510	
954	260	2	33	3	509	510	511	
955	260	2	11	1	510	
956	260	2	22	2	510	511	
957	260	2	33	3	510	511	512	
958	260	2	11	1	511	
959	260	2	22	2	511	512	
960	260	2	11	1	512	
961	261	2	11	1	513	
962	261	2	33	2	513	514	
963	261	2	55	3	513	514	515	
964	261	2	33	2	513	515	
965	261	2	22	1	514	
966	261	2	44	2	514	515	
967	261	2	22	1	515	
968	262	1	5	1	516	
969	263	2	6	1	517	
970	264	1	6	1	518	
971	265	1	11	1	519	
972	265	1	33	2	519	520	
973	265	1	44	3	519	520	521	
974	265	1	22	2	519	521	
975	265	1	22	1	520	
976	265	1	33	2	520	521	
977	265	1	11	1	521	
978	266	1	11	1	522	
979	267	2	5	1	523	
980	268	1	11	1	524	
981	269	1	10	1	525	
982	269	1	15	2	525	526	
983	269	1	20	3	525	526	527	
984	269	1	15	2	525	527	
985	269	1	5	1	526	
986	269	1	10	2	526	527	
987	269	1	5	1	527	
988	270	1	11	1	528	
989	271	1	18	1	529	
990	272	1	22	1	530	
991	273	2	10	1	531	
992	274	2	6	1	532	
993	274	2	18	2	532	533	
994	274	2	12	1	533	
995	275	2	5	1	534	
996	276	1	11	1	535	
997	277	2	11	1	536	
998	277	2	22	2	536	537	
999	277	2	33	3	536	537	538	
1000	277	2	11	1	537	
1001	277	2	22	2	537	538	
1002	277	2	33	3	537	538	539	
1003	277	2	11	1	538	
1004	277	2	22	2	538	539	
1005	277	2	33	3	538	539	540	
1006	277	2	11	1	539	
1007	277	2	22	2	539	540	
1008	277	2	11	1	540	
1009	278	1	6	1	541	
1010	279	1	5	1	542	
1011	279	1	10	2	542	543	
1012	279	1	15	3	542	543	544	
1013	279	1	5	1	543	
1014	279	1	10	2	543	544	
1015	279	1	15	3	543	544	545	
1016	279	1	5	1	544	
1017	279	1	10	2	544	545	
1018	279	1	15	3	544	545	546	
1019	279	1	5	1	545	
1020	279	1	10	2	545	546	
1021	279	1	15	3	545	546	547	
1022	279	1	5	1	546	
1023	279	1	10	2	546	547	
1024	279	1	15	3	546	547	548	
1025	279	1	5	1	547	
1026	279	1	10	2	547	548	
1027	279	1	5	1	548	
1028	280	1	11	1	549	
1029	281	1	5	1	550	
1030	282	2	11	1	551	
1031	283	2	11	1	552	
1032	284	2	5	1	553	
1033	285	2	5	1	554	
1034	285	2	10	2	554	555	
1035	285	2	15	3	554	555	556	
1036	285	2	5	1	555	
1037	285	2	10	2	555	556	
1038	285	2	15	3	555	556	557	
1039	285	2	5	1	556	
1040	285	2	10	2	556	557	
1041	285	2	15	3	556	557	558	
1042	285	2	5	1	557	
1043	285	2	10	2	557	558	
1044	285	2	5	1	558	
1045	286	2	11	1	559	
1046	286	2	22	2	559	560	
1047	286	2	33	3	559	560	561	
1048	286	2	11	1	560	
1049	286	2	22	2	560	561	
1050	286	2	33	3	560	561	562	
1051	286	2	11	1	561	
1052	286	2	22	2	561	562	
1053	286	2	33	3	561	562	563	
1054	286	2	11	1	562	
1055	286	2	22	2	562	563	
1056	286	2	33	3	562	563	564	
1057	286	2	11	1	563	
1058	286	2	22	2	563	564	
1059	286	2	11	1	564	
1060	287	2	22	1	565	
1061	288	2	11	1	566	
1062	288	2	22	2	566	567	
1063	288	2	33	3	566	567	568	
1064	288	2	11	1	567	
1065	288	2	22	2	567	568	
1066	288	2	33	3	567	568	569	
1067	288	2	11	1	568	
1068	288	2	22	2	568	569	
1069	288	2	33	3	568	569	570	
1070	288	2	11	1	569	
1071	288	2	22	2	569	570	
1072	288	2	33	3	569	570	571	
1073	288	2	11	1	570	
1074	288	2	22	2	570	571	
1075	288	2	33	3	570	571	572	
1076	288	2	11	1	571	
1077	288	2	22	2	571	572	
1078	288	2	33	3	571	572	573	
1079	288	2	11	1	572	
1080	288	2	22	2	572	573	
1081	288	2	11	1	573	
1082	289	1	18	1	574	
1083	290	1	11	1	575	
1084	291	1	5	1	576	
1085	292	2	5	1	577	
1086	292	2	10	2	577	578	
1087	292	2	15	3	577	578	579	
1088	292	2	5	1	578	
1089	292	2	10	2	578	579	
1090	292	2	15	3	578	579	580	
1091	292	2	5	1	579	
1092	292	2	10	2	579	580	
1093	292	2	15	3	579	580	581	
1094	292	2	5	1	580	
1095	292	2	10	2	580	581	
1096	292	2	15	3	580	581	582	
1097	292	2	5	1	581	
1098	292	2	10	2	581	582	
1099	292	2	15	3	581	582	583	
1100	292	2	5	1	582	
1101	292	2	10	2	582	583	
1102	292	2	15	3	582	583	584	
1103	292	2	5	1	583	
1104	292	2	10	2	583	584	
1105	292	2	5	1	584	
1106	293	1	6	1	585	
1107	293	1	12	2	585	586	
1108	293	1	18	3	585	586	587	
1109	293	1	6	1	586	
1110	293	1	12	2	586	587	
1111	293	1	18	3	586	587	588	
1112	293	1	6	1	587	
1113	293	1	12	2	587	588	
1114	293	1	18	3	587	588	589	
1115	293	1	6	1	588	
1116	293	1	12	2	588	589	
1117	293	1	18	3	588	589	590	
1118	293	1	6	1	589	
1119	293	1	12	2	589	590	
1120	293	1	6	1	590	
1121	294	2	5	1	591	
1122	294	2	15	2	591	592	
1123	294	2	10	1	592	
1124	295	1	11	1	593	
1125	296	2	11	1	594	
1126	297	2	10	1	595	
1127	298	1	6	1	596	
1128	299	2	6	1	597	
1129	299	2	12	2	597	598	
1130	299	2	18	3	597	598	599	
1131	299	2	6	1	598	
1132	299	2	12	2	598	599	
1133	299	2	18	3	598	599	600	
1134	299	2	6	1	599	
1135	299	2	12	2	599	600	
1136	299	2	6	1	600	
1137	300	1	5	1	601	
1138	300	1	10	2	601	602	
1139	300	1	15	3	601	602	603	
1140	300	1	10	2	601	603	
1141	300	1	5	1	602	
1142	300	1	10	2	602	603	
1143	300	1	5	1	603	
1144	301	1	12	1	604	
1145	302	2	22	1	605	
1146	303	2	6	1	606	
1147	303	2	12	2	606	607	
1148	303	2	18	3	606	607	608	
1149	303	2	6	1	607	
1150	303	2	12	2	607	608	
1151	303	2	18	3	607	608	609	
1152	303	2	6	1	608	
1153	303	2	12	2	608	609	
1154	303	2	18	3	608	609	610	
1155	303	2	6	1	609	
1156	303	2	12	2	609	610	
1157	303	2	18	3	609	610	611	
1158	303	2	6	1	610	
1159	303	2	12	2	610	611	
1160	303	2	18	3	610	611	612	
1161	303	2	6	1	611	
1162	303	2	12	2	611	612	
1163	303	2	18	3	611	612	613	
1164	303	2	6	1	612	
1165	303	2	12	2	612	613	
1166	303	2	18	3	612	613	614	
1167	303	2	6	1	613	
1168	303	2	12	2	613	614	
1169	303	2	6	1	614	
1170	304	1	6	1	615	
1171	304	1	12	2	615	616	
1172	304	1	18	3	615	616	617	
1173	304	1	6	1	616	
1174	304	1	12	2	616	617	
1175	304	1	18	3	616	617	618	
1176	304	1	6	1	617	
1177	304	1	12	2	617	618	
1178	304	1	6	1	618	
1179	305	1	6	1	619	
1180	305	1	12	2	619	620	
1181	305	1	18	3	619	620	621	
1182	305	1	12	2	619	621	
1183	305	1	6	1	620	
1184	305	1	12	2	620	621	
1185	305	1	6	1	621	
1186	306	2	6	1	622	
1187	307	1	22	1	623	
1188	308	2	6	1	624	
1189	309	1	11	1	625	
1190	310	2	11	1	626	
1191	311	2	5	1	627	
1192	311	2	10	2	627	628	
1193	311	2	15	3	627	628	629	
1194	311	2	5	1	628	
1195	311	2	10	2	628	629	
1196	311	2	15	3	628	629	630	
1197	311	2	5	1	629	
1198	311	2	10	2	629	630	
1199	311	2	15	3	629	630	631	
1200	311	2	5	1	630	
1201	311	2	10	2	630	631	
1202	311	2	15	3	630	631	632	
1203	311	2	5	1	631	
1204	311	2	10	2	631	632	
1205	311	2	15	3	631	632	633	
1206	311	2	5	1	632	
1207	311	2	10	2	632	633	
1208	311	2	5	1	633	
1209	312	2	10	1	634	
1210	313	2	11	1	635	
1211	313	2	22	2	635	636	
1212	313	2	33	3	635	636	637	
1213	313	2	22	2	635	637	
1214	313	2	11	1	636	
1215	313	2	22	2	636	637	
1216	313	2	11	1	637	
1217	314	2	11	1	638	
1218	314	2	22	2	638	639	
1219	314	2	33	3	638	639	640	
1220	314	2	22	2	638	640	
1221	314	2	11	1	639	
1222	314	2	22	2	639	640	
1223	314	2	11	1	640	
1224	315	2	11	1	641	
1225	316	2	6	1	642	
1226	317	2	5	1	643	
1227	318	1	5	1	644	
1228	318	1	10	2	644	645	
1229	318	1	15	3	644	645	646	
1230	318	1	10	2	644	646	
1231	318	1	5	1	645	
1232	318	1	10	2	645	646	
1233	318	1	5	1	646	
1234	319	1	11	1	647	
1235	319	1	22	2	647	648	
1236	319	1	33	3	647	648	649	
1237	319	1	11	1	648	
1238	319	1	22	2	648	649	
1239	319	1	33	3	648	649	650	
1240	319	1	11	1	649	
1241	319	1	22	2	649	650	
1242	319	1	33	3	649	650	651	
1243	319	1	11	1	650	
1244	319	1	22	2	650	651	
1245	319	1	33	3	650	651	652	
1246	319	1	11	1	651	
1247	319	1	22	2	651	652	
1248	319	1	33	3	651	652	653	
1249	319	1	11	1	652	
1250	319	1	22	2	652	653	
1251	319	1	33	3	652	653	654	
1252	319	1	11	1	653	
1253	319	1	22	2	653	654	
1254	319	1	11	1	654	
1255	320	2	6	1	655	
1256	320	2	12	2	655	656	
1257	320	2	6	1	656	
1258	321	1	12	1	657	
1259	322	1	22	1	658	
1260	323	2	5	1	659	
1261	324	1	10	1	660	
1262	325	1	18	1	661	
1263	326	2	6	1	662	
1264	327	1	10	1	663	
1265	328	1	11	1	664	
1266	329	2	5	1	665	
1267	330	1	5	1	666	
1268	331	2	6	1	667	
1269	332	2	6	1	668	
1270	332	2	12	2	668	669	
1271	332	2	18	3	668	669	670	
1272	332	2	6	1	669	
1273	332	2	12	2	669	670	
1274	332	2	18	3	669	670	671	
1275	332	2	6	1	670	
1276	332	2	12	2	670	671	
1277	332	2	18	3	670	671	672	
1278	332	2	6	1	671	
1279	332	2	12	2	671	672	
1280	332	2	6	1	672	
1281	333	2	11	1	673	
1282	334	2	6	1	674	
1283	334	2	12	2	674	675	
1284	334	2	18	3	674	675	676	
1285	334	2	6	1	675	
1286	334	2	12	2	675	676	
1287	334	2	18	3	675	676	677	
1288	334	2	6	1	676	
1289	334	2	12	2	676	677	
1290	334	2	18	3	676	677	678	
1291	334	2	6	1	677	
1292	334	2	12	2	677	678	
1293	334	2	6	1	678	
1294	335	1	5	1	679	
1295	336	2	12	1	680	
1296	337	2	6	1	681	
1297	338	2	10	1	682	
1298	338	2	20	2	682	683	
1299	338	2	10	1	683	
1300	339	2	6	1	684	
1301	339	2	12	2	684	685	
1302	339	2	18	3	684	685	686	
1303	339	2	12	2	684	686	
1304	339	2	6	1	685	
1305	339	2	12	2	685	686	
1306	339	2	6	1	686	
1307	340	2	5	1	687	
1308	341	2	6	1	688	
1309	342	2	6	1	689	
1310	343	2	5	1	690	
1311	343	2	10	2	690	691	
1312	343	2	15	3	690	691	692	
1313	343	2	5	1	691	
1314	343	2	10	2	691	692	
1315	343	2	15	3	691	692	693	
1316	343	2	5	1	692	
1317	343	2	10	2	692	693	
1318	343	2	5	1	693	
1319	344	2	22	1	694	
1320	345	1	5	1	695	
1321	346	1	5	1	696	
1322	346	1	15	2	696	697	
1323	346	1	20	3	696	697	698	
1324	346	1	10	2	696	698	
1325	346	1	10	1	697	
1326	346	1	15	2	697	698	
1327	346	1	5	1	698	
1328	347	1	11	1	699	
1329	347	1	22	2	699	700	
1330	347	1	33	3	699	700	701	
1331	347	1	11	1	700	
1332	347	1	22	2	700	701	
1333	347	1	33	3	700	701	702	
1334	347	1	11	1	701	
1335	347	1	22	2	701	702	
1336	347	1	33	3	701	702	703	
1337	347	1	11	1	702	
1338	347	1	22	2	702	703	
1339	347	1	11	1	703	
1340	348	1	11	1	704	
1341	349	2	11	1	705	
1342	350	2	6	1	706	
1343	350	2	18	2	706	707	
1344	350	2	24	3	706	707	708	
1345	350	2	12	2	706	708	
1346	350	2	12	1	707	
1347	350	2	18	2	707	708	
1348	350	2	6	1	708	
1349	351	1	5	1	709	
1350	352	2	6	1	710	
1351	352	2	12	2	710	711	
1352	352	2	18	3	710	711	712	
1353	352	2	6	1	711	
1354	352	2	12	2	711	712	
1355	352	2	18	3	711	712	713	
1356	352	2	6	1	712	
1357	352	2	12	2	712	713	
1358	352	2	18	3	712	713	714	
1359	352	2	6	1	713	
1360	352	2	12	2	713	714	
1361	352	2	18	3	713	714	715	
1362	352	2	6	1	714	
1363	352	2	12	2	714	715	
1364	352	2	18	3	714	715	716	
1365	352	2	6	1	715	
1366	352	2	12	2	715	716	
1367	352	2	18	3	715	716	717	
1368	352	2	6	1	716	
1369	352	2	12	2	716	717	
1370	352	2	6	1	717	
1371	353	1	11	1	718	
1372	353	1	22	2	718	719	
1373	353	1	33	3	718	719	720	
1374	353	1	11	1	719	
1375	353	1	22	2	719	720	
1376	353	1	33	3	719	720	721	
1377	353	1	11	1	720	
1378	353	1	22	2	720	721	
1379	353	1	11	1	721	
1380	354	2	6	1	722	
1381	354	2	12	2	722	723	
1382	354	2	18	3	722	723	724	
1383	354	2	6	1	723	
1384	354	2	12	2	723	724	
1385	354	2	18	3	723	724	725	
1386	354	2	6	1	724	
1387	354	2	12	2	724	725	
1388	354	2	18	3	724	725	726	
1389	354	2	6	1	725	
1390	354	2	12	2	725	726	
1391	354	2	6	1	726	
1392	355	2	6	1	727	
1393	356	2	10	1	728	
1394	357	2	11	1	729	
1395	358	2	11	1	730	
1396	359	2	6	1	731	
1397	359	2	18	2	731	732	
1398	359	2	12	1	732	
1399	360	1	22	1	733	
1400	361	2	11	1	734	
1401	362	2	11	1	735	
1402	362	2	22	2	735	736	
1403	362	2	33	3	735	736	737	
1404	362	2	11	1	736	
1405	362	2	22	2	736	737	
1406	362	2	33	3	736	737	738	
1407	362	2	11	1	737	
1408	362	2	22	2	737	738	
1409	362	2	11	1	738	
1410	363	1	6	1	739	
1411	364	2	5	1	740	
1412	365	2	11	1	741	
1413	366	1	5	1	742	
1414	367	2	6	1	743	
1415	368	2	6	1	744	
1416	369	2	10	1	745	
1417	370	1	6	1	746	
1418	370	1	12	2	746	747	
1419	370	1	18	3	746	747	748	
1420	370	1	6	1	747	
1421	370	1	12	2	747	748	
1422	370	1	18	3	747	748	749	
1423	370	1	6	1	748	
1424	370	1	12	2	748	749	
1425	370	1	6	1	749	
1426	371	1	6	1	750	
1427	372	1	11	1	751	
1428	372	1	22	2	751	752	
1429	372	1	11	1	752	
1430	373	2	11	1	753	
1431	373	2	22	2	753	754	
1432	373	2	33	3	753	754	755	
1433	373	2	11	1	754	
1434	373	2	22	2	754	755	
1435	373	2	33	3	754	755	756	
1436	373	2	11	1	755	
1437	373	2	22	2	755	756	
1438	373	2	33	3	755	756	757	
1439	373	2	11	1	756	
1440	373	2	22	2	756	757	
1441	373	2	33	3	756	757	758	
1442	373	2	11	1	757	
1443	373	2	22	2	757	758	
1444	373	2	33	3	757	758	759	
1445	373	2	11	1	758	
1446	373	2	22	2	758	759	
1447	373	2	33	3	758	759	760	
1448	373	2	11	1	759	
1449	373	2	22	2	759	760	
1450	373	2	33	3	759	760	761	
1451	373	2	11	1	760	
1452	373	2	22	2	760	761	
1453	373	2	11	1	761	
1454	374	1	22	1	762	
1455	374	1	33	2	762	763	
1456	374	1	44	3	762	763	764	
1457	374	1	33	2	762	764	
1458	374	1	11	1	763	
1459	374	1	22	2	763	764	
1460	374	1	11	1	764	
1461	375	2	5	1	765	
1462	376	2	22	1	766	
1463	376	2	33	2	766	767	
1464	376	2	11	1	767	
1465	377	2	5	1	768	
1466	378	2	5	1	769	
1467	378	2	10	2	769	770	
1468	378	2	15	3	769	770	771	
1469	378	2	5	1	770	
1470	378	2	10	2	770	771	
1471	378	2	15	3	770	771	772	
1472	378	2	5	1	771	
1473	378	2	10	2	771	772	
1474	378	2	15	3	771	772	773	
1475	378	2	5	1	772	
1476	378	2	10	2	772	773	
1477	378	2	15	3	772	773	774	
1478	378	2	5	1	773	
1479	378	2	10	2	773	774	
1480	378	2	15	3	773	774	775	
1481	378	2	5	1	774	
1482	378	2	10	2	774	775	
1483	378	2	15	3	774	775	776	
1484	378	2	5	1	775	
1485	378	2	10	2	775	776	
1486	378	2	5	1	776	
1487	379	1	11	1	777	
1488	379	1	22	2	777	778	
1489	379	1	33	3	777	778	779	
1490	379	1	11	1	778	
1491	379	1	22	2	778	779	
1492	379	1	33	3	778	779	780	
1493	379	1	11	1	779	
1494	379	1	22	2	779	780	
1495	379	1	11	1	780	
1496	380	2	22	1	781	
1497	380	2	44	2	781	782	
1498	380	2	22	1	782	
1499	381	2	6	1	783	
1500	382	2	11	1	784	
1501	383	2	11	1	785	
1502	384	1	5	1	786	
1503	385	2	12	1	787	
1504	386	2	11	1	788	
1505	387	1	5	1	789	
1506	388	2	5	1	790	
1507	389	2	11	1	791	
1508	390	2	11	1	792	
1509	390	2	22	2	792	793	
1510	390	2	33	3	792	793	794	
1511	390	2	11	1	793	
1512	390	2	22	2	793	794	
1513	390	2	33	3	793	794	795	
1514	390	2	11	1	794	
1515	390	2	22	2	794	795	
1516	390	2	33	3	794	795	796	
1517	390	2	11	1	795	
1518	390	2	22	2	795	796	
1519	390	2	11	1	796	
1520	391	1	6	1	797	
1521	392	1	10	1	798	
1522	392	1	15	2	798	799	
1523	392	1	20	3	798	799	800	
1524	392	1	15	2	798	800	
1525	392	1	5	1	799	
1526	392	1	10	2	799	800	
1527	392	1	5	1	800	
1528	393	2	11	1	801	
1529	393	2	22	2	801	802	
1530	393	2	33	3	801	802	803	
1531	393	2	11	1	802	
1532	393	2	22	2	802	803	
1533	393	2	33	3	802	803	804	
1534	393	2	11	1	803	
1535	393	2	22	2	803	804	
1536	393	2	33	3	803	804	805	
1537	393	2	11	1	804	
1538	393	2	22	2	804	805	
1539	393	2	11	1	805	
1540	394	2	6	1	806	
1541	394	2	18	2	806	807	
1542	394	2	12	1	807	
1543	395	2	5	1	808	
1544	396	1	10	1	809	
1545	396	1	20	2	809	810	
1546	396	1	10	1	810	
1547	397	2	11	1	811	
1548	398	1	11	1	812	
1549	398	1	22	2	812	813	
1550	398	1	11	1	813	
1551	399	1	11	1	814	
1552	0	2	24	3	815	816	817
1553	1	2	24	2	818	819
1554	2	1	10	1	820
1555	3	1	12	1	821
1556	4	1	22	1	822
1557	5	2	20	2	823	824
1558	6	2	24	2	825	826
1559	7	2	22	1	827
1560	8	2	77	4	828	829	830	831
1561	9	1	5	1	832
1562	10	1	12	1	833
1563	11	1	12	2	834	835
1564	12	1	33	2	836	837
1565	13	1	44	2	838	839
1566	14	2	18	2	840	841
1567	15	2	44	2	842	843
1568	16	1	55	4	844	845	846	847
1569	17	1	5	1	848
1570	18	2	33	2	849	850
1571	19	2	11	1	851
1572	20	2	77	4	852	853	854	855
1573	21	2	10	1	856
1574	22	1	10	1	857
1575	23	1	30	4	858	859	860	861
1576	24	1	44	2	862	863
1577	25	1	22	2	864	865
1578	26	2	10	2	866	867
1579	27	2	18	2	868	869
1580	28	1	24	2	870	871
1581	29	2	10	1	872
1582	30	2	22	1	873
1583	31	2	24	2	874	875
1584	32	2	5	1	876
1585	33	2	15	2	877	878
1586	34	1	18	2	879	880
1587	35	2	18	2	881	882
1588	36	2	24	3	883	884	885
1589	37	1	10	2	886	887
1590	38	1	15	2	888	889
1591	39	1	11	1	890
1592	40	1	15	2	891	892
1593	41	1	5	1	893
1594	42	2	10	1	894
1595	43	1	5	1	895
1596	44	1	20	3	896	897	898
1597	45	1	6	1	899
1598	46	1	33	2	900	901
1599	47	2	6	1	902
1600	48	1	18	2	903	904
1601	49	1	12	1	905
1602	50	2	5	1	906
1603	51	2	15	2	907	908
1604	52	2	11	1	909
1605	53	1	5	1	910
1606	54	1	12	2	911	912
1607	55	1	20	2	913	914
1608	56	2	15	2	915	916
1609	57	1	20	2	917	918
1610	58	1	6	1	919
1611	59	1	22	2	920	921
1612	60	1	18	2	922	923
1613	61	1	36	3	924	925	926
1614	62	2	20	2	927	928
1615	63	2	12	2	929	930
1616	64	1	22	1	931
1617	65	2	5	1	932
1618	66	2	12	1	933
1619	67	2	12	1	934
1620	68	2	6	1	935
1621	69	1	20	2	936	937
1622	70	1	12	2	938	939
1623	71	2	6	1	940
1624	72	1	25	3	941	942	943
1625	73	2	33	2	944	945
1626	74	1	22	2	946	947
1627	75	2	20	2	948	949
1628	76	1	15	2	950	951
1629	77	2	33	2	952	953
1630	78	2	5	1	954
1631	79	1	12	1	955
1632	80	2	6	1	956
1633	81	2	10	1	957
1634	82	1	15	2	958	959
1635	83	2	10	1	960
1636	84	2	10	2	961	962
1637	85	2	33	2	963	964
1638	86	1	10	1	965
1639	87	1	12	1	966
1640	88	2	10	2	967	968
1641	89	1	44	2	969	970
1642	90	2	11	1	971
1643	91	2	11	1	972
1644	92	2	5	1	973
1645	93	2	12	1	974
1646	94	2	44	2	975	976
1647	95	1	10	2	977	978
1648	96	1	6	1	979
1649	97	2	22	1	980
1650	98	1	25	3	981	982	983
1651	99	1	10	1	984
1652	100	1	5	1	985
1653	101	2	15	2	986	987
1654	102	1	15	2	988	989
1655	103	2	15	2	990	991
1656	104	1	18	2	992	993
1657	105	2	6	1	994
1658	106	2	12	1	995
1659	107	1	15	2	996	997
1660	108	1	15	2	998	999
1661	109	1	11	1	1000
1662	110	1	20	2	1001	1002
1663	111	2	11	1	1003
1664	112	2	12	1	1004
1665	113	2	44	3	1005	1006	1007
1666	114	1	6	1	1008
1667	115	2	11	1	1009
1668	116	1	10	1	1010
1669	117	1	20	2	1011	1012
1670	118	1	5	1	1013
1671	119	2	22	2	1014	1015
1672	120	1	12	2	1016	1017
1673	121	2	36	3	1018	1019	1020
1674	122	1	22	1	1021
1675	123	1	44	2	1022	1023
1676	124	2	11	1	1024
1677	125	2	44	2	1025	1026
1678	126	2	44	2	1027	1028
1679	127	1	42	4	1029	1030	1031	1032
1680	128	1	30	4	1033	1034	1035	1036
1681	129	2	11	1	1037
1682	130	2	20	4	1038	1039	1040	1041
1683	131	1	10	1	1042
1684	132	2	6	1	1043
1685	133	1	11	1	1044
1686	134	2	22	1	1045
1687	135	2	15	2	1046	1047
1688	136	1	33	2	1048	1049
1689	137	2	15	2	1050	1051
1690	138	2	22	1	1052
1691	139	1	10	2	1053	1054
1692	140	1	33	2	1055	1056
1693	141	2	6	1	1057
1694	142	1	18	2	1058	1059
1695	143	1	22	2	1060	1061
1696	144	2	10	1	1062
1697	145	2	44	2	1063	1064
1698	146	1	10	1	1065
1699	147	2	18	2	1066	1067
1700	148	2	18	2	1068	1069
1701	149	2	12	1	1070
1702	150	1	24	2	1071	1072
1703	151	1	33	3	1073	1074	1075
1704	152	1	33	2	1076	1077
1705	153	1	30	4	1078	1079	1080	1081
1706	154	1	5	1	1082
1707	155	2	10	2	1083	1084
1708	156	1	18	2	1085	1086
1709	157	1	10	1	1087
1710	158	1	33	2	1088	1089
1711	159	1	22	1	1090
1712	160	2	22	2	1091	1092
1713	161	2	15	2	1093	1094
1714	162	1	20	2	1095	1096
1715	163	1	12	1	1097
1716	164	2	25	4	1098	1099	1100	1101
1717	165	2	44	2	1102	1103
1718	166	2	33	2	1104	1105
1719	167	2	24	2	1106	1107
1720	168	1	5	1	1108
1721	169	1	44	3	1109	1110	1111
1722	170	1	22	1	1112
1723	171	2	22	1	1113
1724	172	1	10	1	1114
1725	173	2	10	1	1115
1726	174	1	25	3	1116	1117	1118
1727	175	2	18	2	1119	1120
1728	176	1	24	2	1121	1122
1729	177	1	5	1	1123
1730	178	1	12	1	1124
1731	179	1	6	1	1125
1732	180	1	15	2	1126	1127
1733	181	1	24	2	1128	1129
1734	182	2	11	1	1130
1735	183	1	11	1	1131
1736	184	1	12	2	1132	1133
1737	185	1	10	1	1134
1738	186	1	22	1	1135
1739	187	1	15	2	1136	1137
1740	188	2	44	2	1138	1139
1741	189	2	77	4	1140	1141	1142	1143
1742	190	1	33	2	1144	1145
1743	191	2	12	1	1146
1744	192	1	66	3	1147	1148	1149
1745	193	2	15	2	1150	1151
1746	194	1	22	1	1152
1747	195	2	44	2	1153	1154
1748	196	2	20	2	1155	1156
1749	197	1	22	1	1157
1750	198	1	11	1	1158
1751	199	2	5	1	1159
1752	200	1	30	3	1160	1161	1162
1753	201	1	35	4	1163	1164	1165	1166
1754	202	2	12	1	1167
1755	203	2	66	4	1168	1169	1170	1171
1756	204	2	33	2	1172	1173
1757	205	2	18	2	1174	1175
1758	206	2	10	1	1176
1759	207	2	44	2	1177	1178
1760	208	1	12	1	1179
1761	209	1	44	2	1180	1181
1762	210	2	6	1	1182
1763	211	2	6	1	1183
1764	212	1	12	1	1184
1765	213	2	10	1	1185
1766	214	2	22	1	1186
1767	215	2	5	1	1187
1768	216	2	10	1	1188
1769	217	1	22	1	1189
1770	218	2	24	2	1190	1191
1771	219	2	33	2	1192	1193
1772	220	2	18	2	1194	1195
1773	221	1	22	1	1196
1774	222	2	5	1	1197
1775	223	2	12	1	1198
1776	224	1	6	1	1199
1777	225	2	15	2	1200	1201
1778	226	2	11	1	1202
1779	227	1	12	2	1203	1204
1780	228	1	10	1	1205
1781	229	2	12	2	1206	1207
1782	230	2	33	2	1208	1209
1783	231	1	10	2	1210	1211
1784	232	1	12	2	1212	1213
1785	233	1	22	1	1214
1786	234	1	22	1	1215
1787	235	2	33	2	1216	1217
1788	236	2	12	1	1218
1789	237	2	36	4	1219	1220	1221	1222
1790	238	1	10	1	1223
1791	239	1	6	1	1224
1792	240	2	11	1	1225
1793	241	1	20	2	1226	1227
1794	242	2	22	2	1228	1229
1795	243	1	24	3	1230	1231	1232
1796	244	2	25	3	1233	1234	1235
1797	245	1	12	2	1236	1237
1798	246	2	33	2	1238	1239
1799	247	1	11	1	1240
1800	248	1	22	1	1241
1801	249	1	15	2	1242	1243
1802	250	1	22	1	1244
1803	251	1	22	1	1245
1804	252	2	6	1	1246
1805	253	1	10	2	1247	1248
1806	254	2	12	1	1249
1807	255	1	33	2	1250	1251
1808	256	2	22	1	1252
1809	257	1	12	1	1253
1810	258	1	33	2	1254	1255
1811	259	2	11	1	1256
1812	260	2	44	3	1257	1258	1259
1813	261	2	33	2	1260	1261
1814	262	1	10	2	1262	1263
1815	263	2	24	2	1264	1265
1816	264	1	6	1	1266
1817	265	1	44	2	1267	1268
1818	266	1	22	1	1269
1819	267	2	15	2	1270	1271
1820	268	1	22	2	1272	1273
1821	269	1	5	1	1274
1822	270	1	22	1	1275
1823	271	1	12	2	1276	1277
1824	272	1	11	1	1278
1825	273	2	20	2	1279	1280
1826	274	2	6	1	1281
1827	275	2	5	1	1282
1828	276	1	22	1	1283
1829	277	2	77	4	1284	1285	1286	1287
1830	278	1	6	1	1288
1831	279	1	35	4	1289	1290	1291	1292
1832	280	1	33	2	1293	1294
1833	281	1	5	1	1295
1834	282	2	33	2	1296	1297
1835	283	2	11	1	1298
1836	284	2	15	2	1299	1300
1837	285	2	25	3	1301	1302	1303
1838	286	2	44	3	1304	1305	1306
1839	287	2	11	1	1307
1840	288	2	44	3	1308	1309	1310
1841	289	1	24	2	1311	1312
1842	290	1	33	2	1313	1314
1843	291	1	10	1	1315
1844	292	2	25	3	1316	1317	1318
1845	293	1	42	4	1319	1320	1321	1322
1846	294	2	10	1	1323
1847	295	1	22	1	1324
1848	296	2	33	2	1325	1326
1849	297	2	5	1	1327
1850	298	1	12	1	1328
1851	299	2	36	3	1329	1330	1331
1852	300	1	10	1	1332
1853	301	1	6	1	1333
1854	302	2	22	1	1334
1855	303	2	36	4	1335	1336	1337	1338
1856	304	1	36	4	1339	1340	1341	1342
1857	305	1	12	1	1343
1858	306	2	6	1	1344
1859	307	1	33	2	1345	1346
1860	308	2	12	1	1347
1861	309	1	11	1	1348
1862	310	2	44	2	1349	1350
1863	311	2	30	4	1351	1352	1353	1354
1864	312	2	5	1	1355
1865	313	2	22	1	1356
1866	314	2	11	1	1357
1867	315	2	22	1	1358
1868	316	2	6	1	1359
1869	317	2	15	2	1360	1361
1870	318	1	10	2	1362	1363
1871	319	1	55	3	1364	1365	1366
1872	320	2	6	1	1367
1873	321	1	18	2	1368	1369
1874	322	1	11	1	1370
1875	323	2	10	2	1371	1372
1876	324	1	5	1	1373
1877	325	1	6	1	1374
1878	326	2	6	1	1375
1879	327	1	5	1	1376
1880	328	1	44	2	1377	1378
1881	329	2	20	2	1379	1380
1882	330	1	15	2	1381	1382
1883	331	2	6	1	1383
1884	332	2	30	3	1384	1385	1386
1885	333	2	22	2	1387	1388
1886	334	2	36	4	1389	1390	1391	1392
1887	335	1	5	1	1393
1888	336	2	12	2	1394	1395
1889	337	2	6	1	1396
1890	338	2	10	1	1397
1891	339	2	18	2	1398	1399
1892	340	2	5	1	1400
1893	341	2	18	2	1401	1402
1894	342	2	12	1	1403
1895	343	2	30	3	1404	1405	1406
1896	344	2	33	2	1407	1408
1897	345	1	10	2	1409	1410
1898	346	1	15	2	1411	1412
1899	347	1	66	4	1413	1414	1415	1416
1900	348	1	22	2	1417	1418
1901	349	2	22	1	1419
1902	350	2	24	2	1420	1421
1903	351	1	15	2	1422	1423
1904	352	2	30	3	1424	1425	1426
1905	353	1	66	4	1427	1428	1429	1430
1906	354	2	18	3	1431	1432	1433
1907	355	2	6	1	1434
1908	356	2	10	2	1435	1436
1909	357	2	22	1	1437
1910	358	2	33	2	1438	1439
1911	359	2	24	2	1440	1441
1912	360	1	33	2	1442	1443
1913	361	2	33	2	1444	1445
1914	362	2	66	4	1446	1447	1448	1449
1915	363	1	6	1	1450
1916	364	2	10	1	1451
1917	365	2	22	2	1452	1453
1918	366	1	10	2	1454	1455
1919	367	2	18	2	1456	1457
1920	368	2	24	2	1458	1459
1921	369	2	5	1	1460
1922	370	1	42	4	1461	1462	1463	1464
1923	371	1	12	2	1465	1466
1924	372	1	44	2	1467	1468
1925	373	2	44	3	1469	1470	1471
1926	374	1	33	2	1472	1473
1927	375	2	5	1	1474
1928	376	2	33	2	1475	1476
1929	377	2	15	2	1477	1478
1930	378	2	25	4	1479	1480	1481	1482
1931	379	1	55	4	1483	1484	1485	1486
1932	380	2	33	2	1487	1488
1933	381	2	6	1	1489
1934	382	2	11	1	1490
1935	383	2	33	2	1491	1492
1936	384	1	15	2	1493	1494
1937	385	2	6	1	1495
1938	386	2	44	2	1496	1497
1939	387	1	15	2	1498	1499
1940	388	2	5	1	1500
1941	389	2	22	1	1501
1942	390	2	77	4	1502	1503	1504	1505
1943	391	1	12	1	1506
1944	392	1	15	2	1507	1508
1945	393	2	66	4	1509	1510	1511	1512
1946	394	2	12	2	1513	1514
1947	395	2	5	1	1515
1948	396	1	5	1	1516
1949	397	2	33	2	1517	1518
1950	398	1	11	1	1519
1951	399	1	44	2	1520	1521
