507
0	0	2	0	
1	1	2	1	
2	2	2	2	
3	3	2	3	
4	4	2	4	
5	5	2	6	
6	6	2	9	
7	7	2	11	
8	8	2	12	
9	9	2	13	
10	10	2	16	
11	11	1	22	
12	11	2	28	
13	11	1	34	
14	12	2	36	
15	13	2	39	
16	14	2	44	
17	15	2	45	
18	16	2	46	
19	17	2	48	
20	18	2	50	
21	19	2	51	
22	20	2	52	
23	21	2	53	
24	22	2	54	
25	23	2	55	
26	24	2	56	
27	25	2	57	
28	26	2	58	
29	27	2	59	
30	28	2	62	
31	28	1	70	
32	29	2	73	
33	30	2	76	
34	30	1	82	
35	30	2	88	
36	31	1	92	
37	31	1	100	
38	32	2	104	
39	32	1	112	
40	32	2	118	
41	32	1	124	
42	33	2	126	
43	34	2	128	
44	35	2	130	
45	36	2	131	
46	37	2	132	
47	38	2	135	
48	39	2	140	
49	40	2	141	
50	41	2	142	
51	42	2	143	
52	43	2	146	
53	43	1	154	
54	44	2	156	
55	45	2	157	
56	46	2	158	
57	47	2	159	
58	48	2	160	
59	49	2	163	
60	50	2	169	
61	51	2	171	
62	52	2	173	
63	53	2	175	
64	54	2	176	
65	55	2	177	
66	56	2	178	
67	57	2	179	
68	58	1	182	
69	58	2	190	
70	59	2	194	
71	60	2	199	
72	61	2	201	
73	61	1	207	
74	61	2	213	
75	62	2	215	
76	63	1	218	
77	63	1	226	
78	63	2	232	
79	64	2	236	
80	64	1	244	
81	65	2	247	
82	66	2	251	
83	67	2	256	
84	68	2	258	
85	69	2	262	
86	70	2	267	
87	71	2	270	
88	71	2	278	
89	71	2	284	
90	71	1	290	
91	72	2	292	
92	73	2	293	
93	74	2	294	
94	75	2	295	
95	76	2	297	
96	77	2	299	
97	78	2	301	
98	79	2	304	
99	80	1	308	
100	80	2	316	
101	80	1	322	
102	80	2	328	
103	81	2	330	
104	82	2	332	
105	83	2	334	
106	84	2	335	
107	85	2	336	
108	86	2	338	
109	87	2	340	
110	88	2	342	
111	89	2	344	
112	90	2	345	
113	91	2	346	
114	92	2	347	
115	93	2	348	
116	94	2	349	
117	95	2	350	
118	96	2	352	
119	97	2	354	
120	98	2	355	
121	99	2	357	
122	100	2	359	
123	101	2	360	
124	102	2	361	
125	103	2	364	
126	104	2	369	
127	105	2	370	
128	106	2	371	
129	107	1	373	
130	107	1	379	
131	107	2	385	
132	107	2	391	
133	108	2	393	
134	109	2	394	
135	110	2	397	
136	110	1	405	
137	110	1	411	
138	111	2	413	
139	112	2	414	
140	113	2	416	
141	114	2	418	
142	115	2	421	
143	116	2	426	
144	117	2	427	
145	118	2	430	
146	119	2	436	
147	120	2	438	
148	121	2	439	
149	122	2	440	
150	123	2	441	
151	124	2	443	
152	124	2	449	
153	125	1	453	
154	125	2	461	
155	125	1	467	
156	126	2	469	
157	127	2	472	
158	128	2	477	
159	129	2	478	
160	130	2	480	
161	131	2	482	
162	132	2	483	
163	133	2	484	
164	134	2	485	
165	135	2	486	
166	136	2	488	
167	137	2	490	
168	138	2	493	
169	139	2	498	
170	140	2	499	
171	141	2	500	
172	142	2	502	
173	143	2	504	
174	144	2	505	
175	145	2	506	
176	146	2	507	
177	147	1	510	
178	147	1	518	
179	148	2	522	
180	148	2	530	
181	148	2	536	
182	148	2	542	
183	149	2	544	
184	150	2	545	
185	151	2	546	
186	152	2	547	
187	153	2	549	
188	153	1	555	
189	154	2	557	
190	155	2	558	
191	156	2	560	
192	157	2	562	
193	158	2	563	
194	159	2	564	
195	160	2	565	
196	161	2	568	
197	162	2	573	
198	163	2	574	
199	164	2	575	
200	165	2	576	
201	166	2	578	
202	167	2	580	
203	168	2	581	
204	169	2	582	
205	170	2	584	
206	171	2	586	
207	172	2	587	
208	173	2	589	
209	173	1	595	
210	174	2	597	
211	175	2	598	
212	176	2	599	
213	177	2	601	
214	178	2	605	
215	179	2	610	
216	180	2	611	
217	181	2	612	
218	182	2	613	
219	183	2	615	
220	183	1	621	
221	184	2	623	
222	185	2	626	
223	185	1	634	
224	185	1	640	
225	186	2	643	
226	187	2	646	
227	188	2	648	
228	189	2	649	
229	190	2	652	
230	191	2	659	
231	191	1	667	
232	191	2	673	
233	191	2	679	
234	192	2	681	
235	193	2	682	
236	194	2	683	
237	195	2	686	
238	196	2	691	
239	197	1	694	
240	197	2	702	
241	197	1	708	
242	197	1	714	
243	198	2	718	
244	199	2	723	
245	200	2	724	
246	201	2	725	
247	202	2	728	
248	202	1	736	
249	202	2	742	
250	202	2	748	
251	203	2	750	
252	204	2	751	
253	205	2	752	
254	206	2	755	
255	206	2	763	
256	206	1	769	
257	207	2	771	
258	208	2	772	
259	209	2	773	
260	210	2	774	
261	211	2	775	
262	212	2	776	
263	213	2	777	
264	214	2	778	
265	215	2	779	
266	216	2	782	
267	217	2	787	
268	218	2	788	
269	219	2	791	
270	220	2	796	
271	221	2	797	
272	222	2	798	
273	223	2	799	
274	224	2	800	
275	225	2	801	
276	226	2	803	
277	227	2	805	
278	228	2	806	
279	229	2	809	
280	230	2	814	
281	231	2	815	
282	232	2	816	
283	233	2	817	
284	234	2	820	
285	235	2	825	
286	236	2	826	
287	237	2	829	
288	238	2	834	
289	239	2	835	
290	240	1	837	
291	240	1	843	
292	240	1	849	
293	240	1	855	
294	241	2	857	
295	242	2	858	
296	243	2	860	
297	243	1	866	
298	243	2	872	
299	243	2	878	
300	244	1	882	
301	244	1	890	
302	244	1	896	
303	245	2	898	
304	246	2	900	
305	247	2	904	
306	247	1	912	
307	247	1	918	
308	247	2	924	
309	248	2	926	
310	249	2	927	
311	250	2	928	
312	251	2	929	
313	252	2	930	
314	253	2	931	
315	254	2	932	
316	255	2	933	
317	256	2	936	
318	257	2	942	
319	258	2	944	
320	259	2	946	
321	259	1	952	
322	259	1	958	
323	260	2	960	
324	261	2	963	
325	261	1	971	
326	261	1	977	
327	262	2	980	
328	262	1	986	
329	262	1	992	
330	263	2	994	
331	264	2	995	
332	265	2	997	
333	265	2	1003	
334	265	2	1009	
335	266	2	1011	
336	267	2	1014	
337	267	1	1022	
338	267	2	1028	
339	268	1	1032	
340	268	2	1040	
341	268	2	1046	
342	268	2	1052	
343	269	2	1054	
344	270	2	1055	
345	271	1	1058	
346	271	2	1066	
347	271	1	1072	
348	272	2	1074	
349	273	2	1075	
350	274	2	1076	
351	275	2	1077	
352	276	2	1078	
353	277	2	1079	
354	278	2	1080	
355	279	2	1081	
356	280	2	1082	
357	281	2	1083	
358	282	2	1084	
359	283	2	1085	
360	284	2	1088	
361	285	2	1093	
362	286	2	1094	
363	287	2	1096	
364	288	2	1100	
365	288	1	1108	
366	289	2	1110	
367	290	2	1111	
368	291	2	1112	
369	292	2	1113	
370	293	2	1114	
371	294	1	1116	
372	294	2	1122	
373	295	2	1124	
374	296	2	1126	
375	297	2	1128	
376	298	2	1129	
377	299	2	1130	
378	300	2	1131	
379	301	2	1134	
380	302	2	1139	
381	303	2	1141	
382	303	1	1147	
383	304	2	1149	
384	305	2	1150	
385	306	2	1151	
386	307	2	1153	
387	308	2	1157	
388	309	2	1163	
389	310	2	1165	
390	311	2	1167	
391	312	2	1171	
392	313	2	1176	
393	314	2	1178	
394	314	1	1184	
395	314	2	1190	
396	314	1	1196	
397	315	2	1198	
398	316	2	1199	
399	317	2	1202	
400	318	2	1209	
401	318	2	1217	
402	318	1	1223	
403	318	2	1229	
404	319	2	1231	
405	320	2	1232	
406	321	2	1235	
407	322	1	1242	
408	322	1	1250	
409	322	1	1256	
410	322	2	1262	
411	323	2	1266	
412	324	2	1271	
413	325	2	1272	
414	326	2	1273	
415	327	2	1274	
416	328	2	1277	
417	329	2	1284	
418	329	2	1292	
419	329	1	1298	
420	330	2	1300	
421	331	2	1301	
422	332	2	1302	
423	333	2	1303	
424	334	2	1304	
425	335	2	1305	
426	336	2	1306	
427	337	2	1307	
428	338	2	1310	
429	339	2	1315	
430	340	2	1316	
431	341	2	1317	
432	342	2	1319	
433	343	1	1323	
434	343	2	1331	
435	343	1	1337	
436	343	1	1343	
437	344	2	1347	
438	345	2	1352	
439	346	2	1353	
440	347	2	1354	
441	348	2	1355	
442	349	2	1356	
443	350	2	1357	
444	351	2	1358	
445	352	2	1359	
446	353	2	1360	
447	354	2	1362	
448	355	2	1364	
449	356	2	1365	
450	357	2	1366	
451	358	2	1367	
452	359	2	1368	
453	360	2	1369	
454	361	2	1370	
455	362	2	1371	
456	363	2	1374	
457	364	2	1379	
458	365	2	1380	
459	366	2	1381	
460	367	2	1382	
461	368	2	1385	
462	369	2	1390	
463	370	2	1391	
464	371	2	1392	
465	372	2	1393	
466	373	2	1396	
467	374	2	1401	
468	375	2	1403	
469	376	2	1405	
470	377	2	1407	
471	377	2	1413	
472	377	1	1419	
473	377	1	1425	
474	378	1	1429	
475	378	2	1437	
476	378	1	1443	
477	379	1	1446	
478	379	1	1452	
479	379	2	1458	
480	380	2	1460	
481	381	2	1463	
482	381	2	1471	
483	382	2	1473	
484	383	2	1474	
485	384	2	1475	
486	385	2	1476	
487	386	2	1477	
488	387	2	1480	
489	388	2	1485	
490	389	2	1486	
491	390	2	1488	
492	391	2	1492	
493	391	1	1500	
494	391	1	1506	
495	391	2	1512	
496	392	2	1514	
497	393	2	1517	
498	394	2	1522	
499	395	1	1525	
500	395	1	1533	
501	395	1	1539	
502	395	1	1545	
503	396	2	1549	
504	397	2	1554	
505	398	2	1555	
506	399	2	1557	
