516
0	1	0	1	94	
1	6	0	24	932	933	934	935	936	937	938	939	940	941	942	943	944	945	946	947	948	949	950	951	952	953	954	955	
2	9	0	1	796	
3	16	0	12	802	803	804	805	806	807	808	809	810	811	812	813	
4	17	0	1	617	
5	18	0	1	957	
6	21	0	12	802	803	804	805	806	807	808	809	810	811	812	813	
7	22	0	1	922	
8	23	0	9	21	22	23	24	25	26	27	28	29	
9	24	0	1	527	
10	25	0	21	710	711	712	713	714	715	716	717	718	719	720	721	722	723	724	725	726	727	728	729	730	
11	27	0	15	1272	1273	1274	1275	1276	1277	1278	1279	1280	1281	1282	1283	1284	1285	1286	
12	28	0	1	105	
13	29	0	1	662	
14	33	0	7	474	475	476	477	478	479	480	
15	35	0	15	484	485	486	487	488	489	490	491	492	493	494	495	496	497	498	
16	36	0	1	437	
17	43	0	1	299	
18	44	0	21	710	711	712	713	714	715	716	717	718	719	720	721	722	723	724	725	726	727	728	729	730	
19	48	0	18	1112	1113	1114	1115	1116	1117	1118	1119	1120	1121	1122	1123	1124	1125	1126	1127	1128	1129	
20	49	0	1	98	
21	54	0	3	306	307	308	
22	56	0	21	664	665	666	667	668	669	670	671	672	673	674	675	676	677	678	679	680	681	682	683	684	
23	57	0	1	364	
24	58	0	3	1287	1288	1289	
25	60	0	1	1401	
26	62	0	24	1363	1364	1365	1366	1367	1368	1369	1370	1371	1372	1373	1374	1375	1376	1377	1378	1379	1380	1381	1382	1383	1384	1385	1386	
27	63	0	1	459	
28	64	0	3	412	413	414	
29	65	0	1	1264	
30	66	0	15	484	485	486	487	488	489	490	491	492	493	494	495	496	497	498	
31	67	0	1	732	
32	68	0	1	1215	
33	69	0	1	1271	
34	70	0	1	523	
35	71	0	18	1297	1298	1299	1300	1301	1302	1303	1304	1305	1306	1307	1308	1309	1310	1311	1312	1313	1314	
36	72	0	1	1318	
37	74	0	24	932	933	934	935	936	937	938	939	940	941	942	943	944	945	946	947	948	949	950	951	952	953	954	955	
38	76	0	1	1106	
39	77	0	24	529	530	531	532	533	534	535	536	537	538	539	540	541	542	543	544	545	546	547	548	549	550	551	552	
40	79	0	1	1033	
41	80	0	24	312	313	314	315	316	317	318	319	320	321	322	323	324	325	326	327	328	329	330	331	332	333	334	335	
42	81	0	1	801	
43	82	0	1	1020	
44	84	0	9	607	608	609	610	611	612	613	614	615	
45	85	0	24	242	243	244	245	246	247	248	249	250	251	252	253	254	255	256	257	258	259	260	261	262	263	264	265	
46	89	0	1	1109	
47	90	0	1	1143	
48	94	0	1	407	
49	95	0	1	465	
50	99	0	1	1193	
51	101	0	15	1194	1195	1196	1197	1198	1199	1200	1201	1202	1203	1204	1205	1206	1207	1208	
52	103	0	1	873	
53	104	0	1	71	
54	106	0	1	1211	
55	108	0	21	415	416	417	418	419	420	421	422	423	424	425	426	427	428	429	430	431	432	433	434	435	
56	111	0	1	991	
57	113	0	1	815	
58	116	0	24	1461	1462	1463	1464	1465	1466	1467	1468	1469	1470	1471	1472	1473	1474	1475	1476	1477	1478	1479	1480	1481	1482	1483	1484	
59	119	0	1	438	
60	121	0	1	1504	
61	123	0	7	1454	1455	1456	1457	1458	1459	1460	
62	124	0	18	1112	1113	1114	1115	1116	1117	1118	1119	1120	1121	1122	1123	1124	1125	1126	1127	1128	1129	
63	125	0	1	1164	
64	127	0	9	119	120	121	122	123	124	125	126	127	
65	130	0	1	736	
66	131	0	1	598	
67	133	0	1	390	
68	134	0	1	644	
69	136	0	1	305	
70	137	0	15	737	738	739	740	741	742	743	744	745	746	747	748	749	750	751	
71	140	0	18	1297	1298	1299	1300	1301	1302	1303	1304	1305	1306	1307	1308	1309	1310	1311	1312	1313	1314	
72	141	0	1	1104	
73	142	0	21	415	416	417	418	419	420	421	422	423	424	425	426	427	428	429	430	431	432	433	434	435	
74	146	0	1	1081	
75	147	0	1	592	
76	148	0	1	89	
77	150	0	1	1046	
78	152	0	1	793	
79	153	0	21	0	1	2	3	4	5	6	7	8	9	10	11	12	13	14	15	16	17	18	19	20	
80	155	0	1	930	
81	156	0	1	842	
82	157	0	1	1266	
83	158	0	1	1079	
84	162	0	1	107	
85	163	0	1	201	
86	165	0	18	1146	1147	1148	1149	1150	1151	1152	1153	1154	1155	1156	1157	1158	1159	1160	1161	1162	1163	
87	166	0	1	1080	
88	168	0	21	710	711	712	713	714	715	716	717	718	719	720	721	722	723	724	725	726	727	728	729	730	
89	169	0	18	1343	1344	1345	1346	1347	1348	1349	1350	1351	1352	1353	1354	1355	1356	1357	1358	1359	1360	
90	171	0	1	1317	
91	175	0	15	874	875	876	877	878	879	880	881	882	883	884	885	886	887	888	
92	176	0	1	1105	
93	177	0	24	242	243	244	245	246	247	248	249	250	251	252	253	254	255	256	257	258	259	260	261	262	263	264	265	
94	178	0	1	1387	
95	179	0	1	109	
96	180	0	1	93	
97	181	0	3	1290	1291	1292	
98	183	0	21	664	665	666	667	668	669	670	671	672	673	674	675	676	677	678	679	680	681	682	683	684	
99	185	0	7	983	984	985	986	987	988	989	
100	188	0	3	759	760	761	
101	189	0	7	365	366	367	368	369	370	371	
102	190	0	1	499	
103	192	0	15	1216	1217	1218	1219	1220	1221	1222	1223	1224	1225	1226	1227	1228	1229	1230	
104	194	0	21	664	665	666	667	668	669	670	671	672	673	674	675	676	677	678	679	680	681	682	683	684	
105	205	0	15	1272	1273	1274	1275	1276	1277	1278	1279	1280	1281	1282	1283	1284	1285	1286	
106	207	0	24	312	313	314	315	316	317	318	319	320	321	322	323	324	325	326	327	328	329	330	331	332	333	334	335	
107	210	0	1	303	
108	211	0	24	1505	1506	1507	1508	1509	1510	1511	1512	1513	1514	1515	1516	1517	1518	1519	1520	1521	1522	1523	1524	1525	1526	1527	1528	
109	214	0	3	1435	1436	1437	
110	215	0	21	415	416	417	418	419	420	421	422	423	424	425	426	427	428	429	430	431	432	433	434	435	
111	218	0	7	781	782	783	784	785	786	787	
112	222	0	24	140	141	142	143	144	145	146	147	148	149	150	151	152	153	154	155	156	157	158	159	160	161	162	163	
113	224	0	3	99	100	101	
114	225	0	7	235	236	237	238	239	240	241	
115	227	0	9	770	771	772	773	774	775	776	777	778	
116	228	0	1	1145	
117	229	0	3	272	273	274	
118	230	0	1	104	
119	231	0	3	790	791	792	
120	232	0	9	618	619	620	621	622	623	624	625	626	
121	233	0	1	1388	
122	234	0	1	596	
123	236	0	1	373	
124	238	0	9	1419	1420	1421	1422	1423	1424	1425	1426	1427	
125	240	0	12	1021	1022	1023	1024	1025	1026	1027	1028	1029	1030	1031	1032	
126	241	0	1	814	
127	242	0	3	593	594	595	
128	243	0	24	30	31	32	33	34	35	36	37	38	39	40	41	42	43	44	45	46	47	48	49	50	51	52	53	
129	245	0	21	0	1	2	3	4	5	6	7	8	9	10	11	12	13	14	15	16	17	18	19	20	
130	250	0	21	685	686	687	688	689	690	691	692	693	694	695	696	697	698	699	700	701	702	703	704	705	
131	252	0	1	921	
132	253	0	1	1256	
133	258	0	15	968	969	970	971	972	973	974	975	976	977	978	979	980	981	982	
134	259	0	24	1505	1506	1507	1508	1509	1510	1511	1512	1513	1514	1515	1516	1517	1518	1519	1520	1521	1522	1523	1524	1525	1526	1527	1528	
135	260	0	1	1361	
136	262	0	24	529	530	531	532	533	534	535	536	537	538	539	540	541	542	543	544	545	546	547	548	549	550	551	552	
137	263	0	18	440	441	442	443	444	445	446	447	448	449	450	451	452	453	454	455	456	457	
138	269	0	1	1190	
139	272	0	24	847	848	849	850	851	852	853	854	855	856	857	858	859	860	861	862	863	864	865	866	867	868	869	870	
140	276	0	24	312	313	314	315	316	317	318	319	320	321	322	323	324	325	326	327	328	329	330	331	332	333	334	335	
141	277	0	1	1236	
142	278	0	1	731	
143	280	0	1	344	
144	282	0	1	298	
145	283	0	1	735	
146	285	0	1	1034	
147	287	0	21	664	665	666	667	668	669	670	671	672	673	674	675	676	677	678	679	680	681	682	683	684	
148	288	0	1	275	
149	291	0	1	553	
150	292	0	1	1108	
151	293	0	1	1102	
152	294	0	9	770	771	772	773	774	775	776	777	778	
153	295	0	12	59	60	61	62	63	64	65	66	67	68	69	70	
154	296	0	1	889	
155	297	0	15	1216	1217	1218	1219	1220	1221	1222	1223	1224	1225	1226	1227	1228	1229	1230	
156	299	0	1	597	
157	300	0	1	1110	
158	302	0	1	568	
159	303	0	1	920	
160	305	0	1	517	
161	306	0	1	1450	
162	307	0	1	956	
163	309	0	3	266	267	268	
164	312	0	21	999	1000	1001	1002	1003	1004	1005	1006	1007	1008	1009	1010	1011	1012	1013	1014	1015	1016	1017	1018	1019	
165	313	0	9	374	375	376	377	378	379	380	381	382	
166	314	0	1	1186	
167	315	0	1	924	
168	317	0	12	128	129	130	131	132	133	134	135	136	137	138	139	
169	318	0	1	565	
170	319	0	9	352	353	354	355	356	357	358	359	360	
171	324	0	1	994	
172	326	0	3	763	764	765	
173	327	0	7	645	646	647	648	649	650	651	
174	329	0	24	30	31	32	33	34	35	36	37	38	39	40	41	42	43	44	45	46	47	48	49	50	51	52	53	
175	330	0	1	1362	
176	332	0	1	964	
177	333	0	3	1212	1213	1214	
178	335	0	1	643	
179	336	0	18	1343	1344	1345	1346	1347	1348	1349	1350	1351	1352	1353	1354	1355	1356	1357	1358	1359	1360	
180	339	0	1	846	
181	342	0	18	1146	1147	1148	1149	1150	1151	1152	1153	1154	1155	1156	1157	1158	1159	1160	1161	1162	1163	
182	343	0	15	1272	1273	1274	1275	1276	1277	1278	1279	1280	1281	1282	1283	1284	1285	1286	
183	346	0	3	1140	1141	1142	
184	347	0	1	1209	
185	350	0	1	995	
186	353	0	1	627	
187	357	0	1	439	
188	358	0	1	118	
189	359	0	9	72	73	74	75	76	77	78	79	80	
190	360	0	9	21	22	23	24	25	26	27	28	29	
191	361	0	21	685	686	687	688	689	690	691	692	693	694	695	696	697	698	699	700	701	702	703	704	705	
192	362	0	1	96	
193	363	0	1	919	
194	365	0	1	1453	
195	367	0	3	471	472	473	
196	370	0	1	794	
197	372	0	1	1049	
198	373	0	1	996	
199	374	0	1	925	
200	375	0	21	1322	1323	1324	1325	1326	1327	1328	1329	1330	1331	1332	1333	1334	1335	1336	1337	1338	1339	1340	1341	1342	
201	376	0	1	1315	
202	378	0	15	576	577	578	579	580	581	582	583	584	585	586	587	588	589	590	
203	379	0	3	198	199	200	
204	380	0	1	641	
205	381	0	1	106	
206	384	0	1	177	
207	385	0	1	661	
208	386	0	1	779	
209	387	0	1	1050	
210	390	0	21	685	686	687	688	689	690	691	692	693	694	695	696	697	698	699	700	701	702	703	704	705	
211	391	0	24	140	141	142	143	144	145	146	147	148	149	150	151	152	153	154	155	156	157	158	159	160	161	162	163	
212	392	0	1	639	
213	394	0	21	0	1	2	3	4	5	6	7	8	9	10	11	12	13	14	15	16	17	18	19	20	
214	396	0	1	1130	
215	398	0	7	752	753	754	755	756	757	758	
216	400	0	18	1486	1487	1488	1489	1490	1491	1492	1493	1494	1495	1496	1497	1498	1499	1500	1501	1502	1503	
217	406	0	1	898	
218	407	0	1	1191	
219	412	0	12	830	831	832	833	834	835	836	837	838	839	840	841	
220	413	0	1	636	
221	415	0	21	276	277	278	279	280	281	282	283	284	285	286	287	288	289	290	291	292	293	294	295	296	
222	416	0	3	460	461	462	
223	417	0	15	1194	1195	1196	1197	1198	1199	1200	1201	1202	1203	1204	1205	1206	1207	1208	
224	418	0	1	196	
225	420	0	1	896	
226	421	0	7	1238	1239	1240	1241	1242	1243	1244	
227	423	0	24	242	243	244	245	246	247	248	249	250	251	252	253	254	255	256	257	258	259	260	261	262	263	264	265	
228	425	0	7	569	570	571	572	573	574	575	
229	428	0	7	1249	1250	1251	1252	1253	1254	1255	
230	430	0	1	993	
231	434	0	7	336	337	338	339	340	341	342	
232	437	0	1	1438	
233	438	0	15	874	875	876	877	878	879	880	881	882	883	884	885	886	887	888	
234	439	0	24	932	933	934	935	936	937	938	939	940	941	942	943	944	945	946	947	948	949	950	951	952	953	954	955	
235	442	0	3	706	707	708	
236	445	0	1	642	
237	446	0	1	197	
238	447	0	1	271	
239	448	0	1	652	
240	451	0	1	90	
241	453	0	24	1461	1462	1463	1464	1465	1466	1467	1468	1469	1470	1471	1472	1473	1474	1475	1476	1477	1478	1479	1480	1481	1482	1483	1484	
242	455	0	1	213	
243	459	0	15	576	577	578	579	580	581	582	583	584	585	586	587	588	589	590	
244	460	0	1	95	
245	462	0	1	97	
246	464	0	1	1237	
247	465	0	1	411	
248	468	0	3	823	824	825	
249	469	0	21	1165	1166	1167	1168	1169	1170	1171	1172	1173	1174	1175	1176	1177	1178	1179	1180	1181	1182	1183	1184	1185	
250	471	0	21	276	277	278	279	280	281	282	283	284	285	286	287	288	289	290	291	292	293	294	295	296	
251	475	0	1	1188	
252	476	0	1	464	
253	482	0	1	653	
254	483	0	3	300	301	302	
255	484	0	1	1082	
256	485	0	24	140	141	142	143	144	145	146	147	148	149	150	151	152	153	154	155	156	157	158	159	160	161	162	163	
257	486	0	1	309	
258	490	0	1	1187	
259	491	0	7	167	168	169	170	171	172	173	
260	494	0	24	1051	1052	1053	1054	1055	1056	1057	1058	1059	1060	1061	1062	1063	1064	1065	1066	1067	1068	1069	1070	1071	1072	1073	1074	
261	495	0	1	1444	
262	499	0	1	998	
263	504	0	1	311	
264	505	0	21	1322	1323	1324	1325	1326	1327	1328	1329	1330	1331	1332	1333	1334	1335	1336	1337	1338	1339	1340	1341	1342	
265	507	0	1	591	
266	508	0	21	276	277	278	279	280	281	282	283	284	285	286	287	288	289	290	291	292	293	294	295	296	
267	509	0	1	57	
268	510	0	1	54	
269	511	0	1	56	
270	519	0	15	179	180	181	182	183	184	185	186	187	188	189	190	191	192	193	
271	521	0	1	176	
272	522	0	1	1400	
273	526	0	21	999	1000	1001	1002	1003	1004	1005	1006	1007	1008	1009	1010	1011	1012	1013	1014	1015	1016	1017	1018	1019	
274	527	0	1	103	
275	528	0	1	958	
276	531	0	1	166	
277	532	0	3	1294	1295	1296	
278	533	0	7	629	630	631	632	633	634	635	
279	538	0	3	766	767	768	
280	539	0	15	502	503	504	505	506	507	508	509	510	511	512	513	514	515	516	
281	540	0	18	440	441	442	443	444	445	446	447	448	449	450	451	452	453	454	455	456	457	
282	541	0	1	997	
283	542	0	1	108	
284	543	0	7	345	346	347	348	349	350	351	
285	544	0	1	899	
286	548	0	3	1441	1442	1443	
287	553	0	15	968	969	970	971	972	973	974	975	976	977	978	979	980	981	982	
288	554	0	3	1042	1043	1044	
289	555	0	21	1165	1166	1167	1168	1169	1170	1171	1172	1173	1174	1175	1176	1177	1178	1179	1180	1181	1182	1183	1184	1185	
290	557	0	1	1451	
291	559	0	15	968	969	970	971	972	973	974	975	976	977	978	979	980	981	982	
292	561	0	3	965	966	967	
293	566	0	1	1452	
294	568	0	24	1363	1364	1365	1366	1367	1368	1369	1370	1371	1372	1373	1374	1375	1376	1377	1378	1379	1380	1381	1382	1383	1384	1385	1386	
295	569	0	1	214	
296	571	0	1	1448	
297	574	0	1	923	
298	576	0	1	1389	
299	577	0	1	709	
300	578	0	15	737	738	739	740	741	742	743	744	745	746	747	748	749	750	751	
301	579	0	1	1447	
302	580	0	1	58	
303	581	0	1	519	
304	584	0	7	654	655	656	657	658	659	660	
305	586	0	1	640	
306	587	0	1	637	
307	588	0	18	1297	1298	1299	1300	1301	1302	1303	1304	1305	1306	1307	1308	1309	1310	1311	1312	1313	1314	
308	590	0	1	733	
309	592	0	1	343	
310	596	0	1	466	
311	597	0	18	1486	1487	1488	1489	1490	1491	1492	1493	1494	1495	1496	1497	1498	1499	1500	1501	1502	1503	
312	598	0	1	91	
313	599	0	15	179	180	181	182	183	184	185	186	187	188	189	190	191	192	193	
314	601	0	9	1390	1391	1392	1393	1394	1395	1396	1397	1398	
315	602	0	9	607	608	609	610	611	612	613	614	615	
316	606	0	12	907	908	909	910	911	912	913	914	915	916	917	918	
317	612	0	1	165	
318	613	0	24	529	530	531	532	533	534	535	536	537	538	539	540	541	542	543	544	545	546	547	548	549	550	551	552	
319	614	0	1	310	
320	615	0	1	890	
321	617	0	7	110	111	112	113	114	115	116	
322	622	0	1	599	
323	624	0	24	529	530	531	532	533	534	535	536	537	538	539	540	541	542	543	544	545	546	547	548	549	550	551	552	
324	628	0	1	990	
325	629	0	18	1146	1147	1148	1149	1150	1151	1152	1153	1154	1155	1156	1157	1158	1159	1160	1161	1162	1163	
326	630	0	1	436	
327	631	0	1	1048	
328	632	0	1	520	
329	633	0	1	372	
330	634	0	1	1485	
331	635	0	9	226	227	228	229	230	231	232	233	234	
332	637	0	15	737	738	739	740	741	742	743	744	745	746	747	748	749	750	751	
333	638	0	9	618	619	620	621	622	623	624	625	626	
334	639	0	1	1075	
335	640	0	3	1233	1234	1235	
336	641	0	1	501	
337	643	0	1	304	
338	644	0	1	871	
339	646	0	3	926	927	928	
340	653	0	7	1257	1258	1259	1260	1261	1262	1263	
341	654	0	9	72	73	74	75	76	77	78	79	80	
342	655	0	3	1076	1077	1078	
343	657	0	1	518	
344	658	0	1	524	
345	660	0	24	1461	1462	1463	1464	1465	1466	1467	1468	1469	1470	1471	1472	1473	1474	1475	1476	1477	1478	1479	1480	1481	1482	1483	1484	
346	661	0	1	897	
347	667	0	9	226	227	228	229	230	231	232	233	234	
348	671	0	1	829	
349	673	0	1	567	
350	675	0	1	195	
351	676	0	15	1403	1404	1405	1406	1407	1408	1409	1410	1411	1412	1413	1414	1415	1416	1417	
352	679	0	21	1322	1323	1324	1325	1326	1327	1328	1329	1330	1331	1332	1333	1334	1335	1336	1337	1338	1339	1340	1341	1342	
353	680	0	24	1051	1052	1053	1054	1055	1056	1057	1058	1059	1060	1061	1062	1063	1064	1065	1066	1067	1068	1069	1070	1071	1072	1073	1074	
354	681	0	12	392	393	394	395	396	397	398	399	400	401	402	403	
355	682	0	3	223	224	225	
356	684	0	1	525	
357	685	0	1	1192	
358	687	0	1	1402	
359	690	0	21	999	1000	1001	1002	1003	1004	1005	1006	1007	1008	1009	1010	1011	1012	1013	1014	1015	1016	1017	1018	1019	
360	694	0	24	1363	1364	1365	1366	1367	1368	1369	1370	1371	1372	1373	1374	1375	1376	1377	1378	1379	1380	1381	1382	1383	1384	1385	1386	
361	695	0	1	1245	
362	696	0	15	179	180	181	182	183	184	185	186	187	188	189	190	191	192	193	
363	698	0	24	30	31	32	33	34	35	36	37	38	39	40	41	42	43	44	45	46	47	48	49	50	51	52	53	
364	699	0	1	526	
365	700	0	24	1461	1462	1463	1464	1465	1466	1467	1468	1469	1470	1471	1472	1473	1474	1475	1476	1477	1478	1479	1480	1481	1482	1483	1484	
366	701	0	1	780	
367	702	0	12	59	60	61	62	63	64	65	66	67	68	69	70	
368	703	0	1	1445	
369	706	0	24	1051	1052	1053	1054	1055	1056	1057	1058	1059	1060	1061	1062	1063	1064	1065	1066	1067	1068	1069	1070	1071	1072	1073	1074	
370	707	0	1	408	
371	708	0	1	1449	
372	710	0	3	843	844	845	
373	711	0	15	502	503	504	505	506	507	508	509	510	511	512	513	514	515	516	
374	715	0	21	1322	1323	1324	1325	1326	1327	1328	1329	1330	1331	1332	1333	1334	1335	1336	1337	1338	1339	1340	1341	1342	
375	716	0	18	1084	1085	1086	1087	1088	1089	1090	1091	1092	1093	1094	1095	1096	1097	1098	1099	1100	1101	
376	718	0	1	222	
377	719	0	1	872	
378	724	0	1	194	
379	725	0	1	174	
380	727	0	18	440	441	442	443	444	445	446	447	448	449	450	451	452	453	454	455	456	457	
381	728	0	1	554	
382	729	0	1	102	
383	730	0	1	1045	
384	731	0	9	119	120	121	122	123	124	125	126	127	
385	732	0	1	55	
386	734	0	1	566	
387	735	0	24	312	313	314	315	316	317	318	319	320	321	322	323	324	325	326	327	328	329	330	331	332	333	334	335	
388	736	0	1	638	
389	737	0	1	788	
390	738	0	1	1440	
391	740	0	3	481	482	483	
392	745	0	1	297	
393	746	0	21	685	686	687	688	689	690	691	692	693	694	695	696	697	698	699	700	701	702	703	704	705	
394	748	0	1	799	
395	749	0	21	415	416	417	418	419	420	421	422	423	424	425	426	427	428	429	430	431	432	433	434	435	
396	750	0	3	826	827	828	
397	752	0	1	1144	
398	754	0	1	1189	
399	758	0	1	269	
400	759	0	1	1265	
401	760	0	24	1505	1506	1507	1508	1509	1510	1511	1512	1513	1514	1515	1516	1517	1518	1519	1520	1521	1522	1523	1524	1525	1526	1527	1528	
402	761	0	1	404	
403	764	0	3	1319	1320	1321	
404	771	0	12	128	129	130	131	132	133	134	135	136	137	138	139	
405	772	0	1	92	
406	775	0	18	1486	1487	1488	1489	1490	1491	1492	1493	1494	1495	1496	1497	1498	1499	1500	1501	1502	1503	
407	778	0	24	242	243	244	245	246	247	248	249	250	251	252	253	254	255	256	257	258	259	260	261	262	263	264	265	
408	779	0	1	800	
409	780	0	7	900	901	902	903	904	905	906	
410	782	0	18	1084	1085	1086	1087	1088	1089	1090	1091	1092	1093	1094	1095	1096	1097	1098	1099	1100	1101	
411	784	0	7	383	384	385	386	387	388	389	
412	786	0	7	1428	1429	1430	1431	1432	1433	1434	
413	789	0	1	391	
414	790	0	9	352	353	354	355	356	357	358	359	360	
415	792	0	15	1403	1404	1405	1406	1407	1408	1409	1410	1411	1412	1413	1414	1415	1416	1417	
416	794	0	3	893	894	895	
417	796	0	9	202	203	204	205	206	207	208	209	210	
418	800	0	9	374	375	376	377	378	379	380	381	382	
419	801	0	15	576	577	578	579	580	581	582	583	584	585	586	587	588	589	590	
420	803	0	1	1210	
421	804	0	1	992	
422	805	0	24	847	848	849	850	851	852	853	854	855	856	857	858	859	860	861	862	863	864	865	866	867	868	869	870	
423	806	0	24	932	933	934	935	936	937	938	939	940	941	942	943	944	945	946	947	948	949	950	951	952	953	954	955	
424	807	0	1	521	
425	810	0	1	1047	
426	811	0	1	1083	
427	812	0	7	81	82	83	84	85	86	87	
428	815	0	9	1419	1420	1421	1422	1423	1424	1425	1426	1427	
429	818	0	1	1293	
430	819	0	1	769	
431	821	0	7	816	817	818	819	820	821	822	
432	822	0	15	874	875	876	877	878	879	880	881	882	883	884	885	886	887	888	
433	827	0	15	484	485	486	487	488	489	490	491	492	493	494	495	496	497	498	
434	829	0	1	891	
435	831	0	1	470	
436	832	0	9	202	203	204	205	206	207	208	209	210	
437	836	0	9	1390	1391	1392	1393	1394	1395	1396	1397	1398	
438	837	0	1	1267	
439	840	0	1	1439	
440	841	0	1	270	
441	842	0	15	1403	1404	1405	1406	1407	1408	1409	1410	1411	1412	1413	1414	1415	1416	1417	
442	843	0	1	1316	
443	845	0	3	1246	1247	1248	
444	847	0	9	1131	1132	1133	1134	1135	1136	1137	1138	1139	
445	848	0	1	1399	
446	850	0	1	963	
447	851	0	12	907	908	909	910	911	912	913	914	915	916	917	918	
448	852	0	24	847	848	849	850	851	852	853	854	855	856	857	858	859	860	861	862	863	864	865	866	867	868	869	870	
449	853	0	1	734	
450	856	0	24	1051	1052	1053	1054	1055	1056	1057	1058	1059	1060	1061	1062	1063	1064	1065	1066	1067	1068	1069	1070	1071	1072	1073	1074	
451	857	0	1	410	
452	859	0	12	830	831	832	833	834	835	836	837	838	839	840	841	
453	860	0	3	555	556	557	
454	862	0	3	361	362	363	
455	863	0	3	960	961	962	
456	867	0	21	1165	1166	1167	1168	1169	1170	1171	1172	1173	1174	1175	1176	1177	1178	1179	1180	1181	1182	1183	1184	1185	
457	869	0	1	789	
458	870	0	1	931	
459	873	0	1	1446	
460	875	0	1	1232	
461	876	0	1	628	
462	880	0	1	211	
463	884	0	7	1035	1036	1037	1038	1039	1040	1041	
464	885	0	7	600	601	602	603	604	605	606	
465	886	0	12	392	393	394	395	396	397	398	399	400	401	402	403	
466	887	0	1	959	
467	889	0	15	1216	1217	1218	1219	1220	1221	1222	1223	1224	1225	1226	1227	1228	1229	1230	
468	890	0	1	798	
469	892	0	21	0	1	2	3	4	5	6	7	8	9	10	11	12	13	14	15	16	17	18	19	20	
470	893	0	1	175	
471	895	0	1	616	
472	898	0	1	405	
473	899	0	1	1103	
474	900	0	18	1343	1344	1345	1346	1347	1348	1349	1350	1351	1352	1353	1354	1355	1356	1357	1358	1359	1360	
475	905	0	24	30	31	32	33	34	35	36	37	38	39	40	41	42	43	44	45	46	47	48	49	50	51	52	53	
476	907	0	12	1021	1022	1023	1024	1025	1026	1027	1028	1029	1030	1031	1032	
477	908	0	1	797	
478	914	0	3	467	468	469	
479	918	0	24	1363	1364	1365	1366	1367	1368	1369	1370	1371	1372	1373	1374	1375	1376	1377	1378	1379	1380	1381	1382	1383	1384	1385	1386	
480	921	0	1	212	
481	922	0	9	1131	1132	1133	1134	1135	1136	1137	1138	1139	
482	927	0	1	88	
483	928	0	15	502	503	504	505	506	507	508	509	510	511	512	513	514	515	516	
484	929	0	18	1084	1085	1086	1087	1088	1089	1090	1091	1092	1093	1094	1095	1096	1097	1098	1099	1100	1101	
485	930	0	21	276	277	278	279	280	281	282	283	284	285	286	287	288	289	290	291	292	293	294	295	296	
486	934	0	1	663	
487	936	0	1	117	
488	938	0	7	558	559	560	561	562	563	564	
489	943	0	21	999	1000	1001	1002	1003	1004	1005	1006	1007	1008	1009	1010	1011	1012	1013	1014	1015	1016	1017	1018	1019	
490	944	0	24	847	848	849	850	851	852	853	854	855	856	857	858	859	860	861	862	863	864	865	866	867	868	869	870	
491	948	0	18	1112	1113	1114	1115	1116	1117	1118	1119	1120	1121	1122	1123	1124	1125	1126	1127	1128	1129	
492	950	0	1	500	
493	951	0	1	463	
494	952	0	15	1194	1195	1196	1197	1198	1199	1200	1201	1202	1203	1204	1205	1206	1207	1208	
495	954	0	1	528	
496	955	0	3	1268	1269	1270	
497	957	0	21	710	711	712	713	714	715	716	717	718	719	720	721	722	723	724	725	726	727	728	729	730	
498	958	0	1	522	
499	961	0	1	409	
500	962	0	1	1107	
501	966	0	7	215	216	217	218	219	220	221	
502	968	0	1	178	
503	970	0	1	795	
504	971	0	1	406	
505	973	0	24	140	141	142	143	144	145	146	147	148	149	150	151	152	153	154	155	156	157	158	159	160	161	162	163	
506	981	0	1	1111	
507	982	0	1	892	
508	987	0	24	1505	1506	1507	1508	1509	1510	1511	1512	1513	1514	1515	1516	1517	1518	1519	1520	1521	1522	1523	1524	1525	1526	1527	1528	
509	989	0	1	1231	
510	992	0	1	1418	
511	993	0	1	164	
512	994	0	21	1165	1166	1167	1168	1169	1170	1171	1172	1173	1174	1175	1176	1177	1178	1179	1180	1181	1182	1183	1184	1185	
513	995	0	1	762	
514	996	0	1	929	
515	999	0	1	458	
