1606	874	732
0
0 	 0 	 0 	 9 	 2 	 10 	 11 	 5 	 9 	 19 	 29 	 39 	 49
1 	 1 	 0 	 8 	 4 	 10 	 11 	 12 	 13 	 11 	 59 	 64 	 69 	 74 	 79 	 84 	 89 	 94 	 99 	 104 	 109
2 	 1 	 0 	 6 	 2 	 13 	 14 	 11 	 55 	 60 	 65 	 70 	 75 	 80 	 85 	 90 	 95 	 100 	 105
3 	 1 	 0 	 3 	 4 	 3 	 4 	 5 	 6 	 11 	 58 	 63 	 68 	 73 	 78 	 83 	 88 	 93 	 98 	 103 	 108
4 	 2 	 0 	 3 	 2 	 7 	 8 	 6 	 3 	 13 	 23 	 33 	 43 	 53
5 	 3 	 1 	 7 	 2 	 0 	 1 	 6 	 59 	 69 	 79 	 89 	 99 	 109
6 	 4 	 0 	 8 	 4 	 13 	 14 	 15 	 16 	 5 	 64 	 74 	 84 	 94 	 104
7 	 5 	 0 	 9 	 2 	 12 	 13 	 6 	 59 	 69 	 79 	 89 	 99 	 109
8 	 6 	 0 	 9 	 2 	 6 	 7 	 11 	 0 	 5 	 10 	 15 	 20 	 25 	 30 	 35 	 40 	 45 	 50
9 	 6 	 0 	 7 	 4 	 13 	 14 	 15 	 16 	 11 	 2 	 7 	 12 	 17 	 22 	 27 	 32 	 37 	 42 	 47 	 52
10 	 7 	 0 	 5 	 2 	 1 	 2 	 11 	 1 	 6 	 11 	 16 	 21 	 26 	 31 	 36 	 41 	 46 	 51
11 	 7 	 0 	 7 	 2 	 10 	 11 	 11 	 2 	 7 	 12 	 17 	 22 	 27 	 32 	 37 	 42 	 47 	 52
12 	 7 	 0 	 4 	 2 	 9 	 10 	 11 	 0 	 5 	 10 	 15 	 20 	 25 	 30 	 35 	 40 	 45 	 50
13 	 8 	 0 	 1 	 2 	 4 	 5 	 6 	 3 	 13 	 23 	 33 	 43 	 53
14 	 9 	 0 	 2 	 2 	 2 	 3 	 11 	 1 	 6 	 11 	 16 	 21 	 26 	 31 	 36 	 41 	 46 	 51
15 	 10 	 0 	 5 	 2 	 11 	 12 	 5 	 8 	 18 	 28 	 38 	 48
16 	 10 	 0 	 7 	 2 	 16 	 17 	 5 	 9 	 19 	 29 	 39 	 49
17 	 10 	 0 	 6 	 2 	 14 	 15 	 5 	 7 	 17 	 27 	 37 	 47
18 	 11 	 0 	 5 	 2 	 2 	 3 	 6 	 0 	 10 	 20 	 30 	 40 	 50
19 	 11 	 0 	 10 	 2 	 4 	 5 	 6 	 0 	 10 	 20 	 30 	 40 	 50
20 	 11 	 0 	 10 	 2 	 6 	 7 	 6 	 0 	 10 	 20 	 30 	 40 	 50
21 	 11 	 0 	 6 	 2 	 8 	 9 	 6 	 0 	 10 	 20 	 30 	 40 	 50
22 	 11 	 0 	 1 	 2 	 10 	 11 	 6 	 0 	 10 	 20 	 30 	 40 	 50
23 	 11 	 0 	 7 	 2 	 12 	 13 	 6 	 0 	 10 	 20 	 30 	 40 	 50
24 	 11 	 0 	 5 	 2 	 14 	 15 	 6 	 0 	 10 	 20 	 30 	 40 	 50
25 	 11 	 0 	 10 	 2 	 16 	 17 	 6 	 0 	 10 	 20 	 30 	 40 	 50
26 	 12 	 0 	 8 	 4 	 2 	 3 	 4 	 5 	 11 	 57 	 62 	 67 	 72 	 77 	 82 	 87 	 92 	 97 	 102 	 107
27 	 13 	 0 	 3 	 2 	 6 	 7 	 5 	 64 	 74 	 84 	 94 	 104
28 	 14 	 0 	 4 	 2 	 16 	 17 	 6 	 4 	 14 	 24 	 34 	 44 	 54
29 	 14 	 0 	 9 	 2 	 7 	 8 	 6 	 0 	 10 	 20 	 30 	 40 	 50
30 	 14 	 0 	 7 	 2 	 9 	 10 	 6 	 2 	 12 	 22 	 32 	 42 	 52
31 	 15 	 0 	 5 	 2 	 6 	 7 	 6 	 1 	 11 	 21 	 31 	 41 	 51
32 	 15 	 0 	 1 	 2 	 8 	 9 	 6 	 1 	 11 	 21 	 31 	 41 	 51
33 	 15 	 0 	 2 	 2 	 10 	 11 	 6 	 1 	 11 	 21 	 31 	 41 	 51
34 	 15 	 0 	 7 	 2 	 12 	 13 	 6 	 1 	 11 	 21 	 31 	 41 	 51
35 	 15 	 0 	 6 	 2 	 14 	 15 	 6 	 1 	 11 	 21 	 31 	 41 	 51
36 	 16 	 0 	 1 	 2 	 12 	 13 	 11 	 56 	 61 	 66 	 71 	 76 	 81 	 86 	 91 	 96 	 101 	 106
37 	 17 	 0 	 1 	 2 	 15 	 16 	 5 	 9 	 19 	 29 	 39 	 49
38 	 17 	 0 	 5 	 2 	 2 	 3 	 5 	 5 	 15 	 25 	 35 	 45
39 	 17 	 0 	 5 	 2 	 4 	 5 	 5 	 6 	 16 	 26 	 36 	 46
40 	 18 	 0 	 3 	 4 	 6 	 7 	 8 	 9 	 11 	 3 	 8 	 13 	 18 	 23 	 28 	 33 	 38 	 43 	 48 	 53
41 	 19 	 0 	 7 	 2 	 10 	 11 	 6 	 1 	 11 	 21 	 31 	 41 	 51
42 	 19 	 0 	 3 	 2 	 7 	 8 	 6 	 4 	 14 	 24 	 34 	 44 	 54
43 	 19 	 0 	 8 	 2 	 14 	 15 	 6 	 0 	 10 	 20 	 30 	 40 	 50
44 	 20 	 0 	 8 	 2 	 11 	 12 	 5 	 61 	 71 	 81 	 91 	 101
45 	 20 	 0 	 9 	 2 	 16 	 17 	 5 	 64 	 74 	 84 	 94 	 104
46 	 20 	 0 	 7 	 2 	 5 	 6 	 5 	 60 	 70 	 80 	 90 	 100
47 	 21 	 0 	 3 	 4 	 9 	 10 	 11 	 12 	 6 	 3 	 13 	 23 	 33 	 43 	 53
48 	 22 	 0 	 2 	 2 	 10 	 11 	 6 	 57 	 67 	 77 	 87 	 97 	 107
49 	 23 	 0 	 10 	 2 	 2 	 3 	 11 	 0 	 5 	 10 	 15 	 20 	 25 	 30 	 35 	 40 	 45 	 50
50 	 23 	 0 	 4 	 2 	 4 	 5 	 11 	 0 	 5 	 10 	 15 	 20 	 25 	 30 	 35 	 40 	 45 	 50
51 	 23 	 0 	 2 	 2 	 6 	 7 	 11 	 0 	 5 	 10 	 15 	 20 	 25 	 30 	 35 	 40 	 45 	 50
52 	 23 	 0 	 9 	 2 	 8 	 9 	 11 	 0 	 5 	 10 	 15 	 20 	 25 	 30 	 35 	 40 	 45 	 50
53 	 23 	 0 	 7 	 2 	 10 	 11 	 11 	 0 	 5 	 10 	 15 	 20 	 25 	 30 	 35 	 40 	 45 	 50
54 	 23 	 0 	 7 	 2 	 12 	 13 	 11 	 0 	 5 	 10 	 15 	 20 	 25 	 30 	 35 	 40 	 45 	 50
55 	 23 	 0 	 7 	 2 	 14 	 15 	 11 	 0 	 5 	 10 	 15 	 20 	 25 	 30 	 35 	 40 	 45 	 50
56 	 24 	 0 	 7 	 2 	 2 	 3 	 11 	 1 	 6 	 11 	 16 	 21 	 26 	 31 	 36 	 41 	 46 	 51
57 	 25 	 0 	 7 	 4 	 14 	 15 	 16 	 17 	 6 	 59 	 69 	 79 	 89 	 99 	 109
58 	 26 	 0 	 5 	 4 	 2 	 3 	 4 	 5 	 6 	 59 	 69 	 79 	 89 	 99 	 109
59 	 26 	 0 	 3 	 2 	 13 	 14 	 6 	 55 	 65 	 75 	 85 	 95 	 105
60 	 27 	 0 	 9 	 2 	 10 	 11 	 6 	 55 	 65 	 75 	 85 	 95 	 105
61 	 28 	 0 	 9 	 2 	 11 	 12 	 6 	 56 	 66 	 76 	 86 	 96 	 106
62 	 29 	 0 	 8 	 2 	 4 	 5 	 5 	 5 	 15 	 25 	 35 	 45
63 	 29 	 0 	 4 	 2 	 6 	 7 	 5 	 5 	 15 	 25 	 35 	 45
64 	 29 	 0 	 2 	 2 	 8 	 9 	 5 	 5 	 15 	 25 	 35 	 45
65 	 29 	 0 	 9 	 2 	 10 	 11 	 5 	 5 	 15 	 25 	 35 	 45
66 	 29 	 0 	 10 	 2 	 12 	 13 	 5 	 5 	 15 	 25 	 35 	 45
67 	 29 	 0 	 7 	 2 	 14 	 15 	 5 	 5 	 15 	 25 	 35 	 45
68 	 30 	 1 	 5 	 2 	 2 	 3 	 5 	 63 	 73 	 83 	 93 	 103
69 	 31 	 0 	 4 	 2 	 2 	 3 	 11 	 57 	 62 	 67 	 72 	 77 	 82 	 87 	 92 	 97 	 102 	 107
70 	 32 	 0 	 10 	 4 	 9 	 10 	 11 	 12 	 5 	 7 	 17 	 27 	 37 	 47
71 	 33 	 0 	 4 	 2 	 6 	 7 	 6 	 4 	 14 	 24 	 34 	 44 	 54
72 	 33 	 0 	 7 	 2 	 8 	 9 	 6 	 4 	 14 	 24 	 34 	 44 	 54
73 	 33 	 0 	 1 	 2 	 10 	 11 	 6 	 4 	 14 	 24 	 34 	 44 	 54
74 	 33 	 0 	 4 	 2 	 12 	 13 	 6 	 4 	 14 	 24 	 34 	 44 	 54
75 	 33 	 0 	 3 	 2 	 14 	 15 	 6 	 4 	 14 	 24 	 34 	 44 	 54
76 	 34 	 0 	 2 	 2 	 1 	 2 	 5 	 62 	 72 	 82 	 92 	 102
77 	 34 	 0 	 7 	 2 	 3 	 4 	 5 	 62 	 72 	 82 	 92 	 102
78 	 34 	 0 	 2 	 2 	 5 	 6 	 5 	 62 	 72 	 82 	 92 	 102
79 	 34 	 0 	 4 	 2 	 7 	 8 	 5 	 62 	 72 	 82 	 92 	 102
80 	 34 	 0 	 1 	 2 	 9 	 10 	 5 	 62 	 72 	 82 	 92 	 102
81 	 34 	 0 	 6 	 2 	 11 	 12 	 5 	 62 	 72 	 82 	 92 	 102
82 	 34 	 0 	 7 	 2 	 13 	 14 	 5 	 62 	 72 	 82 	 92 	 102
83 	 34 	 0 	 7 	 2 	 15 	 16 	 5 	 62 	 72 	 82 	 92 	 102
84 	 35 	 0 	 1 	 2 	 2 	 3 	 5 	 64 	 74 	 84 	 94 	 104
85 	 35 	 0 	 10 	 2 	 4 	 5 	 5 	 64 	 74 	 84 	 94 	 104
86 	 35 	 0 	 4 	 2 	 6 	 7 	 5 	 64 	 74 	 84 	 94 	 104
87 	 35 	 0 	 3 	 2 	 8 	 9 	 5 	 64 	 74 	 84 	 94 	 104
88 	 35 	 0 	 3 	 2 	 10 	 11 	 5 	 64 	 74 	 84 	 94 	 104
89 	 35 	 0 	 7 	 2 	 12 	 13 	 5 	 64 	 74 	 84 	 94 	 104
90 	 35 	 0 	 8 	 2 	 14 	 15 	 5 	 64 	 74 	 84 	 94 	 104
91 	 35 	 0 	 7 	 2 	 16 	 17 	 5 	 64 	 74 	 84 	 94 	 104
92 	 36 	 0 	 10 	 2 	 8 	 9 	 11 	 57 	 62 	 67 	 72 	 77 	 82 	 87 	 92 	 97 	 102 	 107
93 	 37 	 0 	 1 	 2 	 11 	 12 	 5 	 8 	 18 	 28 	 38 	 48
94 	 38 	 0 	 2 	 4 	 13 	 14 	 15 	 16 	 5 	 9 	 19 	 29 	 39 	 49
95 	 38 	 0 	 9 	 2 	 7 	 8 	 5 	 8 	 18 	 28 	 38 	 48
96 	 38 	 0 	 4 	 2 	 9 	 10 	 5 	 7 	 17 	 27 	 37 	 47
97 	 39 	 0 	 5 	 2 	 0 	 1 	 11 	 59 	 64 	 69 	 74 	 79 	 84 	 89 	 94 	 99 	 104 	 109
98 	 40 	 0 	 7 	 4 	 5 	 6 	 7 	 8 	 5 	 60 	 70 	 80 	 90 	 100
99 	 41 	 0 	 10 	 2 	 7 	 8 	 6 	 4 	 14 	 24 	 34 	 44 	 54
100 	 42 	 0 	 9 	 2 	 5 	 6 	 11 	 55 	 60 	 65 	 70 	 75 	 80 	 85 	 90 	 95 	 100 	 105
101 	 42 	 0 	 3 	 4 	 14 	 15 	 16 	 17 	 11 	 59 	 64 	 69 	 74 	 79 	 84 	 89 	 94 	 99 	 104 	 109
102 	 43 	 0 	 8 	 2 	 5 	 6 	 6 	 56 	 66 	 76 	 86 	 96 	 106
103 	 43 	 0 	 2 	 2 	 13 	 14 	 6 	 58 	 68 	 78 	 88 	 98 	 108
104 	 44 	 0 	 3 	 2 	 6 	 7 	 5 	 61 	 71 	 81 	 91 	 101
105 	 45 	 0 	 6 	 2 	 4 	 5 	 6 	 59 	 69 	 79 	 89 	 99 	 109
106 	 46 	 1 	 9 	 2 	 0 	 1 	 6 	 56 	 66 	 76 	 86 	 96 	 106
107 	 47 	 0 	 2 	 2 	 5 	 6 	 11 	 57 	 62 	 67 	 72 	 77 	 82 	 87 	 92 	 97 	 102 	 107
108 	 48 	 0 	 6 	 2 	 6 	 7 	 5 	 8 	 18 	 28 	 38 	 48
109 	 48 	 0 	 4 	 2 	 7 	 8 	 5 	 6 	 16 	 26 	 36 	 46
110 	 49 	 0 	 9 	 4 	 7 	 8 	 9 	 10 	 5 	 7 	 17 	 27 	 37 	 47
111 	 50 	 0 	 8 	 2 	 8 	 9 	 5 	 8 	 18 	 28 	 38 	 48
112 	 50 	 0 	 10 	 2 	 10 	 11 	 5 	 8 	 18 	 28 	 38 	 48
113 	 50 	 0 	 4 	 2 	 12 	 13 	 5 	 8 	 18 	 28 	 38 	 48
114 	 50 	 0 	 8 	 2 	 14 	 15 	 5 	 8 	 18 	 28 	 38 	 48
115 	 50 	 0 	 3 	 2 	 16 	 17 	 5 	 8 	 18 	 28 	 38 	 48
116 	 51 	 0 	 1 	 2 	 4 	 5 	 5 	 60 	 70 	 80 	 90 	 100
117 	 52 	 0 	 5 	 2 	 5 	 6 	 5 	 9 	 19 	 29 	 39 	 49
118 	 52 	 0 	 6 	 2 	 4 	 5 	 5 	 5 	 15 	 25 	 35 	 45
119 	 53 	 0 	 2 	 2 	 5 	 6 	 5 	 62 	 72 	 82 	 92 	 102
120 	 54 	 0 	 1 	 2 	 4 	 5 	 5 	 63 	 73 	 83 	 93 	 103
121 	 55 	 0 	 8 	 2 	 3 	 4 	 6 	 56 	 66 	 76 	 86 	 96 	 106
122 	 55 	 0 	 8 	 2 	 5 	 6 	 6 	 56 	 66 	 76 	 86 	 96 	 106
123 	 55 	 0 	 1 	 2 	 7 	 8 	 6 	 56 	 66 	 76 	 86 	 96 	 106
124 	 55 	 0 	 6 	 2 	 9 	 10 	 6 	 56 	 66 	 76 	 86 	 96 	 106
125 	 56 	 0 	 7 	 2 	 11 	 12 	 5 	 8 	 18 	 28 	 38 	 48
126 	 56 	 0 	 3 	 2 	 11 	 12 	 5 	 9 	 19 	 29 	 39 	 49
127 	 56 	 0 	 2 	 2 	 7 	 8 	 5 	 5 	 15 	 25 	 35 	 45
128 	 57 	 0 	 6 	 2 	 2 	 3 	 6 	 4 	 14 	 24 	 34 	 44 	 54
129 	 57 	 0 	 8 	 2 	 4 	 5 	 6 	 4 	 14 	 24 	 34 	 44 	 54
130 	 57 	 0 	 6 	 2 	 6 	 7 	 6 	 4 	 14 	 24 	 34 	 44 	 54
131 	 57 	 0 	 5 	 2 	 8 	 9 	 6 	 4 	 14 	 24 	 34 	 44 	 54
132 	 57 	 0 	 10 	 2 	 10 	 11 	 6 	 4 	 14 	 24 	 34 	 44 	 54
133 	 58 	 0 	 8 	 2 	 2 	 3 	 6 	 59 	 69 	 79 	 89 	 99 	 109
134 	 58 	 0 	 10 	 2 	 4 	 5 	 6 	 59 	 69 	 79 	 89 	 99 	 109
135 	 58 	 0 	 6 	 2 	 6 	 7 	 6 	 59 	 69 	 79 	 89 	 99 	 109
136 	 58 	 0 	 10 	 2 	 8 	 9 	 6 	 59 	 69 	 79 	 89 	 99 	 109
137 	 58 	 0 	 3 	 2 	 10 	 11 	 6 	 59 	 69 	 79 	 89 	 99 	 109
138 	 58 	 0 	 9 	 2 	 12 	 13 	 6 	 59 	 69 	 79 	 89 	 99 	 109
139 	 58 	 0 	 7 	 2 	 14 	 15 	 6 	 59 	 69 	 79 	 89 	 99 	 109
140 	 58 	 0 	 5 	 2 	 16 	 17 	 6 	 59 	 69 	 79 	 89 	 99 	 109
141 	 59 	 0 	 8 	 2 	 10 	 11 	 11 	 3 	 8 	 13 	 18 	 23 	 28 	 33 	 38 	 43 	 48 	 53
142 	 59 	 0 	 5 	 2 	 4 	 5 	 11 	 4 	 9 	 14 	 19 	 24 	 29 	 34 	 39 	 44 	 49 	 54
143 	 60 	 0 	 8 	 2 	 4 	 5 	 6 	 4 	 14 	 24 	 34 	 44 	 54
144 	 60 	 0 	 7 	 2 	 6 	 7 	 6 	 4 	 14 	 24 	 34 	 44 	 54
145 	 60 	 0 	 10 	 2 	 8 	 9 	 6 	 4 	 14 	 24 	 34 	 44 	 54
146 	 60 	 0 	 10 	 2 	 10 	 11 	 6 	 4 	 14 	 24 	 34 	 44 	 54
147 	 60 	 0 	 10 	 2 	 12 	 13 	 6 	 4 	 14 	 24 	 34 	 44 	 54
148 	 61 	 0 	 7 	 2 	 1 	 2 	 6 	 56 	 66 	 76 	 86 	 96 	 106
149 	 61 	 0 	 7 	 2 	 1 	 2 	 6 	 55 	 65 	 75 	 85 	 95 	 105
150 	 61 	 0 	 5 	 2 	 11 	 12 	 6 	 57 	 67 	 77 	 87 	 97 	 107
151 	 62 	 0 	 2 	 2 	 5 	 6 	 5 	 60 	 70 	 80 	 90 	 100
152 	 62 	 0 	 3 	 2 	 7 	 8 	 5 	 60 	 70 	 80 	 90 	 100
153 	 62 	 0 	 7 	 2 	 9 	 10 	 5 	 60 	 70 	 80 	 90 	 100
154 	 62 	 0 	 2 	 2 	 11 	 12 	 5 	 60 	 70 	 80 	 90 	 100
155 	 62 	 0 	 1 	 2 	 13 	 14 	 5 	 60 	 70 	 80 	 90 	 100
156 	 62 	 0 	 10 	 2 	 15 	 16 	 5 	 60 	 70 	 80 	 90 	 100
157 	 63 	 0 	 3 	 2 	 9 	 10 	 6 	 56 	 66 	 76 	 86 	 96 	 106
158 	 63 	 0 	 2 	 2 	 6 	 7 	 6 	 58 	 68 	 78 	 88 	 98 	 108
159 	 64 	 0 	 3 	 2 	 13 	 14 	 11 	 55 	 60 	 65 	 70 	 75 	 80 	 85 	 90 	 95 	 100 	 105
160 	 65 	 0 	 7 	 2 	 2 	 3 	 11 	 0 	 5 	 10 	 15 	 20 	 25 	 30 	 35 	 40 	 45 	 50
161 	 65 	 0 	 5 	 2 	 4 	 5 	 11 	 0 	 5 	 10 	 15 	 20 	 25 	 30 	 35 	 40 	 45 	 50
162 	 65 	 0 	 1 	 2 	 6 	 7 	 11 	 0 	 5 	 10 	 15 	 20 	 25 	 30 	 35 	 40 	 45 	 50
163 	 65 	 0 	 8 	 2 	 8 	 9 	 11 	 0 	 5 	 10 	 15 	 20 	 25 	 30 	 35 	 40 	 45 	 50
164 	 65 	 0 	 2 	 2 	 10 	 11 	 11 	 0 	 5 	 10 	 15 	 20 	 25 	 30 	 35 	 40 	 45 	 50
165 	 65 	 0 	 9 	 2 	 12 	 13 	 11 	 0 	 5 	 10 	 15 	 20 	 25 	 30 	 35 	 40 	 45 	 50
166 	 65 	 0 	 2 	 2 	 14 	 15 	 11 	 0 	 5 	 10 	 15 	 20 	 25 	 30 	 35 	 40 	 45 	 50
167 	 65 	 0 	 10 	 2 	 16 	 17 	 11 	 0 	 5 	 10 	 15 	 20 	 25 	 30 	 35 	 40 	 45 	 50
168 	 66 	 0 	 5 	 2 	 1 	 2 	 6 	 2 	 12 	 22 	 32 	 42 	 52
169 	 67 	 0 	 1 	 4 	 11 	 12 	 13 	 14 	 6 	 4 	 14 	 24 	 34 	 44 	 54
170 	 68 	 0 	 9 	 2 	 4 	 5 	 6 	 56 	 66 	 76 	 86 	 96 	 106
171 	 68 	 0 	 9 	 2 	 6 	 7 	 6 	 56 	 66 	 76 	 86 	 96 	 106
172 	 68 	 0 	 6 	 2 	 8 	 9 	 6 	 56 	 66 	 76 	 86 	 96 	 106
173 	 68 	 0 	 5 	 2 	 10 	 11 	 6 	 56 	 66 	 76 	 86 	 96 	 106
174 	 68 	 0 	 10 	 2 	 12 	 13 	 6 	 56 	 66 	 76 	 86 	 96 	 106
175 	 69 	 0 	 2 	 2 	 13 	 14 	 5 	 7 	 17 	 27 	 37 	 47
176 	 69 	 0 	 2 	 2 	 11 	 12 	 5 	 5 	 15 	 25 	 35 	 45
177 	 70 	 0 	 5 	 2 	 2 	 3 	 11 	 56 	 61 	 66 	 71 	 76 	 81 	 86 	 91 	 96 	 101 	 106
178 	 70 	 0 	 10 	 2 	 4 	 5 	 11 	 56 	 61 	 66 	 71 	 76 	 81 	 86 	 91 	 96 	 101 	 106
179 	 70 	 0 	 2 	 2 	 6 	 7 	 11 	 56 	 61 	 66 	 71 	 76 	 81 	 86 	 91 	 96 	 101 	 106
180 	 70 	 0 	 3 	 2 	 8 	 9 	 11 	 56 	 61 	 66 	 71 	 76 	 81 	 86 	 91 	 96 	 101 	 106
181 	 70 	 0 	 3 	 2 	 10 	 11 	 11 	 56 	 61 	 66 	 71 	 76 	 81 	 86 	 91 	 96 	 101 	 106
182 	 70 	 0 	 1 	 2 	 12 	 13 	 11 	 56 	 61 	 66 	 71 	 76 	 81 	 86 	 91 	 96 	 101 	 106
183 	 70 	 0 	 6 	 2 	 14 	 15 	 11 	 56 	 61 	 66 	 71 	 76 	 81 	 86 	 91 	 96 	 101 	 106
184 	 71 	 0 	 2 	 2 	 1 	 2 	 5 	 62 	 72 	 82 	 92 	 102
185 	 71 	 0 	 7 	 2 	 3 	 4 	 5 	 62 	 72 	 82 	 92 	 102
186 	 71 	 0 	 1 	 2 	 5 	 6 	 5 	 62 	 72 	 82 	 92 	 102
187 	 71 	 0 	 3 	 2 	 7 	 8 	 5 	 62 	 72 	 82 	 92 	 102
188 	 71 	 0 	 3 	 2 	 9 	 10 	 5 	 62 	 72 	 82 	 92 	 102
189 	 71 	 0 	 10 	 2 	 11 	 12 	 5 	 62 	 72 	 82 	 92 	 102
190 	 72 	 0 	 5 	 4 	 3 	 4 	 5 	 6 	 6 	 55 	 65 	 75 	 85 	 95 	 105
191 	 73 	 0 	 4 	 2 	 13 	 14 	 6 	 56 	 66 	 76 	 86 	 96 	 106
192 	 74 	 0 	 10 	 2 	 9 	 10 	 5 	 5 	 15 	 25 	 35 	 45
193 	 75 	 0 	 4 	 4 	 9 	 10 	 11 	 12 	 6 	 2 	 12 	 22 	 32 	 42 	 52
194 	 76 	 0 	 2 	 2 	 0 	 1 	 5 	 8 	 18 	 28 	 38 	 48
195 	 76 	 0 	 3 	 2 	 2 	 3 	 5 	 8 	 18 	 28 	 38 	 48
196 	 76 	 0 	 6 	 2 	 4 	 5 	 5 	 8 	 18 	 28 	 38 	 48
197 	 76 	 0 	 3 	 2 	 6 	 7 	 5 	 8 	 18 	 28 	 38 	 48
198 	 76 	 0 	 5 	 2 	 8 	 9 	 5 	 8 	 18 	 28 	 38 	 48
199 	 76 	 0 	 2 	 2 	 10 	 11 	 5 	 8 	 18 	 28 	 38 	 48
200 	 76 	 0 	 8 	 2 	 12 	 13 	 5 	 8 	 18 	 28 	 38 	 48
201 	 76 	 0 	 1 	 2 	 14 	 15 	 5 	 8 	 18 	 28 	 38 	 48
202 	 76 	 0 	 1 	 2 	 16 	 17 	 5 	 8 	 18 	 28 	 38 	 48
203 	 77 	 0 	 4 	 2 	 6 	 7 	 6 	 56 	 66 	 76 	 86 	 96 	 106
204 	 78 	 0 	 2 	 2 	 9 	 10 	 11 	 0 	 5 	 10 	 15 	 20 	 25 	 30 	 35 	 40 	 45 	 50
205 	 79 	 0 	 5 	 2 	 6 	 7 	 6 	 58 	 68 	 78 	 88 	 98 	 108
206 	 80 	 0 	 7 	 2 	 6 	 7 	 6 	 3 	 13 	 23 	 33 	 43 	 53
207 	 80 	 0 	 8 	 2 	 10 	 11 	 6 	 2 	 12 	 22 	 32 	 42 	 52
208 	 81 	 0 	 9 	 2 	 6 	 7 	 6 	 2 	 12 	 22 	 32 	 42 	 52
209 	 81 	 0 	 7 	 2 	 13 	 14 	 6 	 3 	 13 	 23 	 33 	 43 	 53
210 	 82 	 0 	 6 	 2 	 4 	 5 	 11 	 57 	 62 	 67 	 72 	 77 	 82 	 87 	 92 	 97 	 102 	 107
211 	 82 	 0 	 5 	 2 	 6 	 7 	 11 	 57 	 62 	 67 	 72 	 77 	 82 	 87 	 92 	 97 	 102 	 107
212 	 82 	 0 	 7 	 2 	 8 	 9 	 11 	 57 	 62 	 67 	 72 	 77 	 82 	 87 	 92 	 97 	 102 	 107
213 	 82 	 0 	 3 	 2 	 10 	 11 	 11 	 57 	 62 	 67 	 72 	 77 	 82 	 87 	 92 	 97 	 102 	 107
214 	 83 	 0 	 2 	 2 	 0 	 1 	 6 	 0 	 10 	 20 	 30 	 40 	 50
215 	 84 	 0 	 5 	 2 	 15 	 16 	 5 	 9 	 19 	 29 	 39 	 49
216 	 84 	 0 	 8 	 2 	 7 	 8 	 5 	 6 	 16 	 26 	 36 	 46
217 	 85 	 0 	 10 	 4 	 7 	 8 	 9 	 10 	 11 	 1 	 6 	 11 	 16 	 21 	 26 	 31 	 36 	 41 	 46 	 51
218 	 85 	 0 	 1 	 4 	 2 	 3 	 4 	 5 	 11 	 3 	 8 	 13 	 18 	 23 	 28 	 33 	 38 	 43 	 48 	 53
219 	 86 	 0 	 5 	 2 	 12 	 13 	 5 	 62 	 72 	 82 	 92 	 102
220 	 87 	 1 	 3 	 4 	 6 	 7 	 8 	 9 	 6 	 2 	 12 	 22 	 32 	 42 	 52
221 	 88 	 0 	 7 	 2 	 13 	 14 	 5 	 7 	 17 	 27 	 37 	 47
222 	 89 	 0 	 3 	 2 	 3 	 4 	 5 	 8 	 18 	 28 	 38 	 48
223 	 89 	 0 	 9 	 2 	 5 	 6 	 5 	 8 	 18 	 28 	 38 	 48
224 	 89 	 0 	 8 	 2 	 7 	 8 	 5 	 8 	 18 	 28 	 38 	 48
225 	 89 	 0 	 2 	 2 	 9 	 10 	 5 	 8 	 18 	 28 	 38 	 48
226 	 89 	 0 	 1 	 2 	 11 	 12 	 5 	 8 	 18 	 28 	 38 	 48
227 	 89 	 0 	 10 	 2 	 13 	 14 	 5 	 8 	 18 	 28 	 38 	 48
228 	 89 	 0 	 9 	 2 	 15 	 16 	 5 	 8 	 18 	 28 	 38 	 48
229 	 90 	 0 	 8 	 2 	 4 	 5 	 5 	 63 	 73 	 83 	 93 	 103
230 	 91 	 0 	 5 	 2 	 10 	 11 	 6 	 58 	 68 	 78 	 88 	 98 	 108
231 	 92 	 0 	 9 	 2 	 14 	 15 	 11 	 59 	 64 	 69 	 74 	 79 	 84 	 89 	 94 	 99 	 104 	 109
232 	 93 	 0 	 8 	 2 	 8 	 9 	 5 	 64 	 74 	 84 	 94 	 104
233 	 94 	 1 	 6 	 2 	 4 	 5 	 6 	 1 	 11 	 21 	 31 	 41 	 51
234 	 95 	 0 	 2 	 2 	 10 	 11 	 6 	 1 	 11 	 21 	 31 	 41 	 51
235 	 96 	 0 	 8 	 4 	 5 	 6 	 7 	 8 	 11 	 57 	 62 	 67 	 72 	 77 	 82 	 87 	 92 	 97 	 102 	 107
236 	 96 	 0 	 5 	 2 	 6 	 7 	 11 	 59 	 64 	 69 	 74 	 79 	 84 	 89 	 94 	 99 	 104 	 109
237 	 97 	 0 	 3 	 2 	 4 	 5 	 6 	 55 	 65 	 75 	 85 	 95 	 105
238 	 98 	 0 	 10 	 2 	 13 	 14 	 6 	 56 	 66 	 76 	 86 	 96 	 106
239 	 99 	 0 	 8 	 2 	 15 	 16 	 6 	 0 	 10 	 20 	 30 	 40 	 50
240 	 99 	 0 	 5 	 2 	 13 	 14 	 6 	 2 	 12 	 22 	 32 	 42 	 52
241 	 100 	 0 	 1 	 2 	 7 	 8 	 6 	 2 	 12 	 22 	 32 	 42 	 52
242 	 100 	 0 	 3 	 2 	 1 	 2 	 6 	 3 	 13 	 23 	 33 	 43 	 53
243 	 101 	 0 	 5 	 2 	 3 	 4 	 5 	 7 	 17 	 27 	 37 	 47
244 	 101 	 0 	 4 	 2 	 5 	 6 	 5 	 7 	 17 	 27 	 37 	 47
245 	 101 	 0 	 2 	 2 	 7 	 8 	 5 	 7 	 17 	 27 	 37 	 47
246 	 101 	 0 	 6 	 2 	 9 	 10 	 5 	 7 	 17 	 27 	 37 	 47
247 	 101 	 0 	 7 	 2 	 11 	 12 	 5 	 7 	 17 	 27 	 37 	 47
248 	 101 	 0 	 9 	 2 	 13 	 14 	 5 	 7 	 17 	 27 	 37 	 47
249 	 102 	 0 	 5 	 4 	 13 	 14 	 15 	 16 	 11 	 0 	 5 	 10 	 15 	 20 	 25 	 30 	 35 	 40 	 45 	 50
250 	 103 	 0 	 7 	 4 	 12 	 13 	 14 	 15 	 11 	 59 	 64 	 69 	 74 	 79 	 84 	 89 	 94 	 99 	 104 	 109
251 	 104 	 0 	 1 	 2 	 11 	 12 	 5 	 60 	 70 	 80 	 90 	 100
252 	 105 	 0 	 3 	 2 	 1 	 2 	 5 	 60 	 70 	 80 	 90 	 100
253 	 106 	 0 	 5 	 2 	 5 	 6 	 11 	 0 	 5 	 10 	 15 	 20 	 25 	 30 	 35 	 40 	 45 	 50
254 	 107 	 0 	 10 	 4 	 10 	 11 	 12 	 13 	 5 	 8 	 18 	 28 	 38 	 48
255 	 108 	 0 	 1 	 2 	 16 	 17 	 6 	 56 	 66 	 76 	 86 	 96 	 106
256 	 108 	 0 	 4 	 4 	 1 	 2 	 3 	 4 	 6 	 55 	 65 	 75 	 85 	 95 	 105
257 	 109 	 0 	 1 	 4 	 13 	 14 	 15 	 16 	 5 	 64 	 74 	 84 	 94 	 104
258 	 110 	 0 	 6 	 4 	 5 	 6 	 7 	 8 	 11 	 3 	 8 	 13 	 18 	 23 	 28 	 33 	 38 	 43 	 48 	 53
259 	 110 	 0 	 1 	 2 	 6 	 7 	 11 	 1 	 6 	 11 	 16 	 21 	 26 	 31 	 36 	 41 	 46 	 51
260 	 110 	 0 	 10 	 2 	 12 	 13 	 11 	 2 	 7 	 12 	 17 	 22 	 27 	 32 	 37 	 42 	 47 	 52
261 	 111 	 0 	 9 	 2 	 1 	 2 	 11 	 3 	 8 	 13 	 18 	 23 	 28 	 33 	 38 	 43 	 48 	 53
262 	 111 	 0 	 10 	 2 	 3 	 4 	 11 	 3 	 8 	 13 	 18 	 23 	 28 	 33 	 38 	 43 	 48 	 53
263 	 111 	 0 	 9 	 2 	 5 	 6 	 11 	 3 	 8 	 13 	 18 	 23 	 28 	 33 	 38 	 43 	 48 	 53
264 	 111 	 0 	 10 	 2 	 7 	 8 	 11 	 3 	 8 	 13 	 18 	 23 	 28 	 33 	 38 	 43 	 48 	 53
265 	 111 	 0 	 1 	 2 	 9 	 10 	 11 	 3 	 8 	 13 	 18 	 23 	 28 	 33 	 38 	 43 	 48 	 53
266 	 111 	 0 	 10 	 2 	 11 	 12 	 11 	 3 	 8 	 13 	 18 	 23 	 28 	 33 	 38 	 43 	 48 	 53
267 	 111 	 0 	 5 	 2 	 13 	 14 	 11 	 3 	 8 	 13 	 18 	 23 	 28 	 33 	 38 	 43 	 48 	 53
268 	 111 	 0 	 6 	 2 	 15 	 16 	 11 	 3 	 8 	 13 	 18 	 23 	 28 	 33 	 38 	 43 	 48 	 53
269 	 112 	 0 	 5 	 2 	 15 	 16 	 6 	 0 	 10 	 20 	 30 	 40 	 50
270 	 113 	 1 	 8 	 4 	 6 	 7 	 8 	 9 	 6 	 59 	 69 	 79 	 89 	 99 	 109
271 	 114 	 0 	 10 	 2 	 4 	 5 	 5 	 8 	 18 	 28 	 38 	 48
272 	 115 	 0 	 5 	 2 	 3 	 4 	 5 	 7 	 17 	 27 	 37 	 47
273 	 115 	 0 	 7 	 2 	 1 	 2 	 5 	 5 	 15 	 25 	 35 	 45
274 	 116 	 0 	 6 	 2 	 0 	 1 	 11 	 3 	 8 	 13 	 18 	 23 	 28 	 33 	 38 	 43 	 48 	 53
275 	 116 	 0 	 8 	 2 	 2 	 3 	 11 	 3 	 8 	 13 	 18 	 23 	 28 	 33 	 38 	 43 	 48 	 53
276 	 116 	 0 	 4 	 2 	 4 	 5 	 11 	 3 	 8 	 13 	 18 	 23 	 28 	 33 	 38 	 43 	 48 	 53
277 	 116 	 0 	 4 	 2 	 6 	 7 	 11 	 3 	 8 	 13 	 18 	 23 	 28 	 33 	 38 	 43 	 48 	 53
278 	 116 	 0 	 3 	 2 	 8 	 9 	 11 	 3 	 8 	 13 	 18 	 23 	 28 	 33 	 38 	 43 	 48 	 53
279 	 116 	 0 	 3 	 2 	 10 	 11 	 11 	 3 	 8 	 13 	 18 	 23 	 28 	 33 	 38 	 43 	 48 	 53
280 	 116 	 0 	 10 	 2 	 12 	 13 	 11 	 3 	 8 	 13 	 18 	 23 	 28 	 33 	 38 	 43 	 48 	 53
281 	 117 	 0 	 5 	 2 	 8 	 9 	 6 	 59 	 69 	 79 	 89 	 99 	 109
282 	 118 	 0 	 4 	 2 	 15 	 16 	 6 	 2 	 12 	 22 	 32 	 42 	 52
283 	 119 	 0 	 4 	 2 	 6 	 7 	 5 	 5 	 15 	 25 	 35 	 45
284 	 120 	 0 	 5 	 4 	 1 	 2 	 3 	 4 	 6 	 55 	 65 	 75 	 85 	 95 	 105
285 	 121 	 0 	 8 	 4 	 14 	 15 	 16 	 17 	 11 	 56 	 61 	 66 	 71 	 76 	 81 	 86 	 91 	 96 	 101 	 106
286 	 122 	 0 	 2 	 4 	 0 	 1 	 2 	 3 	 6 	 4 	 14 	 24 	 34 	 44 	 54
287 	 122 	 0 	 2 	 2 	 15 	 16 	 6 	 3 	 13 	 23 	 33 	 43 	 53
288 	 122 	 0 	 6 	 2 	 12 	 13 	 6 	 2 	 12 	 22 	 32 	 42 	 52
289 	 123 	 0 	 4 	 2 	 12 	 13 	 6 	 1 	 11 	 21 	 31 	 41 	 51
290 	 124 	 0 	 2 	 2 	 1 	 2 	 5 	 5 	 15 	 25 	 35 	 45
291 	 124 	 0 	 8 	 2 	 3 	 4 	 5 	 6 	 16 	 26 	 36 	 46
292 	 124 	 0 	 6 	 4 	 2 	 3 	 4 	 5 	 5 	 7 	 17 	 27 	 37 	 47
293 	 125 	 0 	 8 	 2 	 0 	 1 	 11 	 56 	 61 	 66 	 71 	 76 	 81 	 86 	 91 	 96 	 101 	 106
294 	 126 	 0 	 4 	 2 	 5 	 6 	 11 	 1 	 6 	 11 	 16 	 21 	 26 	 31 	 36 	 41 	 46 	 51
295 	 127 	 0 	 2 	 2 	 11 	 12 	 11 	 59 	 64 	 69 	 74 	 79 	 84 	 89 	 94 	 99 	 104 	 109
296 	 128 	 0 	 10 	 2 	 11 	 12 	 5 	 63 	 73 	 83 	 93 	 103
297 	 129 	 0 	 1 	 2 	 9 	 10 	 5 	 8 	 18 	 28 	 38 	 48
298 	 130 	 0 	 3 	 2 	 7 	 8 	 5 	 62 	 72 	 82 	 92 	 102
299 	 131 	 0 	 3 	 2 	 0 	 1 	 6 	 57 	 67 	 77 	 87 	 97 	 107
300 	 131 	 0 	 4 	 2 	 2 	 3 	 6 	 57 	 67 	 77 	 87 	 97 	 107
301 	 131 	 0 	 4 	 2 	 4 	 5 	 6 	 57 	 67 	 77 	 87 	 97 	 107
302 	 131 	 0 	 3 	 2 	 6 	 7 	 6 	 57 	 67 	 77 	 87 	 97 	 107
303 	 131 	 0 	 9 	 2 	 8 	 9 	 6 	 57 	 67 	 77 	 87 	 97 	 107
304 	 131 	 0 	 7 	 2 	 10 	 11 	 6 	 57 	 67 	 77 	 87 	 97 	 107
305 	 131 	 0 	 5 	 2 	 12 	 13 	 6 	 57 	 67 	 77 	 87 	 97 	 107
306 	 131 	 0 	 6 	 2 	 14 	 15 	 6 	 57 	 67 	 77 	 87 	 97 	 107
307 	 131 	 0 	 2 	 2 	 16 	 17 	 6 	 57 	 67 	 77 	 87 	 97 	 107
308 	 132 	 0 	 3 	 4 	 6 	 7 	 8 	 9 	 11 	 55 	 60 	 65 	 70 	 75 	 80 	 85 	 90 	 95 	 100 	 105
309 	 133 	 0 	 5 	 2 	 6 	 7 	 6 	 3 	 13 	 23 	 33 	 43 	 53
310 	 134 	 0 	 8 	 2 	 5 	 6 	 6 	 2 	 12 	 22 	 32 	 42 	 52
311 	 135 	 0 	 2 	 4 	 5 	 6 	 7 	 8 	 6 	 55 	 65 	 75 	 85 	 95 	 105
312 	 136 	 0 	 4 	 2 	 8 	 9 	 6 	 57 	 67 	 77 	 87 	 97 	 107
313 	 137 	 0 	 9 	 4 	 6 	 7 	 8 	 9 	 11 	 1 	 6 	 11 	 16 	 21 	 26 	 31 	 36 	 41 	 46 	 51
314 	 137 	 0 	 10 	 2 	 4 	 5 	 11 	 2 	 7 	 12 	 17 	 22 	 27 	 32 	 37 	 42 	 47 	 52
315 	 137 	 0 	 10 	 2 	 5 	 6 	 11 	 0 	 5 	 10 	 15 	 20 	 25 	 30 	 35 	 40 	 45 	 50
316 	 138 	 0 	 5 	 2 	 12 	 13 	 6 	 56 	 66 	 76 	 86 	 96 	 106
317 	 138 	 0 	 4 	 2 	 4 	 5 	 6 	 57 	 67 	 77 	 87 	 97 	 107
318 	 138 	 0 	 2 	 2 	 8 	 9 	 6 	 58 	 68 	 78 	 88 	 98 	 108
319 	 139 	 0 	 1 	 2 	 2 	 3 	 6 	 1 	 11 	 21 	 31 	 41 	 51
320 	 140 	 0 	 7 	 2 	 3 	 4 	 5 	 6 	 16 	 26 	 36 	 46
321 	 140 	 0 	 2 	 2 	 5 	 6 	 5 	 6 	 16 	 26 	 36 	 46
322 	 140 	 0 	 6 	 2 	 7 	 8 	 5 	 6 	 16 	 26 	 36 	 46
323 	 140 	 0 	 2 	 2 	 9 	 10 	 5 	 6 	 16 	 26 	 36 	 46
324 	 141 	 0 	 7 	 4 	 10 	 11 	 12 	 13 	 11 	 3 	 8 	 13 	 18 	 23 	 28 	 33 	 38 	 43 	 48 	 53
325 	 142 	 0 	 7 	 2 	 3 	 4 	 5 	 64 	 74 	 84 	 94 	 104
326 	 143 	 0 	 4 	 4 	 8 	 9 	 10 	 11 	 5 	 63 	 73 	 83 	 93 	 103
327 	 144 	 0 	 4 	 4 	 4 	 5 	 6 	 7 	 6 	 2 	 12 	 22 	 32 	 42 	 52
328 	 145 	 0 	 8 	 4 	 1 	 2 	 3 	 4 	 5 	 60 	 70 	 80 	 90 	 100
329 	 146 	 0 	 8 	 2 	 10 	 11 	 11 	 56 	 61 	 66 	 71 	 76 	 81 	 86 	 91 	 96 	 101 	 106
330 	 147 	 0 	 10 	 2 	 4 	 5 	 6 	 57 	 67 	 77 	 87 	 97 	 107
331 	 147 	 0 	 2 	 2 	 16 	 17 	 6 	 56 	 66 	 76 	 86 	 96 	 106
332 	 148 	 0 	 3 	 2 	 4 	 5 	 5 	 7 	 17 	 27 	 37 	 47
333 	 148 	 0 	 1 	 2 	 12 	 13 	 5 	 9 	 19 	 29 	 39 	 49
334 	 148 	 0 	 6 	 2 	 9 	 10 	 5 	 8 	 18 	 28 	 38 	 48
335 	 149 	 0 	 2 	 2 	 4 	 5 	 6 	 55 	 65 	 75 	 85 	 95 	 105
336 	 149 	 0 	 3 	 2 	 6 	 7 	 6 	 55 	 65 	 75 	 85 	 95 	 105
337 	 149 	 0 	 7 	 2 	 8 	 9 	 6 	 55 	 65 	 75 	 85 	 95 	 105
338 	 149 	 0 	 3 	 2 	 10 	 11 	 6 	 55 	 65 	 75 	 85 	 95 	 105
339 	 149 	 0 	 9 	 2 	 12 	 13 	 6 	 55 	 65 	 75 	 85 	 95 	 105
340 	 150 	 0 	 3 	 2 	 16 	 17 	 6 	 57 	 67 	 77 	 87 	 97 	 107
341 	 151 	 0 	 7 	 2 	 2 	 3 	 5 	 7 	 17 	 27 	 37 	 47
342 	 151 	 0 	 1 	 2 	 4 	 5 	 5 	 7 	 17 	 27 	 37 	 47
343 	 151 	 0 	 10 	 2 	 6 	 7 	 5 	 7 	 17 	 27 	 37 	 47
344 	 151 	 0 	 6 	 2 	 8 	 9 	 5 	 7 	 17 	 27 	 37 	 47
345 	 151 	 0 	 4 	 2 	 10 	 11 	 5 	 7 	 17 	 27 	 37 	 47
346 	 152 	 0 	 3 	 2 	 5 	 6 	 5 	 63 	 73 	 83 	 93 	 103
347 	 153 	 0 	 1 	 4 	 3 	 4 	 5 	 6 	 6 	 56 	 66 	 76 	 86 	 96 	 106
348 	 154 	 0 	 4 	 4 	 10 	 11 	 12 	 13 	 6 	 0 	 10 	 20 	 30 	 40 	 50
349 	 155 	 1 	 8 	 4 	 12 	 13 	 14 	 15 	 11 	 55 	 60 	 65 	 70 	 75 	 80 	 85 	 90 	 95 	 100 	 105
350 	 156 	 0 	 3 	 4 	 0 	 1 	 2 	 3 	 5 	 8 	 18 	 28 	 38 	 48
351 	 157 	 0 	 3 	 2 	 5 	 6 	 6 	 3 	 13 	 23 	 33 	 43 	 53
352 	 157 	 0 	 7 	 2 	 7 	 8 	 6 	 3 	 13 	 23 	 33 	 43 	 53
353 	 157 	 0 	 4 	 2 	 9 	 10 	 6 	 3 	 13 	 23 	 33 	 43 	 53
354 	 157 	 0 	 3 	 2 	 11 	 12 	 6 	 3 	 13 	 23 	 33 	 43 	 53
355 	 157 	 0 	 7 	 2 	 13 	 14 	 6 	 3 	 13 	 23 	 33 	 43 	 53
356 	 157 	 0 	 5 	 2 	 15 	 16 	 6 	 3 	 13 	 23 	 33 	 43 	 53
357 	 158 	 0 	 7 	 2 	 16 	 17 	 6 	 0 	 10 	 20 	 30 	 40 	 50
358 	 159 	 0 	 6 	 2 	 0 	 1 	 6 	 2 	 12 	 22 	 32 	 42 	 52
359 	 160 	 0 	 10 	 4 	 8 	 9 	 10 	 11 	 11 	 59 	 64 	 69 	 74 	 79 	 84 	 89 	 94 	 99 	 104 	 109
360 	 160 	 0 	 10 	 2 	 1 	 2 	 11 	 58 	 63 	 68 	 73 	 78 	 83 	 88 	 93 	 98 	 103 	 108
361 	 160 	 0 	 9 	 2 	 6 	 7 	 11 	 56 	 61 	 66 	 71 	 76 	 81 	 86 	 91 	 96 	 101 	 106
362 	 161 	 0 	 7 	 2 	 5 	 6 	 6 	 0 	 10 	 20 	 30 	 40 	 50
363 	 162 	 1 	 6 	 2 	 3 	 4 	 6 	 57 	 67 	 77 	 87 	 97 	 107
364 	 162 	 1 	 5 	 2 	 5 	 6 	 6 	 57 	 67 	 77 	 87 	 97 	 107
365 	 162 	 1 	 8 	 2 	 7 	 8 	 6 	 57 	 67 	 77 	 87 	 97 	 107
366 	 162 	 1 	 6 	 2 	 9 	 10 	 6 	 57 	 67 	 77 	 87 	 97 	 107
367 	 162 	 1 	 8 	 2 	 11 	 12 	 6 	 57 	 67 	 77 	 87 	 97 	 107
368 	 162 	 1 	 8 	 2 	 13 	 14 	 6 	 57 	 67 	 77 	 87 	 97 	 107
369 	 162 	 1 	 6 	 2 	 15 	 16 	 6 	 57 	 67 	 77 	 87 	 97 	 107
370 	 163 	 0 	 8 	 2 	 3 	 4 	 5 	 6 	 16 	 26 	 36 	 46
371 	 164 	 0 	 3 	 2 	 8 	 9 	 6 	 4 	 14 	 24 	 34 	 44 	 54
372 	 165 	 0 	 6 	 2 	 12 	 13 	 6 	 1 	 11 	 21 	 31 	 41 	 51
373 	 166 	 1 	 2 	 2 	 11 	 12 	 5 	 9 	 19 	 29 	 39 	 49
374 	 167 	 0 	 8 	 2 	 0 	 1 	 5 	 63 	 73 	 83 	 93 	 103
375 	 167 	 0 	 5 	 2 	 2 	 3 	 5 	 63 	 73 	 83 	 93 	 103
376 	 167 	 0 	 6 	 2 	 4 	 5 	 5 	 63 	 73 	 83 	 93 	 103
377 	 167 	 0 	 6 	 2 	 6 	 7 	 5 	 63 	 73 	 83 	 93 	 103
378 	 167 	 0 	 7 	 2 	 8 	 9 	 5 	 63 	 73 	 83 	 93 	 103
379 	 167 	 0 	 8 	 2 	 10 	 11 	 5 	 63 	 73 	 83 	 93 	 103
380 	 167 	 0 	 1 	 2 	 12 	 13 	 5 	 63 	 73 	 83 	 93 	 103
381 	 167 	 0 	 7 	 2 	 14 	 15 	 5 	 63 	 73 	 83 	 93 	 103
382 	 167 	 0 	 8 	 2 	 16 	 17 	 5 	 63 	 73 	 83 	 93 	 103
383 	 168 	 0 	 7 	 2 	 11 	 12 	 6 	 59 	 69 	 79 	 89 	 99 	 109
384 	 169 	 0 	 9 	 4 	 11 	 12 	 13 	 14 	 11 	 0 	 5 	 10 	 15 	 20 	 25 	 30 	 35 	 40 	 45 	 50
385 	 170 	 0 	 3 	 2 	 9 	 10 	 11 	 58 	 63 	 68 	 73 	 78 	 83 	 88 	 93 	 98 	 103 	 108
386 	 171 	 0 	 4 	 2 	 16 	 17 	 5 	 60 	 70 	 80 	 90 	 100
387 	 172 	 0 	 7 	 4 	 2 	 3 	 4 	 5 	 11 	 57 	 62 	 67 	 72 	 77 	 82 	 87 	 92 	 97 	 102 	 107
388 	 173 	 0 	 1 	 4 	 3 	 4 	 5 	 6 	 6 	 2 	 12 	 22 	 32 	 42 	 52
389 	 173 	 0 	 10 	 4 	 3 	 4 	 5 	 6 	 6 	 4 	 14 	 24 	 34 	 44 	 54
390 	 173 	 0 	 1 	 2 	 8 	 9 	 6 	 0 	 10 	 20 	 30 	 40 	 50
391 	 174 	 0 	 1 	 4 	 9 	 10 	 11 	 12 	 5 	 5 	 15 	 25 	 35 	 45
392 	 174 	 0 	 4 	 2 	 0 	 1 	 5 	 7 	 17 	 27 	 37 	 47
393 	 175 	 0 	 8 	 2 	 14 	 15 	 5 	 61 	 71 	 81 	 91 	 101
394 	 176 	 0 	 2 	 2 	 6 	 7 	 11 	 56 	 61 	 66 	 71 	 76 	 81 	 86 	 91 	 96 	 101 	 106
395 	 177 	 0 	 7 	 2 	 0 	 1 	 6 	 2 	 12 	 22 	 32 	 42 	 52
396 	 178 	 1 	 9 	 4 	 7 	 8 	 9 	 10 	 6 	 59 	 69 	 79 	 89 	 99 	 109
397 	 179 	 0 	 6 	 2 	 10 	 11 	 6 	 4 	 14 	 24 	 34 	 44 	 54
398 	 180 	 0 	 1 	 4 	 9 	 10 	 11 	 12 	 5 	 63 	 73 	 83 	 93 	 103
399 	 181 	 0 	 6 	 2 	 12 	 13 	 6 	 59 	 69 	 79 	 89 	 99 	 109
400 	 182 	 0 	 4 	 2 	 0 	 1 	 11 	 56 	 61 	 66 	 71 	 76 	 81 	 86 	 91 	 96 	 101 	 106
401 	 182 	 0 	 8 	 2 	 2 	 3 	 11 	 56 	 61 	 66 	 71 	 76 	 81 	 86 	 91 	 96 	 101 	 106
402 	 182 	 0 	 3 	 2 	 4 	 5 	 11 	 56 	 61 	 66 	 71 	 76 	 81 	 86 	 91 	 96 	 101 	 106
403 	 182 	 0 	 9 	 2 	 6 	 7 	 11 	 56 	 61 	 66 	 71 	 76 	 81 	 86 	 91 	 96 	 101 	 106
404 	 182 	 0 	 1 	 2 	 8 	 9 	 11 	 56 	 61 	 66 	 71 	 76 	 81 	 86 	 91 	 96 	 101 	 106
405 	 182 	 0 	 8 	 2 	 10 	 11 	 11 	 56 	 61 	 66 	 71 	 76 	 81 	 86 	 91 	 96 	 101 	 106
406 	 182 	 0 	 4 	 2 	 12 	 13 	 11 	 56 	 61 	 66 	 71 	 76 	 81 	 86 	 91 	 96 	 101 	 106
407 	 182 	 0 	 5 	 2 	 14 	 15 	 11 	 56 	 61 	 66 	 71 	 76 	 81 	 86 	 91 	 96 	 101 	 106
408 	 183 	 0 	 3 	 2 	 9 	 10 	 6 	 0 	 10 	 20 	 30 	 40 	 50
409 	 183 	 0 	 6 	 2 	 3 	 4 	 6 	 2 	 12 	 22 	 32 	 42 	 52
410 	 184 	 0 	 2 	 2 	 12 	 13 	 11 	 57 	 62 	 67 	 72 	 77 	 82 	 87 	 92 	 97 	 102 	 107
411 	 185 	 0 	 6 	 4 	 7 	 8 	 9 	 10 	 5 	 60 	 70 	 80 	 90 	 100
412 	 185 	 0 	 7 	 2 	 15 	 16 	 5 	 61 	 71 	 81 	 91 	 101
413 	 186 	 0 	 6 	 2 	 13 	 14 	 5 	 63 	 73 	 83 	 93 	 103
414 	 186 	 0 	 9 	 2 	 13 	 14 	 5 	 64 	 74 	 84 	 94 	 104
415 	 187 	 0 	 1 	 2 	 8 	 9 	 11 	 2 	 7 	 12 	 17 	 22 	 27 	 32 	 37 	 42 	 47 	 52
416 	 188 	 0 	 5 	 2 	 1 	 2 	 6 	 58 	 68 	 78 	 88 	 98 	 108
417 	 189 	 0 	 3 	 2 	 15 	 16 	 5 	 63 	 73 	 83 	 93 	 103
418 	 190 	 0 	 8 	 4 	 9 	 10 	 11 	 12 	 6 	 55 	 65 	 75 	 85 	 95 	 105
419 	 191 	 0 	 7 	 2 	 4 	 5 	 6 	 4 	 14 	 24 	 34 	 44 	 54
420 	 191 	 0 	 4 	 2 	 8 	 9 	 6 	 1 	 11 	 21 	 31 	 41 	 51
421 	 191 	 0 	 10 	 4 	 7 	 8 	 9 	 10 	 6 	 0 	 10 	 20 	 30 	 40 	 50
422 	 192 	 0 	 3 	 2 	 1 	 2 	 5 	 9 	 19 	 29 	 39 	 49
423 	 193 	 0 	 6 	 2 	 8 	 9 	 11 	 1 	 6 	 11 	 16 	 21 	 26 	 31 	 36 	 41 	 46 	 51
424 	 194 	 0 	 10 	 2 	 11 	 12 	 5 	 7 	 17 	 27 	 37 	 47
425 	 195 	 0 	 7 	 2 	 4 	 5 	 11 	 1 	 6 	 11 	 16 	 21 	 26 	 31 	 36 	 41 	 46 	 51
426 	 196 	 0 	 3 	 2 	 6 	 7 	 6 	 59 	 69 	 79 	 89 	 99 	 109
427 	 197 	 0 	 9 	 2 	 13 	 14 	 6 	 0 	 10 	 20 	 30 	 40 	 50
428 	 197 	 0 	 7 	 2 	 7 	 8 	 6 	 2 	 12 	 22 	 32 	 42 	 52
429 	 198 	 0 	 10 	 2 	 0 	 1 	 6 	 3 	 13 	 23 	 33 	 43 	 53
430 	 198 	 0 	 8 	 2 	 2 	 3 	 6 	 3 	 13 	 23 	 33 	 43 	 53
431 	 198 	 0 	 5 	 2 	 4 	 5 	 6 	 3 	 13 	 23 	 33 	 43 	 53
432 	 198 	 0 	 1 	 2 	 6 	 7 	 6 	 3 	 13 	 23 	 33 	 43 	 53
433 	 198 	 0 	 9 	 2 	 8 	 9 	 6 	 3 	 13 	 23 	 33 	 43 	 53
434 	 198 	 0 	 3 	 2 	 10 	 11 	 6 	 3 	 13 	 23 	 33 	 43 	 53
435 	 198 	 0 	 2 	 2 	 12 	 13 	 6 	 3 	 13 	 23 	 33 	 43 	 53
436 	 198 	 0 	 10 	 2 	 14 	 15 	 6 	 3 	 13 	 23 	 33 	 43 	 53
437 	 199 	 0 	 9 	 2 	 15 	 16 	 5 	 6 	 16 	 26 	 36 	 46
438 	 200 	 0 	 7 	 2 	 13 	 14 	 5 	 8 	 18 	 28 	 38 	 48
439 	 201 	 0 	 8 	 2 	 2 	 3 	 11 	 2 	 7 	 12 	 17 	 22 	 27 	 32 	 37 	 42 	 47 	 52
440 	 202 	 0 	 8 	 2 	 1 	 2 	 5 	 61 	 71 	 81 	 91 	 101
441 	 202 	 0 	 2 	 2 	 1 	 2 	 5 	 62 	 72 	 82 	 92 	 102
442 	 202 	 0 	 3 	 2 	 12 	 13 	 5 	 64 	 74 	 84 	 94 	 104
443 	 203 	 0 	 8 	 2 	 14 	 15 	 5 	 9 	 19 	 29 	 39 	 49
444 	 204 	 1 	 2 	 2 	 4 	 5 	 6 	 0 	 10 	 20 	 30 	 40 	 50
445 	 205 	 0 	 1 	 6 	 6 	 7 	 8 	 9 	 10 	 11 	 6 	 4 	 14 	 24 	 34 	 44 	 54
446 	 206 	 0 	 2 	 2 	 9 	 10 	 6 	 57 	 67 	 77 	 87 	 97 	 107
447 	 207 	 0 	 1 	 2 	 12 	 13 	 11 	 3 	 8 	 13 	 18 	 23 	 28 	 33 	 38 	 43 	 48 	 53
448 	 208 	 0 	 10 	 2 	 15 	 16 	 11 	 4 	 9 	 14 	 19 	 24 	 29 	 34 	 39 	 44 	 49 	 54
449 	 209 	 0 	 10 	 2 	 1 	 2 	 5 	 61 	 71 	 81 	 91 	 101
450 	 210 	 0 	 6 	 4 	 7 	 8 	 9 	 10 	 11 	 4 	 9 	 14 	 19 	 24 	 29 	 34 	 39 	 44 	 49 	 54
451 	 211 	 0 	 2 	 4 	 10 	 11 	 12 	 13 	 6 	 3 	 13 	 23 	 33 	 43 	 53
452 	 212 	 0 	 8 	 2 	 16 	 17 	 6 	 55 	 65 	 75 	 85 	 95 	 105
453 	 213 	 0 	 1 	 2 	 14 	 15 	 5 	 6 	 16 	 26 	 36 	 46
454 	 214 	 0 	 3 	 4 	 8 	 9 	 10 	 11 	 6 	 2 	 12 	 22 	 32 	 42 	 52
455 	 215 	 0 	 7 	 2 	 0 	 1 	 5 	 60 	 70 	 80 	 90 	 100
456 	 215 	 0 	 4 	 2 	 2 	 3 	 5 	 60 	 70 	 80 	 90 	 100
457 	 215 	 0 	 9 	 2 	 4 	 5 	 5 	 60 	 70 	 80 	 90 	 100
458 	 215 	 0 	 6 	 2 	 6 	 7 	 5 	 60 	 70 	 80 	 90 	 100
459 	 215 	 0 	 2 	 2 	 8 	 9 	 5 	 60 	 70 	 80 	 90 	 100
460 	 215 	 0 	 4 	 2 	 10 	 11 	 5 	 60 	 70 	 80 	 90 	 100
461 	 215 	 0 	 9 	 2 	 12 	 13 	 5 	 60 	 70 	 80 	 90 	 100
462 	 215 	 0 	 3 	 2 	 14 	 15 	 5 	 60 	 70 	 80 	 90 	 100
463 	 215 	 0 	 9 	 2 	 16 	 17 	 5 	 60 	 70 	 80 	 90 	 100
464 	 216 	 0 	 10 	 2 	 1 	 2 	 11 	 3 	 8 	 13 	 18 	 23 	 28 	 33 	 38 	 43 	 48 	 53
465 	 216 	 0 	 7 	 2 	 2 	 3 	 11 	 2 	 7 	 12 	 17 	 22 	 27 	 32 	 37 	 42 	 47 	 52
466 	 217 	 0 	 7 	 4 	 12 	 13 	 14 	 15 	 11 	 2 	 7 	 12 	 17 	 22 	 27 	 32 	 37 	 42 	 47 	 52
467 	 218 	 0 	 6 	 2 	 4 	 5 	 5 	 7 	 17 	 27 	 37 	 47
468 	 218 	 0 	 7 	 2 	 2 	 3 	 5 	 9 	 19 	 29 	 39 	 49
469 	 218 	 0 	 2 	 2 	 6 	 7 	 5 	 8 	 18 	 28 	 38 	 48
470 	 219 	 0 	 10 	 4 	 13 	 14 	 15 	 16 	 5 	 64 	 74 	 84 	 94 	 104
471 	 220 	 0 	 5 	 2 	 14 	 15 	 11 	 59 	 64 	 69 	 74 	 79 	 84 	 89 	 94 	 99 	 104 	 109
472 	 220 	 0 	 2 	 2 	 4 	 5 	 11 	 56 	 61 	 66 	 71 	 76 	 81 	 86 	 91 	 96 	 101 	 106
473 	 221 	 0 	 2 	 2 	 13 	 14 	 5 	 64 	 74 	 84 	 94 	 104
474 	 222 	 0 	 8 	 2 	 12 	 13 	 6 	 59 	 69 	 79 	 89 	 99 	 109
475 	 223 	 1 	 5 	 2 	 13 	 14 	 6 	 57 	 67 	 77 	 87 	 97 	 107
476 	 223 	 1 	 5 	 2 	 9 	 10 	 6 	 56 	 66 	 76 	 86 	 96 	 106
477 	 224 	 0 	 5 	 6 	 2 	 3 	 4 	 5 	 6 	 7 	 5 	 8 	 18 	 28 	 38 	 48
478 	 225 	 0 	 10 	 2 	 0 	 1 	 11 	 59 	 64 	 69 	 74 	 79 	 84 	 89 	 94 	 99 	 104 	 109
479 	 225 	 0 	 4 	 2 	 2 	 3 	 11 	 59 	 64 	 69 	 74 	 79 	 84 	 89 	 94 	 99 	 104 	 109
480 	 225 	 0 	 3 	 2 	 4 	 5 	 11 	 59 	 64 	 69 	 74 	 79 	 84 	 89 	 94 	 99 	 104 	 109
481 	 225 	 0 	 4 	 2 	 6 	 7 	 11 	 59 	 64 	 69 	 74 	 79 	 84 	 89 	 94 	 99 	 104 	 109
482 	 225 	 0 	 5 	 2 	 8 	 9 	 11 	 59 	 64 	 69 	 74 	 79 	 84 	 89 	 94 	 99 	 104 	 109
483 	 225 	 0 	 3 	 2 	 10 	 11 	 11 	 59 	 64 	 69 	 74 	 79 	 84 	 89 	 94 	 99 	 104 	 109
484 	 225 	 0 	 10 	 2 	 12 	 13 	 11 	 59 	 64 	 69 	 74 	 79 	 84 	 89 	 94 	 99 	 104 	 109
485 	 225 	 0 	 1 	 2 	 14 	 15 	 11 	 59 	 64 	 69 	 74 	 79 	 84 	 89 	 94 	 99 	 104 	 109
486 	 225 	 0 	 5 	 2 	 16 	 17 	 11 	 59 	 64 	 69 	 74 	 79 	 84 	 89 	 94 	 99 	 104 	 109
487 	 226 	 0 	 3 	 2 	 14 	 15 	 11 	 58 	 63 	 68 	 73 	 78 	 83 	 88 	 93 	 98 	 103 	 108
488 	 226 	 0 	 7 	 2 	 1 	 2 	 11 	 57 	 62 	 67 	 72 	 77 	 82 	 87 	 92 	 97 	 102 	 107
489 	 226 	 0 	 7 	 4 	 11 	 12 	 13 	 14 	 11 	 59 	 64 	 69 	 74 	 79 	 84 	 89 	 94 	 99 	 104 	 109
490 	 227 	 0 	 9 	 4 	 10 	 11 	 12 	 13 	 6 	 0 	 10 	 20 	 30 	 40 	 50
491 	 228 	 0 	 9 	 4 	 11 	 12 	 13 	 14 	 5 	 60 	 70 	 80 	 90 	 100
492 	 229 	 0 	 2 	 2 	 2 	 3 	 6 	 59 	 69 	 79 	 89 	 99 	 109
493 	 230 	 0 	 1 	 4 	 4 	 5 	 6 	 7 	 6 	 4 	 14 	 24 	 34 	 44 	 54
494 	 231 	 0 	 2 	 2 	 2 	 3 	 5 	 9 	 19 	 29 	 39 	 49
495 	 231 	 0 	 2 	 2 	 4 	 5 	 5 	 9 	 19 	 29 	 39 	 49
496 	 231 	 0 	 1 	 2 	 6 	 7 	 5 	 9 	 19 	 29 	 39 	 49
497 	 231 	 0 	 3 	 2 	 8 	 9 	 5 	 9 	 19 	 29 	 39 	 49
498 	 231 	 0 	 10 	 2 	 10 	 11 	 5 	 9 	 19 	 29 	 39 	 49
499 	 231 	 0 	 5 	 2 	 12 	 13 	 5 	 9 	 19 	 29 	 39 	 49
500 	 231 	 0 	 9 	 2 	 14 	 15 	 5 	 9 	 19 	 29 	 39 	 49
501 	 232 	 1 	 8 	 2 	 3 	 4 	 6 	 2 	 12 	 22 	 32 	 42 	 52
502 	 233 	 0 	 4 	 2 	 3 	 4 	 11 	 57 	 62 	 67 	 72 	 77 	 82 	 87 	 92 	 97 	 102 	 107
503 	 233 	 0 	 10 	 2 	 10 	 11 	 11 	 56 	 61 	 66 	 71 	 76 	 81 	 86 	 91 	 96 	 101 	 106
504 	 234 	 0 	 7 	 2 	 9 	 10 	 11 	 2 	 7 	 12 	 17 	 22 	 27 	 32 	 37 	 42 	 47 	 52
505 	 235 	 0 	 3 	 2 	 0 	 1 	 11 	 0 	 5 	 10 	 15 	 20 	 25 	 30 	 35 	 40 	 45 	 50
506 	 236 	 0 	 10 	 2 	 3 	 4 	 6 	 58 	 68 	 78 	 88 	 98 	 108
507 	 236 	 0 	 2 	 2 	 5 	 6 	 6 	 58 	 68 	 78 	 88 	 98 	 108
508 	 236 	 0 	 10 	 2 	 7 	 8 	 6 	 58 	 68 	 78 	 88 	 98 	 108
509 	 236 	 0 	 4 	 2 	 9 	 10 	 6 	 58 	 68 	 78 	 88 	 98 	 108
510 	 236 	 0 	 10 	 2 	 11 	 12 	 6 	 58 	 68 	 78 	 88 	 98 	 108
511 	 236 	 0 	 10 	 2 	 13 	 14 	 6 	 58 	 68 	 78 	 88 	 98 	 108
512 	 236 	 0 	 8 	 2 	 15 	 16 	 6 	 58 	 68 	 78 	 88 	 98 	 108
513 	 237 	 0 	 10 	 2 	 0 	 1 	 5 	 64 	 74 	 84 	 94 	 104
514 	 238 	 0 	 7 	 2 	 1 	 2 	 11 	 3 	 8 	 13 	 18 	 23 	 28 	 33 	 38 	 43 	 48 	 53
515 	 239 	 0 	 3 	 2 	 15 	 16 	 5 	 8 	 18 	 28 	 38 	 48
516 	 240 	 0 	 8 	 2 	 15 	 16 	 5 	 61 	 71 	 81 	 91 	 101
517 	 241 	 0 	 1 	 2 	 14 	 15 	 5 	 60 	 70 	 80 	 90 	 100
518 	 242 	 0 	 2 	 2 	 2 	 3 	 11 	 2 	 7 	 12 	 17 	 22 	 27 	 32 	 37 	 42 	 47 	 52
519 	 242 	 0 	 8 	 2 	 4 	 5 	 11 	 2 	 7 	 12 	 17 	 22 	 27 	 32 	 37 	 42 	 47 	 52
520 	 242 	 0 	 5 	 2 	 6 	 7 	 11 	 2 	 7 	 12 	 17 	 22 	 27 	 32 	 37 	 42 	 47 	 52
521 	 242 	 0 	 9 	 2 	 8 	 9 	 11 	 2 	 7 	 12 	 17 	 22 	 27 	 32 	 37 	 42 	 47 	 52
522 	 242 	 0 	 1 	 2 	 10 	 11 	 11 	 2 	 7 	 12 	 17 	 22 	 27 	 32 	 37 	 42 	 47 	 52
523 	 242 	 0 	 4 	 2 	 12 	 13 	 11 	 2 	 7 	 12 	 17 	 22 	 27 	 32 	 37 	 42 	 47 	 52
524 	 242 	 0 	 3 	 2 	 14 	 15 	 11 	 2 	 7 	 12 	 17 	 22 	 27 	 32 	 37 	 42 	 47 	 52
525 	 242 	 0 	 7 	 2 	 16 	 17 	 11 	 2 	 7 	 12 	 17 	 22 	 27 	 32 	 37 	 42 	 47 	 52
526 	 243 	 0 	 8 	 2 	 11 	 12 	 11 	 1 	 6 	 11 	 16 	 21 	 26 	 31 	 36 	 41 	 46 	 51
527 	 244 	 0 	 6 	 4 	 10 	 11 	 12 	 13 	 11 	 57 	 62 	 67 	 72 	 77 	 82 	 87 	 92 	 97 	 102 	 107
528 	 245 	 0 	 2 	 2 	 1 	 2 	 11 	 55 	 60 	 65 	 70 	 75 	 80 	 85 	 90 	 95 	 100 	 105
529 	 245 	 0 	 6 	 2 	 3 	 4 	 11 	 55 	 60 	 65 	 70 	 75 	 80 	 85 	 90 	 95 	 100 	 105
530 	 245 	 0 	 6 	 2 	 5 	 6 	 11 	 55 	 60 	 65 	 70 	 75 	 80 	 85 	 90 	 95 	 100 	 105
531 	 245 	 0 	 8 	 2 	 7 	 8 	 11 	 55 	 60 	 65 	 70 	 75 	 80 	 85 	 90 	 95 	 100 	 105
532 	 245 	 0 	 7 	 2 	 9 	 10 	 11 	 55 	 60 	 65 	 70 	 75 	 80 	 85 	 90 	 95 	 100 	 105
533 	 246 	 0 	 8 	 2 	 10 	 11 	 11 	 3 	 8 	 13 	 18 	 23 	 28 	 33 	 38 	 43 	 48 	 53
534 	 246 	 0 	 3 	 2 	 6 	 7 	 11 	 2 	 7 	 12 	 17 	 22 	 27 	 32 	 37 	 42 	 47 	 52
535 	 247 	 0 	 6 	 2 	 3 	 4 	 5 	 63 	 73 	 83 	 93 	 103
536 	 247 	 0 	 9 	 2 	 5 	 6 	 5 	 63 	 73 	 83 	 93 	 103
537 	 247 	 0 	 7 	 2 	 7 	 8 	 5 	 63 	 73 	 83 	 93 	 103
538 	 247 	 0 	 4 	 2 	 9 	 10 	 5 	 63 	 73 	 83 	 93 	 103
539 	 247 	 0 	 3 	 2 	 11 	 12 	 5 	 63 	 73 	 83 	 93 	 103
540 	 248 	 0 	 7 	 4 	 1 	 2 	 3 	 4 	 5 	 6 	 16 	 26 	 36 	 46
541 	 249 	 0 	 7 	 2 	 2 	 3 	 11 	 58 	 63 	 68 	 73 	 78 	 83 	 88 	 93 	 98 	 103 	 108
542 	 249 	 0 	 5 	 2 	 4 	 5 	 11 	 58 	 63 	 68 	 73 	 78 	 83 	 88 	 93 	 98 	 103 	 108
543 	 249 	 0 	 3 	 2 	 6 	 7 	 11 	 58 	 63 	 68 	 73 	 78 	 83 	 88 	 93 	 98 	 103 	 108
544 	 249 	 0 	 8 	 2 	 8 	 9 	 11 	 58 	 63 	 68 	 73 	 78 	 83 	 88 	 93 	 98 	 103 	 108
545 	 249 	 0 	 5 	 2 	 10 	 11 	 11 	 58 	 63 	 68 	 73 	 78 	 83 	 88 	 93 	 98 	 103 	 108
546 	 250 	 0 	 8 	 2 	 2 	 3 	 6 	 1 	 11 	 21 	 31 	 41 	 51
547 	 251 	 0 	 3 	 2 	 9 	 10 	 5 	 5 	 15 	 25 	 35 	 45
548 	 251 	 0 	 1 	 2 	 2 	 3 	 5 	 8 	 18 	 28 	 38 	 48
549 	 251 	 0 	 6 	 2 	 16 	 17 	 5 	 6 	 16 	 26 	 36 	 46
550 	 252 	 0 	 4 	 2 	 1 	 2 	 6 	 0 	 10 	 20 	 30 	 40 	 50
551 	 252 	 0 	 9 	 2 	 3 	 4 	 6 	 0 	 10 	 20 	 30 	 40 	 50
552 	 252 	 0 	 5 	 2 	 5 	 6 	 6 	 0 	 10 	 20 	 30 	 40 	 50
553 	 252 	 0 	 1 	 2 	 7 	 8 	 6 	 0 	 10 	 20 	 30 	 40 	 50
554 	 252 	 0 	 1 	 2 	 9 	 10 	 6 	 0 	 10 	 20 	 30 	 40 	 50
555 	 252 	 0 	 5 	 2 	 11 	 12 	 6 	 0 	 10 	 20 	 30 	 40 	 50
556 	 252 	 0 	 2 	 2 	 13 	 14 	 6 	 0 	 10 	 20 	 30 	 40 	 50
557 	 253 	 0 	 8 	 4 	 1 	 2 	 3 	 4 	 11 	 1 	 6 	 11 	 16 	 21 	 26 	 31 	 36 	 41 	 46 	 51
558 	 253 	 0 	 9 	 2 	 11 	 12 	 11 	 2 	 7 	 12 	 17 	 22 	 27 	 32 	 37 	 42 	 47 	 52
559 	 254 	 1 	 4 	 2 	 1 	 2 	 6 	 59 	 69 	 79 	 89 	 99 	 109
560 	 254 	 1 	 1 	 2 	 10 	 11 	 6 	 58 	 68 	 78 	 88 	 98 	 108
561 	 255 	 0 	 8 	 4 	 14 	 15 	 16 	 17 	 5 	 6 	 16 	 26 	 36 	 46
562 	 256 	 0 	 9 	 2 	 4 	 5 	 6 	 56 	 66 	 76 	 86 	 96 	 106
563 	 257 	 0 	 5 	 2 	 1 	 2 	 5 	 64 	 74 	 84 	 94 	 104
564 	 257 	 0 	 6 	 2 	 3 	 4 	 5 	 64 	 74 	 84 	 94 	 104
565 	 257 	 0 	 8 	 2 	 5 	 6 	 5 	 64 	 74 	 84 	 94 	 104
566 	 257 	 0 	 7 	 2 	 7 	 8 	 5 	 64 	 74 	 84 	 94 	 104
567 	 257 	 0 	 6 	 2 	 9 	 10 	 5 	 64 	 74 	 84 	 94 	 104
568 	 257 	 0 	 10 	 2 	 11 	 12 	 5 	 64 	 74 	 84 	 94 	 104
569 	 257 	 0 	 1 	 2 	 13 	 14 	 5 	 64 	 74 	 84 	 94 	 104
570 	 258 	 1 	 7 	 4 	 3 	 4 	 5 	 6 	 6 	 55 	 65 	 75 	 85 	 95 	 105
571 	 259 	 0 	 3 	 2 	 5 	 6 	 11 	 0 	 5 	 10 	 15 	 20 	 25 	 30 	 35 	 40 	 45 	 50
572 	 260 	 0 	 1 	 2 	 10 	 11 	 5 	 8 	 18 	 28 	 38 	 48
573 	 260 	 0 	 1 	 2 	 10 	 11 	 5 	 6 	 16 	 26 	 36 	 46
574 	 260 	 0 	 5 	 2 	 1 	 2 	 5 	 7 	 17 	 27 	 37 	 47
575 	 261 	 0 	 2 	 2 	 9 	 10 	 11 	 56 	 61 	 66 	 71 	 76 	 81 	 86 	 91 	 96 	 101 	 106
576 	 262 	 1 	 3 	 2 	 5 	 6 	 5 	 7 	 17 	 27 	 37 	 47
577 	 262 	 1 	 9 	 2 	 2 	 3 	 5 	 5 	 15 	 25 	 35 	 45
578 	 262 	 1 	 4 	 2 	 5 	 6 	 5 	 9 	 19 	 29 	 39 	 49
579 	 263 	 0 	 7 	 2 	 14 	 15 	 5 	 5 	 15 	 25 	 35 	 45
580 	 263 	 0 	 4 	 2 	 10 	 11 	 5 	 6 	 16 	 26 	 36 	 46
581 	 264 	 0 	 2 	 2 	 6 	 7 	 5 	 61 	 71 	 81 	 91 	 101
582 	 264 	 0 	 1 	 2 	 8 	 9 	 5 	 61 	 71 	 81 	 91 	 101
583 	 264 	 0 	 1 	 2 	 10 	 11 	 5 	 61 	 71 	 81 	 91 	 101
584 	 264 	 0 	 7 	 2 	 12 	 13 	 5 	 61 	 71 	 81 	 91 	 101
585 	 265 	 0 	 5 	 2 	 12 	 13 	 11 	 57 	 62 	 67 	 72 	 77 	 82 	 87 	 92 	 97 	 102 	 107
586 	 266 	 0 	 7 	 2 	 7 	 8 	 11 	 58 	 63 	 68 	 73 	 78 	 83 	 88 	 93 	 98 	 103 	 108
587 	 267 	 0 	 8 	 2 	 2 	 3 	 5 	 7 	 17 	 27 	 37 	 47
588 	 267 	 0 	 8 	 2 	 4 	 5 	 5 	 7 	 17 	 27 	 37 	 47
589 	 267 	 0 	 1 	 2 	 6 	 7 	 5 	 7 	 17 	 27 	 37 	 47
590 	 267 	 0 	 1 	 2 	 8 	 9 	 5 	 7 	 17 	 27 	 37 	 47
591 	 267 	 0 	 4 	 2 	 10 	 11 	 5 	 7 	 17 	 27 	 37 	 47
592 	 267 	 0 	 10 	 2 	 12 	 13 	 5 	 7 	 17 	 27 	 37 	 47
593 	 267 	 0 	 10 	 2 	 14 	 15 	 5 	 7 	 17 	 27 	 37 	 47
594 	 267 	 0 	 10 	 2 	 16 	 17 	 5 	 7 	 17 	 27 	 37 	 47
595 	 268 	 0 	 3 	 4 	 9 	 10 	 11 	 12 	 6 	 57 	 67 	 77 	 87 	 97 	 107
596 	 269 	 0 	 9 	 2 	 8 	 9 	 11 	 3 	 8 	 13 	 18 	 23 	 28 	 33 	 38 	 43 	 48 	 53
597 	 270 	 0 	 9 	 2 	 13 	 14 	 5 	 63 	 73 	 83 	 93 	 103
598 	 271 	 0 	 5 	 2 	 16 	 17 	 11 	 1 	 6 	 11 	 16 	 21 	 26 	 31 	 36 	 41 	 46 	 51
599 	 272 	 0 	 5 	 2 	 1 	 2 	 11 	 59 	 64 	 69 	 74 	 79 	 84 	 89 	 94 	 99 	 104 	 109
600 	 273 	 0 	 4 	 2 	 14 	 15 	 5 	 6 	 16 	 26 	 36 	 46
601 	 274 	 0 	 10 	 2 	 13 	 14 	 6 	 2 	 12 	 22 	 32 	 42 	 52
602 	 275 	 0 	 6 	 2 	 2 	 3 	 5 	 64 	 74 	 84 	 94 	 104
603 	 275 	 0 	 7 	 2 	 4 	 5 	 5 	 61 	 71 	 81 	 91 	 101
604 	 276 	 0 	 5 	 2 	 0 	 1 	 11 	 56 	 61 	 66 	 71 	 76 	 81 	 86 	 91 	 96 	 101 	 106
605 	 276 	 0 	 9 	 2 	 2 	 3 	 11 	 56 	 61 	 66 	 71 	 76 	 81 	 86 	 91 	 96 	 101 	 106
606 	 276 	 0 	 1 	 2 	 4 	 5 	 11 	 56 	 61 	 66 	 71 	 76 	 81 	 86 	 91 	 96 	 101 	 106
607 	 276 	 0 	 3 	 2 	 6 	 7 	 11 	 56 	 61 	 66 	 71 	 76 	 81 	 86 	 91 	 96 	 101 	 106
608 	 276 	 0 	 6 	 2 	 8 	 9 	 11 	 56 	 61 	 66 	 71 	 76 	 81 	 86 	 91 	 96 	 101 	 106
609 	 276 	 0 	 6 	 2 	 10 	 11 	 11 	 56 	 61 	 66 	 71 	 76 	 81 	 86 	 91 	 96 	 101 	 106
610 	 276 	 0 	 6 	 2 	 12 	 13 	 11 	 56 	 61 	 66 	 71 	 76 	 81 	 86 	 91 	 96 	 101 	 106
611 	 276 	 0 	 4 	 2 	 14 	 15 	 11 	 56 	 61 	 66 	 71 	 76 	 81 	 86 	 91 	 96 	 101 	 106
612 	 277 	 0 	 4 	 4 	 10 	 11 	 12 	 13 	 11 	 55 	 60 	 65 	 70 	 75 	 80 	 85 	 90 	 95 	 100 	 105
613 	 278 	 0 	 4 	 4 	 3 	 4 	 5 	 6 	 6 	 2 	 12 	 22 	 32 	 42 	 52
614 	 279 	 0 	 10 	 2 	 6 	 7 	 6 	 2 	 12 	 22 	 32 	 42 	 52
615 	 280 	 0 	 9 	 2 	 9 	 10 	 5 	 9 	 19 	 29 	 39 	 49
616 	 281 	 0 	 3 	 2 	 16 	 17 	 6 	 4 	 14 	 24 	 34 	 44 	 54
617 	 282 	 0 	 4 	 2 	 6 	 7 	 5 	 6 	 16 	 26 	 36 	 46
618 	 282 	 0 	 8 	 6 	 8 	 9 	 10 	 11 	 12 	 13 	 5 	 9 	 19 	 29 	 39 	 49
619 	 283 	 0 	 2 	 4 	 0 	 1 	 2 	 3 	 11 	 57 	 62 	 67 	 72 	 77 	 82 	 87 	 92 	 97 	 102 	 107
620 	 284 	 0 	 10 	 2 	 0 	 1 	 6 	 57 	 67 	 77 	 87 	 97 	 107
621 	 284 	 0 	 9 	 2 	 2 	 3 	 6 	 57 	 67 	 77 	 87 	 97 	 107
622 	 284 	 0 	 1 	 2 	 4 	 5 	 6 	 57 	 67 	 77 	 87 	 97 	 107
623 	 284 	 0 	 4 	 2 	 6 	 7 	 6 	 57 	 67 	 77 	 87 	 97 	 107
624 	 284 	 0 	 4 	 2 	 8 	 9 	 6 	 57 	 67 	 77 	 87 	 97 	 107
625 	 284 	 0 	 8 	 2 	 10 	 11 	 6 	 57 	 67 	 77 	 87 	 97 	 107
626 	 284 	 0 	 2 	 2 	 12 	 13 	 6 	 57 	 67 	 77 	 87 	 97 	 107
627 	 284 	 0 	 5 	 2 	 14 	 15 	 6 	 57 	 67 	 77 	 87 	 97 	 107
628 	 284 	 0 	 6 	 2 	 16 	 17 	 6 	 57 	 67 	 77 	 87 	 97 	 107
629 	 285 	 0 	 6 	 2 	 9 	 10 	 6 	 56 	 66 	 76 	 86 	 96 	 106
630 	 285 	 0 	 8 	 2 	 10 	 11 	 6 	 55 	 65 	 75 	 85 	 95 	 105
631 	 285 	 0 	 5 	 2 	 16 	 17 	 6 	 58 	 68 	 78 	 88 	 98 	 108
632 	 286 	 0 	 9 	 2 	 7 	 8 	 11 	 1 	 6 	 11 	 16 	 21 	 26 	 31 	 36 	 41 	 46 	 51
633 	 287 	 0 	 1 	 2 	 8 	 9 	 5 	 9 	 19 	 29 	 39 	 49
634 	 288 	 0 	 5 	 2 	 13 	 14 	 6 	 3 	 13 	 23 	 33 	 43 	 53
635 	 289 	 0 	 6 	 2 	 3 	 4 	 5 	 60 	 70 	 80 	 90 	 100
636 	 290 	 0 	 9 	 2 	 0 	 1 	 5 	 9 	 19 	 29 	 39 	 49
637 	 290 	 0 	 4 	 2 	 2 	 3 	 5 	 5 	 15 	 25 	 35 	 45
638 	 291 	 0 	 7 	 4 	 11 	 12 	 13 	 14 	 5 	 64 	 74 	 84 	 94 	 104
639 	 292 	 0 	 4 	 2 	 6 	 7 	 11 	 4 	 9 	 14 	 19 	 24 	 29 	 34 	 39 	 44 	 49 	 54
640 	 293 	 0 	 3 	 2 	 6 	 7 	 5 	 63 	 73 	 83 	 93 	 103
641 	 294 	 0 	 7 	 2 	 6 	 7 	 5 	 6 	 16 	 26 	 36 	 46
642 	 295 	 0 	 1 	 2 	 9 	 10 	 5 	 5 	 15 	 25 	 35 	 45
643 	 296 	 0 	 2 	 2 	 1 	 2 	 11 	 56 	 61 	 66 	 71 	 76 	 81 	 86 	 91 	 96 	 101 	 106
644 	 296 	 0 	 10 	 2 	 3 	 4 	 11 	 56 	 61 	 66 	 71 	 76 	 81 	 86 	 91 	 96 	 101 	 106
645 	 296 	 0 	 9 	 2 	 5 	 6 	 11 	 56 	 61 	 66 	 71 	 76 	 81 	 86 	 91 	 96 	 101 	 106
646 	 296 	 0 	 6 	 2 	 7 	 8 	 11 	 56 	 61 	 66 	 71 	 76 	 81 	 86 	 91 	 96 	 101 	 106
647 	 297 	 0 	 3 	 2 	 16 	 17 	 6 	 57 	 67 	 77 	 87 	 97 	 107
648 	 298 	 0 	 7 	 2 	 12 	 13 	 11 	 0 	 5 	 10 	 15 	 20 	 25 	 30 	 35 	 40 	 45 	 50
649 	 299 	 0 	 6 	 2 	 7 	 8 	 11 	 3 	 8 	 13 	 18 	 23 	 28 	 33 	 38 	 43 	 48 	 53
650 	 299 	 0 	 9 	 2 	 9 	 10 	 11 	 0 	 5 	 10 	 15 	 20 	 25 	 30 	 35 	 40 	 45 	 50
651 	 299 	 0 	 3 	 2 	 11 	 12 	 11 	 4 	 9 	 14 	 19 	 24 	 29 	 34 	 39 	 44 	 49 	 54
652 	 300 	 0 	 5 	 2 	 13 	 14 	 5 	 62 	 72 	 82 	 92 	 102
653 	 301 	 0 	 6 	 4 	 1 	 2 	 3 	 4 	 11 	 56 	 61 	 66 	 71 	 76 	 81 	 86 	 91 	 96 	 101 	 106
654 	 302 	 0 	 2 	 2 	 1 	 2 	 11 	 3 	 8 	 13 	 18 	 23 	 28 	 33 	 38 	 43 	 48 	 53
655 	 302 	 0 	 7 	 2 	 3 	 4 	 11 	 3 	 8 	 13 	 18 	 23 	 28 	 33 	 38 	 43 	 48 	 53
656 	 302 	 0 	 9 	 2 	 5 	 6 	 11 	 3 	 8 	 13 	 18 	 23 	 28 	 33 	 38 	 43 	 48 	 53
657 	 302 	 0 	 2 	 2 	 7 	 8 	 11 	 3 	 8 	 13 	 18 	 23 	 28 	 33 	 38 	 43 	 48 	 53
658 	 302 	 0 	 6 	 2 	 9 	 10 	 11 	 3 	 8 	 13 	 18 	 23 	 28 	 33 	 38 	 43 	 48 	 53
659 	 302 	 0 	 1 	 2 	 11 	 12 	 11 	 3 	 8 	 13 	 18 	 23 	 28 	 33 	 38 	 43 	 48 	 53
660 	 302 	 0 	 6 	 2 	 13 	 14 	 11 	 3 	 8 	 13 	 18 	 23 	 28 	 33 	 38 	 43 	 48 	 53
661 	 302 	 0 	 5 	 2 	 15 	 16 	 11 	 3 	 8 	 13 	 18 	 23 	 28 	 33 	 38 	 43 	 48 	 53
662 	 303 	 0 	 3 	 2 	 10 	 11 	 5 	 63 	 73 	 83 	 93 	 103
663 	 304 	 0 	 1 	 2 	 10 	 11 	 5 	 62 	 72 	 82 	 92 	 102
664 	 304 	 0 	 8 	 4 	 3 	 4 	 5 	 6 	 5 	 63 	 73 	 83 	 93 	 103
665 	 305 	 1 	 6 	 2 	 12 	 13 	 6 	 59 	 69 	 79 	 89 	 99 	 109
666 	 306 	 1 	 8 	 4 	 1 	 2 	 3 	 4 	 6 	 55 	 65 	 75 	 85 	 95 	 105
667 	 307 	 0 	 8 	 2 	 12 	 13 	 6 	 58 	 68 	 78 	 88 	 98 	 108
668 	 308 	 0 	 7 	 2 	 2 	 3 	 11 	 1 	 6 	 11 	 16 	 21 	 26 	 31 	 36 	 41 	 46 	 51
669 	 309 	 0 	 8 	 4 	 4 	 5 	 6 	 7 	 6 	 58 	 68 	 78 	 88 	 98 	 108
670 	 310 	 0 	 10 	 2 	 0 	 1 	 6 	 2 	 12 	 22 	 32 	 42 	 52
671 	 310 	 0 	 2 	 2 	 2 	 3 	 6 	 2 	 12 	 22 	 32 	 42 	 52
672 	 310 	 0 	 4 	 2 	 4 	 5 	 6 	 2 	 12 	 22 	 32 	 42 	 52
673 	 310 	 0 	 3 	 2 	 6 	 7 	 6 	 2 	 12 	 22 	 32 	 42 	 52
674 	 310 	 0 	 10 	 2 	 8 	 9 	 6 	 2 	 12 	 22 	 32 	 42 	 52
675 	 310 	 0 	 2 	 2 	 10 	 11 	 6 	 2 	 12 	 22 	 32 	 42 	 52
676 	 310 	 0 	 3 	 2 	 12 	 13 	 6 	 2 	 12 	 22 	 32 	 42 	 52
677 	 310 	 0 	 6 	 2 	 14 	 15 	 6 	 2 	 12 	 22 	 32 	 42 	 52
678 	 310 	 0 	 2 	 2 	 16 	 17 	 6 	 2 	 12 	 22 	 32 	 42 	 52
679 	 311 	 0 	 2 	 2 	 2 	 3 	 5 	 6 	 16 	 26 	 36 	 46
680 	 311 	 0 	 9 	 2 	 4 	 5 	 5 	 6 	 16 	 26 	 36 	 46
681 	 311 	 0 	 5 	 2 	 6 	 7 	 5 	 6 	 16 	 26 	 36 	 46
682 	 311 	 0 	 4 	 2 	 8 	 9 	 5 	 6 	 16 	 26 	 36 	 46
683 	 311 	 0 	 10 	 2 	 10 	 11 	 5 	 6 	 16 	 26 	 36 	 46
684 	 311 	 0 	 9 	 2 	 12 	 13 	 5 	 6 	 16 	 26 	 36 	 46
685 	 311 	 0 	 4 	 2 	 14 	 15 	 5 	 6 	 16 	 26 	 36 	 46
686 	 312 	 0 	 7 	 2 	 5 	 6 	 5 	 61 	 71 	 81 	 91 	 101
687 	 312 	 0 	 8 	 2 	 7 	 8 	 5 	 61 	 71 	 81 	 91 	 101
688 	 312 	 0 	 4 	 2 	 9 	 10 	 5 	 61 	 71 	 81 	 91 	 101
689 	 312 	 0 	 4 	 2 	 11 	 12 	 5 	 61 	 71 	 81 	 91 	 101
690 	 312 	 0 	 7 	 2 	 13 	 14 	 5 	 61 	 71 	 81 	 91 	 101
691 	 312 	 0 	 6 	 2 	 15 	 16 	 5 	 61 	 71 	 81 	 91 	 101
692 	 313 	 0 	 5 	 4 	 1 	 2 	 3 	 4 	 5 	 6 	 16 	 26 	 36 	 46
693 	 314 	 0 	 6 	 2 	 11 	 12 	 5 	 64 	 74 	 84 	 94 	 104
694 	 315 	 0 	 8 	 4 	 12 	 13 	 14 	 15 	 5 	 62 	 72 	 82 	 92 	 102
695 	 315 	 0 	 8 	 4 	 9 	 10 	 11 	 12 	 5 	 64 	 74 	 84 	 94 	 104
696 	 316 	 0 	 5 	 6 	 5 	 6 	 7 	 8 	 9 	 10 	 6 	 57 	 67 	 77 	 87 	 97 	 107
697 	 317 	 0 	 3 	 2 	 12 	 13 	 6 	 2 	 12 	 22 	 32 	 42 	 52
698 	 318 	 0 	 6 	 2 	 12 	 13 	 11 	 57 	 62 	 67 	 72 	 77 	 82 	 87 	 92 	 97 	 102 	 107
699 	 319 	 0 	 2 	 2 	 0 	 1 	 6 	 2 	 12 	 22 	 32 	 42 	 52
700 	 320 	 0 	 5 	 4 	 6 	 7 	 8 	 9 	 5 	 64 	 74 	 84 	 94 	 104
701 	 321 	 0 	 2 	 2 	 15 	 16 	 5 	 8 	 18 	 28 	 38 	 48
702 	 321 	 0 	 9 	 2 	 15 	 16 	 5 	 7 	 17 	 27 	 37 	 47
703 	 322 	 1 	 7 	 4 	 1 	 2 	 3 	 4 	 11 	 57 	 62 	 67 	 72 	 77 	 82 	 87 	 92 	 97 	 102 	 107
704 	 323 	 0 	 8 	 4 	 3 	 4 	 5 	 6 	 5 	 62 	 72 	 82 	 92 	 102
705 	 324 	 0 	 2 	 2 	 4 	 5 	 11 	 4 	 9 	 14 	 19 	 24 	 29 	 34 	 39 	 44 	 49 	 54
706 	 324 	 0 	 9 	 2 	 2 	 3 	 11 	 1 	 6 	 11 	 16 	 21 	 26 	 31 	 36 	 41 	 46 	 51
707 	 325 	 0 	 3 	 2 	 8 	 9 	 6 	 2 	 12 	 22 	 32 	 42 	 52
708 	 325 	 0 	 3 	 2 	 2 	 3 	 6 	 0 	 10 	 20 	 30 	 40 	 50
709 	 326 	 0 	 1 	 2 	 4 	 5 	 6 	 4 	 14 	 24 	 34 	 44 	 54
710 	 327 	 0 	 7 	 2 	 14 	 15 	 5 	 9 	 19 	 29 	 39 	 49
711 	 328 	 0 	 6 	 4 	 7 	 8 	 9 	 10 	 5 	 63 	 73 	 83 	 93 	 103
712 	 328 	 0 	 6 	 2 	 10 	 11 	 5 	 60 	 70 	 80 	 90 	 100
713 	 329 	 0 	 4 	 2 	 2 	 3 	 11 	 2 	 7 	 12 	 17 	 22 	 27 	 32 	 37 	 42 	 47 	 52
714 	 330 	 0 	 7 	 2 	 2 	 3 	 6 	 2 	 12 	 22 	 32 	 42 	 52
715 	 331 	 0 	 10 	 2 	 0 	 1 	 5 	 62 	 72 	 82 	 92 	 102
716 	 331 	 0 	 8 	 2 	 2 	 3 	 5 	 62 	 72 	 82 	 92 	 102
717 	 331 	 0 	 10 	 2 	 4 	 5 	 5 	 62 	 72 	 82 	 92 	 102
718 	 331 	 0 	 7 	 2 	 6 	 7 	 5 	 62 	 72 	 82 	 92 	 102
719 	 331 	 0 	 5 	 2 	 8 	 9 	 5 	 62 	 72 	 82 	 92 	 102
720 	 331 	 0 	 2 	 2 	 10 	 11 	 5 	 62 	 72 	 82 	 92 	 102
721 	 331 	 0 	 6 	 2 	 12 	 13 	 5 	 62 	 72 	 82 	 92 	 102
722 	 331 	 0 	 9 	 2 	 14 	 15 	 5 	 62 	 72 	 82 	 92 	 102
723 	 331 	 0 	 6 	 2 	 16 	 17 	 5 	 62 	 72 	 82 	 92 	 102
724 	 332 	 0 	 2 	 2 	 13 	 14 	 11 	 0 	 5 	 10 	 15 	 20 	 25 	 30 	 35 	 40 	 45 	 50
725 	 333 	 0 	 3 	 2 	 4 	 5 	 11 	 55 	 60 	 65 	 70 	 75 	 80 	 85 	 90 	 95 	 100 	 105
726 	 334 	 0 	 6 	 2 	 5 	 6 	 6 	 58 	 68 	 78 	 88 	 98 	 108
727 	 335 	 0 	 9 	 2 	 3 	 4 	 6 	 55 	 65 	 75 	 85 	 95 	 105
728 	 335 	 0 	 8 	 2 	 5 	 6 	 6 	 55 	 65 	 75 	 85 	 95 	 105
729 	 335 	 0 	 8 	 2 	 7 	 8 	 6 	 55 	 65 	 75 	 85 	 95 	 105
730 	 335 	 0 	 2 	 2 	 9 	 10 	 6 	 55 	 65 	 75 	 85 	 95 	 105
731 	 335 	 0 	 10 	 2 	 11 	 12 	 6 	 55 	 65 	 75 	 85 	 95 	 105
732 	 335 	 0 	 9 	 2 	 13 	 14 	 6 	 55 	 65 	 75 	 85 	 95 	 105
733 	 336 	 0 	 3 	 2 	 2 	 3 	 11 	 58 	 63 	 68 	 73 	 78 	 83 	 88 	 93 	 98 	 103 	 108
734 	 336 	 0 	 2 	 2 	 4 	 5 	 11 	 58 	 63 	 68 	 73 	 78 	 83 	 88 	 93 	 98 	 103 	 108
735 	 336 	 0 	 5 	 2 	 6 	 7 	 11 	 58 	 63 	 68 	 73 	 78 	 83 	 88 	 93 	 98 	 103 	 108
736 	 336 	 0 	 7 	 2 	 8 	 9 	 11 	 58 	 63 	 68 	 73 	 78 	 83 	 88 	 93 	 98 	 103 	 108
737 	 336 	 0 	 10 	 2 	 10 	 11 	 11 	 58 	 63 	 68 	 73 	 78 	 83 	 88 	 93 	 98 	 103 	 108
738 	 336 	 0 	 4 	 2 	 12 	 13 	 11 	 58 	 63 	 68 	 73 	 78 	 83 	 88 	 93 	 98 	 103 	 108
739 	 336 	 0 	 4 	 2 	 14 	 15 	 11 	 58 	 63 	 68 	 73 	 78 	 83 	 88 	 93 	 98 	 103 	 108
740 	 336 	 0 	 6 	 2 	 16 	 17 	 11 	 58 	 63 	 68 	 73 	 78 	 83 	 88 	 93 	 98 	 103 	 108
741 	 337 	 0 	 4 	 4 	 6 	 7 	 8 	 9 	 6 	 2 	 12 	 22 	 32 	 42 	 52
742 	 338 	 0 	 9 	 4 	 9 	 10 	 11 	 12 	 11 	 2 	 7 	 12 	 17 	 22 	 27 	 32 	 37 	 42 	 47 	 52
743 	 339 	 0 	 10 	 2 	 9 	 10 	 5 	 7 	 17 	 27 	 37 	 47
744 	 340 	 0 	 2 	 2 	 6 	 7 	 11 	 3 	 8 	 13 	 18 	 23 	 28 	 33 	 38 	 43 	 48 	 53
745 	 340 	 0 	 3 	 2 	 9 	 10 	 11 	 0 	 5 	 10 	 15 	 20 	 25 	 30 	 35 	 40 	 45 	 50
746 	 341 	 0 	 7 	 2 	 10 	 11 	 6 	 4 	 14 	 24 	 34 	 44 	 54
747 	 342 	 0 	 8 	 2 	 7 	 8 	 6 	 1 	 11 	 21 	 31 	 41 	 51
748 	 343 	 0 	 1 	 2 	 9 	 10 	 6 	 55 	 65 	 75 	 85 	 95 	 105
749 	 344 	 0 	 10 	 2 	 1 	 2 	 5 	 9 	 19 	 29 	 39 	 49
750 	 345 	 0 	 5 	 2 	 10 	 11 	 6 	 59 	 69 	 79 	 89 	 99 	 109
751 	 346 	 0 	 7 	 2 	 6 	 7 	 6 	 1 	 11 	 21 	 31 	 41 	 51
752 	 346 	 0 	 3 	 4 	 0 	 1 	 2 	 3 	 6 	 0 	 10 	 20 	 30 	 40 	 50
753 	 346 	 0 	 5 	 2 	 14 	 15 	 6 	 4 	 14 	 24 	 34 	 44 	 54
754 	 347 	 0 	 6 	 2 	 5 	 6 	 5 	 64 	 74 	 84 	 94 	 104
755 	 348 	 0 	 8 	 2 	 1 	 2 	 5 	 8 	 18 	 28 	 38 	 48
756 	 349 	 0 	 7 	 4 	 3 	 4 	 5 	 6 	 11 	 0 	 5 	 10 	 15 	 20 	 25 	 30 	 35 	 40 	 45 	 50
757 	 350 	 0 	 8 	 2 	 8 	 9 	 6 	 1 	 11 	 21 	 31 	 41 	 51
758 	 351 	 0 	 4 	 2 	 3 	 4 	 11 	 58 	 63 	 68 	 73 	 78 	 83 	 88 	 93 	 98 	 103 	 108
759 	 351 	 0 	 8 	 2 	 5 	 6 	 11 	 58 	 63 	 68 	 73 	 78 	 83 	 88 	 93 	 98 	 103 	 108
760 	 351 	 0 	 7 	 2 	 7 	 8 	 11 	 58 	 63 	 68 	 73 	 78 	 83 	 88 	 93 	 98 	 103 	 108
761 	 351 	 0 	 7 	 2 	 9 	 10 	 11 	 58 	 63 	 68 	 73 	 78 	 83 	 88 	 93 	 98 	 103 	 108
762 	 351 	 0 	 1 	 2 	 11 	 12 	 11 	 58 	 63 	 68 	 73 	 78 	 83 	 88 	 93 	 98 	 103 	 108
763 	 351 	 0 	 4 	 2 	 13 	 14 	 11 	 58 	 63 	 68 	 73 	 78 	 83 	 88 	 93 	 98 	 103 	 108
764 	 352 	 0 	 3 	 2 	 13 	 14 	 6 	 2 	 12 	 22 	 32 	 42 	 52
765 	 353 	 0 	 1 	 2 	 9 	 10 	 11 	 2 	 7 	 12 	 17 	 22 	 27 	 32 	 37 	 42 	 47 	 52
766 	 354 	 0 	 4 	 2 	 11 	 12 	 5 	 5 	 15 	 25 	 35 	 45
767 	 355 	 0 	 10 	 2 	 15 	 16 	 11 	 3 	 8 	 13 	 18 	 23 	 28 	 33 	 38 	 43 	 48 	 53
768 	 356 	 0 	 5 	 2 	 2 	 3 	 5 	 7 	 17 	 27 	 37 	 47
769 	 356 	 0 	 1 	 2 	 4 	 5 	 5 	 7 	 17 	 27 	 37 	 47
770 	 356 	 0 	 5 	 2 	 6 	 7 	 5 	 7 	 17 	 27 	 37 	 47
771 	 356 	 0 	 8 	 2 	 8 	 9 	 5 	 7 	 17 	 27 	 37 	 47
772 	 356 	 0 	 8 	 2 	 10 	 11 	 5 	 7 	 17 	 27 	 37 	 47
773 	 357 	 0 	 1 	 4 	 0 	 1 	 2 	 3 	 6 	 2 	 12 	 22 	 32 	 42 	 52
774 	 358 	 0 	 2 	 4 	 9 	 10 	 11 	 12 	 5 	 64 	 74 	 84 	 94 	 104
775 	 359 	 0 	 1 	 2 	 1 	 2 	 6 	 57 	 67 	 77 	 87 	 97 	 107
776 	 359 	 0 	 4 	 2 	 3 	 4 	 6 	 57 	 67 	 77 	 87 	 97 	 107
777 	 359 	 0 	 5 	 2 	 5 	 6 	 6 	 57 	 67 	 77 	 87 	 97 	 107
778 	 359 	 0 	 1 	 2 	 7 	 8 	 6 	 57 	 67 	 77 	 87 	 97 	 107
779 	 359 	 0 	 4 	 2 	 9 	 10 	 6 	 57 	 67 	 77 	 87 	 97 	 107
780 	 359 	 0 	 10 	 2 	 11 	 12 	 6 	 57 	 67 	 77 	 87 	 97 	 107
781 	 360 	 0 	 10 	 4 	 6 	 7 	 8 	 9 	 11 	 4 	 9 	 14 	 19 	 24 	 29 	 34 	 39 	 44 	 49 	 54
782 	 361 	 0 	 4 	 2 	 2 	 3 	 6 	 2 	 12 	 22 	 32 	 42 	 52
783 	 361 	 0 	 7 	 2 	 4 	 5 	 6 	 2 	 12 	 22 	 32 	 42 	 52
784 	 361 	 0 	 8 	 2 	 6 	 7 	 6 	 2 	 12 	 22 	 32 	 42 	 52
785 	 361 	 0 	 9 	 2 	 8 	 9 	 6 	 2 	 12 	 22 	 32 	 42 	 52
786 	 361 	 0 	 2 	 2 	 10 	 11 	 6 	 2 	 12 	 22 	 32 	 42 	 52
787 	 361 	 0 	 10 	 2 	 12 	 13 	 6 	 2 	 12 	 22 	 32 	 42 	 52
788 	 361 	 0 	 7 	 2 	 14 	 15 	 6 	 2 	 12 	 22 	 32 	 42 	 52
789 	 361 	 0 	 10 	 2 	 16 	 17 	 6 	 2 	 12 	 22 	 32 	 42 	 52
790 	 362 	 0 	 1 	 2 	 13 	 14 	 11 	 56 	 61 	 66 	 71 	 76 	 81 	 86 	 91 	 96 	 101 	 106
791 	 363 	 0 	 8 	 2 	 2 	 3 	 6 	 2 	 12 	 22 	 32 	 42 	 52
792 	 363 	 0 	 7 	 2 	 13 	 14 	 6 	 1 	 11 	 21 	 31 	 41 	 51
793 	 364 	 0 	 8 	 2 	 11 	 12 	 6 	 56 	 66 	 76 	 86 	 96 	 106
794 	 364 	 0 	 4 	 4 	 10 	 11 	 12 	 13 	 6 	 57 	 67 	 77 	 87 	 97 	 107
795 	 365 	 0 	 1 	 4 	 9 	 10 	 11 	 12 	 5 	 64 	 74 	 84 	 94 	 104
796 	 366 	 0 	 6 	 4 	 13 	 14 	 15 	 16 	 6 	 3 	 13 	 23 	 33 	 43 	 53
797 	 367 	 0 	 3 	 2 	 10 	 11 	 6 	 2 	 12 	 22 	 32 	 42 	 52
798 	 368 	 0 	 1 	 4 	 6 	 7 	 8 	 9 	 5 	 64 	 74 	 84 	 94 	 104
799 	 369 	 0 	 9 	 4 	 0 	 1 	 2 	 3 	 5 	 5 	 15 	 25 	 35 	 45
800 	 369 	 0 	 9 	 2 	 0 	 1 	 5 	 8 	 18 	 28 	 38 	 48
801 	 369 	 0 	 4 	 4 	 9 	 10 	 11 	 12 	 5 	 9 	 19 	 29 	 39 	 49
802 	 370 	 0 	 9 	 2 	 0 	 1 	 11 	 58 	 63 	 68 	 73 	 78 	 83 	 88 	 93 	 98 	 103 	 108
803 	 370 	 0 	 3 	 2 	 2 	 3 	 11 	 58 	 63 	 68 	 73 	 78 	 83 	 88 	 93 	 98 	 103 	 108
804 	 370 	 0 	 3 	 2 	 4 	 5 	 11 	 58 	 63 	 68 	 73 	 78 	 83 	 88 	 93 	 98 	 103 	 108
805 	 370 	 0 	 2 	 2 	 6 	 7 	 11 	 58 	 63 	 68 	 73 	 78 	 83 	 88 	 93 	 98 	 103 	 108
806 	 370 	 0 	 2 	 2 	 8 	 9 	 11 	 58 	 63 	 68 	 73 	 78 	 83 	 88 	 93 	 98 	 103 	 108
807 	 370 	 0 	 3 	 2 	 10 	 11 	 11 	 58 	 63 	 68 	 73 	 78 	 83 	 88 	 93 	 98 	 103 	 108
808 	 370 	 0 	 10 	 2 	 12 	 13 	 11 	 58 	 63 	 68 	 73 	 78 	 83 	 88 	 93 	 98 	 103 	 108
809 	 370 	 0 	 10 	 2 	 14 	 15 	 11 	 58 	 63 	 68 	 73 	 78 	 83 	 88 	 93 	 98 	 103 	 108
810 	 370 	 0 	 6 	 2 	 16 	 17 	 11 	 58 	 63 	 68 	 73 	 78 	 83 	 88 	 93 	 98 	 103 	 108
811 	 371 	 0 	 4 	 4 	 12 	 13 	 14 	 15 	 6 	 4 	 14 	 24 	 34 	 44 	 54
812 	 372 	 0 	 3 	 4 	 5 	 6 	 7 	 8 	 11 	 3 	 8 	 13 	 18 	 23 	 28 	 33 	 38 	 43 	 48 	 53
813 	 373 	 0 	 2 	 4 	 10 	 11 	 12 	 13 	 5 	 64 	 74 	 84 	 94 	 104
814 	 373 	 0 	 3 	 2 	 15 	 16 	 5 	 62 	 72 	 82 	 92 	 102
815 	 373 	 0 	 5 	 2 	 4 	 5 	 5 	 60 	 70 	 80 	 90 	 100
816 	 374 	 0 	 4 	 2 	 12 	 13 	 5 	 64 	 74 	 84 	 94 	 104
817 	 375 	 0 	 8 	 2 	 0 	 1 	 11 	 3 	 8 	 13 	 18 	 23 	 28 	 33 	 38 	 43 	 48 	 53
818 	 375 	 0 	 2 	 2 	 12 	 13 	 11 	 0 	 5 	 10 	 15 	 20 	 25 	 30 	 35 	 40 	 45 	 50
819 	 375 	 0 	 4 	 2 	 8 	 9 	 11 	 2 	 7 	 12 	 17 	 22 	 27 	 32 	 37 	 42 	 47 	 52
820 	 376 	 0 	 7 	 4 	 2 	 3 	 4 	 5 	 11 	 59 	 64 	 69 	 74 	 79 	 84 	 89 	 94 	 99 	 104 	 109
821 	 377 	 0 	 6 	 2 	 0 	 1 	 5 	 60 	 70 	 80 	 90 	 100
822 	 377 	 0 	 1 	 2 	 2 	 3 	 5 	 60 	 70 	 80 	 90 	 100
823 	 377 	 0 	 5 	 2 	 4 	 5 	 5 	 60 	 70 	 80 	 90 	 100
824 	 377 	 0 	 7 	 2 	 6 	 7 	 5 	 60 	 70 	 80 	 90 	 100
825 	 377 	 0 	 2 	 2 	 8 	 9 	 5 	 60 	 70 	 80 	 90 	 100
826 	 377 	 0 	 3 	 2 	 10 	 11 	 5 	 60 	 70 	 80 	 90 	 100
827 	 377 	 0 	 4 	 2 	 12 	 13 	 5 	 60 	 70 	 80 	 90 	 100
828 	 377 	 0 	 2 	 2 	 14 	 15 	 5 	 60 	 70 	 80 	 90 	 100
829 	 378 	 0 	 6 	 2 	 3 	 4 	 5 	 60 	 70 	 80 	 90 	 100
830 	 379 	 0 	 6 	 4 	 2 	 3 	 4 	 5 	 6 	 55 	 65 	 75 	 85 	 95 	 105
831 	 380 	 0 	 1 	 2 	 16 	 17 	 6 	 4 	 14 	 24 	 34 	 44 	 54
832 	 381 	 0 	 7 	 2 	 14 	 15 	 6 	 58 	 68 	 78 	 88 	 98 	 108
833 	 382 	 0 	 6 	 2 	 9 	 10 	 11 	 58 	 63 	 68 	 73 	 78 	 83 	 88 	 93 	 98 	 103 	 108
834 	 382 	 0 	 5 	 2 	 2 	 3 	 11 	 56 	 61 	 66 	 71 	 76 	 81 	 86 	 91 	 96 	 101 	 106
835 	 383 	 0 	 8 	 2 	 10 	 11 	 5 	 60 	 70 	 80 	 90 	 100
836 	 384 	 0 	 6 	 2 	 15 	 16 	 5 	 7 	 17 	 27 	 37 	 47
837 	 385 	 0 	 9 	 2 	 2 	 3 	 11 	 56 	 61 	 66 	 71 	 76 	 81 	 86 	 91 	 96 	 101 	 106
838 	 385 	 0 	 7 	 2 	 4 	 5 	 11 	 56 	 61 	 66 	 71 	 76 	 81 	 86 	 91 	 96 	 101 	 106
839 	 385 	 0 	 3 	 2 	 6 	 7 	 11 	 56 	 61 	 66 	 71 	 76 	 81 	 86 	 91 	 96 	 101 	 106
840 	 385 	 0 	 5 	 2 	 8 	 9 	 11 	 56 	 61 	 66 	 71 	 76 	 81 	 86 	 91 	 96 	 101 	 106
841 	 385 	 0 	 2 	 2 	 10 	 11 	 11 	 56 	 61 	 66 	 71 	 76 	 81 	 86 	 91 	 96 	 101 	 106
842 	 385 	 0 	 4 	 2 	 12 	 13 	 11 	 56 	 61 	 66 	 71 	 76 	 81 	 86 	 91 	 96 	 101 	 106
843 	 385 	 0 	 4 	 2 	 14 	 15 	 11 	 56 	 61 	 66 	 71 	 76 	 81 	 86 	 91 	 96 	 101 	 106
844 	 386 	 0 	 8 	 2 	 12 	 13 	 11 	 2 	 7 	 12 	 17 	 22 	 27 	 32 	 37 	 42 	 47 	 52
845 	 386 	 0 	 10 	 4 	 4 	 5 	 6 	 7 	 11 	 3 	 8 	 13 	 18 	 23 	 28 	 33 	 38 	 43 	 48 	 53
846 	 387 	 0 	 8 	 2 	 7 	 8 	 11 	 3 	 8 	 13 	 18 	 23 	 28 	 33 	 38 	 43 	 48 	 53
847 	 388 	 0 	 1 	 2 	 14 	 15 	 11 	 59 	 64 	 69 	 74 	 79 	 84 	 89 	 94 	 99 	 104 	 109
848 	 389 	 0 	 4 	 2 	 1 	 2 	 11 	 3 	 8 	 13 	 18 	 23 	 28 	 33 	 38 	 43 	 48 	 53
849 	 390 	 0 	 8 	 2 	 12 	 13 	 6 	 55 	 65 	 75 	 85 	 95 	 105
850 	 391 	 0 	 4 	 2 	 9 	 10 	 5 	 62 	 72 	 82 	 92 	 102
851 	 392 	 0 	 8 	 2 	 10 	 11 	 5 	 9 	 19 	 29 	 39 	 49
852 	 393 	 0 	 1 	 2 	 15 	 16 	 6 	 3 	 13 	 23 	 33 	 43 	 53
853 	 393 	 0 	 2 	 2 	 14 	 15 	 6 	 2 	 12 	 22 	 32 	 42 	 52
854 	 394 	 0 	 8 	 2 	 0 	 1 	 5 	 61 	 71 	 81 	 91 	 101
855 	 394 	 0 	 5 	 2 	 2 	 3 	 5 	 61 	 71 	 81 	 91 	 101
856 	 394 	 0 	 1 	 2 	 4 	 5 	 5 	 61 	 71 	 81 	 91 	 101
857 	 394 	 0 	 6 	 2 	 6 	 7 	 5 	 61 	 71 	 81 	 91 	 101
858 	 394 	 0 	 2 	 2 	 8 	 9 	 5 	 61 	 71 	 81 	 91 	 101
859 	 394 	 0 	 10 	 2 	 10 	 11 	 5 	 61 	 71 	 81 	 91 	 101
860 	 395 	 0 	 9 	 2 	 3 	 4 	 6 	 3 	 13 	 23 	 33 	 43 	 53
861 	 395 	 0 	 3 	 2 	 5 	 6 	 6 	 3 	 13 	 23 	 33 	 43 	 53
862 	 395 	 0 	 1 	 2 	 7 	 8 	 6 	 3 	 13 	 23 	 33 	 43 	 53
863 	 395 	 0 	 8 	 2 	 9 	 10 	 6 	 3 	 13 	 23 	 33 	 43 	 53
864 	 395 	 0 	 4 	 2 	 11 	 12 	 6 	 3 	 13 	 23 	 33 	 43 	 53
865 	 395 	 0 	 1 	 2 	 13 	 14 	 6 	 3 	 13 	 23 	 33 	 43 	 53
866 	 395 	 0 	 3 	 2 	 15 	 16 	 6 	 3 	 13 	 23 	 33 	 43 	 53
867 	 396 	 0 	 3 	 2 	 5 	 6 	 6 	 2 	 12 	 22 	 32 	 42 	 52
868 	 397 	 0 	 6 	 2 	 6 	 7 	 5 	 8 	 18 	 28 	 38 	 48
869 	 398 	 0 	 9 	 4 	 8 	 9 	 10 	 11 	 11 	 1 	 6 	 11 	 16 	 21 	 26 	 31 	 36 	 41 	 46 	 51
870 	 399 	 0 	 4 	 2 	 7 	 8 	 6 	 57 	 67 	 77 	 87 	 97 	 107
871 	 399 	 0 	 8 	 2 	 9 	 10 	 6 	 57 	 67 	 77 	 87 	 97 	 107
872 	 399 	 0 	 6 	 2 	 11 	 12 	 6 	 57 	 67 	 77 	 87 	 97 	 107
873 	 399 	 0 	 10 	 2 	 13 	 14 	 6 	 57 	 67 	 77 	 87 	 97 	 107
874	0	0	0	4	8	9	10	11	5	5	15	25	35	45	
875	0	0	0	2	0	1	5	7	17	27	37	47	
876	1	0	0	4	12	13	14	15	11	57	62	67	72	77	82	87	92	97	102	107	
877	2	0	0	4	3	4	5	6	6	1	11	21	31	41	51	
878	2	0	0	4	11	12	13	14	6	4	14	24	34	44	54	
879	3	1	0	4	6	7	8	9	6	58	68	78	88	98	108	
880	4	0	0	4	9	10	11	12	5	60	70	80	90	100	
881	5	0	0	2	12	13	6	56	66	76	86	96	106	
882	5	0	0	2	0	1	6	57	67	77	87	97	107	
883	6	0	0	4	13	14	15	16	11	3	8	13	18	23	28	33	38	43	48	53	
884	6	0	0	2	16	17	11	1	6	11	16	21	26	31	36	41	46	51	
885	7	0	0	4	6	7	8	9	11	3	8	13	18	23	28	33	38	43	48	53	
886	8	0	0	4	3	4	5	6	6	0	10	20	30	40	50	
887	8	0	0	4	1	2	3	4	6	1	11	21	31	41	51	
888	9	0	0	2	8	9	11	4	9	14	19	24	29	34	39	44	49	54	
889	10	0	0	2	4	5	5	5	15	25	35	45	
890	10	0	0	4	11	12	13	14	5	6	16	26	36	46	
891	11	0	0	2	15	16	6	4	14	24	34	44	54	
892	11	0	0	4	6	7	8	9	6	1	11	21	31	41	51	
893	11	0	0	2	1	2	6	2	12	22	32	42	52	
894	12	0	0	4	7	8	9	10	11	56	61	66	71	76	81	86	91	96	101	106	
895	12	0	0	2	14	15	11	59	64	69	74	79	84	89	94	99	104	109	
896	13	0	0	2	1	2	5	62	72	82	92	102	
897	14	0	0	2	1	2	6	1	11	21	31	41	51	
898	15	0	0	4	10	11	12	13	6	0	10	20	30	40	50	
899	15	0	0	4	12	13	14	15	6	2	12	22	32	42	52	
900	15	0	0	4	9	10	11	12	6	3	13	23	33	43	53	
901	15	0	0	4	6	7	8	9	6	4	14	24	34	44	54	
902	16	0	0	4	13	14	15	16	11	58	63	68	73	78	83	88	93	98	103	108	
903	17	0	0	2	8	9	5	7	17	27	37	47	
904	17	0	0	4	12	13	14	15	5	8	18	28	38	48	
905	18	0	0	4	12	13	14	15	11	4	9	14	19	24	29	34	39	44	49	54	
906	18	0	0	4	14	15	16	17	11	1	6	11	16	21	26	31	36	41	46	51	
907	19	0	0	2	12	13	6	2	12	22	32	42	52	
908	20	0	0	4	3	4	5	6	5	62	72	82	92	102	
909	20	0	0	2	14	15	5	63	73	83	93	103	
910	21	0	0	2	1	2	6	1	11	21	31	41	51	
911	22	0	0	2	1	2	6	56	66	76	86	96	106	
912	23	0	0	4	5	6	7	8	11	1	6	11	16	21	26	31	36	41	46	51	
913	23	0	0	4	9	10	11	12	11	4	9	14	19	24	29	34	39	44	49	54	
914	23	0	0	2	12	13	11	3	8	13	18	23	28	33	38	43	48	53	
915	24	0	0	2	16	17	11	0	5	10	15	20	25	30	35	40	45	50	
916	24	0	0	4	11	12	13	14	11	3	8	13	18	23	28	33	38	43	48	53	
917	25	0	0	2	11	12	6	57	67	77	87	97	107	
918	25	0	0	2	7	8	6	58	68	78	88	98	108	
919	26	0	0	4	3	4	5	6	6	56	66	76	86	96	106	
920	26	0	0	2	5	6	6	58	68	78	88	98	108	
921	27	0	0	2	12	13	6	57	67	77	87	97	107	
922	27	0	0	4	12	13	14	15	6	59	69	79	89	99	109	
923	28	0	0	4	8	9	10	11	6	58	68	78	88	98	108	
924	28	0	0	4	13	14	15	16	6	55	65	75	85	95	105	
925	29	0	0	4	8	9	10	11	5	7	17	27	37	47	
926	29	0	0	4	10	11	12	13	5	8	18	28	38	48	
927	29	0	0	4	14	15	16	17	5	6	16	26	36	46	
928	29	0	0	2	14	15	5	9	19	29	39	49	
929	30	1	0	4	5	6	7	8	5	64	74	84	94	104	
930	30	1	0	4	10	11	12	13	5	62	72	82	92	102	
931	31	0	0	2	13	14	11	55	60	65	70	75	80	85	90	95	100	105	
932	32	0	0	2	3	4	5	6	16	26	36	46	
933	33	0	0	4	0	1	2	3	6	3	13	23	33	43	53	
934	33	0	0	4	11	12	13	14	6	0	10	20	30	40	50	
935	33	0	0	2	16	17	6	2	12	22	32	42	52	
936	33	0	0	4	3	4	5	6	6	1	11	21	31	41	51	
937	34	0	0	2	6	7	5	61	71	81	91	101	
938	34	0	0	4	6	7	8	9	5	64	74	84	94	104	
939	34	0	0	4	6	7	8	9	5	63	73	83	93	103	
940	35	0	0	2	5	6	5	63	73	83	93	103	
941	35	0	0	2	4	5	5	60	70	80	90	100	
942	35	0	0	2	15	16	5	61	71	81	91	101	
943	35	0	0	4	14	15	16	17	5	62	72	82	92	102	
944	36	0	0	4	2	3	4	5	11	56	61	66	71	76	81	86	91	96	101	106	
945	37	0	0	2	9	10	5	7	17	27	37	47	
946	37	0	0	2	3	4	5	9	19	29	39	49	
947	38	0	0	2	12	13	5	5	15	25	35	45	
948	38	0	0	4	9	10	11	12	5	6	16	26	36	46	
949	39	0	0	4	7	8	9	10	11	55	60	65	70	75	80	85	90	95	100	105	
950	39	0	0	4	5	6	7	8	11	58	63	68	73	78	83	88	93	98	103	108	
951	40	0	0	4	1	2	3	4	5	61	71	81	91	101	
952	40	0	0	2	16	17	5	63	73	83	93	103	
953	41	0	0	2	14	15	6	1	11	21	31	41	51	
954	41	0	0	4	2	3	4	5	6	2	12	22	32	42	52	
955	42	0	0	4	8	9	10	11	11	57	62	67	72	77	82	87	92	97	102	107	
956	43	0	0	2	3	4	6	55	65	75	85	95	105	
957	43	0	0	2	13	14	6	57	67	77	87	97	107	
958	44	0	0	2	9	10	5	60	70	80	90	100	
959	44	0	0	4	4	5	6	7	5	62	72	82	92	102	
960	45	0	0	4	11	12	13	14	6	55	65	75	85	95	105	
961	45	0	0	2	2	3	6	56	66	76	86	96	106	
962	46	1	0	2	7	8	6	59	69	79	89	99	109	
963	47	0	0	4	11	12	13	14	11	59	64	69	74	79	84	89	94	99	104	109	
964	47	0	0	4	6	7	8	9	11	55	60	65	70	75	80	85	90	95	100	105	
965	48	0	0	4	5	6	7	8	5	9	19	29	39	49	
966	49	0	0	2	16	17	5	9	19	29	39	49	
967	49	0	0	2	2	3	5	5	15	25	35	45	
968	50	0	0	4	11	12	13	14	5	6	16	26	36	46	
969	50	0	0	2	1	2	5	9	19	29	39	49	
970	50	0	0	2	12	13	5	7	17	27	37	47	
971	50	0	0	2	12	13	5	5	15	25	35	45	
972	51	0	0	4	12	13	14	15	5	62	72	82	92	102	
973	52	0	0	4	13	14	15	16	5	6	16	26	36	46	
974	53	0	0	4	9	10	11	12	5	63	73	83	93	103	
975	53	0	0	4	14	15	16	17	5	64	74	84	94	104	
976	54	0	0	2	5	6	5	60	70	80	90	100	
977	55	0	0	2	0	1	6	58	68	78	88	98	108	
978	55	0	0	2	14	15	6	55	65	75	85	95	105	
979	55	0	0	2	1	2	6	57	67	77	87	97	107	
980	56	0	0	2	12	13	5	6	16	26	36	46	
981	57	0	0	4	8	9	10	11	6	0	10	20	30	40	50	
982	57	0	0	2	2	3	6	2	12	22	32	42	52	
983	57	0	0	2	14	15	6	3	13	23	33	43	53	
984	57	0	0	2	16	17	6	1	11	21	31	41	51	
985	58	0	0	4	3	4	5	6	6	56	66	76	86	96	106	
986	58	0	0	4	0	1	2	3	6	58	68	78	88	98	108	
987	58	0	0	4	13	14	15	16	6	55	65	75	85	95	105	
988	59	0	0	2	8	9	11	2	7	12	17	22	27	32	37	42	47	52	
989	60	0	0	4	11	12	13	14	6	2	12	22	32	42	52	
990	60	0	0	4	12	13	14	15	6	3	13	23	33	43	53	
991	60	0	0	4	13	14	15	16	6	1	11	21	31	41	51	
992	60	0	0	2	4	5	6	0	10	20	30	40	50	
993	61	0	0	2	9	10	6	58	68	78	88	98	108	
994	62	0	0	2	0	1	5	63	73	83	93	103	
995	62	0	0	2	0	1	5	64	74	84	94	104	
996	62	0	0	4	7	8	9	10	5	62	72	82	92	102	
997	62	0	0	2	2	3	5	61	71	81	91	101	
998	63	0	0	4	12	13	14	15	6	57	67	77	87	97	107	
999	63	0	0	4	6	7	8	9	6	55	65	75	85	95	105	
1000	64	0	0	4	0	1	2	3	11	56	61	66	71	76	81	86	91	96	101	106	
1001	64	0	0	4	6	7	8	9	11	58	63	68	73	78	83	88	93	98	103	108	
1002	65	0	0	2	6	7	11	3	8	13	18	23	28	33	38	43	48	53	
1003	65	0	0	4	10	11	12	13	11	1	6	11	16	21	26	31	36	41	46	51	
1004	65	0	0	2	14	15	11	2	7	12	17	22	27	32	37	42	47	52	
1005	65	0	0	4	10	11	12	13	11	4	9	14	19	24	29	34	39	44	49	54	
1006	66	0	0	2	13	14	6	1	11	21	31	41	51	
1007	66	0	0	4	2	3	4	5	6	3	13	23	33	43	53	
1008	67	0	0	2	6	7	6	0	10	20	30	40	50	
1009	67	0	0	2	11	12	6	2	12	22	32	42	52	
1010	68	0	0	4	7	8	9	10	6	58	68	78	88	98	108	
1011	68	0	0	2	15	16	6	55	65	75	85	95	105	
1012	68	0	0	4	11	12	13	14	6	59	69	79	89	99	109	
1013	69	0	0	4	13	14	15	16	5	8	18	28	38	48	
1014	69	0	0	2	2	3	5	9	19	29	39	49	
1015	70	0	0	4	5	6	7	8	11	58	63	68	73	78	83	88	93	98	103	108	
1016	70	0	0	4	1	2	3	4	11	59	64	69	74	79	84	89	94	99	104	109	
1017	70	0	0	2	8	9	11	57	62	67	72	77	82	87	92	97	102	107	
1018	71	0	0	2	9	10	5	64	74	84	94	104	
1019	71	0	0	4	11	12	13	14	5	60	70	80	90	100	
1020	71	0	0	2	8	9	5	61	71	81	91	101	
1021	71	0	0	2	13	14	5	63	73	83	93	103	
1022	72	0	0	4	6	7	8	9	6	59	69	79	89	99	109	
1023	72	0	0	4	11	12	13	14	6	57	67	77	87	97	107	
1024	73	0	0	4	8	9	10	11	6	57	67	77	87	97	107	
1025	74	0	0	2	0	1	5	8	18	28	38	48	
1026	74	0	0	4	3	4	5	6	5	9	19	29	39	49	
1027	75	0	0	2	5	6	6	1	11	21	31	41	51	
1028	75	0	0	2	0	1	6	4	14	24	34	44	54	
1029	76	0	0	4	7	8	9	10	5	6	16	26	36	46	
1030	76	0	0	4	10	11	12	13	5	9	19	29	39	49	
1031	76	0	0	4	8	9	10	11	5	5	15	25	35	45	
1032	76	0	0	2	8	9	5	7	17	27	37	47	
1033	77	0	0	2	2	3	6	59	69	79	89	99	109	
1034	77	0	0	4	10	11	12	13	6	58	68	78	88	98	108	
1035	78	0	0	2	0	1	11	2	7	12	17	22	27	32	37	42	47	52	
1036	79	0	0	4	6	7	8	9	6	55	65	75	85	95	105	
1037	80	0	0	4	3	4	5	6	6	1	11	21	31	41	51	
1038	81	0	0	4	11	12	13	14	6	0	10	20	30	40	50	
1039	81	0	0	4	3	4	5	6	6	1	11	21	31	41	51	
1040	82	0	0	4	4	5	6	7	11	59	64	69	74	79	84	89	94	99	104	109	
1041	82	0	0	2	16	17	11	58	63	68	73	78	83	88	93	98	103	108	
1042	82	0	0	4	1	2	3	4	11	55	60	65	70	75	80	85	90	95	100	105	
1043	83	0	0	2	15	16	6	1	11	21	31	41	51	
1044	83	0	0	4	5	6	7	8	6	3	13	23	33	43	53	
1045	84	0	0	2	8	9	5	8	18	28	38	48	
1046	85	0	0	4	4	5	6	7	11	4	9	14	19	24	29	34	39	44	49	54	
1047	86	0	0	2	13	14	5	60	70	80	90	100	
1048	86	0	0	2	14	15	5	61	71	81	91	101	
1049	87	1	0	2	15	16	6	3	13	23	33	43	53	
1050	88	0	0	4	9	10	11	12	5	8	18	28	38	48	
1051	88	0	0	2	11	12	5	6	16	26	36	46	
1052	89	0	0	2	2	3	5	6	16	26	36	46	
1053	89	0	0	4	0	1	2	3	5	5	15	25	35	45	
1054	89	0	0	2	0	1	5	7	17	27	37	47	
1055	89	0	0	4	10	11	12	13	5	9	19	29	39	49	
1056	90	0	0	4	5	6	7	8	5	64	74	84	94	104	
1057	91	0	0	4	1	2	3	4	6	55	65	75	85	95	105	
1058	92	0	0	2	11	12	11	55	60	65	70	75	80	85	90	95	100	105	
1059	92	0	0	4	8	9	10	11	11	56	61	66	71	76	81	86	91	96	101	106	
1060	93	0	0	4	13	14	15	16	5	60	70	80	90	100	
1061	94	1	0	2	16	17	6	3	13	23	33	43	53	
1062	94	1	0	2	16	17	6	0	10	20	30	40	50	
1063	95	0	0	4	4	5	6	7	6	2	12	22	32	42	52	
1064	96	0	0	4	11	12	13	14	11	58	63	68	73	78	83	88	93	98	103	108	
1065	96	0	0	2	15	16	11	56	61	66	71	76	81	86	91	96	101	106	
1066	97	0	0	4	7	8	9	10	6	57	67	77	87	97	107	
1067	98	0	0	2	1	2	6	59	69	79	89	99	109	
1068	98	0	0	4	8	9	10	11	6	57	67	77	87	97	107	
1069	99	0	0	2	7	8	6	1	11	21	31	41	51	
1070	100	0	0	4	11	12	13	14	6	1	11	21	31	41	51	
1071	101	0	0	2	3	4	5	8	18	28	38	48	
1072	101	0	0	2	16	17	5	9	19	29	39	49	
1073	101	0	0	4	3	4	5	6	5	5	15	25	35	45	
1074	101	0	0	4	7	8	9	10	5	6	16	26	36	46	
1075	102	0	0	2	9	10	11	1	6	11	16	21	26	31	36	41	46	51	
1076	102	0	0	2	3	4	11	2	7	12	17	22	27	32	37	42	47	52	
1077	103	0	0	2	1	2	11	57	62	67	72	77	82	87	92	97	102	107	
1078	104	0	0	4	0	1	2	3	5	62	72	82	92	102	
1079	105	0	0	4	5	6	7	8	5	61	71	81	91	101	
1080	106	0	0	4	1	2	3	4	11	3	8	13	18	23	28	33	38	43	48	53	
1081	107	0	0	4	10	11	12	13	5	7	17	27	37	47	
1082	108	0	0	4	10	11	12	13	6	57	67	77	87	97	107	
1083	108	0	0	4	13	14	15	16	6	59	69	79	89	99	109	
1084	109	0	0	2	3	4	5	63	73	83	93	103	
1085	110	0	0	4	3	4	5	6	11	0	5	10	15	20	25	30	35	40	45	50	
1086	110	0	0	2	0	1	11	4	9	14	19	24	29	34	39	44	49	54	
1087	111	0	0	2	0	1	11	1	6	11	16	21	26	31	36	41	46	51	
1088	111	0	0	2	4	5	11	4	9	14	19	24	29	34	39	44	49	54	
1089	111	0	0	4	7	8	9	10	11	0	5	10	15	20	25	30	35	40	45	50	
1090	112	0	0	4	2	3	4	5	6	4	14	24	34	44	54	
1091	113	1	0	2	1	2	6	58	68	78	88	98	108	
1092	113	1	0	2	0	1	6	56	66	76	86	96	106	
1093	114	0	0	2	0	1	5	7	17	27	37	47	
1094	115	0	0	4	11	12	13	14	5	8	18	28	38	48	
1095	116	0	0	4	12	13	14	15	11	1	6	11	16	21	26	31	36	41	46	51	
1096	116	0	0	2	16	17	11	2	7	12	17	22	27	32	37	42	47	52	
1097	116	0	0	4	2	3	4	5	11	0	5	10	15	20	25	30	35	40	45	50	
1098	116	0	0	2	8	9	11	4	9	14	19	24	29	34	39	44	49	54	
1099	117	0	0	4	10	11	12	13	6	56	66	76	86	96	106	
1100	118	0	0	2	10	11	6	0	10	20	30	40	50	
1101	119	0	0	2	8	9	5	6	16	26	36	46	
1102	119	0	0	2	9	10	5	9	19	29	39	49	
1103	120	0	0	2	13	14	6	57	67	77	87	97	107	
1104	120	0	0	2	7	8	6	58	68	78	88	98	108	
1105	121	0	0	4	8	9	10	11	11	55	60	65	70	75	80	85	90	95	100	105	
1106	122	0	0	2	6	7	6	1	11	21	31	41	51	
1107	123	0	0	2	6	7	6	3	13	23	33	43	53	
1108	124	0	0	4	2	3	4	5	5	8	18	28	38	48	
1109	124	0	0	4	0	1	2	3	5	9	19	29	39	49	
1110	125	0	0	2	6	7	11	59	64	69	74	79	84	89	94	99	104	109	
1111	126	0	0	2	11	12	11	2	7	12	17	22	27	32	37	42	47	52	
1112	126	0	0	2	4	5	11	3	8	13	18	23	28	33	38	43	48	53	
1113	127	0	0	2	0	1	11	56	61	66	71	76	81	86	91	96	101	106	
1114	127	0	0	2	13	14	11	55	60	65	70	75	80	85	90	95	100	105	
1115	128	0	0	2	3	4	5	62	72	82	92	102	
1116	129	0	0	4	1	2	3	4	5	5	15	25	35	45	
1117	129	0	0	2	16	17	5	9	19	29	39	49	
1118	130	0	0	2	3	4	5	63	73	83	93	103	
1119	130	0	0	4	5	6	7	8	5	64	74	84	94	104	
1120	131	0	0	2	15	16	6	55	65	75	85	95	105	
1121	131	0	0	2	11	12	6	56	66	76	86	96	106	
1122	131	0	0	4	9	10	11	12	6	58	68	78	88	98	108	
1123	131	0	0	2	6	7	6	59	69	79	89	99	109	
1124	132	0	0	4	11	12	13	14	11	57	62	67	72	77	82	87	92	97	102	107	
1125	133	0	0	4	6	7	8	9	6	1	11	21	31	41	51	
1126	133	0	0	2	0	1	6	0	10	20	30	40	50	
1127	134	0	0	4	12	13	14	15	6	0	10	20	30	40	50	
1128	135	0	0	2	11	12	6	56	66	76	86	96	106	
1129	135	0	0	4	5	6	7	8	6	58	68	78	88	98	108	
1130	136	0	0	4	0	1	2	3	6	58	68	78	88	98	108	
1131	137	0	0	4	0	1	2	3	11	4	9	14	19	24	29	34	39	44	49	54	
1132	137	0	0	4	8	9	10	11	11	3	8	13	18	23	28	33	38	43	48	53	
1133	138	0	0	2	8	9	6	55	65	75	85	95	105	
1134	138	0	0	2	5	6	6	59	69	79	89	99	109	
1135	139	0	0	2	2	3	6	2	12	22	32	42	52	
1136	140	0	0	4	3	4	5	6	5	8	18	28	38	48	
1137	140	0	0	4	7	8	9	10	5	7	17	27	37	47	
1138	140	0	0	4	6	7	8	9	5	9	19	29	39	49	
1139	141	0	0	2	0	1	11	2	7	12	17	22	27	32	37	42	47	52	
1140	141	0	0	4	14	15	16	17	11	0	5	10	15	20	25	30	35	40	45	50	
1141	142	0	0	4	9	10	11	12	5	61	71	81	91	101	
1142	142	0	0	2	0	1	5	63	73	83	93	103	
1143	143	0	0	4	1	2	3	4	5	64	74	84	94	104	
1144	143	0	0	2	12	13	5	61	71	81	91	101	
1145	144	0	0	2	16	17	6	4	14	24	34	44	54	
1146	145	0	0	4	5	6	7	8	5	64	74	84	94	104	
1147	146	0	0	2	14	15	11	57	62	67	72	77	82	87	92	97	102	107	
1148	147	0	0	4	12	13	14	15	6	58	68	78	88	98	108	
1149	148	0	0	4	4	5	6	7	5	6	16	26	36	46	
1150	148	0	0	4	4	5	6	7	5	5	15	25	35	45	
1151	149	0	0	2	13	14	6	56	66	76	86	96	106	
1152	149	0	0	2	8	9	6	57	67	77	87	97	107	
1153	149	0	0	2	9	10	6	59	69	79	89	99	109	
1154	150	0	0	2	0	1	6	55	65	75	85	95	105	
1155	151	0	0	4	13	14	15	16	5	5	15	25	35	45	
1156	151	0	0	4	10	11	12	13	5	9	19	29	39	49	
1157	151	0	0	2	8	9	5	6	16	26	36	46	
1158	151	0	0	2	15	16	5	8	18	28	38	48	
1159	152	0	0	2	10	11	5	61	71	81	91	101	
1160	152	0	0	4	7	8	9	10	5	64	74	84	94	104	
1161	153	0	0	4	9	10	11	12	6	58	68	78	88	98	108	
1162	154	0	0	4	9	10	11	12	6	1	11	21	31	41	51	
1163	155	1	0	2	6	7	11	56	61	66	71	76	81	86	91	96	101	106	
1164	156	0	0	4	8	9	10	11	5	6	16	26	36	46	
1165	156	0	0	2	11	12	5	9	19	29	39	49	
1166	157	0	0	4	9	10	11	12	6	4	14	24	34	44	54	
1167	157	0	0	2	7	8	6	2	12	22	32	42	52	
1168	157	0	0	2	6	7	6	1	11	21	31	41	51	
1169	158	0	0	2	13	14	6	1	11	21	31	41	51	
1170	159	0	0	2	1	2	6	1	11	21	31	41	51	
1171	159	0	0	4	1	2	3	4	6	4	14	24	34	44	54	
1172	160	0	0	2	6	7	11	55	60	65	70	75	80	85	90	95	100	105	
1173	160	0	0	2	1	2	11	57	62	67	72	77	82	87	92	97	102	107	
1174	161	0	0	4	10	11	12	13	6	3	13	23	33	43	53	
1175	161	0	0	2	15	16	6	2	12	22	32	42	52	
1176	162	1	0	2	11	12	6	56	66	76	86	96	106	
1177	162	1	0	4	0	1	2	3	6	58	68	78	88	98	108	
1178	162	1	0	2	12	13	6	59	69	79	89	99	109	
1179	162	1	0	4	6	7	8	9	6	55	65	75	85	95	105	
1180	163	0	0	2	8	9	5	9	19	29	39	49	
1181	164	0	0	2	0	1	6	0	10	20	30	40	50	
1182	164	0	0	2	9	10	6	3	13	23	33	43	53	
1183	165	0	0	4	4	5	6	7	6	3	13	23	33	43	53	
1184	166	1	0	4	11	12	13	14	5	8	18	28	38	48	
1185	166	1	0	4	9	10	11	12	5	7	17	27	37	47	
1186	167	0	0	2	15	16	5	64	74	84	94	104	
1187	167	0	0	2	1	2	5	62	72	82	92	102	
1188	167	0	0	2	16	17	5	61	71	81	91	101	
1189	168	0	0	4	5	6	7	8	6	55	65	75	85	95	105	
1190	169	0	0	2	7	8	11	4	9	14	19	24	29	34	39	44	49	54	
1191	170	0	0	4	9	10	11	12	11	56	61	66	71	76	81	86	91	96	101	106	
1192	171	0	0	2	15	16	5	64	74	84	94	104	
1193	171	0	0	2	0	1	5	63	73	83	93	103	
1194	172	0	0	2	6	7	11	56	61	66	71	76	81	86	91	96	101	106	
1195	172	0	0	4	11	12	13	14	11	58	63	68	73	78	83	88	93	98	103	108	
1196	173	0	0	2	1	2	6	1	11	21	31	41	51	
1197	173	0	0	4	8	9	10	11	6	3	13	23	33	43	53	
1198	174	0	0	4	2	3	4	5	5	9	19	29	39	49	
1199	175	0	0	4	8	9	10	11	5	63	73	83	93	103	
1200	176	0	0	4	14	15	16	17	11	55	60	65	70	75	80	85	90	95	100	105	
1201	177	0	0	4	10	11	12	13	6	0	10	20	30	40	50	
1202	177	0	0	4	13	14	15	16	6	1	11	21	31	41	51	
1203	178	1	0	2	3	4	6	58	68	78	88	98	108	
1204	178	1	0	2	5	6	6	57	67	77	87	97	107	
1205	179	0	0	4	14	15	16	17	6	2	12	22	32	42	52	
1206	180	0	0	2	12	13	5	61	71	81	91	101	
1207	181	0	0	2	5	6	6	57	67	77	87	97	107	
1208	181	0	0	2	14	15	6	56	66	76	86	96	106	
1209	182	0	0	4	13	14	15	16	11	59	64	69	74	79	84	89	94	99	104	109	
1210	182	0	0	4	7	8	9	10	11	58	63	68	73	78	83	88	93	98	103	108	
1211	182	0	0	4	10	11	12	13	11	57	62	67	72	77	82	87	92	97	102	107	
1212	182	0	0	4	3	4	5	6	11	55	60	65	70	75	80	85	90	95	100	105	
1213	183	0	0	4	9	10	11	12	6	4	14	24	34	44	54	
1214	184	0	0	4	11	12	13	14	11	58	63	68	73	78	83	88	93	98	103	108	
1215	184	0	0	2	3	4	11	59	64	69	74	79	84	89	94	99	104	109	
1216	185	0	0	4	11	12	13	14	5	63	73	83	93	103	
1217	185	0	0	4	8	9	10	11	5	62	72	82	92	102	
1218	186	0	0	2	7	8	5	61	71	81	91	101	
1219	186	0	0	4	14	15	16	17	5	62	72	82	92	102	
1220	187	0	0	2	16	17	11	4	9	14	19	24	29	34	39	44	49	54	
1221	187	0	0	4	0	1	2	3	11	0	5	10	15	20	25	30	35	40	45	50	
1222	188	0	0	4	6	7	8	9	6	55	65	75	85	95	105	
1223	189	0	0	2	4	5	5	60	70	80	90	100	
1224	189	0	0	4	11	12	13	14	5	62	72	82	92	102	
1225	190	0	0	4	5	6	7	8	6	56	66	76	86	96	106	
1226	190	0	0	4	10	11	12	13	6	57	67	77	87	97	107	
1227	191	0	0	4	0	1	2	3	6	3	13	23	33	43	53	
1228	192	0	0	2	10	11	5	7	17	27	37	47	
1229	192	0	0	2	5	6	5	6	16	26	36	46	
1230	193	0	0	4	7	8	9	10	11	0	5	10	15	20	25	30	35	40	45	50	
1231	193	0	0	2	12	13	11	2	7	12	17	22	27	32	37	42	47	52	
1232	194	0	0	2	15	16	5	6	16	26	36	46	
1233	194	0	0	2	3	4	5	8	18	28	38	48	
1234	195	0	0	4	1	2	3	4	11	2	7	12	17	22	27	32	37	42	47	52	
1235	195	0	0	2	9	10	11	4	9	14	19	24	29	34	39	44	49	54	
1236	196	0	0	4	2	3	4	5	6	56	66	76	86	96	106	
1237	196	0	0	4	14	15	16	17	6	55	65	75	85	95	105	
1238	197	0	0	4	5	6	7	8	6	4	14	24	34	44	54	
1239	198	0	0	2	10	11	6	1	11	21	31	41	51	
1240	198	0	0	4	13	14	15	16	6	2	12	22	32	42	52	
1241	198	0	0	4	3	4	5	6	6	0	10	20	30	40	50	
1242	198	0	0	4	10	11	12	13	6	4	14	24	34	44	54	
1243	199	0	0	4	14	15	16	17	5	7	17	27	37	47	
1244	199	0	0	4	2	3	4	5	5	5	15	25	35	45	
1245	200	0	0	2	12	13	5	7	17	27	37	47	
1246	200	0	0	2	2	3	5	6	16	26	36	46	
1247	201	0	0	4	12	13	14	15	11	0	5	10	15	20	25	30	35	40	45	50	
1248	201	0	0	4	8	9	10	11	11	1	6	11	16	21	26	31	36	41	46	51	
1249	202	0	0	4	6	7	8	9	5	63	73	83	93	103	
1250	203	0	0	4	11	12	13	14	5	8	18	28	38	48	
1251	203	0	0	4	9	10	11	12	5	5	15	25	35	45	
1252	204	1	0	4	5	6	7	8	6	4	14	24	34	44	54	
1253	205	0	0	4	1	2	3	4	6	1	11	21	31	41	51	
1254	206	0	0	4	9	10	11	12	6	58	68	78	88	98	108	
1255	206	0	0	4	12	13	14	15	6	56	66	76	86	96	106	
1256	207	0	0	4	0	1	2	3	11	4	9	14	19	24	29	34	39	44	49	54	
1257	208	0	0	2	13	14	11	1	6	11	16	21	26	31	36	41	46	51	
1258	209	0	0	4	14	15	16	17	5	60	70	80	90	100	
1259	210	0	0	4	2	3	4	5	11	3	8	13	18	23	28	33	38	43	48	53	
1260	211	0	0	4	2	3	4	5	6	2	12	22	32	42	52	
1261	211	0	0	4	14	15	16	17	6	0	10	20	30	40	50	
1262	212	0	0	4	13	14	15	16	6	58	68	78	88	98	108	
1263	213	0	0	2	6	7	5	9	19	29	39	49	
1264	213	0	0	4	13	14	15	16	5	5	15	25	35	45	
1265	214	0	0	2	15	16	6	3	13	23	33	43	53	
1266	214	0	0	2	14	15	6	1	11	21	31	41	51	
1267	215	0	0	2	4	5	5	62	72	82	92	102	
1268	215	0	0	2	11	12	5	61	71	81	91	101	
1269	215	0	0	2	12	13	5	63	73	83	93	103	
1270	215	0	0	2	11	12	5	64	74	84	94	104	
1271	216	0	0	2	1	2	11	1	6	11	16	21	26	31	36	41	46	51	
1272	217	0	0	4	1	2	3	4	11	3	8	13	18	23	28	33	38	43	48	53	
1273	218	0	0	4	13	14	15	16	5	5	15	25	35	45	
1274	218	0	0	2	10	11	5	6	16	26	36	46	
1275	219	0	0	4	1	2	3	4	5	61	71	81	91	101	
1276	220	0	0	4	9	10	11	12	11	57	62	67	72	77	82	87	92	97	102	107	
1277	221	0	0	2	4	5	5	60	70	80	90	100	
1278	221	0	0	4	10	11	12	13	5	63	73	83	93	103	
1279	222	0	0	4	12	13	14	15	6	58	68	78	88	98	108	
1280	222	0	0	2	12	13	6	56	66	76	86	96	106	
1281	223	1	0	4	8	9	10	11	6	59	69	79	89	99	109	
1282	224	0	0	2	2	3	5	9	19	29	39	49	
1283	225	0	0	2	7	8	11	57	62	67	72	77	82	87	92	97	102	107	
1284	225	0	0	2	14	15	11	58	63	68	73	78	83	88	93	98	103	108	
1285	225	0	0	4	7	8	9	10	11	55	60	65	70	75	80	85	90	95	100	105	
1286	226	0	0	2	6	7	11	56	61	66	71	76	81	86	91	96	101	106	
1287	227	0	0	2	8	9	6	1	11	21	31	41	51	
1288	227	0	0	2	1	2	6	3	13	23	33	43	53	
1289	228	0	0	4	5	6	7	8	5	62	72	82	92	102	
1290	229	0	0	2	3	4	6	56	66	76	86	96	106	
1291	230	0	0	2	3	4	6	0	10	20	30	40	50	
1292	230	0	0	2	10	11	6	1	11	21	31	41	51	
1293	231	0	0	2	6	7	5	6	16	26	36	46	
1294	231	0	0	2	12	13	5	7	17	27	37	47	
1295	231	0	0	4	14	15	16	17	5	8	18	28	38	48	
1296	231	0	0	2	12	13	5	5	15	25	35	45	
1297	232	1	0	4	10	11	12	13	6	1	11	21	31	41	51	
1298	233	0	0	2	5	6	11	58	63	68	73	78	83	88	93	98	103	108	
1299	234	0	0	2	7	8	11	0	5	10	15	20	25	30	35	40	45	50	
1300	235	0	0	4	10	11	12	13	11	2	7	12	17	22	27	32	37	42	47	52	
1301	235	0	0	4	11	12	13	14	11	4	9	14	19	24	29	34	39	44	49	54	
1302	236	0	0	4	7	8	9	10	6	59	69	79	89	99	109	
1303	236	0	0	2	5	6	6	55	65	75	85	95	105	
1304	236	0	0	2	3	4	6	57	67	77	87	97	107	
1305	236	0	0	2	0	1	6	56	66	76	86	96	106	
1306	237	0	0	2	9	10	5	62	72	82	92	102	
1307	237	0	0	2	15	16	5	63	73	83	93	103	
1308	238	0	0	4	7	8	9	10	11	0	5	10	15	20	25	30	35	40	45	50	
1309	239	0	0	4	7	8	9	10	5	9	19	29	39	49	
1310	240	0	0	4	10	11	12	13	5	62	72	82	92	102	
1311	241	0	0	4	6	7	8	9	5	63	73	83	93	103	
1312	242	0	0	4	12	13	14	15	11	3	8	13	18	23	28	33	38	43	48	53	
1313	242	0	0	4	2	3	4	5	11	4	9	14	19	24	29	34	39	44	49	54	
1314	242	0	0	4	11	12	13	14	11	0	5	10	15	20	25	30	35	40	45	50	
1315	243	0	0	4	12	13	14	15	11	0	5	10	15	20	25	30	35	40	45	50	
1316	243	0	0	2	10	11	11	2	7	12	17	22	27	32	37	42	47	52	
1317	244	0	0	2	11	12	11	55	60	65	70	75	80	85	90	95	100	105	
1318	245	0	0	4	0	1	2	3	11	59	64	69	74	79	84	89	94	99	104	109	
1319	245	0	0	2	16	17	11	57	62	67	72	77	82	87	92	97	102	107	
1320	245	0	0	4	11	12	13	14	11	58	63	68	73	78	83	88	93	98	103	108	
1321	246	0	0	2	4	5	11	0	5	10	15	20	25	30	35	40	45	50	
1322	246	0	0	2	11	12	11	1	6	11	16	21	26	31	36	41	46	51	
1323	247	0	0	2	12	13	5	60	70	80	90	100	
1324	247	0	0	2	5	6	5	61	71	81	91	101	
1325	247	0	0	2	12	13	5	62	72	82	92	102	
1326	247	0	0	4	1	2	3	4	5	64	74	84	94	104	
1327	248	0	0	4	4	5	6	7	5	9	19	29	39	49	
1328	249	0	0	2	13	14	11	55	60	65	70	75	80	85	90	95	100	105	
1329	249	0	0	2	4	5	11	57	62	67	72	77	82	87	92	97	102	107	
1330	249	0	0	2	6	7	11	56	61	66	71	76	81	86	91	96	101	106	
1331	249	0	0	4	10	11	12	13	11	59	64	69	74	79	84	89	94	99	104	109	
1332	250	0	0	2	11	12	6	0	10	20	30	40	50	
1333	250	0	0	2	14	15	6	4	14	24	34	44	54	
1334	251	0	0	2	10	11	5	7	17	27	37	47	
1335	251	0	0	2	14	15	5	9	19	29	39	49	
1336	252	0	0	4	5	6	7	8	6	2	12	22	32	42	52	
1337	252	0	0	4	7	8	9	10	6	4	14	24	34	44	54	
1338	252	0	0	2	13	14	6	1	11	21	31	41	51	
1339	253	0	0	4	5	6	7	8	11	3	8	13	18	23	28	33	38	43	48	53	
1340	254	1	0	4	2	3	4	5	6	56	66	76	86	96	106	
1341	255	0	0	4	0	1	2	3	5	8	18	28	38	48	
1342	256	0	0	2	3	4	6	58	68	78	88	98	108	
1343	256	0	0	4	8	9	10	11	6	57	67	77	87	97	107	
1344	257	0	0	2	16	17	5	62	72	82	92	102	
1345	257	0	0	2	3	4	5	60	70	80	90	100	
1346	257	0	0	2	4	5	5	63	73	83	93	103	
1347	257	0	0	4	7	8	9	10	5	61	71	81	91	101	
1348	258	1	0	4	10	11	12	13	6	58	68	78	88	98	108	
1349	259	0	0	2	0	1	11	2	7	12	17	22	27	32	37	42	47	52	
1350	260	0	0	2	6	7	5	9	19	29	39	49	
1351	260	0	0	2	11	12	5	5	15	25	35	45	
1352	261	0	0	4	6	7	8	9	11	57	62	67	72	77	82	87	92	97	102	107	
1353	261	0	0	4	14	15	16	17	11	59	64	69	74	79	84	89	94	99	104	109	
1354	262	1	0	4	13	14	15	16	5	8	18	28	38	48	
1355	263	0	0	4	6	7	8	9	5	9	19	29	39	49	
1356	264	0	0	2	10	11	5	60	70	80	90	100	
1357	264	0	0	4	14	15	16	17	5	64	74	84	94	104	
1358	264	0	0	2	0	1	5	63	73	83	93	103	
1359	264	0	0	4	2	3	4	5	5	62	72	82	92	102	
1360	265	0	0	4	1	2	3	4	11	59	64	69	74	79	84	89	94	99	104	109	
1361	265	0	0	4	8	9	10	11	11	56	61	66	71	76	81	86	91	96	101	106	
1362	266	0	0	4	13	14	15	16	11	56	61	66	71	76	81	86	91	96	101	106	
1363	266	0	0	2	8	9	11	57	62	67	72	77	82	87	92	97	102	107	
1364	267	0	0	4	10	11	12	13	5	9	19	29	39	49	
1365	267	0	0	2	15	16	5	8	18	28	38	48	
1366	267	0	0	2	10	11	5	6	16	26	36	46	
1367	268	0	0	4	4	5	6	7	6	55	65	75	85	95	105	
1368	269	0	0	2	2	3	11	1	6	11	16	21	26	31	36	41	46	51	
1369	269	0	0	2	5	6	11	4	9	14	19	24	29	34	39	44	49	54	
1370	270	0	0	2	8	9	5	61	71	81	91	101	
1371	271	0	0	4	11	12	13	14	11	2	7	12	17	22	27	32	37	42	47	52	
1372	271	0	0	4	3	4	5	6	11	0	5	10	15	20	25	30	35	40	45	50	
1373	272	0	0	4	13	14	15	16	11	56	61	66	71	76	81	86	91	96	101	106	
1374	272	0	0	2	3	4	11	58	63	68	73	78	83	88	93	98	103	108	
1375	273	0	0	4	6	7	8	9	5	5	15	25	35	45	
1376	274	0	0	2	0	1	6	0	10	20	30	40	50	
1377	274	0	0	2	11	12	6	4	14	24	34	44	54	
1378	275	0	0	4	0	1	2	3	5	63	73	83	93	103	
1379	276	0	0	4	9	10	11	12	11	57	62	67	72	77	82	87	92	97	102	107	
1380	276	0	0	4	12	13	14	15	11	59	64	69	74	79	84	89	94	99	104	109	
1381	276	0	0	2	5	6	11	58	63	68	73	78	83	88	93	98	103	108	
1382	277	0	0	4	7	8	9	10	11	56	61	66	71	76	81	86	91	96	101	106	
1383	277	0	0	2	13	14	11	58	63	68	73	78	83	88	93	98	103	108	
1384	278	0	0	2	8	9	6	1	11	21	31	41	51	
1385	279	0	0	2	11	12	6	0	10	20	30	40	50	
1386	279	0	0	4	12	13	14	15	6	3	13	23	33	43	53	
1387	280	0	0	2	0	1	5	6	16	26	36	46	
1388	281	0	0	2	16	17	6	1	11	21	31	41	51	
1389	281	0	0	4	1	2	3	4	6	0	10	20	30	40	50	
1390	282	0	0	2	6	7	5	8	18	28	38	48	
1391	282	0	0	4	5	6	7	8	5	7	17	27	37	47	
1392	283	0	0	2	16	17	11	58	63	68	73	78	83	88	93	98	103	108	
1393	284	0	0	4	7	8	9	10	6	59	69	79	89	99	109	
1394	284	0	0	4	5	6	7	8	6	58	68	78	88	98	108	
1395	284	0	0	2	15	16	6	56	66	76	86	96	106	
1396	285	0	0	2	5	6	6	57	67	77	87	97	107	
1397	285	0	0	4	5	6	7	8	6	59	69	79	89	99	109	
1398	286	0	0	4	10	11	12	13	11	3	8	13	18	23	28	33	38	43	48	53	
1399	286	0	0	4	7	8	9	10	11	4	9	14	19	24	29	34	39	44	49	54	
1400	287	0	0	4	11	12	13	14	5	8	18	28	38	48	
1401	287	0	0	4	10	11	12	13	5	6	16	26	36	46	
1402	288	0	0	4	5	6	7	8	6	2	12	22	32	42	52	
1403	289	0	0	4	9	10	11	12	5	61	71	81	91	101	
1404	289	0	0	2	2	3	5	64	74	84	94	104	
1405	290	0	0	4	8	9	10	11	5	6	16	26	36	46	
1406	291	0	0	2	2	3	5	62	72	82	92	102	
1407	292	0	0	4	7	8	9	10	11	2	7	12	17	22	27	32	37	42	47	52	
1408	293	0	0	4	7	8	9	10	5	64	74	84	94	104	
1409	294	0	0	2	10	11	5	5	15	25	35	45	
1410	294	0	0	4	4	5	6	7	5	8	18	28	38	48	
1411	295	0	0	4	14	15	16	17	5	7	17	27	37	47	
1412	296	0	0	2	6	7	11	55	60	65	70	75	80	85	90	95	100	105	
1413	296	0	0	2	13	14	11	59	64	69	74	79	84	89	94	99	104	109	
1414	296	0	0	4	2	3	4	5	11	58	63	68	73	78	83	88	93	98	103	108	
1415	296	0	0	2	8	9	11	57	62	67	72	77	82	87	92	97	102	107	
1416	297	0	0	2	13	14	6	58	68	78	88	98	108	
1417	297	0	0	4	11	12	13	14	6	59	69	79	89	99	109	
1418	298	0	0	4	10	11	12	13	11	1	6	11	16	21	26	31	36	41	46	51	
1419	299	0	0	2	7	8	11	1	6	11	16	21	26	31	36	41	46	51	
1420	300	0	0	4	1	2	3	4	5	64	74	84	94	104	
1421	300	0	0	2	0	1	5	60	70	80	90	100	
1422	301	0	0	2	11	12	11	55	60	65	70	75	80	85	90	95	100	105	
1423	301	0	0	4	5	6	7	8	11	58	63	68	73	78	83	88	93	98	103	108	
1424	302	0	0	4	1	2	3	4	11	4	9	14	19	24	29	34	39	44	49	54	
1425	302	0	0	2	3	4	11	2	7	12	17	22	27	32	37	42	47	52	
1426	302	0	0	2	3	4	11	1	6	11	16	21	26	31	36	41	46	51	
1427	302	0	0	4	0	1	2	3	11	0	5	10	15	20	25	30	35	40	45	50	
1428	303	0	0	4	12	13	14	15	5	61	71	81	91	101	
1429	303	0	0	2	1	2	5	64	74	84	94	104	
1430	304	0	0	4	11	12	13	14	5	61	71	81	91	101	
1431	304	0	0	2	6	7	5	60	70	80	90	100	
1432	305	1	0	4	0	1	2	3	6	56	66	76	86	96	106	
1433	306	1	0	2	14	15	6	58	68	78	88	98	108	
1434	306	1	0	4	3	4	5	6	6	57	67	77	87	97	107	
1435	307	0	0	2	12	13	6	59	69	79	89	99	109	
1436	307	0	0	2	9	10	6	57	67	77	87	97	107	
1437	308	0	0	2	1	2	11	4	9	14	19	24	29	34	39	44	49	54	
1438	309	0	0	2	1	2	6	55	65	75	85	95	105	
1439	310	0	0	2	2	3	6	0	10	20	30	40	50	
1440	310	0	0	4	3	4	5	6	6	1	11	21	31	41	51	
1441	310	0	0	4	5	6	7	8	6	3	13	23	33	43	53	
1442	311	0	0	4	3	4	5	6	5	8	18	28	38	48	
1443	311	0	0	4	3	4	5	6	5	7	17	27	37	47	
1444	311	0	0	4	12	13	14	15	5	5	15	25	35	45	
1445	312	0	0	4	5	6	7	8	5	60	70	80	90	100	
1446	312	0	0	4	6	7	8	9	5	63	73	83	93	103	
1447	312	0	0	2	4	5	5	62	72	82	92	102	
1448	313	0	0	4	12	13	14	15	5	5	15	25	35	45	
1449	314	0	0	4	14	15	16	17	5	61	71	81	91	101	
1450	315	0	0	4	2	3	4	5	5	61	71	81	91	101	
1451	315	0	0	4	1	2	3	4	5	63	73	83	93	103	
1452	316	0	0	2	2	3	6	56	66	76	86	96	106	
1453	316	0	0	4	6	7	8	9	6	58	68	78	88	98	108	
1454	317	0	0	2	0	1	6	4	14	24	34	44	54	
1455	317	0	0	2	1	2	6	0	10	20	30	40	50	
1456	318	0	0	2	6	7	11	59	64	69	74	79	84	89	94	99	104	109	
1457	319	0	0	2	7	8	6	3	13	23	33	43	53	
1458	319	0	0	4	7	8	9	10	6	1	11	21	31	41	51	
1459	320	0	0	4	2	3	4	5	5	62	72	82	92	102	
1460	320	0	0	2	7	8	5	61	71	81	91	101	
1461	321	0	0	4	10	11	12	13	5	6	16	26	36	46	
1462	321	0	0	4	3	4	5	6	5	9	19	29	39	49	
1463	322	1	0	2	9	10	11	58	63	68	73	78	83	88	93	98	103	108	
1464	323	0	0	4	4	5	6	7	5	61	71	81	91	101	
1465	324	0	0	4	12	13	14	15	11	0	5	10	15	20	25	30	35	40	45	50	
1466	324	0	0	2	15	16	11	3	8	13	18	23	28	33	38	43	48	53	
1467	325	0	0	2	5	6	6	3	13	23	33	43	53	
1468	325	0	0	4	2	3	4	5	6	4	14	24	34	44	54	
1469	326	0	0	4	13	14	15	16	6	2	12	22	32	42	52	
1470	326	0	0	2	15	16	6	1	11	21	31	41	51	
1471	327	0	0	4	8	9	10	11	5	6	16	26	36	46	
1472	328	0	0	4	8	9	10	11	5	62	72	82	92	102	
1473	328	0	0	2	4	5	5	64	74	84	94	104	
1474	329	0	0	2	13	14	11	4	9	14	19	24	29	34	39	44	49	54	
1475	330	0	0	4	6	7	8	9	6	0	10	20	30	40	50	
1476	331	0	0	2	3	4	5	61	71	81	91	101	
1477	331	0	0	4	11	12	13	14	5	60	70	80	90	100	
1478	331	0	0	2	11	12	5	64	74	84	94	104	
1479	331	0	0	2	12	13	5	63	73	83	93	103	
1480	332	0	0	2	8	9	11	2	7	12	17	22	27	32	37	42	47	52	
1481	332	0	0	2	13	14	11	3	8	13	18	23	28	33	38	43	48	53	
1482	333	0	0	2	4	5	11	56	61	66	71	76	81	86	91	96	101	106	
1483	334	0	0	2	0	1	6	55	65	75	85	95	105	
1484	334	0	0	4	1	2	3	4	6	56	66	76	86	96	106	
1485	335	0	0	4	0	1	2	3	6	57	67	77	87	97	107	
1486	335	0	0	4	7	8	9	10	6	58	68	78	88	98	108	
1487	335	0	0	4	5	6	7	8	6	56	66	76	86	96	106	
1488	335	0	0	2	9	10	6	59	69	79	89	99	109	
1489	336	0	0	4	8	9	10	11	11	55	60	65	70	75	80	85	90	95	100	105	
1490	336	0	0	2	16	17	11	57	62	67	72	77	82	87	92	97	102	107	
1491	336	0	0	2	9	10	11	56	61	66	71	76	81	86	91	96	101	106	
1492	337	0	0	4	4	5	6	7	6	4	14	24	34	44	54	
1493	337	0	0	4	14	15	16	17	6	3	13	23	33	43	53	
1494	338	0	0	2	11	12	11	4	9	14	19	24	29	34	39	44	49	54	
1495	338	0	0	4	5	6	7	8	11	0	5	10	15	20	25	30	35	40	45	50	
1496	339	0	0	2	12	13	5	6	16	26	36	46	
1497	339	0	0	2	13	14	5	9	19	29	39	49	
1498	340	0	0	2	16	17	11	2	7	12	17	22	27	32	37	42	47	52	
1499	341	0	0	4	3	4	5	6	6	2	12	22	32	42	52	
1500	341	0	0	4	12	13	14	15	6	0	10	20	30	40	50	
1501	342	0	0	4	9	10	11	12	6	0	10	20	30	40	50	
1502	343	0	0	2	0	1	6	56	66	76	86	96	106	
1503	344	0	0	2	16	17	5	8	18	28	38	48	
1504	344	0	0	2	5	6	5	5	15	25	35	45	
1505	345	0	0	2	16	17	6	57	67	77	87	97	107	
1506	346	0	0	2	4	5	6	2	12	22	32	42	52	
1507	347	0	0	4	9	10	11	12	5	63	73	83	93	103	
1508	348	0	0	2	4	5	5	7	17	27	37	47	
1509	348	0	0	2	13	14	5	9	19	29	39	49	
1510	349	0	0	2	5	6	11	2	7	12	17	22	27	32	37	42	47	52	
1511	349	0	0	2	4	5	11	4	9	14	19	24	29	34	39	44	49	54	
1512	350	0	0	4	7	8	9	10	6	2	12	22	32	42	52	
1513	351	0	0	2	12	13	11	59	64	69	74	79	84	89	94	99	104	109	
1514	351	0	0	2	13	14	11	56	61	66	71	76	81	86	91	96	101	106	
1515	351	0	0	2	13	14	11	57	62	67	72	77	82	87	92	97	102	107	
1516	351	0	0	2	5	6	11	55	60	65	70	75	80	85	90	95	100	105	
1517	352	0	0	2	5	6	6	3	13	23	33	43	53	
1518	352	0	0	2	3	4	6	0	10	20	30	40	50	
1519	353	0	0	2	0	1	11	1	6	11	16	21	26	31	36	41	46	51	
1520	353	0	0	4	11	12	13	14	11	4	9	14	19	24	29	34	39	44	49	54	
1521	354	0	0	2	6	7	5	7	17	27	37	47	
1522	355	0	0	4	11	12	13	14	11	2	7	12	17	22	27	32	37	42	47	52	
1523	356	0	0	4	5	6	7	8	5	5	15	25	35	45	
1524	356	0	0	2	8	9	5	9	19	29	39	49	
1525	356	0	0	4	3	4	5	6	5	6	16	26	36	46	
1526	356	0	0	4	4	5	6	7	5	8	18	28	38	48	
1527	357	0	0	4	11	12	13	14	6	4	14	24	34	44	54	
1528	358	0	0	2	14	15	5	62	72	82	92	102	
1529	358	0	0	4	8	9	10	11	5	60	70	80	90	100	
1530	359	0	0	4	6	7	8	9	6	59	69	79	89	99	109	
1531	359	0	0	2	4	5	6	55	65	75	85	95	105	
1532	359	0	0	2	8	9	6	58	68	78	88	98	108	
1533	360	0	0	4	13	14	15	16	11	0	5	10	15	20	25	30	35	40	45	50	
1534	360	0	0	2	16	17	11	2	7	12	17	22	27	32	37	42	47	52	
1535	361	0	0	2	10	11	6	3	13	23	33	43	53	
1536	361	0	0	4	9	10	11	12	6	0	10	20	30	40	50	
1537	361	0	0	4	12	13	14	15	6	4	14	24	34	44	54	
1538	361	0	0	4	1	2	3	4	6	1	11	21	31	41	51	
1539	362	0	0	4	8	9	10	11	11	57	62	67	72	77	82	87	92	97	102	107	
1540	362	0	0	4	13	14	15	16	11	58	63	68	73	78	83	88	93	98	103	108	
1541	363	0	0	2	1	2	6	0	10	20	30	40	50	
1542	364	0	0	4	2	3	4	5	6	59	69	79	89	99	109	
1543	364	0	0	4	4	5	6	7	6	58	68	78	88	98	108	
1544	365	0	0	2	1	2	5	63	73	83	93	103	
1545	365	0	0	4	9	10	11	12	5	61	71	81	91	101	
1546	366	0	0	4	5	6	7	8	6	0	10	20	30	40	50	
1547	367	0	0	2	8	9	6	3	13	23	33	43	53	
1548	367	0	0	4	1	2	3	4	6	1	11	21	31	41	51	
1549	368	0	0	4	1	2	3	4	5	62	72	82	92	102	
1550	368	0	0	4	12	13	14	15	5	61	71	81	91	101	
1551	369	0	0	4	10	11	12	13	5	7	17	27	37	47	
1552	370	0	0	4	13	14	15	16	11	55	60	65	70	75	80	85	90	95	100	105	
1553	370	0	0	4	14	15	16	17	11	59	64	69	74	79	84	89	94	99	104	109	
1554	370	0	0	4	14	15	16	17	11	57	62	67	72	77	82	87	92	97	102	107	
1555	371	0	0	2	1	2	6	0	10	20	30	40	50	
1556	372	0	0	2	6	7	11	0	5	10	15	20	25	30	35	40	45	50	
1557	373	0	0	4	4	5	6	7	5	61	71	81	91	101	
1558	374	0	0	4	12	13	14	15	5	61	71	81	91	101	
1559	375	0	0	2	11	12	11	1	6	11	16	21	26	31	36	41	46	51	
1560	376	0	0	4	1	2	3	4	11	55	60	65	70	75	80	85	90	95	100	105	
1561	377	0	0	2	0	1	5	64	74	84	94	104	
1562	377	0	0	2	16	17	5	63	73	83	93	103	
1563	377	0	0	4	7	8	9	10	5	61	71	81	91	101	
1564	377	0	0	4	7	8	9	10	5	62	72	82	92	102	
1565	378	0	0	4	10	11	12	13	5	64	74	84	94	104	
1566	378	0	0	2	9	10	5	61	71	81	91	101	
1567	379	0	0	4	14	15	16	17	6	58	68	78	88	98	108	
1568	379	0	0	4	10	11	12	13	6	59	69	79	89	99	109	
1569	380	0	0	4	0	1	2	3	6	1	11	21	31	41	51	
1570	381	0	0	4	8	9	10	11	6	55	65	75	85	95	105	
1571	382	0	0	2	2	3	11	57	62	67	72	77	82	87	92	97	102	107	
1572	382	0	0	4	1	2	3	4	11	59	64	69	74	79	84	89	94	99	104	109	
1573	383	0	0	2	6	7	5	62	72	82	92	102	
1574	383	0	0	2	8	9	5	61	71	81	91	101	
1575	384	0	0	2	9	10	5	6	16	26	36	46	
1576	385	0	0	2	13	14	11	57	62	67	72	77	82	87	92	97	102	107	
1577	385	0	0	4	5	6	7	8	11	59	64	69	74	79	84	89	94	99	104	109	
1578	385	0	0	4	0	1	2	3	11	55	60	65	70	75	80	85	90	95	100	105	
1579	385	0	0	4	8	9	10	11	11	58	63	68	73	78	83	88	93	98	103	108	
1580	386	0	0	4	14	15	16	17	11	4	9	14	19	24	29	34	39	44	49	54	
1581	387	0	0	4	3	4	5	6	11	4	9	14	19	24	29	34	39	44	49	54	
1582	387	0	0	4	1	2	3	4	11	0	5	10	15	20	25	30	35	40	45	50	
1583	388	0	0	4	9	10	11	12	11	58	63	68	73	78	83	88	93	98	103	108	
1584	389	0	0	2	12	13	11	1	6	11	16	21	26	31	36	41	46	51	
1585	389	0	0	4	10	11	12	13	11	4	9	14	19	24	29	34	39	44	49	54	
1586	390	0	0	4	8	9	10	11	6	57	67	77	87	97	107	
1587	391	0	0	2	16	17	5	64	74	84	94	104	
1588	392	0	0	4	5	6	7	8	5	6	16	26	36	46	
1589	392	0	0	4	12	13	14	15	5	5	15	25	35	45	
1590	393	0	0	4	0	1	2	3	6	0	10	20	30	40	50	
1591	394	0	0	2	2	3	5	62	72	82	92	102	
1592	394	0	0	2	12	13	5	63	73	83	93	103	
1593	394	0	0	4	2	3	4	5	5	64	74	84	94	104	
1594	395	0	0	2	16	17	6	1	11	21	31	41	51	
1595	395	0	0	2	3	4	6	4	14	24	34	44	54	
1596	395	0	0	4	14	15	16	17	6	0	10	20	30	40	50	
1597	395	0	0	2	15	16	6	2	12	22	32	42	52	
1598	396	0	0	4	14	15	16	17	6	4	14	24	34	44	54	
1599	396	0	0	2	5	6	6	0	10	20	30	40	50	
1600	397	0	0	2	9	10	5	9	19	29	39	49	
1601	398	0	0	4	11	12	13	14	11	0	5	10	15	20	25	30	35	40	45	50	
1602	399	0	0	4	3	4	5	6	6	55	65	75	85	95	105	
1603	399	0	0	4	2	3	4	5	6	59	69	79	89	99	109	
1604	399	0	0	2	13	14	6	58	68	78	88	98	108	
1605	399	0	0	4	3	4	5	6	6	56	66	76	86	96	106	

