251
0	0	0	1	60	
1	1	0	1	210	
2	5	0	1	188	
3	6	0	1	82	
4	8	0	1	350	
5	9	0	1	652	
6	11	0	1	29	
7	13	0	1	744	
8	14	0	7	414	415	416	417	418	419	420	
9	15	0	24	445	446	447	448	449	450	451	452	453	454	455	456	457	458	459	460	461	462	463	464	465	466	467	468	
10	17	0	1	659	
11	18	0	24	510	511	512	513	514	515	516	517	518	519	520	521	522	523	524	525	526	527	528	529	530	531	532	533	
12	20	0	3	755	756	757	
13	22	0	1	689	
14	24	0	1	127	
15	25	0	1	80	
16	26	0	1	377	
17	27	0	18	4	5	6	7	8	9	10	11	12	13	14	15	16	17	18	19	20	21	
18	29	0	18	359	360	361	362	363	364	365	366	367	368	369	370	371	372	373	374	375	376	
19	30	0	24	445	446	447	448	449	450	451	452	453	454	455	456	457	458	459	460	461	462	463	464	465	466	467	468	
20	31	0	1	611	
21	35	0	3	715	716	717	
22	36	0	24	510	511	512	513	514	515	516	517	518	519	520	521	522	523	524	525	526	527	528	529	530	531	532	533	
23	37	0	1	612	
24	41	0	1	296	
25	43	0	1	239	
26	45	0	9	670	671	672	673	674	675	676	677	678	
27	47	0	1	725	
28	53	0	3	204	205	206	
29	56	0	9	269	270	271	272	273	274	275	276	277	
30	57	0	1	113	
31	60	0	21	218	219	220	221	222	223	224	225	226	227	228	229	230	231	232	233	234	235	236	237	238	
32	62	0	7	494	495	496	497	498	499	500	
33	64	0	1	196	
34	65	0	1	534	
35	70	0	15	557	558	559	560	561	562	563	564	565	566	567	568	569	570	571	
36	72	0	1	759	
37	75	0	3	653	654	655	
38	76	0	1	669	
39	77	0	12	253	254	255	256	257	258	259	260	261	262	263	264	
40	79	0	1	98	
41	82	0	24	510	511	512	513	514	515	516	517	518	519	520	521	522	523	524	525	526	527	528	529	530	531	532	533	
42	83	0	1	212	
43	84	0	1	0	
44	87	0	21	218	219	220	221	222	223	224	225	226	227	228	229	230	231	232	233	234	235	236	237	238	
45	93	0	7	434	435	436	437	438	439	440	
46	95	0	18	472	473	474	475	476	477	478	479	480	481	482	483	484	485	486	487	488	489	
47	96	0	12	253	254	255	256	257	258	259	260	261	262	263	264	
48	98	0	1	656	
49	104	0	1	129	
50	109	0	7	706	707	708	709	710	711	712	
51	110	0	12	241	242	243	244	245	246	247	248	249	250	251	252	
52	111	0	3	117	118	119	
53	112	0	1	278	
54	113	0	1	665	
55	114	0	12	613	614	615	616	617	618	619	620	621	622	623	624	
56	115	0	7	30	31	32	33	34	35	36	
57	116	0	1	658	
58	118	0	15	761	762	763	764	765	766	767	768	769	770	771	772	773	774	775	
59	119	0	18	472	473	474	475	476	477	478	479	480	481	482	483	484	485	486	487	488	489	
60	121	0	7	387	388	389	390	391	392	393	
61	122	0	1	61	
62	126	0	15	166	167	168	169	170	171	172	173	174	175	176	177	178	179	180	
63	127	0	1	201	
64	128	0	18	62	63	64	65	66	67	68	69	70	71	72	73	74	75	76	77	78	79	
65	129	0	7	189	190	191	192	193	194	195	
66	130	0	1	413	
67	132	0	7	142	143	144	145	146	147	148	
68	134	0	1	97	
69	135	0	18	4	5	6	7	8	9	10	11	12	13	14	15	16	17	18	19	20	21	
70	137	0	1	428	
71	138	0	1	680	
72	140	0	1	666	
73	142	0	1	509	
74	143	0	1	444	
75	144	0	18	359	360	361	362	363	364	365	366	367	368	369	370	371	372	373	374	375	376	
76	148	0	1	491	
77	150	0	1	116	
78	151	0	18	472	473	474	475	476	477	478	479	480	481	482	483	484	485	486	487	488	489	
79	152	0	15	593	594	595	596	597	598	599	600	601	602	603	604	605	606	607	
80	154	0	7	698	699	700	701	702	703	704	
81	155	0	1	280	
82	157	0	1	95	
83	158	0	21	630	631	632	633	634	635	636	637	638	639	640	641	642	643	644	645	646	647	648	649	650	
84	159	0	21	572	573	574	575	576	577	578	579	580	581	582	583	584	585	586	587	588	589	590	591	592	
85	162	0	21	572	573	574	575	576	577	578	579	580	581	582	583	584	585	586	587	588	589	590	591	592	
86	164	0	9	130	131	132	133	134	135	136	137	138	
87	166	0	7	502	503	504	505	506	507	508	
88	168	0	1	625	
89	169	0	1	664	
90	171	0	1	629	
91	172	0	1	37	
92	173	0	3	626	627	628	
93	175	0	1	705	
94	177	0	7	38	39	40	41	42	43	44	
95	178	0	9	269	270	271	272	273	274	275	276	277	
96	179	0	1	379	
97	180	0	1	45	
98	182	0	1	202	
99	184	0	15	281	282	283	284	285	286	287	288	289	290	291	292	293	294	295	
100	185	0	3	661	662	663	
101	186	0	15	557	558	559	560	561	562	563	564	565	566	567	568	569	570	571	
102	187	0	15	761	762	763	764	765	766	767	768	769	770	771	772	773	774	775	
103	188	0	15	166	167	168	169	170	171	172	173	174	175	176	177	178	179	180	
104	190	0	7	691	692	693	694	695	696	697	
105	191	0	7	312	313	314	315	316	317	318	
106	197	0	1	46	
107	199	0	1	726	
108	200	0	1	754	
109	203	0	1	668	
110	204	0	1	149	
111	207	0	9	130	131	132	133	134	135	136	137	138	
112	209	0	1	319	
113	211	0	18	394	395	396	397	398	399	400	401	402	403	404	405	406	407	408	409	410	411	
114	212	0	1	141	
115	215	0	21	328	329	330	331	332	333	334	335	336	337	338	339	340	341	342	343	344	345	346	347	348	
116	217	0	1	279	
117	219	0	3	49	50	51	
118	220	0	3	297	298	299	
119	223	0	12	300	301	302	303	304	305	306	307	308	309	310	311	
120	224	0	7	681	682	683	684	685	686	687	
121	225	0	1	380	
122	227	0	1	109	
123	229	0	18	394	395	396	397	398	399	400	401	402	403	404	405	406	407	408	409	410	411	
124	230	0	15	593	594	595	596	597	598	599	600	601	602	603	604	605	606	607	
125	231	0	1	427	
126	232	0	1	758	
127	233	0	12	150	151	152	153	154	155	156	157	158	159	160	161	
128	236	0	21	328	329	330	331	332	333	334	335	336	337	338	339	340	341	342	343	344	345	346	347	348	
129	237	0	21	630	631	632	633	634	635	636	637	638	639	640	641	642	643	644	645	646	647	648	649	650	
130	238	0	18	4	5	6	7	8	9	10	11	12	13	14	15	16	17	18	19	20	21	
131	241	0	1	140	
132	243	0	3	429	430	431	
133	244	0	1	471	
134	246	0	7	52	53	54	55	56	57	58	
135	247	0	1	216	
136	248	0	1	760	
137	249	0	1	412	
138	252	0	1	381	
139	255	0	1	59	
140	256	0	12	150	151	152	153	154	155	156	157	158	159	160	161	
141	257	0	1	128	
142	258	0	1	139	
143	261	0	3	441	442	443	
144	262	0	21	218	219	220	221	222	223	224	225	226	227	228	229	230	231	232	233	234	235	236	237	238	
145	265	0	1	433	
146	266	0	15	761	762	763	764	765	766	767	768	769	770	771	772	773	774	775	
147	267	0	3	383	384	385	
148	268	0	1	211	
149	269	0	3	207	208	209	
150	271	0	1	386	
151	272	0	1	679	
152	273	0	1	96	
153	274	0	1	47	
154	277	0	1	432	
155	281	0	1	651	
156	282	0	18	62	63	64	65	66	67	68	69	70	71	72	73	74	75	76	77	78	79	
157	284	0	1	267	
158	285	0	1	746	
159	286	0	1	349	
160	287	0	21	630	631	632	633	634	635	636	637	638	639	640	641	642	643	644	645	646	647	648	649	650	
161	288	0	1	727	
162	290	0	3	741	742	743	
163	291	0	3	421	422	423	
164	292	0	1	490	
165	294	0	1	660	
166	295	0	1	268	
167	297	0	7	351	352	353	354	355	356	357	
168	300	0	1	609	
169	301	0	1	745	
170	302	0	7	718	719	720	721	722	723	724	
171	306	0	1	358	
172	308	0	18	359	360	361	362	363	364	365	366	367	368	369	370	371	372	373	374	375	376	
173	312	0	1	197	
174	317	0	1	114	
175	319	0	21	572	573	574	575	576	577	578	579	580	581	582	583	584	585	586	587	588	589	590	591	592	
176	320	0	7	120	121	122	123	124	125	126	
177	321	0	1	426	
178	322	0	24	445	446	447	448	449	450	451	452	453	454	455	456	457	458	459	460	461	462	463	464	465	466	467	468	
179	323	0	1	493	
180	324	0	21	218	219	220	221	222	223	224	225	226	227	228	229	230	231	232	233	234	235	236	237	238	
181	327	0	3	198	199	200	
182	336	0	1	740	
183	340	0	3	1	2	3	
184	342	0	21	536	537	538	539	540	541	542	543	544	545	546	547	548	549	550	551	552	553	554	555	556	
185	343	0	12	728	729	730	731	732	733	734	735	736	737	738	739	
186	344	0	7	320	321	322	323	324	325	326	
187	345	0	1	110	
188	348	0	1	713	
189	349	0	1	265	
190	352	0	1	94	
191	355	0	7	181	182	183	184	185	186	187	
192	356	0	1	610	
193	357	0	12	728	729	730	731	732	733	734	735	736	737	738	739	
194	358	0	21	630	631	632	633	634	635	636	637	638	639	640	641	642	643	644	645	646	647	648	649	650	
195	361	0	7	22	23	24	25	26	27	28	
196	362	0	12	300	301	302	303	304	305	306	307	308	309	310	311	
197	363	0	21	536	537	538	539	540	541	542	543	544	545	546	547	548	549	550	551	552	553	554	555	556	
198	367	0	12	241	242	243	244	245	246	247	248	249	250	251	252	
199	372	0	15	281	282	283	284	285	286	287	288	289	290	291	292	293	294	295	
200	374	0	1	492	
201	376	0	1	714	
202	380	0	1	470	
203	382	0	1	608	
204	383	0	9	670	671	672	673	674	675	676	677	678	
205	387	0	1	424	
206	392	0	1	93	
207	394	0	7	747	748	749	750	751	752	753	
208	395	0	18	394	395	396	397	398	399	400	401	402	403	404	405	406	407	408	409	410	411	
209	397	0	1	240	
210	401	0	7	99	100	101	102	103	104	105	
211	406	0	1	657	
212	410	0	1	776	
213	413	0	1	425	
214	416	0	15	281	282	283	284	285	286	287	288	289	290	291	292	293	294	295	
215	418	0	21	328	329	330	331	332	333	334	335	336	337	338	339	340	341	342	343	344	345	346	347	348	
216	419	0	18	62	63	64	65	66	67	68	69	70	71	72	73	74	75	76	77	78	79	
217	420	0	1	165	
218	421	0	9	83	84	85	86	87	88	89	90	91	
219	425	0	1	266	
220	427	0	1	690	
221	429	0	1	327	
222	437	0	1	112	
223	439	0	1	115	
224	442	0	21	536	537	538	539	540	541	542	543	544	545	546	547	548	549	550	551	552	553	554	555	556	
225	446	0	1	382	
226	447	0	1	378	
227	449	0	15	593	594	595	596	597	598	599	600	601	602	603	604	605	606	607	
228	450	0	3	213	214	215	
229	453	0	15	166	167	168	169	170	171	172	173	174	175	176	177	178	179	180	
230	454	0	1	217	
231	456	0	1	688	
232	458	0	3	106	107	108	
233	460	0	1	203	
234	462	0	1	92	
235	464	0	1	535	
236	468	0	24	510	511	512	513	514	515	516	517	518	519	520	521	522	523	524	525	526	527	528	529	530	531	532	533	
237	473	0	3	162	163	164	
238	474	0	24	445	446	447	448	449	450	451	452	453	454	455	456	457	458	459	460	461	462	463	464	465	466	467	468	
239	475	0	9	83	84	85	86	87	88	89	90	91	
240	476	0	21	328	329	330	331	332	333	334	335	336	337	338	339	340	341	342	343	344	345	346	347	348	
241	477	0	12	613	614	615	616	617	618	619	620	621	622	623	624	
242	481	0	1	81	
243	482	0	1	469	
244	484	0	21	536	537	538	539	540	541	542	543	544	545	546	547	548	549	550	551	552	553	554	555	556	
245	486	0	1	48	
246	487	0	15	557	558	559	560	561	562	563	564	565	566	567	568	569	570	571	
247	493	0	1	111	
248	495	0	21	572	573	574	575	576	577	578	579	580	581	582	583	584	585	586	587	588	589	590	591	592	
249	496	0	1	667	
250	497	0	1	501	
