406
0	4	0	12	645	646	647	648	649	650	651	652	653	654	655	656	
1	8	0	21	553	554	555	556	557	558	559	560	561	562	563	564	565	566	567	568	569	570	571	572	573	
2	10	0	1	255	
3	11	0	21	442	443	444	445	446	447	448	449	450	451	452	453	454	455	456	457	458	459	460	461	462	
4	12	0	7	371	372	373	374	375	376	377	
5	13	0	18	530	531	532	533	534	535	536	537	538	539	540	541	542	543	544	545	546	547	
6	16	0	18	784	785	786	787	788	789	790	791	792	793	794	795	796	797	798	799	800	801	
7	17	0	7	961	962	963	964	965	966	967	
8	18	0	21	733	734	735	736	737	738	739	740	741	742	743	744	745	746	747	748	749	750	751	752	753	
9	24	0	3	44	45	46	
10	29	0	21	907	908	909	910	911	912	913	914	915	916	917	918	919	920	921	922	923	924	925	926	927	
11	30	0	1	248	
12	31	0	7	1101	1102	1103	1104	1105	1106	1107	
13	33	0	1	106	
14	34	0	21	690	691	692	693	694	695	696	697	698	699	700	701	702	703	704	705	706	707	708	709	710	
15	35	0	1	170	
16	36	0	1	1119	
17	39	0	18	1063	1064	1065	1066	1067	1068	1069	1070	1071	1072	1073	1074	1075	1076	1077	1078	1079	1080	
18	40	0	12	594	595	596	597	598	599	600	601	602	603	604	605	
19	41	0	1	1127	
20	42	0	1	151	
21	46	0	9	348	349	350	351	352	353	354	355	356	
22	47	0	9	818	819	820	821	822	823	824	825	826	
23	48	0	21	757	758	759	760	761	762	763	764	765	766	767	768	769	770	771	772	773	774	775	776	777	
24	49	0	1	960	
25	50	0	3	7	8	9	
26	51	0	1	879	
27	54	0	18	259	260	261	262	263	264	265	266	267	268	269	270	271	272	273	274	275	276	
28	55	0	1	383	
29	56	0	1	1038	
30	59	0	1	1090	
31	61	0	18	1196	1197	1198	1199	1200	1201	1202	1203	1204	1205	1206	1207	1208	1209	1210	1211	1212	1213	
32	62	0	21	118	119	120	121	122	123	124	125	126	127	128	129	130	131	132	133	134	135	136	137	138	
33	63	0	18	327	328	329	330	331	332	333	334	335	336	337	338	339	340	341	342	343	344	
34	64	0	21	1017	1018	1019	1020	1021	1022	1023	1024	1025	1026	1027	1028	1029	1030	1031	1032	1033	1034	1035	1036	1037	
35	66	0	21	711	712	713	714	715	716	717	718	719	720	721	722	723	724	725	726	727	728	729	730	731	
36	67	0	21	828	829	830	831	832	833	834	835	836	837	838	839	840	841	842	843	844	845	846	847	848	
37	71	0	24	970	971	972	973	974	975	976	977	978	979	980	981	982	983	984	985	986	987	988	989	990	991	992	993	
38	72	0	1	552	
39	73	0	1	479	
40	74	0	21	907	908	909	910	911	912	913	914	915	916	917	918	919	920	921	922	923	924	925	926	927	
41	75	0	21	711	712	713	714	715	716	717	718	719	720	721	722	723	724	725	726	727	728	729	730	731	
42	76	0	1	431	
43	79	0	18	259	260	261	262	263	264	265	266	267	268	269	270	271	272	273	274	275	276	
44	80	0	18	849	850	851	852	853	854	855	856	857	858	859	860	861	862	863	864	865	866	
45	81	0	24	1129	1130	1131	1132	1133	1134	1135	1136	1137	1138	1139	1140	1141	1142	1143	1144	1145	1146	1147	1148	1149	1150	1151	1152	
46	82	0	1	470	
47	83	0	1	152	
48	86	0	1	105	
49	88	0	1	319	
50	89	0	18	1063	1064	1065	1066	1067	1068	1069	1070	1071	1072	1073	1074	1075	1076	1077	1078	1079	1080	
51	93	0	1	1333	
52	95	0	21	297	298	299	300	301	302	303	304	305	306	307	308	309	310	311	312	313	314	315	316	317	
53	97	0	12	199	200	201	202	203	204	205	206	207	208	209	210	
54	100	0	1	468	
55	101	0	12	594	595	596	597	598	599	600	601	602	603	604	605	
56	102	0	21	828	829	830	831	832	833	834	835	836	837	838	839	840	841	842	843	844	845	846	847	848	
57	103	0	18	1172	1173	1174	1175	1176	1177	1178	1179	1180	1181	1182	1183	1184	1185	1186	1187	1188	1189	
58	104	0	1	1279	
59	105	0	1	385	
60	106	0	7	1288	1289	1290	1291	1292	1293	1294	
61	108	0	24	16	17	18	19	20	21	22	23	24	25	26	27	28	29	30	31	32	33	34	35	36	37	38	39	
62	109	0	21	828	829	830	831	832	833	834	835	836	837	838	839	840	841	842	843	844	845	846	847	848	
63	110	0	1	1216	
64	114	0	24	1129	1130	1131	1132	1133	1134	1135	1136	1137	1138	1139	1140	1141	1142	1143	1144	1145	1146	1147	1148	1149	1150	1151	1152	
65	116	0	18	1172	1173	1174	1175	1176	1177	1178	1179	1180	1181	1182	1183	1184	1185	1186	1187	1188	1189	
66	117	0	3	480	481	482	
67	118	0	1	77	
68	121	0	21	553	554	555	556	557	558	559	560	561	562	563	564	565	566	567	568	569	570	571	572	573	
69	123	0	1	968	
70	128	0	3	876	877	878	
71	131	0	18	171	172	173	174	175	176	177	178	179	180	181	182	183	184	185	186	187	188	
72	132	0	21	442	443	444	445	446	447	448	449	450	451	452	453	454	455	456	457	458	459	460	461	462	
73	133	0	21	1017	1018	1019	1020	1021	1022	1023	1024	1025	1026	1027	1028	1029	1030	1031	1032	1033	1034	1035	1036	1037	
74	134	0	1	1110	
75	136	0	1	322	
76	137	0	1	441	
77	145	0	1	874	
78	146	0	21	442	443	444	445	446	447	448	449	450	451	452	453	454	455	456	457	458	459	460	461	462	
79	149	0	1	882	
80	151	0	1	249	
81	152	0	1	475	
82	154	0	7	56	57	58	59	60	61	62	
83	155	0	1	211	
84	156	0	12	1246	1247	1248	1249	1250	1251	1252	1253	1254	1255	1256	1257	
85	163	0	1	345	
86	164	0	18	784	785	786	787	788	789	790	791	792	793	794	795	796	797	798	799	800	801	
87	165	0	9	239	240	241	242	243	244	245	246	247	
88	166	0	1	1280	
89	170	0	21	690	691	692	693	694	695	696	697	698	699	700	701	702	703	704	705	706	707	708	709	710	
90	172	0	1	474	
91	174	0	15	578	579	580	581	582	583	584	585	586	587	588	589	590	591	592	
92	183	0	3	358	359	360	
93	186	0	12	645	646	647	648	649	650	651	652	653	654	655	656	
94	188	0	1	430	
95	193	0	1	817	
96	194	0	15	506	507	508	509	510	511	512	513	514	515	516	517	518	519	520	
97	197	0	1	162	
98	198	0	1	732	
99	200	0	24	1129	1130	1131	1132	1133	1134	1135	1136	1137	1138	1139	1140	1141	1142	1143	1144	1145	1146	1147	1148	1149	1150	1151	1152	
100	202	0	1	1295	
101	208	0	9	432	433	434	435	436	437	438	439	440	
102	210	0	1	466	
103	211	0	21	711	712	713	714	715	716	717	718	719	720	721	722	723	724	725	726	727	728	729	730	731	
104	213	0	1	880	
105	217	0	1	84	
106	218	0	1	1060	
107	220	0	9	1323	1324	1325	1326	1327	1328	1329	1330	1331	
108	223	0	1	1277	
109	224	0	1	283	
110	226	0	9	420	421	422	423	424	425	426	427	428	
111	228	0	7	189	190	191	192	193	194	195	
112	236	0	12	199	200	201	202	203	204	205	206	207	208	209	210	
113	240	0	21	297	298	299	300	301	302	303	304	305	306	307	308	309	310	311	312	313	314	315	316	317	
114	241	0	1	490	
115	242	0	1	1158	
116	243	0	3	365	366	367	
117	244	0	18	530	531	532	533	534	535	536	537	538	539	540	541	542	543	544	545	546	547	
118	245	0	1	295	
119	247	0	1	1169	
120	248	0	18	1039	1040	1041	1042	1043	1044	1045	1046	1047	1048	1049	1050	1051	1052	1053	1054	1055	1056	
121	249	0	12	139	140	141	142	143	144	145	146	147	148	149	150	
122	251	0	1	361	
123	252	0	7	1314	1315	1316	1317	1318	1319	1320	
124	253	0	1	1192	
125	256	0	1	257	
126	259	0	24	970	971	972	973	974	975	976	977	978	979	980	981	982	983	984	985	986	987	988	989	990	991	992	993	
127	260	0	18	259	260	261	262	263	264	265	266	267	268	269	270	271	272	273	274	275	276	
128	261	0	1	368	
129	262	0	1	294	
130	267	0	1	1160	
131	269	0	9	1323	1324	1325	1326	1327	1328	1329	1330	1331	
132	272	0	3	291	292	293	
133	274	0	9	1081	1082	1083	1084	1085	1086	1087	1088	1089	
134	275	0	21	1221	1222	1223	1224	1225	1226	1227	1228	1229	1230	1231	1232	1233	1234	1235	1236	1237	1238	1239	1240	1241	
135	276	0	15	506	507	508	509	510	511	512	513	514	515	516	517	518	519	520	
136	277	0	1	382	
137	281	0	1	969	
138	282	0	1	251	
139	283	0	1	1168	
140	284	0	9	1297	1298	1299	1300	1301	1302	1303	1304	1305	
141	288	0	1	931	
142	290	0	1	483	
143	291	0	12	139	140	141	142	143	144	145	146	147	148	149	150	
144	292	0	1	473	
145	296	0	3	754	755	756	
146	297	0	1	577	
147	298	0	1	526	
148	299	0	1	347	
149	303	0	7	63	64	65	66	67	68	69	
150	304	0	21	757	758	759	760	761	762	763	764	765	766	767	768	769	770	771	772	773	774	775	776	777	
151	311	0	7	154	155	156	157	158	159	160	
152	314	0	9	420	421	422	423	424	425	426	427	428	
153	316	0	1	1190	
154	317	0	1	1191	
155	318	0	1	419	
156	320	0	1	109	
157	321	0	1	256	
158	323	0	1	369	
159	324	0	1	384	
160	327	0	1	1159	
161	328	0	1	660	
162	330	0	1	778	
163	331	0	12	1246	1247	1248	1249	1250	1251	1252	1253	1254	1255	1256	1257	
164	332	0	21	1017	1018	1019	1020	1021	1022	1023	1024	1025	1026	1027	1028	1029	1030	1031	1032	1033	1034	1035	1036	1037	
165	333	0	1	252	
166	337	0	9	96	97	98	99	100	101	102	103	104	
167	339	0	1	884	
168	342	0	1	253	
169	343	0	15	386	387	388	389	390	391	392	393	394	395	396	397	398	399	400	
170	344	0	7	887	888	889	890	891	892	893	
171	345	0	1	1215	
172	353	0	1	380	
173	357	0	1	1014	
174	362	0	1	885	
175	367	0	1	1282	
176	368	0	3	1165	1166	1167	
177	370	0	3	574	575	576	
178	371	0	18	1172	1173	1174	1175	1176	1177	1178	1179	1180	1181	1182	1183	1184	1185	1186	1187	1188	1189	
179	372	0	9	239	240	241	242	243	244	245	246	247	
180	373	0	3	10	11	12	
181	374	0	1	1013	
182	377	0	18	1039	1040	1041	1042	1043	1044	1045	1046	1047	1048	1049	1050	1051	1052	1053	1054	1055	1056	
183	378	0	1	95	
184	379	0	9	1297	1298	1299	1300	1301	1302	1303	1304	1305	
185	381	0	1	881	
186	383	0	1	522	
187	385	0	18	1196	1197	1198	1199	1200	1201	1202	1203	1204	1205	1206	1207	1208	1209	1210	1211	1212	1213	
188	387	0	1	1164	
189	388	0	3	476	477	478	
190	391	0	1	1062	
191	392	0	1	250	
192	393	0	21	553	554	555	556	557	558	559	560	561	562	563	564	565	566	567	568	569	570	571	572	573	
193	394	0	18	327	328	329	330	331	332	333	334	335	336	337	338	339	340	341	342	343	344	
194	395	0	7	284	285	286	287	288	289	290	
195	399	0	1	429	
196	401	0	15	802	803	804	805	806	807	808	809	810	811	812	813	814	815	816	
197	402	0	1	1016	
198	403	0	3	548	549	550	
199	408	0	1	282	
200	411	0	1	321	
201	415	0	15	802	803	804	805	806	807	808	809	810	811	812	813	814	815	816	
202	416	0	1	1092	
203	418	0	1	161	
204	419	0	18	606	607	608	609	610	611	612	613	614	615	616	617	618	619	620	621	622	623	
205	420	0	1	953	
206	422	0	3	324	325	326	
207	423	0	1	1296	
208	424	0	18	606	607	608	609	610	611	612	613	614	615	616	617	618	619	620	621	622	623	
209	427	0	12	624	625	626	627	628	629	630	631	632	633	634	635	
210	433	0	12	932	933	934	935	936	937	938	939	940	941	942	943	
211	434	0	3	779	780	781	
212	435	0	1	1156	
213	437	0	21	297	298	299	300	301	302	303	304	305	306	307	308	309	310	311	312	313	314	315	316	317	
214	439	0	21	828	829	830	831	832	833	834	835	836	837	838	839	840	841	842	843	844	845	846	847	848	
215	440	0	9	86	87	88	89	90	91	92	93	94	
216	442	0	12	932	933	934	935	936	937	938	939	940	941	942	943	
217	444	0	1	363	
218	445	0	1	492	
219	447	0	24	1129	1130	1131	1132	1133	1134	1135	1136	1137	1138	1139	1140	1141	1142	1143	1144	1145	1146	1147	1148	1149	1150	1151	1152	
220	448	0	1	484	
221	450	0	1	277	
222	451	0	18	401	402	403	404	405	406	407	408	409	410	411	412	413	414	415	416	417	418	
223	454	0	1	1306	
224	455	0	1	668	
225	456	0	9	944	945	946	947	948	949	950	951	952	
226	457	0	3	1057	1058	1059	
227	458	0	3	79	80	81	
228	459	0	3	657	658	659	
229	461	0	9	86	87	88	89	90	91	92	93	94	
230	464	0	9	220	221	222	223	224	225	226	227	228	
231	465	0	1	379	
232	467	0	1	1157	
233	468	0	1	1281	
234	469	0	1	1012	
235	472	0	15	386	387	388	389	390	391	392	393	394	395	396	397	398	399	400	
236	473	0	9	47	48	49	50	51	52	53	54	55	
237	474	0	21	907	908	909	910	911	912	913	914	915	916	917	918	919	920	921	922	923	924	925	926	927	
238	478	0	18	171	172	173	174	175	176	177	178	179	180	181	182	183	184	185	186	187	188	
239	479	0	18	849	850	851	852	853	854	855	856	857	858	859	860	861	862	863	864	865	866	
240	480	0	12	895	896	897	898	899	900	901	902	903	904	905	906	
241	481	0	24	970	971	972	973	974	975	976	977	978	979	980	981	982	983	984	985	986	987	988	989	990	991	992	993	
242	483	0	18	530	531	532	533	534	535	536	537	538	539	540	541	542	543	544	545	546	547	
243	484	0	21	297	298	299	300	301	302	303	304	305	306	307	308	309	310	311	312	313	314	315	316	317	
244	485	0	9	47	48	49	50	51	52	53	54	55	
245	486	0	1	1128	
246	487	0	1	493	
247	488	0	1	471	
248	489	0	1	930	
249	490	0	1	1118	
250	491	0	21	690	691	692	693	694	695	696	697	698	699	700	701	702	703	704	705	706	707	708	709	710	
251	492	0	12	494	495	496	497	498	499	500	501	502	503	504	505	
252	493	0	15	578	579	580	581	582	583	584	585	586	587	588	589	590	591	592	
253	496	0	3	279	280	281	
254	499	0	18	401	402	403	404	405	406	407	408	409	410	411	412	413	414	415	416	417	418	
255	502	0	7	163	164	165	166	167	168	169	
256	503	0	1	485	
257	504	0	1	593	
258	505	0	1	1278	
259	506	0	1	117	
260	508	0	21	669	670	671	672	673	674	675	676	677	678	679	680	681	682	683	684	685	686	687	688	689	
261	509	0	21	118	119	120	121	122	123	124	125	126	127	128	129	130	131	132	133	134	135	136	137	138	
262	511	0	1	1258	
263	513	0	7	1093	1094	1095	1096	1097	1098	1099	
264	514	0	3	1283	1284	1285	
265	515	0	18	784	785	786	787	788	789	790	791	792	793	794	795	796	797	798	799	800	801	
266	516	0	18	401	402	403	404	405	406	407	408	409	410	411	412	413	414	415	416	417	418	
267	520	0	1	1194	
268	523	0	1	238	
269	524	0	1	491	
270	526	0	1	323	
271	527	0	7	213	214	215	216	217	218	219	
272	529	0	1	362	
273	531	0	15	506	507	508	509	510	511	512	513	514	515	516	517	518	519	520	
274	532	0	15	802	803	804	805	806	807	808	809	810	811	812	813	814	815	816	
275	535	0	1	83	
276	536	0	7	0	1	2	3	4	5	6	
277	538	0	1	364	
278	540	0	3	1243	1244	1245	
279	541	0	21	733	734	735	736	737	738	739	740	741	742	743	744	745	746	747	748	749	750	751	752	753	
280	544	0	7	661	662	663	664	665	666	667	
281	545	0	1	296	
282	546	0	18	1259	1260	1261	1262	1263	1264	1265	1266	1267	1268	1269	1270	1271	1272	1273	1274	1275	1276	
283	547	0	3	527	528	529	
284	548	0	1	1061	
285	549	0	1	1109	
286	550	0	1	1217	
287	551	0	18	1196	1197	1198	1199	1200	1201	1202	1203	1204	1205	1206	1207	1208	1209	1210	1211	1212	1213	
288	552	0	1	378	
289	553	0	1	1108	
290	555	0	24	16	17	18	19	20	21	22	23	24	25	26	27	28	29	30	31	32	33	34	35	36	37	38	39	
291	556	0	7	637	638	639	640	641	642	643	
292	559	0	1	1287	
293	560	0	9	432	433	434	435	436	437	438	439	440	
294	561	0	1	875	
295	563	0	7	867	868	869	870	871	872	873	
296	565	0	21	118	119	120	121	122	123	124	125	126	127	128	129	130	131	132	133	134	135	136	137	138	
297	566	0	18	1259	1260	1261	1262	1263	1264	1265	1266	1267	1268	1269	1270	1271	1272	1273	1274	1275	1276	
298	569	0	18	994	995	996	997	998	999	1000	1001	1002	1003	1004	1005	1006	1007	1008	1009	1010	1011	
299	570	0	3	1218	1219	1220	
300	571	0	1	82	
301	572	0	7	70	71	72	73	74	75	76	
302	573	0	21	669	670	671	672	673	674	675	676	677	678	679	680	681	682	683	684	685	686	687	688	689	
303	574	0	1	1015	
304	577	0	1	1195	
305	578	0	1	929	
306	579	0	3	41	42	43	
307	581	0	12	494	495	496	497	498	499	500	501	502	503	504	505	
308	582	0	1	783	
309	586	0	1	320	
310	589	0	1	1091	
311	591	0	1	153	
312	592	0	1	827	
313	594	0	3	1153	1154	1155	
314	595	0	18	849	850	851	852	853	854	855	856	857	858	859	860	861	862	863	864	865	866	
315	597	0	1	928	
316	599	0	18	171	172	173	174	175	176	177	178	179	180	181	182	183	184	185	186	187	188	
317	600	0	1	521	
318	601	0	1	318	
319	603	0	7	1307	1308	1309	1310	1311	1312	1313	
320	605	0	1	78	
321	606	0	18	994	995	996	997	998	999	1000	1001	1002	1003	1004	1005	1006	1007	1008	1009	1010	1011	
322	608	0	1	107	
323	611	0	9	818	819	820	821	822	823	824	825	826	
324	615	0	3	463	464	465	
325	616	0	1	1171	
326	617	0	12	895	896	897	898	899	900	901	902	903	904	905	906	
327	619	0	1	258	
328	620	0	1	955	
329	622	0	9	944	945	946	947	948	949	950	951	952	
330	623	0	1	472	
331	626	0	21	1221	1222	1223	1224	1225	1226	1227	1228	1229	1230	1231	1232	1233	1234	1235	1236	1237	1238	1239	1240	1241	
332	627	0	7	1111	1112	1113	1114	1115	1116	1117	
333	628	0	9	348	349	350	351	352	353	354	355	356	
334	630	0	1	782	
335	631	0	21	733	734	735	736	737	738	739	740	741	742	743	744	745	746	747	748	749	750	751	752	753	
336	632	0	21	1221	1222	1223	1224	1225	1226	1227	1228	1229	1230	1231	1232	1233	1234	1235	1236	1237	1238	1239	1240	1241	
337	633	0	9	96	97	98	99	100	101	102	103	104	
338	635	0	24	970	971	972	973	974	975	976	977	978	979	980	981	982	983	984	985	986	987	988	989	990	991	992	993	
339	636	0	12	624	625	626	627	628	629	630	631	632	633	634	635	
340	638	0	21	711	712	713	714	715	716	717	718	719	720	721	722	723	724	725	726	727	728	729	730	731	
341	639	0	21	1221	1222	1223	1224	1225	1226	1227	1228	1229	1230	1231	1232	1233	1234	1235	1236	1237	1238	1239	1240	1241	
342	640	0	1	40	
343	642	0	1	469	
344	645	0	1	357	
345	646	0	3	486	487	488	
346	649	0	1	894	
347	650	0	1	1332	
348	651	0	1	278	
349	652	0	18	994	995	996	997	998	999	1000	1001	1002	1003	1004	1005	1006	1007	1008	1009	1010	1011	
350	654	0	1	644	
351	658	0	1	636	
352	659	0	21	757	758	759	760	761	762	763	764	765	766	767	768	769	770	771	772	773	774	775	776	777	
353	661	0	3	1161	1162	1163	
354	662	0	1	108	
355	668	0	21	690	691	692	693	694	695	696	697	698	699	700	701	702	703	704	705	706	707	708	709	710	
356	669	0	1	1322	
357	670	0	3	523	524	525	
358	671	0	1	1321	
359	673	0	1	230	
360	674	0	1	212	
361	675	0	7	1120	1121	1122	1123	1124	1125	1126	
362	677	0	1	1193	
363	678	0	21	757	758	759	760	761	762	763	764	765	766	767	768	769	770	771	772	773	774	775	776	777	
364	679	0	1	467	
365	680	0	1	1170	
366	681	0	1	1214	
367	683	0	3	13	14	15	
368	685	0	1	346	
369	689	0	3	196	197	198	
370	691	0	1	489	
371	694	0	15	578	579	580	581	582	583	584	585	586	587	588	589	590	591	592	
372	696	0	1	85	
373	697	0	15	386	387	388	389	390	391	392	393	394	395	396	397	398	399	400	
374	698	0	1	1286	
375	699	0	1	381	
376	701	0	18	606	607	608	609	610	611	612	613	614	615	616	617	618	619	620	621	622	623	
377	702	0	21	907	908	909	910	911	912	913	914	915	916	917	918	919	920	921	922	923	924	925	926	927	
378	703	0	1	254	
379	705	0	1	370	
380	706	0	1	1100	
381	708	0	21	1017	1018	1019	1020	1021	1022	1023	1024	1025	1026	1027	1028	1029	1030	1031	1032	1033	1034	1035	1036	1037	
382	710	0	21	442	443	444	445	446	447	448	449	450	451	452	453	454	455	456	457	458	459	460	461	462	
383	713	0	7	231	232	233	234	235	236	237	
384	714	0	1	229	
385	717	0	1	551	
386	718	0	24	16	17	18	19	20	21	22	23	24	25	26	27	28	29	30	31	32	33	34	35	36	37	38	39	
387	719	0	21	553	554	555	556	557	558	559	560	561	562	563	564	565	566	567	568	569	570	571	572	573	
388	722	0	1	883	
389	723	0	21	118	119	120	121	122	123	124	125	126	127	128	129	130	131	132	133	134	135	136	137	138	
390	725	0	21	733	734	735	736	737	738	739	740	741	742	743	744	745	746	747	748	749	750	751	752	753	
391	726	0	1	1242	
392	727	0	21	669	670	671	672	673	674	675	676	677	678	679	680	681	682	683	684	685	686	687	688	689	
393	728	0	18	1259	1260	1261	1262	1263	1264	1265	1266	1267	1268	1269	1270	1271	1272	1273	1274	1275	1276	
394	730	0	18	1039	1040	1041	1042	1043	1044	1045	1046	1047	1048	1049	1050	1051	1052	1053	1054	1055	1056	
395	733	0	18	327	328	329	330	331	332	333	334	335	336	337	338	339	340	341	342	343	344	
396	734	0	9	220	221	222	223	224	225	226	227	228	
397	735	0	24	16	17	18	19	20	21	22	23	24	25	26	27	28	29	30	31	32	33	34	35	36	37	38	39	
398	738	0	1	954	
399	739	0	18	1063	1064	1065	1066	1067	1068	1069	1070	1071	1072	1073	1074	1075	1076	1077	1078	1079	1080	
400	740	0	21	669	670	671	672	673	674	675	676	677	678	679	680	681	682	683	684	685	686	687	688	689	
401	743	0	7	110	111	112	113	114	115	116	
402	744	0	9	1081	1082	1083	1084	1085	1086	1087	1088	1089	
403	745	0	1	959	
404	748	0	3	956	957	958	
405	749	0	1	886	
