1291	719	572
0
0 	 0 	 0 	 10 	 4 	 10 	 11 	 12 	 13 	 11 	 4 	 9 	 14 	 19 	 24 	 29 	 34 	 39 	 44 	 49 	 54
1 	 1 	 0 	 4 	 4 	 7 	 8 	 9 	 10 	 6 	 2 	 12 	 22 	 32 	 42 	 52
2 	 2 	 0 	 9 	 2 	 12 	 13 	 6 	 3 	 13 	 23 	 33 	 43 	 53
3 	 2 	 0 	 4 	 2 	 8 	 9 	 6 	 2 	 12 	 22 	 32 	 42 	 52
4 	 3 	 0 	 8 	 2 	 7 	 8 	 6 	 3 	 13 	 23 	 33 	 43 	 53
5 	 4 	 0 	 4 	 4 	 2 	 3 	 4 	 5 	 11 	 55 	 60 	 65 	 70 	 75 	 80 	 85 	 90 	 95 	 100 	 105
6 	 5 	 0 	 10 	 2 	 7 	 8 	 6 	 4 	 14 	 24 	 34 	 44 	 54
7 	 6 	 0 	 10 	 2 	 5 	 6 	 6 	 4 	 14 	 24 	 34 	 44 	 54
8 	 6 	 0 	 1 	 2 	 7 	 8 	 6 	 4 	 14 	 24 	 34 	 44 	 54
9 	 6 	 0 	 7 	 2 	 9 	 10 	 6 	 4 	 14 	 24 	 34 	 44 	 54
10 	 6 	 0 	 3 	 2 	 11 	 12 	 6 	 4 	 14 	 24 	 34 	 44 	 54
11 	 7 	 0 	 1 	 4 	 14 	 15 	 16 	 17 	 5 	 6 	 16 	 26 	 36 	 46
12 	 8 	 0 	 6 	 2 	 6 	 7 	 5 	 61 	 71 	 81 	 91 	 101
13 	 9 	 0 	 1 	 2 	 2 	 3 	 11 	 4 	 9 	 14 	 19 	 24 	 29 	 34 	 39 	 44 	 49 	 54
14 	 9 	 0 	 9 	 2 	 13 	 14 	 11 	 3 	 8 	 13 	 18 	 23 	 28 	 33 	 38 	 43 	 48 	 53
15 	 9 	 0 	 9 	 2 	 8 	 9 	 11 	 1 	 6 	 11 	 16 	 21 	 26 	 31 	 36 	 41 	 46 	 51
16 	 10 	 0 	 8 	 2 	 7 	 8 	 6 	 59 	 69 	 79 	 89 	 99 	 109
17 	 11 	 0 	 10 	 4 	 1 	 2 	 3 	 4 	 5 	 62 	 72 	 82 	 92 	 102
18 	 12 	 2 	 9 	 4 	 2 	 3 	 4 	 5 	 5 	 5 	 15 	 25 	 35 	 45
19 	 12 	 2 	 1 	 2 	 12 	 13 	 5 	 8 	 18 	 28 	 38 	 48
20 	 12 	 2 	 1 	 2 	 2 	 3 	 5 	 9 	 19 	 29 	 39 	 49
21 	 13 	 0 	 2 	 2 	 15 	 16 	 11 	 4 	 9 	 14 	 19 	 24 	 29 	 34 	 39 	 44 	 49 	 54
22 	 13 	 0 	 9 	 2 	 13 	 14 	 11 	 2 	 7 	 12 	 17 	 22 	 27 	 32 	 37 	 42 	 47 	 52
23 	 14 	 0 	 7 	 2 	 0 	 1 	 5 	 7 	 17 	 27 	 37 	 47
24 	 15 	 0 	 8 	 2 	 6 	 7 	 6 	 55 	 65 	 75 	 85 	 95 	 105
25 	 16 	 0 	 5 	 2 	 6 	 7 	 5 	 60 	 70 	 80 	 90 	 100
26 	 17 	 0 	 6 	 4 	 6 	 7 	 8 	 9 	 11 	 0 	 5 	 10 	 15 	 20 	 25 	 30 	 35 	 40 	 45 	 50
27 	 18 	 0 	 5 	 4 	 4 	 5 	 6 	 7 	 6 	 59 	 69 	 79 	 89 	 99 	 109
28 	 19 	 0 	 5 	 2 	 0 	 1 	 5 	 9 	 19 	 29 	 39 	 49
29 	 20 	 1 	 4 	 2 	 14 	 15 	 6 	 59 	 69 	 79 	 89 	 99 	 109
30 	 20 	 1 	 4 	 4 	 6 	 7 	 8 	 9 	 6 	 57 	 67 	 77 	 87 	 97 	 107
31 	 21 	 0 	 7 	 4 	 0 	 1 	 2 	 3 	 6 	 3 	 13 	 23 	 33 	 43 	 53
32 	 22 	 1 	 9 	 2 	 1 	 2 	 5 	 8 	 18 	 28 	 38 	 48
33 	 22 	 1 	 8 	 4 	 8 	 9 	 10 	 11 	 5 	 6 	 16 	 26 	 36 	 46
34 	 23 	 0 	 8 	 4 	 9 	 10 	 11 	 12 	 11 	 1 	 6 	 11 	 16 	 21 	 26 	 31 	 36 	 41 	 46 	 51
35 	 24 	 0 	 5 	 2 	 9 	 10 	 5 	 9 	 19 	 29 	 39 	 49
36 	 25 	 0 	 7 	 4 	 3 	 4 	 5 	 6 	 6 	 4 	 14 	 24 	 34 	 44 	 54
37 	 26 	 0 	 4 	 2 	 6 	 7 	 11 	 2 	 7 	 12 	 17 	 22 	 27 	 32 	 37 	 42 	 47 	 52
38 	 26 	 0 	 5 	 2 	 8 	 9 	 11 	 2 	 7 	 12 	 17 	 22 	 27 	 32 	 37 	 42 	 47 	 52
39 	 26 	 0 	 8 	 2 	 10 	 11 	 11 	 2 	 7 	 12 	 17 	 22 	 27 	 32 	 37 	 42 	 47 	 52
40 	 26 	 0 	 7 	 2 	 12 	 13 	 11 	 2 	 7 	 12 	 17 	 22 	 27 	 32 	 37 	 42 	 47 	 52
41 	 26 	 0 	 6 	 2 	 14 	 15 	 11 	 2 	 7 	 12 	 17 	 22 	 27 	 32 	 37 	 42 	 47 	 52
42 	 26 	 0 	 6 	 2 	 16 	 17 	 11 	 2 	 7 	 12 	 17 	 22 	 27 	 32 	 37 	 42 	 47 	 52
43 	 27 	 0 	 3 	 2 	 2 	 3 	 6 	 3 	 13 	 23 	 33 	 43 	 53
44 	 27 	 0 	 6 	 2 	 4 	 5 	 6 	 3 	 13 	 23 	 33 	 43 	 53
45 	 27 	 0 	 10 	 2 	 6 	 7 	 6 	 3 	 13 	 23 	 33 	 43 	 53
46 	 27 	 0 	 2 	 2 	 8 	 9 	 6 	 3 	 13 	 23 	 33 	 43 	 53
47 	 28 	 0 	 10 	 4 	 1 	 2 	 3 	 4 	 5 	 9 	 19 	 29 	 39 	 49
48 	 29 	 0 	 9 	 2 	 13 	 14 	 6 	 0 	 10 	 20 	 30 	 40 	 50
49 	 29 	 0 	 3 	 2 	 1 	 2 	 6 	 4 	 14 	 24 	 34 	 44 	 54
50 	 30 	 0 	 1 	 2 	 13 	 14 	 11 	 0 	 5 	 10 	 15 	 20 	 25 	 30 	 35 	 40 	 45 	 50
51 	 31 	 0 	 5 	 2 	 8 	 9 	 5 	 7 	 17 	 27 	 37 	 47
52 	 31 	 0 	 4 	 2 	 15 	 16 	 5 	 9 	 19 	 29 	 39 	 49
53 	 32 	 0 	 5 	 2 	 8 	 9 	 5 	 61 	 71 	 81 	 91 	 101
54 	 33 	 0 	 9 	 2 	 0 	 1 	 6 	 55 	 65 	 75 	 85 	 95 	 105
55 	 34 	 0 	 3 	 2 	 0 	 1 	 6 	 2 	 12 	 22 	 32 	 42 	 52
56 	 34 	 0 	 7 	 2 	 2 	 3 	 6 	 2 	 12 	 22 	 32 	 42 	 52
57 	 34 	 0 	 9 	 2 	 4 	 5 	 6 	 2 	 12 	 22 	 32 	 42 	 52
58 	 34 	 0 	 6 	 2 	 6 	 7 	 6 	 2 	 12 	 22 	 32 	 42 	 52
59 	 34 	 0 	 8 	 2 	 8 	 9 	 6 	 2 	 12 	 22 	 32 	 42 	 52
60 	 34 	 0 	 6 	 2 	 10 	 11 	 6 	 2 	 12 	 22 	 32 	 42 	 52
61 	 35 	 0 	 9 	 2 	 11 	 12 	 6 	 58 	 68 	 78 	 88 	 98 	 108
62 	 36 	 0 	 5 	 2 	 1 	 2 	 6 	 2 	 12 	 22 	 32 	 42 	 52
63 	 37 	 2 	 6 	 2 	 6 	 7 	 11 	 57 	 62 	 67 	 72 	 77 	 82 	 87 	 92 	 97 	 102 	 107
64 	 38 	 0 	 6 	 2 	 12 	 13 	 11 	 3 	 8 	 13 	 18 	 23 	 28 	 33 	 38 	 43 	 48 	 53
65 	 39 	 0 	 8 	 2 	 5 	 6 	 5 	 8 	 18 	 28 	 38 	 48
66 	 40 	 0 	 7 	 2 	 8 	 9 	 5 	 6 	 16 	 26 	 36 	 46
67 	 40 	 0 	 7 	 2 	 10 	 11 	 5 	 6 	 16 	 26 	 36 	 46
68 	 40 	 0 	 7 	 2 	 12 	 13 	 5 	 6 	 16 	 26 	 36 	 46
69 	 40 	 0 	 5 	 2 	 14 	 15 	 5 	 6 	 16 	 26 	 36 	 46
70 	 41 	 0 	 8 	 2 	 16 	 17 	 6 	 1 	 11 	 21 	 31 	 41 	 51
71 	 41 	 0 	 4 	 2 	 16 	 17 	 6 	 3 	 13 	 23 	 33 	 43 	 53
72 	 41 	 0 	 5 	 2 	 7 	 8 	 6 	 2 	 12 	 22 	 32 	 42 	 52
73 	 42 	 2 	 7 	 2 	 10 	 11 	 5 	 8 	 18 	 28 	 38 	 48
74 	 43 	 0 	 1 	 2 	 14 	 15 	 6 	 55 	 65 	 75 	 85 	 95 	 105
75 	 43 	 0 	 10 	 2 	 1 	 2 	 6 	 56 	 66 	 76 	 86 	 96 	 106
76 	 44 	 0 	 7 	 2 	 0 	 1 	 11 	 0 	 5 	 10 	 15 	 20 	 25 	 30 	 35 	 40 	 45 	 50
77 	 44 	 0 	 10 	 2 	 2 	 3 	 11 	 0 	 5 	 10 	 15 	 20 	 25 	 30 	 35 	 40 	 45 	 50
78 	 44 	 0 	 5 	 2 	 4 	 5 	 11 	 0 	 5 	 10 	 15 	 20 	 25 	 30 	 35 	 40 	 45 	 50
79 	 44 	 0 	 10 	 2 	 6 	 7 	 11 	 0 	 5 	 10 	 15 	 20 	 25 	 30 	 35 	 40 	 45 	 50
80 	 44 	 0 	 9 	 2 	 8 	 9 	 11 	 0 	 5 	 10 	 15 	 20 	 25 	 30 	 35 	 40 	 45 	 50
81 	 44 	 0 	 6 	 2 	 10 	 11 	 11 	 0 	 5 	 10 	 15 	 20 	 25 	 30 	 35 	 40 	 45 	 50
82 	 44 	 0 	 7 	 2 	 12 	 13 	 11 	 0 	 5 	 10 	 15 	 20 	 25 	 30 	 35 	 40 	 45 	 50
83 	 44 	 0 	 10 	 2 	 14 	 15 	 11 	 0 	 5 	 10 	 15 	 20 	 25 	 30 	 35 	 40 	 45 	 50
84 	 45 	 0 	 6 	 2 	 4 	 5 	 5 	 60 	 70 	 80 	 90 	 100
85 	 45 	 0 	 2 	 2 	 6 	 7 	 5 	 60 	 70 	 80 	 90 	 100
86 	 45 	 0 	 3 	 2 	 8 	 9 	 5 	 60 	 70 	 80 	 90 	 100
87 	 45 	 0 	 6 	 2 	 10 	 11 	 5 	 60 	 70 	 80 	 90 	 100
88 	 45 	 0 	 2 	 2 	 12 	 13 	 5 	 60 	 70 	 80 	 90 	 100
89 	 45 	 0 	 8 	 2 	 14 	 15 	 5 	 60 	 70 	 80 	 90 	 100
90 	 46 	 0 	 8 	 2 	 9 	 10 	 6 	 0 	 10 	 20 	 30 	 40 	 50
91 	 46 	 0 	 3 	 2 	 11 	 12 	 6 	 0 	 10 	 20 	 30 	 40 	 50
92 	 46 	 0 	 6 	 2 	 13 	 14 	 6 	 0 	 10 	 20 	 30 	 40 	 50
93 	 46 	 0 	 4 	 2 	 15 	 16 	 6 	 0 	 10 	 20 	 30 	 40 	 50
94 	 47 	 0 	 1 	 2 	 4 	 5 	 5 	 61 	 71 	 81 	 91 	 101
95 	 47 	 0 	 5 	 2 	 6 	 7 	 5 	 61 	 71 	 81 	 91 	 101
96 	 47 	 0 	 1 	 2 	 8 	 9 	 5 	 61 	 71 	 81 	 91 	 101
97 	 47 	 0 	 2 	 2 	 10 	 11 	 5 	 61 	 71 	 81 	 91 	 101
98 	 47 	 0 	 3 	 2 	 12 	 13 	 5 	 61 	 71 	 81 	 91 	 101
99 	 47 	 0 	 9 	 2 	 14 	 15 	 5 	 61 	 71 	 81 	 91 	 101
100 	 48 	 0 	 1 	 2 	 0 	 1 	 5 	 63 	 73 	 83 	 93 	 103
101 	 48 	 0 	 10 	 2 	 2 	 3 	 5 	 63 	 73 	 83 	 93 	 103
102 	 48 	 0 	 9 	 2 	 4 	 5 	 5 	 63 	 73 	 83 	 93 	 103
103 	 48 	 0 	 5 	 2 	 6 	 7 	 5 	 63 	 73 	 83 	 93 	 103
104 	 48 	 0 	 5 	 2 	 8 	 9 	 5 	 63 	 73 	 83 	 93 	 103
105 	 48 	 0 	 9 	 2 	 10 	 11 	 5 	 63 	 73 	 83 	 93 	 103
106 	 48 	 0 	 2 	 2 	 12 	 13 	 5 	 63 	 73 	 83 	 93 	 103
107 	 48 	 0 	 6 	 2 	 14 	 15 	 5 	 63 	 73 	 83 	 93 	 103
108 	 49 	 0 	 9 	 2 	 5 	 6 	 5 	 7 	 17 	 27 	 37 	 47
109 	 50 	 0 	 4 	 4 	 2 	 3 	 4 	 5 	 11 	 55 	 60 	 65 	 70 	 75 	 80 	 85 	 90 	 95 	 100 	 105
110 	 51 	 0 	 4 	 4 	 4 	 5 	 6 	 7 	 5 	 5 	 15 	 25 	 35 	 45
111 	 52 	 0 	 2 	 4 	 0 	 1 	 2 	 3 	 6 	 1 	 11 	 21 	 31 	 41 	 51
112 	 53 	 0 	 1 	 2 	 12 	 13 	 11 	 4 	 9 	 14 	 19 	 24 	 29 	 34 	 39 	 44 	 49 	 54
113 	 54 	 1 	 1 	 2 	 9 	 10 	 11 	 59 	 64 	 69 	 74 	 79 	 84 	 89 	 94 	 99 	 104 	 109
114 	 54 	 1 	 10 	 2 	 11 	 12 	 11 	 56 	 61 	 66 	 71 	 76 	 81 	 86 	 91 	 96 	 101 	 106
115 	 54 	 1 	 4 	 4 	 0 	 1 	 2 	 3 	 11 	 58 	 63 	 68 	 73 	 78 	 83 	 88 	 93 	 98 	 103 	 108
116 	 55 	 0 	 5 	 2 	 3 	 4 	 11 	 3 	 8 	 13 	 18 	 23 	 28 	 33 	 38 	 43 	 48 	 53
117 	 55 	 0 	 3 	 2 	 5 	 6 	 11 	 3 	 8 	 13 	 18 	 23 	 28 	 33 	 38 	 43 	 48 	 53
118 	 55 	 0 	 7 	 2 	 7 	 8 	 11 	 3 	 8 	 13 	 18 	 23 	 28 	 33 	 38 	 43 	 48 	 53
119 	 55 	 0 	 5 	 2 	 9 	 10 	 11 	 3 	 8 	 13 	 18 	 23 	 28 	 33 	 38 	 43 	 48 	 53
120 	 55 	 0 	 2 	 2 	 11 	 12 	 11 	 3 	 8 	 13 	 18 	 23 	 28 	 33 	 38 	 43 	 48 	 53
121 	 55 	 0 	 9 	 2 	 13 	 14 	 11 	 3 	 8 	 13 	 18 	 23 	 28 	 33 	 38 	 43 	 48 	 53
122 	 56 	 0 	 4 	 2 	 9 	 10 	 11 	 3 	 8 	 13 	 18 	 23 	 28 	 33 	 38 	 43 	 48 	 53
123 	 57 	 0 	 2 	 4 	 7 	 8 	 9 	 10 	 6 	 3 	 13 	 23 	 33 	 43 	 53
124 	 58 	 0 	 9 	 2 	 2 	 3 	 11 	 0 	 5 	 10 	 15 	 20 	 25 	 30 	 35 	 40 	 45 	 50
125 	 58 	 0 	 8 	 2 	 14 	 15 	 11 	 3 	 8 	 13 	 18 	 23 	 28 	 33 	 38 	 43 	 48 	 53
126 	 59 	 0 	 6 	 4 	 13 	 14 	 15 	 16 	 6 	 1 	 11 	 21 	 31 	 41 	 51
127 	 60 	 2 	 3 	 2 	 4 	 5 	 5 	 62 	 72 	 82 	 92 	 102
128 	 61 	 0 	 8 	 2 	 0 	 1 	 11 	 55 	 60 	 65 	 70 	 75 	 80 	 85 	 90 	 95 	 100 	 105
129 	 61 	 0 	 6 	 2 	 2 	 3 	 11 	 55 	 60 	 65 	 70 	 75 	 80 	 85 	 90 	 95 	 100 	 105
130 	 61 	 0 	 5 	 2 	 4 	 5 	 11 	 55 	 60 	 65 	 70 	 75 	 80 	 85 	 90 	 95 	 100 	 105
131 	 61 	 0 	 7 	 2 	 6 	 7 	 11 	 55 	 60 	 65 	 70 	 75 	 80 	 85 	 90 	 95 	 100 	 105
132 	 61 	 0 	 2 	 2 	 8 	 9 	 11 	 55 	 60 	 65 	 70 	 75 	 80 	 85 	 90 	 95 	 100 	 105
133 	 62 	 0 	 6 	 2 	 5 	 6 	 11 	 2 	 7 	 12 	 17 	 22 	 27 	 32 	 37 	 42 	 47 	 52
134 	 63 	 0 	 8 	 4 	 7 	 8 	 9 	 10 	 6 	 58 	 68 	 78 	 88 	 98 	 108
135 	 64 	 0 	 7 	 2 	 11 	 12 	 5 	 61 	 71 	 81 	 91 	 101
136 	 65 	 0 	 9 	 2 	 3 	 4 	 11 	 59 	 64 	 69 	 74 	 79 	 84 	 89 	 94 	 99 	 104 	 109
137 	 65 	 0 	 3 	 2 	 5 	 6 	 11 	 59 	 64 	 69 	 74 	 79 	 84 	 89 	 94 	 99 	 104 	 109
138 	 65 	 0 	 2 	 2 	 7 	 8 	 11 	 59 	 64 	 69 	 74 	 79 	 84 	 89 	 94 	 99 	 104 	 109
139 	 65 	 0 	 6 	 2 	 9 	 10 	 11 	 59 	 64 	 69 	 74 	 79 	 84 	 89 	 94 	 99 	 104 	 109
140 	 65 	 0 	 5 	 2 	 11 	 12 	 11 	 59 	 64 	 69 	 74 	 79 	 84 	 89 	 94 	 99 	 104 	 109
141 	 65 	 0 	 10 	 2 	 13 	 14 	 11 	 59 	 64 	 69 	 74 	 79 	 84 	 89 	 94 	 99 	 104 	 109
142 	 65 	 0 	 7 	 2 	 15 	 16 	 11 	 59 	 64 	 69 	 74 	 79 	 84 	 89 	 94 	 99 	 104 	 109
143 	 66 	 0 	 1 	 4 	 4 	 5 	 6 	 7 	 5 	 62 	 72 	 82 	 92 	 102
144 	 67 	 0 	 8 	 2 	 1 	 2 	 11 	 2 	 7 	 12 	 17 	 22 	 27 	 32 	 37 	 42 	 47 	 52
145 	 67 	 0 	 8 	 2 	 3 	 4 	 11 	 2 	 7 	 12 	 17 	 22 	 27 	 32 	 37 	 42 	 47 	 52
146 	 67 	 0 	 2 	 2 	 5 	 6 	 11 	 2 	 7 	 12 	 17 	 22 	 27 	 32 	 37 	 42 	 47 	 52
147 	 67 	 0 	 2 	 2 	 7 	 8 	 11 	 2 	 7 	 12 	 17 	 22 	 27 	 32 	 37 	 42 	 47 	 52
148 	 67 	 0 	 3 	 2 	 9 	 10 	 11 	 2 	 7 	 12 	 17 	 22 	 27 	 32 	 37 	 42 	 47 	 52
149 	 67 	 0 	 2 	 2 	 11 	 12 	 11 	 2 	 7 	 12 	 17 	 22 	 27 	 32 	 37 	 42 	 47 	 52
150 	 67 	 0 	 4 	 2 	 13 	 14 	 11 	 2 	 7 	 12 	 17 	 22 	 27 	 32 	 37 	 42 	 47 	 52
151 	 67 	 0 	 1 	 2 	 15 	 16 	 11 	 2 	 7 	 12 	 17 	 22 	 27 	 32 	 37 	 42 	 47 	 52
152 	 68 	 0 	 8 	 2 	 4 	 5 	 11 	 4 	 9 	 14 	 19 	 24 	 29 	 34 	 39 	 44 	 49 	 54
153 	 68 	 0 	 5 	 2 	 6 	 7 	 11 	 4 	 9 	 14 	 19 	 24 	 29 	 34 	 39 	 44 	 49 	 54
154 	 68 	 0 	 2 	 2 	 8 	 9 	 11 	 4 	 9 	 14 	 19 	 24 	 29 	 34 	 39 	 44 	 49 	 54
155 	 68 	 0 	 1 	 2 	 10 	 11 	 11 	 4 	 9 	 14 	 19 	 24 	 29 	 34 	 39 	 44 	 49 	 54
156 	 69 	 0 	 5 	 2 	 15 	 16 	 11 	 57 	 62 	 67 	 72 	 77 	 82 	 87 	 92 	 97 	 102 	 107
157 	 70 	 0 	 9 	 2 	 10 	 11 	 6 	 58 	 68 	 78 	 88 	 98 	 108
158 	 70 	 0 	 3 	 2 	 12 	 13 	 6 	 58 	 68 	 78 	 88 	 98 	 108
159 	 70 	 0 	 3 	 2 	 14 	 15 	 6 	 58 	 68 	 78 	 88 	 98 	 108
160 	 70 	 0 	 10 	 2 	 16 	 17 	 6 	 58 	 68 	 78 	 88 	 98 	 108
161 	 71 	 0 	 7 	 2 	 2 	 3 	 5 	 61 	 71 	 81 	 91 	 101
162 	 71 	 0 	 2 	 2 	 4 	 5 	 5 	 61 	 71 	 81 	 91 	 101
163 	 71 	 0 	 5 	 2 	 6 	 7 	 5 	 61 	 71 	 81 	 91 	 101
164 	 71 	 0 	 4 	 2 	 8 	 9 	 5 	 61 	 71 	 81 	 91 	 101
165 	 71 	 0 	 2 	 2 	 10 	 11 	 5 	 61 	 71 	 81 	 91 	 101
166 	 71 	 0 	 7 	 2 	 12 	 13 	 5 	 61 	 71 	 81 	 91 	 101
167 	 71 	 0 	 9 	 2 	 14 	 15 	 5 	 61 	 71 	 81 	 91 	 101
168 	 71 	 0 	 7 	 2 	 16 	 17 	 5 	 61 	 71 	 81 	 91 	 101
169 	 72 	 0 	 5 	 2 	 1 	 2 	 11 	 4 	 9 	 14 	 19 	 24 	 29 	 34 	 39 	 44 	 49 	 54
170 	 73 	 0 	 5 	 2 	 1 	 2 	 6 	 1 	 11 	 21 	 31 	 41 	 51
171 	 74 	 0 	 8 	 2 	 11 	 12 	 6 	 58 	 68 	 78 	 88 	 98 	 108
172 	 75 	 0 	 7 	 2 	 8 	 9 	 11 	 57 	 62 	 67 	 72 	 77 	 82 	 87 	 92 	 97 	 102 	 107
173 	 76 	 0 	 9 	 4 	 0 	 1 	 2 	 3 	 11 	 3 	 8 	 13 	 18 	 23 	 28 	 33 	 38 	 43 	 48 	 53
174 	 76 	 0 	 3 	 4 	 5 	 6 	 7 	 8 	 11 	 1 	 6 	 11 	 16 	 21 	 26 	 31 	 36 	 41 	 46 	 51
175 	 76 	 0 	 2 	 2 	 8 	 9 	 11 	 2 	 7 	 12 	 17 	 22 	 27 	 32 	 37 	 42 	 47 	 52
176 	 77 	 0 	 8 	 2 	 9 	 10 	 6 	 55 	 65 	 75 	 85 	 95 	 105
177 	 77 	 0 	 5 	 2 	 11 	 12 	 6 	 55 	 65 	 75 	 85 	 95 	 105
178 	 77 	 0 	 10 	 2 	 13 	 14 	 6 	 55 	 65 	 75 	 85 	 95 	 105
179 	 77 	 0 	 4 	 2 	 15 	 16 	 6 	 55 	 65 	 75 	 85 	 95 	 105
180 	 78 	 0 	 3 	 2 	 1 	 2 	 5 	 62 	 72 	 82 	 92 	 102
181 	 79 	 2 	 3 	 4 	 10 	 11 	 12 	 13 	 5 	 8 	 18 	 28 	 38 	 48
182 	 80 	 0 	 8 	 2 	 4 	 5 	 5 	 7 	 17 	 27 	 37 	 47
183 	 81 	 2 	 3 	 4 	 12 	 13 	 14 	 15 	 6 	 58 	 68 	 78 	 88 	 98 	 108
184 	 81 	 2 	 4 	 2 	 14 	 15 	 6 	 59 	 69 	 79 	 89 	 99 	 109
185 	 82 	 0 	 9 	 2 	 1 	 2 	 5 	 6 	 16 	 26 	 36 	 46
186 	 82 	 0 	 3 	 4 	 9 	 10 	 11 	 12 	 5 	 7 	 17 	 27 	 37 	 47
187 	 82 	 0 	 10 	 6 	 10 	 11 	 12 	 13 	 14 	 15 	 5 	 9 	 19 	 29 	 39 	 49
188 	 83 	 0 	 6 	 4 	 0 	 1 	 2 	 3 	 5 	 7 	 17 	 27 	 37 	 47
189 	 83 	 0 	 10 	 2 	 13 	 14 	 5 	 6 	 16 	 26 	 36 	 46
190 	 83 	 0 	 1 	 4 	 8 	 9 	 10 	 11 	 5 	 5 	 15 	 25 	 35 	 45
191 	 84 	 0 	 3 	 2 	 16 	 17 	 6 	 56 	 66 	 76 	 86 	 96 	 106
192 	 85 	 0 	 3 	 2 	 8 	 9 	 11 	 55 	 60 	 65 	 70 	 75 	 80 	 85 	 90 	 95 	 100 	 105
193 	 85 	 0 	 4 	 2 	 7 	 8 	 11 	 57 	 62 	 67 	 72 	 77 	 82 	 87 	 92 	 97 	 102 	 107
194 	 85 	 0 	 6 	 2 	 9 	 10 	 11 	 56 	 61 	 66 	 71 	 76 	 81 	 86 	 91 	 96 	 101 	 106
195 	 86 	 0 	 3 	 2 	 12 	 13 	 6 	 57 	 67 	 77 	 87 	 97 	 107
196 	 87 	 0 	 2 	 2 	 8 	 9 	 5 	 64 	 74 	 84 	 94 	 104
197 	 88 	 0 	 1 	 2 	 10 	 11 	 5 	 5 	 15 	 25 	 35 	 45
198 	 89 	 0 	 9 	 2 	 14 	 15 	 6 	 2 	 12 	 22 	 32 	 42 	 52
199 	 90 	 0 	 1 	 2 	 0 	 1 	 11 	 0 	 5 	 10 	 15 	 20 	 25 	 30 	 35 	 40 	 45 	 50
200 	 91 	 0 	 6 	 2 	 3 	 4 	 11 	 56 	 61 	 66 	 71 	 76 	 81 	 86 	 91 	 96 	 101 	 106
201 	 91 	 0 	 8 	 2 	 5 	 6 	 11 	 56 	 61 	 66 	 71 	 76 	 81 	 86 	 91 	 96 	 101 	 106
202 	 91 	 0 	 1 	 2 	 7 	 8 	 11 	 56 	 61 	 66 	 71 	 76 	 81 	 86 	 91 	 96 	 101 	 106
203 	 91 	 0 	 8 	 2 	 9 	 10 	 11 	 56 	 61 	 66 	 71 	 76 	 81 	 86 	 91 	 96 	 101 	 106
204 	 91 	 0 	 4 	 2 	 11 	 12 	 11 	 56 	 61 	 66 	 71 	 76 	 81 	 86 	 91 	 96 	 101 	 106
205 	 91 	 0 	 6 	 2 	 13 	 14 	 11 	 56 	 61 	 66 	 71 	 76 	 81 	 86 	 91 	 96 	 101 	 106
206 	 91 	 0 	 5 	 2 	 15 	 16 	 11 	 56 	 61 	 66 	 71 	 76 	 81 	 86 	 91 	 96 	 101 	 106
207 	 92 	 0 	 7 	 2 	 5 	 6 	 6 	 57 	 67 	 77 	 87 	 97 	 107
208 	 92 	 0 	 7 	 4 	 7 	 8 	 9 	 10 	 6 	 58 	 68 	 78 	 88 	 98 	 108
209 	 92 	 0 	 1 	 2 	 2 	 3 	 6 	 55 	 65 	 75 	 85 	 95 	 105
210 	 93 	 0 	 2 	 2 	 6 	 7 	 6 	 4 	 14 	 24 	 34 	 44 	 54
211 	 94 	 0 	 2 	 2 	 10 	 11 	 6 	 57 	 67 	 77 	 87 	 97 	 107
212 	 95 	 0 	 8 	 4 	 5 	 6 	 7 	 8 	 6 	 57 	 67 	 77 	 87 	 97 	 107
213 	 96 	 0 	 6 	 2 	 9 	 10 	 11 	 58 	 63 	 68 	 73 	 78 	 83 	 88 	 93 	 98 	 103 	 108
214 	 97 	 2 	 10 	 2 	 7 	 8 	 11 	 59 	 64 	 69 	 74 	 79 	 84 	 89 	 94 	 99 	 104 	 109
215 	 98 	 0 	 4 	 2 	 5 	 6 	 5 	 7 	 17 	 27 	 37 	 47
216 	 98 	 0 	 9 	 2 	 6 	 7 	 5 	 8 	 18 	 28 	 38 	 48
217 	 98 	 0 	 4 	 2 	 16 	 17 	 5 	 9 	 19 	 29 	 39 	 49
218 	 99 	 2 	 7 	 2 	 13 	 14 	 5 	 63 	 73 	 83 	 93 	 103
219 	 100 	 1 	 4 	 4 	 0 	 1 	 2 	 3 	 5 	 64 	 74 	 84 	 94 	 104
220 	 100 	 1 	 7 	 2 	 6 	 7 	 5 	 63 	 73 	 83 	 93 	 103
221 	 100 	 1 	 7 	 2 	 13 	 14 	 5 	 60 	 70 	 80 	 90 	 100
222 	 101 	 0 	 2 	 2 	 10 	 11 	 11 	 58 	 63 	 68 	 73 	 78 	 83 	 88 	 93 	 98 	 103 	 108
223 	 101 	 0 	 8 	 4 	 0 	 1 	 2 	 3 	 11 	 56 	 61 	 66 	 71 	 76 	 81 	 86 	 91 	 96 	 101 	 106
224 	 101 	 0 	 7 	 2 	 7 	 8 	 11 	 57 	 62 	 67 	 72 	 77 	 82 	 87 	 92 	 97 	 102 	 107
225 	 102 	 0 	 7 	 2 	 11 	 12 	 11 	 58 	 63 	 68 	 73 	 78 	 83 	 88 	 93 	 98 	 103 	 108
226 	 103 	 0 	 6 	 4 	 3 	 4 	 5 	 6 	 6 	 0 	 10 	 20 	 30 	 40 	 50
227 	 104 	 1 	 2 	 2 	 3 	 4 	 5 	 9 	 19 	 29 	 39 	 49
228 	 104 	 1 	 1 	 2 	 5 	 6 	 5 	 9 	 19 	 29 	 39 	 49
229 	 104 	 1 	 6 	 2 	 7 	 8 	 5 	 9 	 19 	 29 	 39 	 49
230 	 104 	 1 	 10 	 2 	 9 	 10 	 5 	 9 	 19 	 29 	 39 	 49
231 	 104 	 1 	 3 	 2 	 11 	 12 	 5 	 9 	 19 	 29 	 39 	 49
232 	 104 	 1 	 1 	 2 	 13 	 14 	 5 	 9 	 19 	 29 	 39 	 49
233 	 105 	 0 	 4 	 4 	 0 	 1 	 2 	 3 	 11 	 58 	 63 	 68 	 73 	 78 	 83 	 88 	 93 	 98 	 103 	 108
234 	 106 	 0 	 4 	 2 	 7 	 8 	 5 	 61 	 71 	 81 	 91 	 101
235 	 106 	 0 	 9 	 2 	 9 	 10 	 5 	 61 	 71 	 81 	 91 	 101
236 	 106 	 0 	 5 	 2 	 11 	 12 	 5 	 61 	 71 	 81 	 91 	 101
237 	 106 	 0 	 1 	 2 	 13 	 14 	 5 	 61 	 71 	 81 	 91 	 101
238 	 107 	 0 	 1 	 4 	 5 	 6 	 7 	 8 	 6 	 55 	 65 	 75 	 85 	 95 	 105
239 	 107 	 0 	 10 	 2 	 3 	 4 	 6 	 56 	 66 	 76 	 86 	 96 	 106
240 	 108 	 0 	 8 	 2 	 15 	 16 	 5 	 6 	 16 	 26 	 36 	 46
241 	 109 	 2 	 1 	 2 	 11 	 12 	 11 	 3 	 8 	 13 	 18 	 23 	 28 	 33 	 38 	 43 	 48 	 53
242 	 110 	 0 	 1 	 2 	 1 	 2 	 6 	 2 	 12 	 22 	 32 	 42 	 52
243 	 110 	 0 	 9 	 2 	 3 	 4 	 6 	 2 	 12 	 22 	 32 	 42 	 52
244 	 110 	 0 	 2 	 2 	 5 	 6 	 6 	 2 	 12 	 22 	 32 	 42 	 52
245 	 110 	 0 	 10 	 2 	 7 	 8 	 6 	 2 	 12 	 22 	 32 	 42 	 52
246 	 110 	 0 	 2 	 2 	 9 	 10 	 6 	 2 	 12 	 22 	 32 	 42 	 52
247 	 110 	 0 	 1 	 2 	 11 	 12 	 6 	 2 	 12 	 22 	 32 	 42 	 52
248 	 110 	 0 	 7 	 2 	 13 	 14 	 6 	 2 	 12 	 22 	 32 	 42 	 52
249 	 111 	 0 	 2 	 2 	 16 	 17 	 11 	 2 	 7 	 12 	 17 	 22 	 27 	 32 	 37 	 42 	 47 	 52
250 	 111 	 0 	 8 	 2 	 4 	 5 	 11 	 1 	 6 	 11 	 16 	 21 	 26 	 31 	 36 	 41 	 46 	 51
251 	 111 	 0 	 5 	 2 	 11 	 12 	 11 	 4 	 9 	 14 	 19 	 24 	 29 	 34 	 39 	 44 	 49 	 54
252 	 112 	 0 	 6 	 2 	 4 	 5 	 6 	 56 	 66 	 76 	 86 	 96 	 106
253 	 112 	 0 	 7 	 2 	 6 	 7 	 6 	 56 	 66 	 76 	 86 	 96 	 106
254 	 112 	 0 	 4 	 2 	 8 	 9 	 6 	 56 	 66 	 76 	 86 	 96 	 106
255 	 112 	 0 	 8 	 2 	 10 	 11 	 6 	 56 	 66 	 76 	 86 	 96 	 106
256 	 112 	 0 	 9 	 2 	 12 	 13 	 6 	 56 	 66 	 76 	 86 	 96 	 106
257 	 113 	 0 	 8 	 2 	 1 	 2 	 11 	 4 	 9 	 14 	 19 	 24 	 29 	 34 	 39 	 44 	 49 	 54
258 	 114 	 0 	 3 	 2 	 1 	 2 	 6 	 3 	 13 	 23 	 33 	 43 	 53
259 	 115 	 0 	 9 	 2 	 12 	 13 	 11 	 3 	 8 	 13 	 18 	 23 	 28 	 33 	 38 	 43 	 48 	 53
260 	 116 	 0 	 10 	 4 	 9 	 10 	 11 	 12 	 6 	 59 	 69 	 79 	 89 	 99 	 109
261 	 116 	 0 	 1 	 2 	 5 	 6 	 6 	 55 	 65 	 75 	 85 	 95 	 105
262 	 116 	 0 	 1 	 2 	 3 	 4 	 6 	 58 	 68 	 78 	 88 	 98 	 108
263 	 117 	 0 	 8 	 2 	 10 	 11 	 5 	 7 	 17 	 27 	 37 	 47
264 	 118 	 1 	 5 	 4 	 3 	 4 	 5 	 6 	 6 	 3 	 13 	 23 	 33 	 43 	 53
265 	 119 	 0 	 1 	 2 	 5 	 6 	 5 	 64 	 74 	 84 	 94 	 104
266 	 119 	 0 	 1 	 2 	 7 	 8 	 5 	 64 	 74 	 84 	 94 	 104
267 	 119 	 0 	 6 	 2 	 9 	 10 	 5 	 64 	 74 	 84 	 94 	 104
268 	 119 	 0 	 8 	 2 	 11 	 12 	 5 	 64 	 74 	 84 	 94 	 104
269 	 119 	 0 	 3 	 2 	 13 	 14 	 5 	 64 	 74 	 84 	 94 	 104
270 	 119 	 0 	 6 	 2 	 15 	 16 	 5 	 64 	 74 	 84 	 94 	 104
271 	 120 	 0 	 5 	 2 	 8 	 9 	 6 	 55 	 65 	 75 	 85 	 95 	 105
272 	 121 	 0 	 5 	 2 	 5 	 6 	 5 	 8 	 18 	 28 	 38 	 48
273 	 122 	 0 	 4 	 4 	 10 	 11 	 12 	 13 	 11 	 0 	 5 	 10 	 15 	 20 	 25 	 30 	 35 	 40 	 45 	 50
274 	 122 	 0 	 8 	 2 	 10 	 11 	 11 	 1 	 6 	 11 	 16 	 21 	 26 	 31 	 36 	 41 	 46 	 51
275 	 122 	 0 	 1 	 2 	 9 	 10 	 11 	 4 	 9 	 14 	 19 	 24 	 29 	 34 	 39 	 44 	 49 	 54
276 	 123 	 0 	 6 	 2 	 2 	 3 	 5 	 7 	 17 	 27 	 37 	 47
277 	 123 	 0 	 3 	 2 	 4 	 5 	 5 	 7 	 17 	 27 	 37 	 47
278 	 123 	 0 	 4 	 2 	 6 	 7 	 5 	 7 	 17 	 27 	 37 	 47
279 	 123 	 0 	 4 	 2 	 8 	 9 	 5 	 7 	 17 	 27 	 37 	 47
280 	 123 	 0 	 2 	 2 	 10 	 11 	 5 	 7 	 17 	 27 	 37 	 47
281 	 123 	 0 	 5 	 2 	 12 	 13 	 5 	 7 	 17 	 27 	 37 	 47
282 	 123 	 0 	 10 	 2 	 14 	 15 	 5 	 7 	 17 	 27 	 37 	 47
283 	 123 	 0 	 7 	 2 	 16 	 17 	 5 	 7 	 17 	 27 	 37 	 47
284 	 124 	 0 	 7 	 2 	 1 	 2 	 11 	 57 	 62 	 67 	 72 	 77 	 82 	 87 	 92 	 97 	 102 	 107
285 	 125 	 0 	 8 	 2 	 5 	 6 	 5 	 8 	 18 	 28 	 38 	 48
286 	 126 	 0 	 2 	 2 	 0 	 1 	 5 	 63 	 73 	 83 	 93 	 103
287 	 126 	 0 	 7 	 2 	 2 	 3 	 5 	 63 	 73 	 83 	 93 	 103
288 	 126 	 0 	 10 	 2 	 4 	 5 	 5 	 63 	 73 	 83 	 93 	 103
289 	 126 	 0 	 4 	 2 	 6 	 7 	 5 	 63 	 73 	 83 	 93 	 103
290 	 126 	 0 	 9 	 2 	 8 	 9 	 5 	 63 	 73 	 83 	 93 	 103
291 	 126 	 0 	 7 	 2 	 10 	 11 	 5 	 63 	 73 	 83 	 93 	 103
292 	 126 	 0 	 2 	 2 	 12 	 13 	 5 	 63 	 73 	 83 	 93 	 103
293 	 126 	 0 	 8 	 2 	 14 	 15 	 5 	 63 	 73 	 83 	 93 	 103
294 	 126 	 0 	 6 	 2 	 16 	 17 	 5 	 63 	 73 	 83 	 93 	 103
295 	 127 	 0 	 4 	 2 	 12 	 13 	 5 	 5 	 15 	 25 	 35 	 45
296 	 127 	 0 	 2 	 2 	 9 	 10 	 5 	 7 	 17 	 27 	 37 	 47
297 	 128 	 0 	 6 	 4 	 10 	 11 	 12 	 13 	 6 	 4 	 14 	 24 	 34 	 44 	 54
298 	 128 	 0 	 1 	 2 	 9 	 10 	 6 	 2 	 12 	 22 	 32 	 42 	 52
299 	 129 	 0 	 7 	 2 	 0 	 1 	 6 	 58 	 68 	 78 	 88 	 98 	 108
300 	 129 	 0 	 7 	 2 	 2 	 3 	 6 	 58 	 68 	 78 	 88 	 98 	 108
301 	 129 	 0 	 6 	 2 	 4 	 5 	 6 	 58 	 68 	 78 	 88 	 98 	 108
302 	 129 	 0 	 1 	 2 	 6 	 7 	 6 	 58 	 68 	 78 	 88 	 98 	 108
303 	 129 	 0 	 10 	 2 	 8 	 9 	 6 	 58 	 68 	 78 	 88 	 98 	 108
304 	 129 	 0 	 3 	 2 	 10 	 11 	 6 	 58 	 68 	 78 	 88 	 98 	 108
305 	 129 	 0 	 5 	 2 	 12 	 13 	 6 	 58 	 68 	 78 	 88 	 98 	 108
306 	 129 	 0 	 1 	 2 	 14 	 15 	 6 	 58 	 68 	 78 	 88 	 98 	 108
307 	 129 	 0 	 5 	 2 	 16 	 17 	 6 	 58 	 68 	 78 	 88 	 98 	 108
308 	 130 	 0 	 3 	 2 	 0 	 1 	 5 	 6 	 16 	 26 	 36 	 46
309 	 130 	 0 	 4 	 2 	 13 	 14 	 5 	 7 	 17 	 27 	 37 	 47
310 	 130 	 0 	 5 	 2 	 12 	 13 	 5 	 5 	 15 	 25 	 35 	 45
311 	 131 	 0 	 1 	 4 	 11 	 12 	 13 	 14 	 6 	 59 	 69 	 79 	 89 	 99 	 109
312 	 132 	 0 	 9 	 2 	 14 	 15 	 6 	 59 	 69 	 79 	 89 	 99 	 109
313 	 132 	 0 	 10 	 2 	 1 	 2 	 6 	 56 	 66 	 76 	 86 	 96 	 106
314 	 132 	 0 	 6 	 2 	 9 	 10 	 6 	 55 	 65 	 75 	 85 	 95 	 105
315 	 133 	 0 	 8 	 2 	 1 	 2 	 5 	 60 	 70 	 80 	 90 	 100
316 	 134 	 0 	 8 	 2 	 7 	 8 	 5 	 61 	 71 	 81 	 91 	 101
317 	 134 	 0 	 3 	 2 	 2 	 3 	 5 	 63 	 73 	 83 	 93 	 103
318 	 135 	 0 	 1 	 4 	 0 	 1 	 2 	 3 	 5 	 64 	 74 	 84 	 94 	 104
319 	 136 	 0 	 6 	 2 	 0 	 1 	 6 	 2 	 12 	 22 	 32 	 42 	 52
320 	 136 	 0 	 4 	 2 	 2 	 3 	 6 	 2 	 12 	 22 	 32 	 42 	 52
321 	 136 	 0 	 7 	 2 	 4 	 5 	 6 	 2 	 12 	 22 	 32 	 42 	 52
322 	 136 	 0 	 9 	 2 	 6 	 7 	 6 	 2 	 12 	 22 	 32 	 42 	 52
323 	 136 	 0 	 3 	 2 	 8 	 9 	 6 	 2 	 12 	 22 	 32 	 42 	 52
324 	 136 	 0 	 4 	 2 	 10 	 11 	 6 	 2 	 12 	 22 	 32 	 42 	 52
325 	 136 	 0 	 5 	 2 	 12 	 13 	 6 	 2 	 12 	 22 	 32 	 42 	 52
326 	 136 	 0 	 2 	 2 	 14 	 15 	 6 	 2 	 12 	 22 	 32 	 42 	 52
327 	 136 	 0 	 4 	 2 	 16 	 17 	 6 	 2 	 12 	 22 	 32 	 42 	 52
328 	 137 	 0 	 5 	 2 	 1 	 2 	 11 	 57 	 62 	 67 	 72 	 77 	 82 	 87 	 92 	 97 	 102 	 107
329 	 137 	 0 	 10 	 2 	 12 	 13 	 11 	 56 	 61 	 66 	 71 	 76 	 81 	 86 	 91 	 96 	 101 	 106
330 	 138 	 0 	 7 	 4 	 1 	 2 	 3 	 4 	 5 	 5 	 15 	 25 	 35 	 45
331 	 138 	 0 	 7 	 2 	 1 	 2 	 5 	 6 	 16 	 26 	 36 	 46
332 	 138 	 0 	 10 	 2 	 12 	 13 	 5 	 9 	 19 	 29 	 39 	 49
333 	 139 	 0 	 8 	 2 	 6 	 7 	 5 	 7 	 17 	 27 	 37 	 47
334 	 139 	 0 	 10 	 2 	 7 	 8 	 5 	 5 	 15 	 25 	 35 	 45
335 	 139 	 0 	 9 	 2 	 5 	 6 	 5 	 6 	 16 	 26 	 36 	 46
336 	 140 	 0 	 5 	 2 	 9 	 10 	 11 	 57 	 62 	 67 	 72 	 77 	 82 	 87 	 92 	 97 	 102 	 107
337 	 141 	 0 	 1 	 2 	 9 	 10 	 5 	 61 	 71 	 81 	 91 	 101
338 	 141 	 0 	 10 	 2 	 0 	 1 	 5 	 64 	 74 	 84 	 94 	 104
339 	 142 	 0 	 9 	 2 	 11 	 12 	 5 	 64 	 74 	 84 	 94 	 104
340 	 142 	 0 	 9 	 2 	 2 	 3 	 5 	 60 	 70 	 80 	 90 	 100
341 	 143 	 0 	 10 	 2 	 4 	 5 	 6 	 58 	 68 	 78 	 88 	 98 	 108
342 	 143 	 0 	 7 	 2 	 6 	 7 	 6 	 58 	 68 	 78 	 88 	 98 	 108
343 	 143 	 0 	 7 	 2 	 8 	 9 	 6 	 58 	 68 	 78 	 88 	 98 	 108
344 	 143 	 0 	 5 	 2 	 10 	 11 	 6 	 58 	 68 	 78 	 88 	 98 	 108
345 	 143 	 0 	 4 	 2 	 12 	 13 	 6 	 58 	 68 	 78 	 88 	 98 	 108
346 	 143 	 0 	 2 	 2 	 14 	 15 	 6 	 58 	 68 	 78 	 88 	 98 	 108
347 	 143 	 0 	 1 	 2 	 16 	 17 	 6 	 58 	 68 	 78 	 88 	 98 	 108
348 	 144 	 0 	 9 	 2 	 11 	 12 	 11 	 3 	 8 	 13 	 18 	 23 	 28 	 33 	 38 	 43 	 48 	 53
349 	 145 	 0 	 9 	 4 	 12 	 13 	 14 	 15 	 11 	 2 	 7 	 12 	 17 	 22 	 27 	 32 	 37 	 42 	 47 	 52
350 	 146 	 0 	 4 	 2 	 4 	 5 	 11 	 0 	 5 	 10 	 15 	 20 	 25 	 30 	 35 	 40 	 45 	 50
351 	 146 	 0 	 3 	 2 	 6 	 7 	 11 	 0 	 5 	 10 	 15 	 20 	 25 	 30 	 35 	 40 	 45 	 50
352 	 146 	 0 	 3 	 2 	 8 	 9 	 11 	 0 	 5 	 10 	 15 	 20 	 25 	 30 	 35 	 40 	 45 	 50
353 	 146 	 0 	 3 	 2 	 10 	 11 	 11 	 0 	 5 	 10 	 15 	 20 	 25 	 30 	 35 	 40 	 45 	 50
354 	 146 	 0 	 4 	 2 	 12 	 13 	 11 	 0 	 5 	 10 	 15 	 20 	 25 	 30 	 35 	 40 	 45 	 50
355 	 147 	 0 	 2 	 2 	 13 	 14 	 5 	 9 	 19 	 29 	 39 	 49
356 	 148 	 0 	 4 	 2 	 0 	 1 	 6 	 0 	 10 	 20 	 30 	 40 	 50
357 	 148 	 0 	 7 	 2 	 2 	 3 	 6 	 0 	 10 	 20 	 30 	 40 	 50
358 	 148 	 0 	 10 	 2 	 4 	 5 	 6 	 0 	 10 	 20 	 30 	 40 	 50
359 	 148 	 0 	 9 	 2 	 6 	 7 	 6 	 0 	 10 	 20 	 30 	 40 	 50
360 	 148 	 0 	 8 	 2 	 8 	 9 	 6 	 0 	 10 	 20 	 30 	 40 	 50
361 	 148 	 0 	 4 	 2 	 10 	 11 	 6 	 0 	 10 	 20 	 30 	 40 	 50
362 	 148 	 0 	 10 	 2 	 12 	 13 	 6 	 0 	 10 	 20 	 30 	 40 	 50
363 	 149 	 0 	 1 	 2 	 10 	 11 	 6 	 58 	 68 	 78 	 88 	 98 	 108
364 	 149 	 0 	 6 	 2 	 12 	 13 	 6 	 58 	 68 	 78 	 88 	 98 	 108
365 	 149 	 0 	 9 	 2 	 14 	 15 	 6 	 58 	 68 	 78 	 88 	 98 	 108
366 	 149 	 0 	 10 	 2 	 16 	 17 	 6 	 58 	 68 	 78 	 88 	 98 	 108
367 	 150 	 0 	 5 	 2 	 6 	 7 	 5 	 9 	 19 	 29 	 39 	 49
368 	 150 	 0 	 3 	 2 	 8 	 9 	 5 	 9 	 19 	 29 	 39 	 49
369 	 150 	 0 	 4 	 2 	 10 	 11 	 5 	 9 	 19 	 29 	 39 	 49
370 	 150 	 0 	 6 	 2 	 12 	 13 	 5 	 9 	 19 	 29 	 39 	 49
371 	 150 	 0 	 10 	 2 	 14 	 15 	 5 	 9 	 19 	 29 	 39 	 49
372 	 151 	 2 	 6 	 2 	 0 	 1 	 11 	 58 	 63 	 68 	 73 	 78 	 83 	 88 	 93 	 98 	 103 	 108
373 	 151 	 2 	 7 	 2 	 2 	 3 	 11 	 58 	 63 	 68 	 73 	 78 	 83 	 88 	 93 	 98 	 103 	 108
374 	 151 	 2 	 5 	 2 	 4 	 5 	 11 	 58 	 63 	 68 	 73 	 78 	 83 	 88 	 93 	 98 	 103 	 108
375 	 151 	 2 	 6 	 2 	 6 	 7 	 11 	 58 	 63 	 68 	 73 	 78 	 83 	 88 	 93 	 98 	 103 	 108
376 	 151 	 2 	 3 	 2 	 8 	 9 	 11 	 58 	 63 	 68 	 73 	 78 	 83 	 88 	 93 	 98 	 103 	 108
377 	 151 	 2 	 4 	 2 	 10 	 11 	 11 	 58 	 63 	 68 	 73 	 78 	 83 	 88 	 93 	 98 	 103 	 108
378 	 151 	 2 	 3 	 2 	 12 	 13 	 11 	 58 	 63 	 68 	 73 	 78 	 83 	 88 	 93 	 98 	 103 	 108
379 	 151 	 2 	 7 	 2 	 14 	 15 	 11 	 58 	 63 	 68 	 73 	 78 	 83 	 88 	 93 	 98 	 103 	 108
380 	 152 	 0 	 3 	 2 	 11 	 12 	 5 	 64 	 74 	 84 	 94 	 104
381 	 153 	 0 	 6 	 2 	 13 	 14 	 6 	 0 	 10 	 20 	 30 	 40 	 50
382 	 154 	 0 	 10 	 2 	 12 	 13 	 6 	 57 	 67 	 77 	 87 	 97 	 107
383 	 155 	 0 	 3 	 2 	 3 	 4 	 11 	 55 	 60 	 65 	 70 	 75 	 80 	 85 	 90 	 95 	 100 	 105
384 	 155 	 0 	 8 	 2 	 5 	 6 	 11 	 55 	 60 	 65 	 70 	 75 	 80 	 85 	 90 	 95 	 100 	 105
385 	 155 	 0 	 5 	 2 	 7 	 8 	 11 	 55 	 60 	 65 	 70 	 75 	 80 	 85 	 90 	 95 	 100 	 105
386 	 155 	 0 	 4 	 2 	 9 	 10 	 11 	 55 	 60 	 65 	 70 	 75 	 80 	 85 	 90 	 95 	 100 	 105
387 	 155 	 0 	 4 	 2 	 11 	 12 	 11 	 55 	 60 	 65 	 70 	 75 	 80 	 85 	 90 	 95 	 100 	 105
388 	 156 	 0 	 9 	 2 	 1 	 2 	 5 	 61 	 71 	 81 	 91 	 101
389 	 156 	 0 	 6 	 2 	 9 	 10 	 5 	 64 	 74 	 84 	 94 	 104
390 	 156 	 0 	 7 	 2 	 6 	 7 	 5 	 62 	 72 	 82 	 92 	 102
391 	 157 	 0 	 6 	 2 	 4 	 5 	 5 	 8 	 18 	 28 	 38 	 48
392 	 157 	 0 	 8 	 2 	 6 	 7 	 5 	 8 	 18 	 28 	 38 	 48
393 	 157 	 0 	 2 	 2 	 8 	 9 	 5 	 8 	 18 	 28 	 38 	 48
394 	 157 	 0 	 2 	 2 	 10 	 11 	 5 	 8 	 18 	 28 	 38 	 48
395 	 157 	 0 	 4 	 2 	 12 	 13 	 5 	 8 	 18 	 28 	 38 	 48
396 	 158 	 0 	 4 	 2 	 2 	 3 	 5 	 5 	 15 	 25 	 35 	 45
397 	 158 	 0 	 8 	 2 	 4 	 5 	 5 	 5 	 15 	 25 	 35 	 45
398 	 158 	 0 	 9 	 2 	 6 	 7 	 5 	 5 	 15 	 25 	 35 	 45
399 	 158 	 0 	 3 	 2 	 8 	 9 	 5 	 5 	 15 	 25 	 35 	 45
400 	 158 	 0 	 6 	 2 	 10 	 11 	 5 	 5 	 15 	 25 	 35 	 45
401 	 158 	 0 	 4 	 2 	 12 	 13 	 5 	 5 	 15 	 25 	 35 	 45
402 	 158 	 0 	 3 	 2 	 14 	 15 	 5 	 5 	 15 	 25 	 35 	 45
403 	 158 	 0 	 7 	 2 	 16 	 17 	 5 	 5 	 15 	 25 	 35 	 45
404 	 159 	 0 	 2 	 4 	 9 	 10 	 11 	 12 	 11 	 0 	 5 	 10 	 15 	 20 	 25 	 30 	 35 	 40 	 45 	 50
405 	 160 	 1 	 4 	 2 	 12 	 13 	 5 	 7 	 17 	 27 	 37 	 47
406 	 161 	 0 	 9 	 2 	 15 	 16 	 11 	 57 	 62 	 67 	 72 	 77 	 82 	 87 	 92 	 97 	 102 	 107
407 	 162 	 0 	 2 	 2 	 5 	 6 	 5 	 5 	 15 	 25 	 35 	 45
408 	 162 	 0 	 8 	 4 	 0 	 1 	 2 	 3 	 5 	 8 	 18 	 28 	 38 	 48
409 	 163 	 0 	 2 	 2 	 10 	 11 	 5 	 9 	 19 	 29 	 39 	 49
410 	 163 	 0 	 2 	 2 	 12 	 13 	 5 	 9 	 19 	 29 	 39 	 49
411 	 163 	 0 	 5 	 2 	 14 	 15 	 5 	 9 	 19 	 29 	 39 	 49
412 	 163 	 0 	 5 	 2 	 16 	 17 	 5 	 9 	 19 	 29 	 39 	 49
413 	 164 	 0 	 4 	 2 	 11 	 12 	 6 	 57 	 67 	 77 	 87 	 97 	 107
414 	 164 	 0 	 1 	 2 	 5 	 6 	 6 	 58 	 68 	 78 	 88 	 98 	 108
415 	 165 	 0 	 9 	 4 	 3 	 4 	 5 	 6 	 5 	 7 	 17 	 27 	 37 	 47
416 	 166 	 0 	 3 	 4 	 11 	 12 	 13 	 14 	 6 	 1 	 11 	 21 	 31 	 41 	 51
417 	 167 	 0 	 5 	 4 	 1 	 2 	 3 	 4 	 5 	 5 	 15 	 25 	 35 	 45
418 	 167 	 0 	 8 	 2 	 4 	 5 	 5 	 7 	 17 	 27 	 37 	 47
419 	 167 	 0 	 5 	 2 	 1 	 2 	 5 	 9 	 19 	 29 	 39 	 49
420 	 168 	 0 	 9 	 2 	 0 	 1 	 6 	 1 	 11 	 21 	 31 	 41 	 51
421 	 168 	 0 	 4 	 2 	 2 	 3 	 6 	 1 	 11 	 21 	 31 	 41 	 51
422 	 168 	 0 	 8 	 2 	 4 	 5 	 6 	 1 	 11 	 21 	 31 	 41 	 51
423 	 168 	 0 	 8 	 2 	 6 	 7 	 6 	 1 	 11 	 21 	 31 	 41 	 51
424 	 168 	 0 	 9 	 2 	 8 	 9 	 6 	 1 	 11 	 21 	 31 	 41 	 51
425 	 168 	 0 	 8 	 2 	 10 	 11 	 6 	 1 	 11 	 21 	 31 	 41 	 51
426 	 168 	 0 	 7 	 2 	 12 	 13 	 6 	 1 	 11 	 21 	 31 	 41 	 51
427 	 168 	 0 	 2 	 2 	 14 	 15 	 6 	 1 	 11 	 21 	 31 	 41 	 51
428 	 168 	 0 	 4 	 2 	 16 	 17 	 6 	 1 	 11 	 21 	 31 	 41 	 51
429 	 169 	 0 	 5 	 2 	 14 	 15 	 5 	 64 	 74 	 84 	 94 	 104
430 	 170 	 0 	 3 	 4 	 0 	 1 	 2 	 3 	 11 	 1 	 6 	 11 	 16 	 21 	 26 	 31 	 36 	 41 	 46 	 51
431 	 171 	 0 	 4 	 2 	 7 	 8 	 11 	 3 	 8 	 13 	 18 	 23 	 28 	 33 	 38 	 43 	 48 	 53
432 	 172 	 0 	 7 	 2 	 1 	 2 	 5 	 8 	 18 	 28 	 38 	 48
433 	 173 	 1 	 5 	 4 	 9 	 10 	 11 	 12 	 6 	 56 	 66 	 76 	 86 	 96 	 106
434 	 173 	 1 	 6 	 2 	 5 	 6 	 6 	 55 	 65 	 75 	 85 	 95 	 105
435 	 174 	 0 	 1 	 2 	 13 	 14 	 5 	 61 	 71 	 81 	 91 	 101
436 	 175 	 0 	 6 	 4 	 9 	 10 	 11 	 12 	 11 	 59 	 64 	 69 	 74 	 79 	 84 	 89 	 94 	 99 	 104 	 109
437 	 176 	 0 	 3 	 4 	 6 	 7 	 8 	 9 	 5 	 8 	 18 	 28 	 38 	 48
438 	 177 	 0 	 2 	 2 	 10 	 11 	 6 	 59 	 69 	 79 	 89 	 99 	 109
439 	 177 	 0 	 2 	 2 	 12 	 13 	 6 	 58 	 68 	 78 	 88 	 98 	 108
440 	 177 	 0 	 3 	 2 	 13 	 14 	 6 	 56 	 66 	 76 	 86 	 96 	 106
441 	 178 	 0 	 4 	 2 	 6 	 7 	 11 	 4 	 9 	 14 	 19 	 24 	 29 	 34 	 39 	 44 	 49 	 54
442 	 179 	 0 	 4 	 2 	 8 	 9 	 6 	 59 	 69 	 79 	 89 	 99 	 109
443 	 179 	 0 	 7 	 2 	 10 	 11 	 6 	 59 	 69 	 79 	 89 	 99 	 109
444 	 179 	 0 	 9 	 2 	 12 	 13 	 6 	 59 	 69 	 79 	 89 	 99 	 109
445 	 179 	 0 	 3 	 2 	 14 	 15 	 6 	 59 	 69 	 79 	 89 	 99 	 109
446 	 179 	 0 	 6 	 2 	 16 	 17 	 6 	 59 	 69 	 79 	 89 	 99 	 109
447 	 180 	 0 	 9 	 2 	 7 	 8 	 5 	 6 	 16 	 26 	 36 	 46
448 	 181 	 0 	 5 	 2 	 10 	 11 	 5 	 63 	 73 	 83 	 93 	 103
449 	 181 	 0 	 4 	 2 	 11 	 12 	 5 	 60 	 70 	 80 	 90 	 100
450 	 181 	 0 	 6 	 2 	 7 	 8 	 5 	 64 	 74 	 84 	 94 	 104
451 	 182 	 0 	 3 	 2 	 9 	 10 	 6 	 1 	 11 	 21 	 31 	 41 	 51
452 	 183 	 0 	 8 	 2 	 16 	 17 	 6 	 55 	 65 	 75 	 85 	 95 	 105
453 	 184 	 0 	 1 	 2 	 4 	 5 	 11 	 2 	 7 	 12 	 17 	 22 	 27 	 32 	 37 	 42 	 47 	 52
454 	 185 	 0 	 7 	 2 	 11 	 12 	 6 	 3 	 13 	 23 	 33 	 43 	 53
455 	 186 	 0 	 8 	 4 	 10 	 11 	 12 	 13 	 5 	 7 	 17 	 27 	 37 	 47
456 	 187 	 0 	 9 	 2 	 10 	 11 	 5 	 9 	 19 	 29 	 39 	 49
457 	 188 	 0 	 2 	 2 	 3 	 4 	 11 	 4 	 9 	 14 	 19 	 24 	 29 	 34 	 39 	 44 	 49 	 54
458 	 189 	 0 	 1 	 2 	 3 	 4 	 5 	 9 	 19 	 29 	 39 	 49
459 	 190 	 0 	 9 	 4 	 1 	 2 	 3 	 4 	 5 	 60 	 70 	 80 	 90 	 100
460 	 190 	 0 	 8 	 4 	 4 	 5 	 6 	 7 	 5 	 61 	 71 	 81 	 91 	 101
461 	 191 	 0 	 8 	 2 	 9 	 10 	 6 	 1 	 11 	 21 	 31 	 41 	 51
462 	 192 	 0 	 9 	 2 	 15 	 16 	 11 	 59 	 64 	 69 	 74 	 79 	 84 	 89 	 94 	 99 	 104 	 109
463 	 193 	 0 	 3 	 2 	 0 	 1 	 6 	 4 	 14 	 24 	 34 	 44 	 54
464 	 193 	 0 	 7 	 2 	 2 	 3 	 6 	 4 	 14 	 24 	 34 	 44 	 54
465 	 193 	 0 	 5 	 2 	 4 	 5 	 6 	 4 	 14 	 24 	 34 	 44 	 54
466 	 193 	 0 	 8 	 2 	 6 	 7 	 6 	 4 	 14 	 24 	 34 	 44 	 54
467 	 193 	 0 	 2 	 2 	 8 	 9 	 6 	 4 	 14 	 24 	 34 	 44 	 54
468 	 193 	 0 	 8 	 2 	 10 	 11 	 6 	 4 	 14 	 24 	 34 	 44 	 54
469 	 193 	 0 	 7 	 2 	 12 	 13 	 6 	 4 	 14 	 24 	 34 	 44 	 54
470 	 193 	 0 	 9 	 2 	 14 	 15 	 6 	 4 	 14 	 24 	 34 	 44 	 54
471 	 193 	 0 	 7 	 2 	 16 	 17 	 6 	 4 	 14 	 24 	 34 	 44 	 54
472 	 194 	 0 	 1 	 2 	 14 	 15 	 11 	 59 	 64 	 69 	 74 	 79 	 84 	 89 	 94 	 99 	 104 	 109
473 	 195 	 0 	 4 	 4 	 11 	 12 	 13 	 14 	 11 	 57 	 62 	 67 	 72 	 77 	 82 	 87 	 92 	 97 	 102 	 107
474 	 196 	 1 	 4 	 2 	 5 	 6 	 11 	 59 	 64 	 69 	 74 	 79 	 84 	 89 	 94 	 99 	 104 	 109
475 	 196 	 1 	 7 	 2 	 7 	 8 	 11 	 59 	 64 	 69 	 74 	 79 	 84 	 89 	 94 	 99 	 104 	 109
476 	 196 	 1 	 6 	 2 	 9 	 10 	 11 	 59 	 64 	 69 	 74 	 79 	 84 	 89 	 94 	 99 	 104 	 109
477 	 196 	 1 	 10 	 2 	 11 	 12 	 11 	 59 	 64 	 69 	 74 	 79 	 84 	 89 	 94 	 99 	 104 	 109
478 	 196 	 1 	 7 	 2 	 13 	 14 	 11 	 59 	 64 	 69 	 74 	 79 	 84 	 89 	 94 	 99 	 104 	 109
479 	 196 	 1 	 6 	 2 	 15 	 16 	 11 	 59 	 64 	 69 	 74 	 79 	 84 	 89 	 94 	 99 	 104 	 109
480 	 197 	 0 	 10 	 2 	 7 	 8 	 6 	 1 	 11 	 21 	 31 	 41 	 51
481 	 197 	 0 	 1 	 2 	 0 	 1 	 6 	 2 	 12 	 22 	 32 	 42 	 52
482 	 197 	 0 	 9 	 2 	 1 	 2 	 6 	 4 	 14 	 24 	 34 	 44 	 54
483 	 198 	 0 	 2 	 2 	 6 	 7 	 11 	 59 	 64 	 69 	 74 	 79 	 84 	 89 	 94 	 99 	 104 	 109
484 	 198 	 0 	 5 	 4 	 6 	 7 	 8 	 9 	 11 	 58 	 63 	 68 	 73 	 78 	 83 	 88 	 93 	 98 	 103 	 108
485 	 199 	 0 	 5 	 2 	 0 	 1 	 11 	 3 	 8 	 13 	 18 	 23 	 28 	 33 	 38 	 43 	 48 	 53
486 	 199 	 0 	 9 	 2 	 2 	 3 	 11 	 3 	 8 	 13 	 18 	 23 	 28 	 33 	 38 	 43 	 48 	 53
487 	 199 	 0 	 7 	 2 	 4 	 5 	 11 	 3 	 8 	 13 	 18 	 23 	 28 	 33 	 38 	 43 	 48 	 53
488 	 199 	 0 	 7 	 2 	 6 	 7 	 11 	 3 	 8 	 13 	 18 	 23 	 28 	 33 	 38 	 43 	 48 	 53
489 	 199 	 0 	 7 	 2 	 8 	 9 	 11 	 3 	 8 	 13 	 18 	 23 	 28 	 33 	 38 	 43 	 48 	 53
490 	 199 	 0 	 7 	 2 	 10 	 11 	 11 	 3 	 8 	 13 	 18 	 23 	 28 	 33 	 38 	 43 	 48 	 53
491 	 199 	 0 	 5 	 2 	 12 	 13 	 11 	 3 	 8 	 13 	 18 	 23 	 28 	 33 	 38 	 43 	 48 	 53
492 	 199 	 0 	 6 	 2 	 14 	 15 	 11 	 3 	 8 	 13 	 18 	 23 	 28 	 33 	 38 	 43 	 48 	 53
493 	 200 	 0 	 8 	 4 	 4 	 5 	 6 	 7 	 11 	 57 	 62 	 67 	 72 	 77 	 82 	 87 	 92 	 97 	 102 	 107
494 	 201 	 0 	 2 	 2 	 6 	 7 	 5 	 9 	 19 	 29 	 39 	 49
495 	 202 	 0 	 10 	 4 	 11 	 12 	 13 	 14 	 11 	 4 	 9 	 14 	 19 	 24 	 29 	 34 	 39 	 44 	 49 	 54
496 	 202 	 0 	 7 	 2 	 3 	 4 	 11 	 0 	 5 	 10 	 15 	 20 	 25 	 30 	 35 	 40 	 45 	 50
497 	 202 	 0 	 3 	 2 	 11 	 12 	 11 	 1 	 6 	 11 	 16 	 21 	 26 	 31 	 36 	 41 	 46 	 51
498 	 203 	 0 	 7 	 4 	 14 	 15 	 16 	 17 	 6 	 0 	 10 	 20 	 30 	 40 	 50
499 	 203 	 0 	 1 	 2 	 2 	 3 	 6 	 2 	 12 	 22 	 32 	 42 	 52
500 	 203 	 0 	 1 	 2 	 6 	 7 	 6 	 3 	 13 	 23 	 33 	 43 	 53
501 	 204 	 0 	 1 	 4 	 3 	 4 	 5 	 6 	 5 	 9 	 19 	 29 	 39 	 49
502 	 205 	 0 	 6 	 4 	 6 	 7 	 8 	 9 	 5 	 60 	 70 	 80 	 90 	 100
503 	 206 	 0 	 7 	 2 	 0 	 1 	 11 	 3 	 8 	 13 	 18 	 23 	 28 	 33 	 38 	 43 	 48 	 53
504 	 206 	 0 	 4 	 2 	 13 	 14 	 11 	 0 	 5 	 10 	 15 	 20 	 25 	 30 	 35 	 40 	 45 	 50
505 	 206 	 0 	 2 	 4 	 5 	 6 	 7 	 8 	 11 	 2 	 7 	 12 	 17 	 22 	 27 	 32 	 37 	 42 	 47 	 52
506 	 207 	 0 	 7 	 2 	 16 	 17 	 6 	 58 	 68 	 78 	 88 	 98 	 108
507 	 208 	 0 	 9 	 2 	 3 	 4 	 6 	 59 	 69 	 79 	 89 	 99 	 109
508 	 209 	 0 	 3 	 2 	 0 	 1 	 11 	 0 	 5 	 10 	 15 	 20 	 25 	 30 	 35 	 40 	 45 	 50
509 	 209 	 0 	 8 	 2 	 2 	 3 	 11 	 0 	 5 	 10 	 15 	 20 	 25 	 30 	 35 	 40 	 45 	 50
510 	 209 	 0 	 6 	 2 	 4 	 5 	 11 	 0 	 5 	 10 	 15 	 20 	 25 	 30 	 35 	 40 	 45 	 50
511 	 209 	 0 	 1 	 2 	 6 	 7 	 11 	 0 	 5 	 10 	 15 	 20 	 25 	 30 	 35 	 40 	 45 	 50
512 	 209 	 0 	 7 	 2 	 8 	 9 	 11 	 0 	 5 	 10 	 15 	 20 	 25 	 30 	 35 	 40 	 45 	 50
513 	 209 	 0 	 6 	 2 	 10 	 11 	 11 	 0 	 5 	 10 	 15 	 20 	 25 	 30 	 35 	 40 	 45 	 50
514 	 209 	 0 	 8 	 2 	 12 	 13 	 11 	 0 	 5 	 10 	 15 	 20 	 25 	 30 	 35 	 40 	 45 	 50
515 	 209 	 0 	 4 	 2 	 14 	 15 	 11 	 0 	 5 	 10 	 15 	 20 	 25 	 30 	 35 	 40 	 45 	 50
516 	 209 	 0 	 9 	 2 	 16 	 17 	 11 	 0 	 5 	 10 	 15 	 20 	 25 	 30 	 35 	 40 	 45 	 50
517 	 210 	 0 	 9 	 2 	 7 	 8 	 6 	 55 	 65 	 75 	 85 	 95 	 105
518 	 211 	 0 	 6 	 2 	 1 	 2 	 5 	 7 	 17 	 27 	 37 	 47
519 	 211 	 0 	 10 	 2 	 9 	 10 	 5 	 5 	 15 	 25 	 35 	 45
520 	 212 	 0 	 7 	 2 	 1 	 2 	 5 	 9 	 19 	 29 	 39 	 49
521 	 213 	 0 	 3 	 2 	 0 	 1 	 5 	 63 	 73 	 83 	 93 	 103
522 	 213 	 0 	 5 	 2 	 2 	 3 	 5 	 63 	 73 	 83 	 93 	 103
523 	 213 	 0 	 10 	 2 	 4 	 5 	 5 	 63 	 73 	 83 	 93 	 103
524 	 213 	 0 	 7 	 2 	 6 	 7 	 5 	 63 	 73 	 83 	 93 	 103
525 	 213 	 0 	 3 	 2 	 8 	 9 	 5 	 63 	 73 	 83 	 93 	 103
526 	 213 	 0 	 6 	 2 	 10 	 11 	 5 	 63 	 73 	 83 	 93 	 103
527 	 213 	 0 	 10 	 2 	 12 	 13 	 5 	 63 	 73 	 83 	 93 	 103
528 	 213 	 0 	 2 	 2 	 14 	 15 	 5 	 63 	 73 	 83 	 93 	 103
529 	 213 	 0 	 9 	 2 	 16 	 17 	 5 	 63 	 73 	 83 	 93 	 103
530 	 214 	 0 	 3 	 2 	 10 	 11 	 5 	 8 	 18 	 28 	 38 	 48
531 	 214 	 0 	 3 	 2 	 12 	 13 	 5 	 8 	 18 	 28 	 38 	 48
532 	 214 	 0 	 8 	 2 	 14 	 15 	 5 	 8 	 18 	 28 	 38 	 48
533 	 214 	 0 	 2 	 2 	 16 	 17 	 5 	 8 	 18 	 28 	 38 	 48
534 	 215 	 2 	 7 	 2 	 8 	 9 	 5 	 8 	 18 	 28 	 38 	 48
535 	 215 	 2 	 9 	 2 	 10 	 11 	 5 	 8 	 18 	 28 	 38 	 48
536 	 215 	 2 	 4 	 2 	 12 	 13 	 5 	 8 	 18 	 28 	 38 	 48
537 	 215 	 2 	 2 	 2 	 14 	 15 	 5 	 8 	 18 	 28 	 38 	 48
538 	 215 	 2 	 10 	 2 	 16 	 17 	 5 	 8 	 18 	 28 	 38 	 48
539 	 216 	 0 	 5 	 2 	 10 	 11 	 6 	 58 	 68 	 78 	 88 	 98 	 108
540 	 216 	 0 	 7 	 4 	 5 	 6 	 7 	 8 	 6 	 56 	 66 	 76 	 86 	 96 	 106
541 	 217 	 0 	 1 	 2 	 0 	 1 	 5 	 60 	 70 	 80 	 90 	 100
542 	 217 	 0 	 3 	 2 	 2 	 3 	 5 	 60 	 70 	 80 	 90 	 100
543 	 217 	 0 	 4 	 2 	 4 	 5 	 5 	 60 	 70 	 80 	 90 	 100
544 	 217 	 0 	 2 	 2 	 6 	 7 	 5 	 60 	 70 	 80 	 90 	 100
545 	 217 	 0 	 4 	 2 	 8 	 9 	 5 	 60 	 70 	 80 	 90 	 100
546 	 217 	 0 	 1 	 2 	 10 	 11 	 5 	 60 	 70 	 80 	 90 	 100
547 	 217 	 0 	 7 	 2 	 12 	 13 	 5 	 60 	 70 	 80 	 90 	 100
548 	 217 	 0 	 1 	 2 	 14 	 15 	 5 	 60 	 70 	 80 	 90 	 100
549 	 218 	 0 	 6 	 2 	 8 	 9 	 6 	 1 	 11 	 21 	 31 	 41 	 51
550 	 219 	 0 	 9 	 2 	 6 	 7 	 5 	 6 	 16 	 26 	 36 	 46
551 	 220 	 0 	 6 	 2 	 7 	 8 	 11 	 55 	 60 	 65 	 70 	 75 	 80 	 85 	 90 	 95 	 100 	 105
552 	 220 	 0 	 7 	 2 	 0 	 1 	 11 	 56 	 61 	 66 	 71 	 76 	 81 	 86 	 91 	 96 	 101 	 106
553 	 220 	 0 	 4 	 4 	 14 	 15 	 16 	 17 	 11 	 58 	 63 	 68 	 73 	 78 	 83 	 88 	 93 	 98 	 103 	 108
554 	 221 	 0 	 4 	 2 	 7 	 8 	 11 	 4 	 9 	 14 	 19 	 24 	 29 	 34 	 39 	 44 	 49 	 54
555 	 222 	 0 	 4 	 2 	 1 	 2 	 11 	 0 	 5 	 10 	 15 	 20 	 25 	 30 	 35 	 40 	 45 	 50
556 	 223 	 0 	 10 	 2 	 6 	 7 	 11 	 4 	 9 	 14 	 19 	 24 	 29 	 34 	 39 	 44 	 49 	 54
557 	 224 	 0 	 6 	 2 	 5 	 6 	 5 	 60 	 70 	 80 	 90 	 100
558 	 224 	 0 	 7 	 2 	 3 	 4 	 5 	 64 	 74 	 84 	 94 	 104
559 	 225 	 0 	 2 	 2 	 15 	 16 	 11 	 2 	 7 	 12 	 17 	 22 	 27 	 32 	 37 	 42 	 47 	 52
560 	 226 	 0 	 9 	 2 	 14 	 15 	 5 	 64 	 74 	 84 	 94 	 104
561 	 227 	 0 	 3 	 2 	 2 	 3 	 5 	 5 	 15 	 25 	 35 	 45
562 	 227 	 0 	 5 	 2 	 4 	 5 	 5 	 5 	 15 	 25 	 35 	 45
563 	 227 	 0 	 4 	 2 	 6 	 7 	 5 	 5 	 15 	 25 	 35 	 45
564 	 227 	 0 	 3 	 2 	 8 	 9 	 5 	 5 	 15 	 25 	 35 	 45
565 	 227 	 0 	 8 	 2 	 10 	 11 	 5 	 5 	 15 	 25 	 35 	 45
566 	 227 	 0 	 1 	 2 	 12 	 13 	 5 	 5 	 15 	 25 	 35 	 45
567 	 228 	 0 	 5 	 2 	 13 	 14 	 6 	 0 	 10 	 20 	 30 	 40 	 50
568 	 229 	 0 	 6 	 2 	 2 	 3 	 6 	 57 	 67 	 77 	 87 	 97 	 107
569 	 229 	 0 	 5 	 2 	 4 	 5 	 6 	 57 	 67 	 77 	 87 	 97 	 107
570 	 229 	 0 	 6 	 2 	 6 	 7 	 6 	 57 	 67 	 77 	 87 	 97 	 107
571 	 229 	 0 	 9 	 2 	 8 	 9 	 6 	 57 	 67 	 77 	 87 	 97 	 107
572 	 229 	 0 	 8 	 2 	 10 	 11 	 6 	 57 	 67 	 77 	 87 	 97 	 107
573 	 229 	 0 	 4 	 2 	 12 	 13 	 6 	 57 	 67 	 77 	 87 	 97 	 107
574 	 229 	 0 	 8 	 2 	 14 	 15 	 6 	 57 	 67 	 77 	 87 	 97 	 107
575 	 230 	 0 	 10 	 2 	 7 	 8 	 6 	 1 	 11 	 21 	 31 	 41 	 51
576 	 231 	 0 	 8 	 4 	 13 	 14 	 15 	 16 	 6 	 59 	 69 	 79 	 89 	 99 	 109
577 	 231 	 0 	 7 	 2 	 3 	 4 	 6 	 58 	 68 	 78 	 88 	 98 	 108
578 	 231 	 0 	 5 	 4 	 2 	 3 	 4 	 5 	 6 	 57 	 67 	 77 	 87 	 97 	 107
579 	 232 	 0 	 9 	 2 	 6 	 7 	 11 	 59 	 64 	 69 	 74 	 79 	 84 	 89 	 94 	 99 	 104 	 109
580 	 232 	 0 	 4 	 2 	 0 	 1 	 11 	 56 	 61 	 66 	 71 	 76 	 81 	 86 	 91 	 96 	 101 	 106
581 	 233 	 0 	 5 	 2 	 12 	 13 	 6 	 4 	 14 	 24 	 34 	 44 	 54
582 	 234 	 0 	 5 	 2 	 5 	 6 	 6 	 59 	 69 	 79 	 89 	 99 	 109
583 	 234 	 0 	 1 	 2 	 7 	 8 	 6 	 59 	 69 	 79 	 89 	 99 	 109
584 	 234 	 0 	 8 	 2 	 9 	 10 	 6 	 59 	 69 	 79 	 89 	 99 	 109
585 	 234 	 0 	 3 	 2 	 11 	 12 	 6 	 59 	 69 	 79 	 89 	 99 	 109
586 	 235 	 0 	 5 	 4 	 2 	 3 	 4 	 5 	 6 	 4 	 14 	 24 	 34 	 44 	 54
587 	 235 	 0 	 2 	 2 	 14 	 15 	 6 	 1 	 11 	 21 	 31 	 41 	 51
588 	 235 	 0 	 5 	 2 	 11 	 12 	 6 	 3 	 13 	 23 	 33 	 43 	 53
589 	 236 	 0 	 7 	 2 	 14 	 15 	 11 	 55 	 60 	 65 	 70 	 75 	 80 	 85 	 90 	 95 	 100 	 105
590 	 237 	 0 	 8 	 2 	 14 	 15 	 11 	 1 	 6 	 11 	 16 	 21 	 26 	 31 	 36 	 41 	 46 	 51
591 	 237 	 0 	 7 	 2 	 12 	 13 	 11 	 4 	 9 	 14 	 19 	 24 	 29 	 34 	 39 	 44 	 49 	 54
592 	 237 	 0 	 6 	 2 	 0 	 1 	 11 	 2 	 7 	 12 	 17 	 22 	 27 	 32 	 37 	 42 	 47 	 52
593 	 238 	 0 	 10 	 2 	 11 	 12 	 6 	 58 	 68 	 78 	 88 	 98 	 108
594 	 239 	 0 	 1 	 2 	 0 	 1 	 5 	 62 	 72 	 82 	 92 	 102
595 	 239 	 0 	 8 	 2 	 2 	 3 	 5 	 62 	 72 	 82 	 92 	 102
596 	 239 	 0 	 10 	 2 	 4 	 5 	 5 	 62 	 72 	 82 	 92 	 102
597 	 239 	 0 	 5 	 2 	 6 	 7 	 5 	 62 	 72 	 82 	 92 	 102
598 	 239 	 0 	 1 	 2 	 8 	 9 	 5 	 62 	 72 	 82 	 92 	 102
599 	 239 	 0 	 5 	 2 	 10 	 11 	 5 	 62 	 72 	 82 	 92 	 102
600 	 239 	 0 	 5 	 2 	 12 	 13 	 5 	 62 	 72 	 82 	 92 	 102
601 	 239 	 0 	 2 	 2 	 14 	 15 	 5 	 62 	 72 	 82 	 92 	 102
602 	 239 	 0 	 6 	 2 	 16 	 17 	 5 	 62 	 72 	 82 	 92 	 102
603 	 240 	 0 	 8 	 2 	 0 	 1 	 11 	 59 	 64 	 69 	 74 	 79 	 84 	 89 	 94 	 99 	 104 	 109
604 	 240 	 0 	 4 	 2 	 2 	 3 	 11 	 59 	 64 	 69 	 74 	 79 	 84 	 89 	 94 	 99 	 104 	 109
605 	 240 	 0 	 7 	 2 	 4 	 5 	 11 	 59 	 64 	 69 	 74 	 79 	 84 	 89 	 94 	 99 	 104 	 109
606 	 240 	 0 	 10 	 2 	 6 	 7 	 11 	 59 	 64 	 69 	 74 	 79 	 84 	 89 	 94 	 99 	 104 	 109
607 	 240 	 0 	 6 	 2 	 8 	 9 	 11 	 59 	 64 	 69 	 74 	 79 	 84 	 89 	 94 	 99 	 104 	 109
608 	 240 	 0 	 4 	 2 	 10 	 11 	 11 	 59 	 64 	 69 	 74 	 79 	 84 	 89 	 94 	 99 	 104 	 109
609 	 240 	 0 	 9 	 2 	 12 	 13 	 11 	 59 	 64 	 69 	 74 	 79 	 84 	 89 	 94 	 99 	 104 	 109
610 	 240 	 0 	 3 	 2 	 14 	 15 	 11 	 59 	 64 	 69 	 74 	 79 	 84 	 89 	 94 	 99 	 104 	 109
611 	 240 	 0 	 9 	 2 	 16 	 17 	 11 	 59 	 64 	 69 	 74 	 79 	 84 	 89 	 94 	 99 	 104 	 109
612 	 241 	 0 	 1 	 2 	 11 	 12 	 6 	 1 	 11 	 21 	 31 	 41 	 51
613 	 242 	 0 	 9 	 2 	 3 	 4 	 6 	 59 	 69 	 79 	 89 	 99 	 109
614 	 243 	 0 	 7 	 2 	 10 	 11 	 6 	 57 	 67 	 77 	 87 	 97 	 107
615 	 244 	 0 	 7 	 2 	 5 	 6 	 11 	 0 	 5 	 10 	 15 	 20 	 25 	 30 	 35 	 40 	 45 	 50
616 	 245 	 1 	 4 	 2 	 9 	 10 	 11 	 55 	 60 	 65 	 70 	 75 	 80 	 85 	 90 	 95 	 100 	 105
617 	 246 	 0 	 6 	 4 	 10 	 11 	 12 	 13 	 6 	 0 	 10 	 20 	 30 	 40 	 50
618 	 247 	 0 	 4 	 2 	 6 	 7 	 6 	 2 	 12 	 22 	 32 	 42 	 52
619 	 248 	 0 	 7 	 2 	 6 	 7 	 11 	 4 	 9 	 14 	 19 	 24 	 29 	 34 	 39 	 44 	 49 	 54
620 	 249 	 0 	 2 	 2 	 0 	 1 	 5 	 63 	 73 	 83 	 93 	 103
621 	 249 	 0 	 2 	 2 	 2 	 3 	 5 	 63 	 73 	 83 	 93 	 103
622 	 249 	 0 	 4 	 2 	 4 	 5 	 5 	 63 	 73 	 83 	 93 	 103
623 	 249 	 0 	 8 	 2 	 6 	 7 	 5 	 63 	 73 	 83 	 93 	 103
624 	 249 	 0 	 6 	 2 	 8 	 9 	 5 	 63 	 73 	 83 	 93 	 103
625 	 249 	 0 	 7 	 2 	 10 	 11 	 5 	 63 	 73 	 83 	 93 	 103
626 	 249 	 0 	 3 	 2 	 12 	 13 	 5 	 63 	 73 	 83 	 93 	 103
627 	 249 	 0 	 1 	 2 	 14 	 15 	 5 	 63 	 73 	 83 	 93 	 103
628 	 249 	 0 	 1 	 2 	 16 	 17 	 5 	 63 	 73 	 83 	 93 	 103
629 	 250 	 0 	 8 	 2 	 2 	 3 	 6 	 56 	 66 	 76 	 86 	 96 	 106
630 	 251 	 0 	 5 	 2 	 1 	 2 	 6 	 0 	 10 	 20 	 30 	 40 	 50
631 	 252 	 1 	 1 	 2 	 9 	 10 	 5 	 8 	 18 	 28 	 38 	 48
632 	 253 	 0 	 7 	 2 	 9 	 10 	 5 	 62 	 72 	 82 	 92 	 102
633 	 254 	 0 	 3 	 4 	 0 	 1 	 2 	 3 	 6 	 1 	 11 	 21 	 31 	 41 	 51
634 	 254 	 0 	 10 	 2 	 3 	 4 	 6 	 4 	 14 	 24 	 34 	 44 	 54
635 	 254 	 0 	 3 	 4 	 13 	 14 	 15 	 16 	 6 	 0 	 10 	 20 	 30 	 40 	 50
636 	 255 	 0 	 7 	 2 	 14 	 15 	 11 	 57 	 62 	 67 	 72 	 77 	 82 	 87 	 92 	 97 	 102 	 107
637 	 256 	 0 	 7 	 2 	 14 	 15 	 6 	 0 	 10 	 20 	 30 	 40 	 50
638 	 256 	 0 	 4 	 2 	 12 	 13 	 6 	 1 	 11 	 21 	 31 	 41 	 51
639 	 256 	 0 	 1 	 2 	 8 	 9 	 6 	 3 	 13 	 23 	 33 	 43 	 53
640 	 257 	 0 	 9 	 2 	 0 	 1 	 6 	 55 	 65 	 75 	 85 	 95 	 105
641 	 257 	 0 	 2 	 2 	 2 	 3 	 6 	 55 	 65 	 75 	 85 	 95 	 105
642 	 257 	 0 	 9 	 2 	 4 	 5 	 6 	 55 	 65 	 75 	 85 	 95 	 105
643 	 257 	 0 	 10 	 2 	 6 	 7 	 6 	 55 	 65 	 75 	 85 	 95 	 105
644 	 257 	 0 	 2 	 2 	 8 	 9 	 6 	 55 	 65 	 75 	 85 	 95 	 105
645 	 257 	 0 	 3 	 2 	 10 	 11 	 6 	 55 	 65 	 75 	 85 	 95 	 105
646 	 257 	 0 	 7 	 2 	 12 	 13 	 6 	 55 	 65 	 75 	 85 	 95 	 105
647 	 257 	 0 	 10 	 2 	 14 	 15 	 6 	 55 	 65 	 75 	 85 	 95 	 105
648 	 257 	 0 	 6 	 2 	 16 	 17 	 6 	 55 	 65 	 75 	 85 	 95 	 105
649 	 258 	 0 	 5 	 2 	 14 	 15 	 6 	 57 	 67 	 77 	 87 	 97 	 107
650 	 259 	 0 	 1 	 4 	 11 	 12 	 13 	 14 	 6 	 3 	 13 	 23 	 33 	 43 	 53
651 	 260 	 1 	 10 	 4 	 7 	 8 	 9 	 10 	 6 	 58 	 68 	 78 	 88 	 98 	 108
652 	 261 	 0 	 6 	 2 	 15 	 16 	 6 	 58 	 68 	 78 	 88 	 98 	 108
653 	 262 	 0 	 8 	 2 	 0 	 1 	 6 	 1 	 11 	 21 	 31 	 41 	 51
654 	 262 	 0 	 2 	 2 	 16 	 17 	 6 	 2 	 12 	 22 	 32 	 42 	 52
655 	 263 	 0 	 6 	 4 	 2 	 3 	 4 	 5 	 5 	 61 	 71 	 81 	 91 	 101
656 	 264 	 0 	 3 	 4 	 13 	 14 	 15 	 16 	 5 	 64 	 74 	 84 	 94 	 104
657 	 264 	 0 	 10 	 2 	 6 	 7 	 5 	 63 	 73 	 83 	 93 	 103
658 	 264 	 0 	 7 	 2 	 0 	 1 	 5 	 60 	 70 	 80 	 90 	 100
659 	 265 	 0 	 1 	 2 	 4 	 5 	 11 	 3 	 8 	 13 	 18 	 23 	 28 	 33 	 38 	 43 	 48 	 53
660 	 266 	 0 	 9 	 4 	 9 	 10 	 11 	 12 	 5 	 60 	 70 	 80 	 90 	 100
661 	 267 	 0 	 6 	 2 	 1 	 2 	 11 	 0 	 5 	 10 	 15 	 20 	 25 	 30 	 35 	 40 	 45 	 50
662 	 268 	 0 	 6 	 2 	 7 	 8 	 5 	 8 	 18 	 28 	 38 	 48
663 	 269 	 0 	 9 	 2 	 7 	 8 	 5 	 64 	 74 	 84 	 94 	 104
664 	 269 	 0 	 4 	 4 	 3 	 4 	 5 	 6 	 5 	 61 	 71 	 81 	 91 	 101
665 	 269 	 0 	 9 	 2 	 14 	 15 	 5 	 62 	 72 	 82 	 92 	 102
666 	 270 	 0 	 8 	 2 	 10 	 11 	 6 	 3 	 13 	 23 	 33 	 43 	 53
667 	 271 	 0 	 5 	 2 	 2 	 3 	 6 	 1 	 11 	 21 	 31 	 41 	 51
668 	 272 	 0 	 8 	 2 	 3 	 4 	 6 	 1 	 11 	 21 	 31 	 41 	 51
669 	 272 	 0 	 10 	 2 	 3 	 4 	 6 	 3 	 13 	 23 	 33 	 43 	 53
670 	 272 	 0 	 5 	 4 	 5 	 6 	 7 	 8 	 6 	 4 	 14 	 24 	 34 	 44 	 54
671 	 273 	 0 	 5 	 2 	 7 	 8 	 6 	 0 	 10 	 20 	 30 	 40 	 50
672 	 274 	 0 	 3 	 2 	 6 	 7 	 6 	 57 	 67 	 77 	 87 	 97 	 107
673 	 275 	 0 	 6 	 2 	 7 	 8 	 6 	 55 	 65 	 75 	 85 	 95 	 105
674 	 276 	 2 	 10 	 2 	 5 	 6 	 5 	 63 	 73 	 83 	 93 	 103
675 	 277 	 0 	 2 	 2 	 11 	 12 	 11 	 56 	 61 	 66 	 71 	 76 	 81 	 86 	 91 	 96 	 101 	 106
676 	 278 	 0 	 5 	 2 	 7 	 8 	 5 	 60 	 70 	 80 	 90 	 100
677 	 279 	 0 	 5 	 2 	 5 	 6 	 5 	 7 	 17 	 27 	 37 	 47
678 	 279 	 0 	 8 	 2 	 0 	 1 	 5 	 6 	 16 	 26 	 36 	 46
679 	 279 	 0 	 5 	 2 	 7 	 8 	 5 	 8 	 18 	 28 	 38 	 48
680 	 280 	 1 	 1 	 4 	 3 	 4 	 5 	 6 	 11 	 59 	 64 	 69 	 74 	 79 	 84 	 89 	 94 	 99 	 104 	 109
681 	 281 	 2 	 5 	 2 	 7 	 8 	 6 	 2 	 12 	 22 	 32 	 42 	 52
682 	 282 	 0 	 1 	 2 	 4 	 5 	 11 	 58 	 63 	 68 	 73 	 78 	 83 	 88 	 93 	 98 	 103 	 108
683 	 283 	 2 	 10 	 2 	 15 	 16 	 5 	 5 	 15 	 25 	 35 	 45
684 	 283 	 2 	 9 	 4 	 10 	 11 	 12 	 13 	 5 	 8 	 18 	 28 	 38 	 48
685 	 283 	 2 	 9 	 2 	 8 	 9 	 5 	 9 	 19 	 29 	 39 	 49
686 	 284 	 0 	 8 	 2 	 16 	 17 	 5 	 63 	 73 	 83 	 93 	 103
687 	 284 	 0 	 3 	 2 	 1 	 2 	 5 	 64 	 74 	 84 	 94 	 104
688 	 285 	 1 	 6 	 2 	 15 	 16 	 6 	 59 	 69 	 79 	 89 	 99 	 109
689 	 285 	 1 	 5 	 2 	 5 	 6 	 6 	 57 	 67 	 77 	 87 	 97 	 107
690 	 286 	 0 	 3 	 4 	 6 	 7 	 8 	 9 	 5 	 6 	 16 	 26 	 36 	 46
691 	 286 	 0 	 6 	 4 	 7 	 8 	 9 	 10 	 5 	 7 	 17 	 27 	 37 	 47
692 	 287 	 0 	 8 	 2 	 4 	 5 	 5 	 9 	 19 	 29 	 39 	 49
693 	 288 	 0 	 3 	 2 	 0 	 1 	 5 	 5 	 15 	 25 	 35 	 45
694 	 289 	 0 	 2 	 2 	 1 	 2 	 5 	 7 	 17 	 27 	 37 	 47
695 	 290 	 0 	 9 	 2 	 9 	 10 	 11 	 0 	 5 	 10 	 15 	 20 	 25 	 30 	 35 	 40 	 45 	 50
696 	 291 	 0 	 1 	 4 	 0 	 1 	 2 	 3 	 6 	 56 	 66 	 76 	 86 	 96 	 106
697 	 291 	 0 	 5 	 2 	 2 	 3 	 6 	 58 	 68 	 78 	 88 	 98 	 108
698 	 291 	 0 	 3 	 2 	 13 	 14 	 6 	 59 	 69 	 79 	 89 	 99 	 109
699 	 292 	 0 	 6 	 2 	 0 	 1 	 5 	 60 	 70 	 80 	 90 	 100
700 	 292 	 0 	 3 	 2 	 2 	 3 	 5 	 60 	 70 	 80 	 90 	 100
701 	 292 	 0 	 9 	 2 	 4 	 5 	 5 	 60 	 70 	 80 	 90 	 100
702 	 292 	 0 	 8 	 2 	 6 	 7 	 5 	 60 	 70 	 80 	 90 	 100
703 	 292 	 0 	 4 	 2 	 8 	 9 	 5 	 60 	 70 	 80 	 90 	 100
704 	 292 	 0 	 2 	 2 	 10 	 11 	 5 	 60 	 70 	 80 	 90 	 100
705 	 292 	 0 	 6 	 2 	 12 	 13 	 5 	 60 	 70 	 80 	 90 	 100
706 	 292 	 0 	 1 	 2 	 14 	 15 	 5 	 60 	 70 	 80 	 90 	 100
707 	 293 	 0 	 8 	 2 	 4 	 5 	 5 	 7 	 17 	 27 	 37 	 47
708 	 294 	 0 	 2 	 2 	 13 	 14 	 5 	 63 	 73 	 83 	 93 	 103
709 	 295 	 0 	 9 	 2 	 6 	 7 	 6 	 3 	 13 	 23 	 33 	 43 	 53
710 	 295 	 0 	 9 	 2 	 8 	 9 	 6 	 3 	 13 	 23 	 33 	 43 	 53
711 	 295 	 0 	 5 	 2 	 10 	 11 	 6 	 3 	 13 	 23 	 33 	 43 	 53
712 	 295 	 0 	 6 	 2 	 12 	 13 	 6 	 3 	 13 	 23 	 33 	 43 	 53
713 	 295 	 0 	 4 	 2 	 14 	 15 	 6 	 3 	 13 	 23 	 33 	 43 	 53
714 	 295 	 0 	 5 	 2 	 16 	 17 	 6 	 3 	 13 	 23 	 33 	 43 	 53
715 	 296 	 0 	 2 	 2 	 1 	 2 	 5 	 64 	 74 	 84 	 94 	 104
716 	 297 	 0 	 5 	 2 	 4 	 5 	 6 	 55 	 65 	 75 	 85 	 95 	 105
717 	 298 	 0 	 8 	 4 	 5 	 6 	 7 	 8 	 6 	 1 	 11 	 21 	 31 	 41 	 51
718 	 299 	 0 	 4 	 4 	 14 	 15 	 16 	 17 	 5 	 63 	 73 	 83 	 93 	 103
719	0	0	0	4	1	2	3	4	11	1	6	11	16	21	26	31	36	41	46	51	
720	1	0	0	2	5	6	6	4	14	24	34	44	54	
721	2	0	0	4	6	7	8	9	6	1	11	21	31	41	51	
722	3	0	0	4	13	14	15	16	6	0	10	20	30	40	50	
723	3	0	0	4	10	11	12	13	6	2	12	22	32	42	52	
724	4	0	0	4	5	6	7	8	11	58	63	68	73	78	83	88	93	98	103	108	
725	5	0	0	2	14	15	6	1	11	21	31	41	51	
726	6	0	0	2	3	4	6	1	11	21	31	41	51	
727	6	0	0	4	14	15	16	17	6	2	12	22	32	42	52	
728	6	0	0	4	3	4	5	6	6	0	10	20	30	40	50	
729	7	0	0	4	1	2	3	4	5	7	17	27	37	47	
730	7	0	0	4	14	15	16	17	5	5	15	25	35	45	
731	8	0	0	2	5	6	5	64	74	84	94	104	
732	8	0	0	2	15	16	5	60	70	80	90	100	
733	9	0	0	2	8	9	11	0	5	10	15	20	25	30	35	40	45	50	
734	9	0	0	2	16	17	11	2	7	12	17	22	27	32	37	42	47	52	
735	10	0	0	4	14	15	16	17	6	57	67	77	87	97	107	
736	10	0	0	2	5	6	6	58	68	78	88	98	108	
737	11	0	0	4	1	2	3	4	5	61	71	81	91	101	
738	12	2	0	2	13	14	5	6	16	26	36	46	
739	13	0	0	4	1	2	3	4	11	0	5	10	15	20	25	30	35	40	45	50	
740	14	0	0	2	16	17	5	5	15	25	35	45	
741	14	0	0	2	3	4	5	6	16	26	36	46	
742	15	0	0	2	9	10	6	57	67	77	87	97	107	
743	15	0	0	2	16	17	6	59	69	79	89	99	109	
744	16	0	0	4	8	9	10	11	5	63	73	83	93	103	
745	16	0	0	4	9	10	11	12	5	62	72	82	92	102	
746	17	0	0	4	3	4	5	6	11	2	7	12	17	22	27	32	37	42	47	52	
747	17	0	0	2	10	11	11	3	8	13	18	23	28	33	38	43	48	53	
748	18	0	0	2	13	14	6	58	68	78	88	98	108	
749	18	0	0	2	4	5	6	57	67	77	87	97	107	
750	19	0	0	4	8	9	10	11	5	6	16	26	36	46	
751	19	0	0	4	1	2	3	4	5	7	17	27	37	47	
752	20	1	0	4	4	5	6	7	6	56	66	76	86	96	106	
753	21	0	0	4	1	2	3	4	6	2	12	22	32	42	52	
754	22	1	0	2	8	9	5	5	15	25	35	45	
755	22	1	0	2	13	14	5	9	19	29	39	49	
756	23	0	0	4	2	3	4	5	11	2	7	12	17	22	27	32	37	42	47	52	
757	23	0	0	4	14	15	16	17	11	4	9	14	19	24	29	34	39	44	49	54	
758	24	0	0	4	2	3	4	5	5	6	16	26	36	46	
759	25	0	0	4	10	11	12	13	6	1	11	21	31	41	51	
760	26	0	0	4	9	10	11	12	11	1	6	11	16	21	26	31	36	41	46	51	
761	26	0	0	4	5	6	7	8	11	3	8	13	18	23	28	33	38	43	48	53	
762	26	0	0	2	16	17	11	4	9	14	19	24	29	34	39	44	49	54	
763	26	0	0	4	11	12	13	14	11	0	5	10	15	20	25	30	35	40	45	50	
764	27	0	0	2	8	9	6	2	12	22	32	42	52	
765	27	0	0	2	7	8	6	4	14	24	34	44	54	
766	27	0	0	4	7	8	9	10	6	0	10	20	30	40	50	
767	28	0	0	2	16	17	5	5	15	25	35	45	
768	28	0	0	2	8	9	5	8	18	28	38	48	
769	29	0	0	2	2	3	6	1	11	21	31	41	51	
770	30	0	0	2	11	12	11	2	7	12	17	22	27	32	37	42	47	52	
771	30	0	0	4	11	12	13	14	11	4	9	14	19	24	29	34	39	44	49	54	
772	31	0	0	2	5	6	5	6	16	26	36	46	
773	31	0	0	2	15	16	5	8	18	28	38	48	
774	32	0	0	4	10	11	12	13	5	64	74	84	94	104	
775	32	0	0	4	14	15	16	17	5	63	73	83	93	103	
776	33	0	0	4	3	4	5	6	6	57	67	77	87	97	107	
777	34	0	0	4	14	15	16	17	6	0	10	20	30	40	50	
778	34	0	0	2	3	4	6	4	14	24	34	44	54	
779	34	0	0	4	12	13	14	15	6	3	13	23	33	43	53	
780	35	0	0	4	2	3	4	5	6	57	67	77	87	97	107	
781	36	0	0	4	7	8	9	10	6	0	10	20	30	40	50	
782	37	2	0	2	3	4	11	55	60	65	70	75	80	85	90	95	100	105	
783	38	0	0	2	13	14	11	4	9	14	19	24	29	34	39	44	49	54	
784	39	0	0	2	13	14	5	7	17	27	37	47	
785	39	0	0	4	2	3	4	5	5	9	19	29	39	49	
786	40	0	0	2	4	5	5	5	15	25	35	45	
787	40	0	0	4	2	3	4	5	5	7	17	27	37	47	
788	40	0	0	4	2	3	4	5	5	9	19	29	39	49	
789	41	0	0	4	2	3	4	5	6	0	10	20	30	40	50	
790	42	2	0	4	7	8	9	10	5	6	16	26	36	46	
791	42	2	0	2	5	6	5	7	17	27	37	47	
792	43	0	0	4	14	15	16	17	6	59	69	79	89	99	109	
793	44	0	0	2	15	16	11	4	9	14	19	24	29	34	39	44	49	54	
794	44	0	0	2	15	16	11	2	7	12	17	22	27	32	37	42	47	52	
795	44	0	0	2	13	14	11	3	8	13	18	23	28	33	38	43	48	53	
796	44	0	0	4	4	5	6	7	11	1	6	11	16	21	26	31	36	41	46	51	
797	45	0	0	4	1	2	3	4	5	63	73	83	93	103	
798	45	0	0	2	12	13	5	62	72	82	92	102	
799	45	0	0	4	1	2	3	4	5	64	74	84	94	104	
800	46	0	0	4	12	13	14	15	6	4	14	24	34	44	54	
801	46	0	0	2	15	16	6	1	11	21	31	41	51	
802	46	0	0	2	7	8	6	2	12	22	32	42	52	
803	46	0	0	2	2	3	6	3	13	23	33	43	53	
804	47	0	0	4	14	15	16	17	5	63	73	83	93	103	
805	47	0	0	2	9	10	5	64	74	84	94	104	
806	47	0	0	4	5	6	7	8	5	62	72	82	92	102	
807	47	0	0	4	1	2	3	4	5	60	70	80	90	100	
808	48	0	0	2	7	8	5	60	70	80	90	100	
809	48	0	0	4	6	7	8	9	5	62	72	82	92	102	
810	48	0	0	2	5	6	5	61	71	81	91	101	
811	49	0	0	4	1	2	3	4	5	5	15	25	35	45	
812	50	0	0	2	14	15	11	58	63	68	73	78	83	88	93	98	103	108	
813	51	0	0	2	4	5	5	9	19	29	39	49	
814	51	0	0	2	12	13	5	6	16	26	36	46	
815	52	0	0	2	9	10	6	0	10	20	30	40	50	
816	53	0	0	2	5	6	11	2	7	12	17	22	27	32	37	42	47	52	
817	53	0	0	4	9	10	11	12	11	1	6	11	16	21	26	31	36	41	46	51	
818	54	1	0	2	10	11	11	55	60	65	70	75	80	85	90	95	100	105	
819	54	1	0	2	11	12	11	57	62	67	72	77	82	87	92	97	102	107	
820	55	0	0	2	14	15	11	0	5	10	15	20	25	30	35	40	45	50	
821	55	0	0	2	0	1	11	2	7	12	17	22	27	32	37	42	47	52	
822	55	0	0	4	5	6	7	8	11	4	9	14	19	24	29	34	39	44	49	54	
823	56	0	0	4	10	11	12	13	11	4	9	14	19	24	29	34	39	44	49	54	
824	56	0	0	2	15	16	11	2	7	12	17	22	27	32	37	42	47	52	
825	57	0	0	4	11	12	13	14	6	1	11	21	31	41	51	
826	58	0	0	2	13	14	11	1	6	11	16	21	26	31	36	41	46	51	
827	58	0	0	4	4	5	6	7	11	4	9	14	19	24	29	34	39	44	49	54	
828	59	0	0	2	12	13	6	2	12	22	32	42	52	
829	60	2	0	4	7	8	9	10	5	63	73	83	93	103	
830	60	2	0	4	8	9	10	11	5	60	70	80	90	100	
831	61	0	0	2	10	11	11	56	61	66	71	76	81	86	91	96	101	106	
832	61	0	0	2	0	1	11	57	62	67	72	77	82	87	92	97	102	107	
833	61	0	0	4	10	11	12	13	11	58	63	68	73	78	83	88	93	98	103	108	
834	62	0	0	4	4	5	6	7	11	1	6	11	16	21	26	31	36	41	46	51	
835	63	0	0	4	8	9	10	11	6	56	66	76	86	96	106	
836	63	0	0	4	12	13	14	15	6	55	65	75	85	95	105	
837	64	0	0	4	0	1	2	3	5	62	72	82	92	102	
838	64	0	0	4	0	1	2	3	5	63	73	83	93	103	
839	65	0	0	2	3	4	11	57	62	67	72	77	82	87	92	97	102	107	
840	65	0	0	4	4	5	6	7	11	56	61	66	71	76	81	86	91	96	101	106	
841	65	0	0	2	3	4	11	55	60	65	70	75	80	85	90	95	100	105	
842	66	0	0	4	8	9	10	11	5	64	74	84	94	104	
843	66	0	0	4	2	3	4	5	5	60	70	80	90	100	
844	67	0	0	4	10	11	12	13	11	1	6	11	16	21	26	31	36	41	46	51	
845	67	0	0	4	0	1	2	3	11	4	9	14	19	24	29	34	39	44	49	54	
846	67	0	0	2	0	1	11	0	5	10	15	20	25	30	35	40	45	50	
847	68	0	0	4	8	9	10	11	11	1	6	11	16	21	26	31	36	41	46	51	
848	68	0	0	2	14	15	11	2	7	12	17	22	27	32	37	42	47	52	
849	68	0	0	4	6	7	8	9	11	3	8	13	18	23	28	33	38	43	48	53	
850	68	0	0	4	5	6	7	8	11	0	5	10	15	20	25	30	35	40	45	50	
851	69	0	0	4	2	3	4	5	11	59	64	69	74	79	84	89	94	99	104	109	
852	70	0	0	2	1	2	6	59	69	79	89	99	109	
853	70	0	0	2	9	10	6	55	65	75	85	95	105	
854	70	0	0	4	6	7	8	9	6	57	67	77	87	97	107	
855	71	0	0	2	0	1	5	62	72	82	92	102	
856	71	0	0	4	8	9	10	11	5	64	74	84	94	104	
857	71	0	0	2	4	5	5	60	70	80	90	100	
858	72	0	0	2	6	7	11	1	6	11	16	21	26	31	36	41	46	51	
859	73	0	0	4	11	12	13	14	6	3	13	23	33	43	53	
860	73	0	0	4	12	13	14	15	6	4	14	24	34	44	54	
861	74	0	0	2	16	17	6	57	67	77	87	97	107	
862	75	0	0	2	3	4	11	58	63	68	73	78	83	88	93	98	103	108	
863	75	0	0	4	1	2	3	4	11	59	64	69	74	79	84	89	94	99	104	109	
864	76	0	0	4	11	12	13	14	11	0	5	10	15	20	25	30	35	40	45	50	
865	77	0	0	4	7	8	9	10	6	58	68	78	88	98	108	
866	77	0	0	4	4	5	6	7	6	57	67	77	87	97	107	
867	77	0	0	2	6	7	6	59	69	79	89	99	109	
868	77	0	0	4	12	13	14	15	6	56	66	76	86	96	106	
869	78	0	0	4	14	15	16	17	5	64	74	84	94	104	
870	78	0	0	2	12	13	5	60	70	80	90	100	
871	79	2	0	2	11	12	5	6	16	26	36	46	
872	79	2	0	2	1	2	5	7	17	27	37	47	
873	80	0	0	2	16	17	5	6	16	26	36	46	
874	81	2	0	4	11	12	13	14	6	55	65	75	85	95	105	
875	82	0	0	2	2	3	5	5	15	25	35	45	
876	82	0	0	2	15	16	5	8	18	28	38	48	
877	83	0	0	4	12	13	14	15	5	9	19	29	39	49	
878	83	0	0	4	3	4	5	6	5	8	18	28	38	48	
879	84	0	0	2	4	5	6	59	69	79	89	99	109	
880	84	0	0	2	1	2	6	55	65	75	85	95	105	
881	85	0	0	4	5	6	7	8	11	58	63	68	73	78	83	88	93	98	103	108	
882	86	0	0	4	7	8	9	10	6	55	65	75	85	95	105	
883	86	0	0	4	4	5	6	7	6	56	66	76	86	96	106	
884	87	0	0	2	9	10	5	63	73	83	93	103	
885	87	0	0	2	16	17	5	61	71	81	91	101	
886	88	0	0	4	8	9	10	11	5	6	16	26	36	46	
887	88	0	0	4	8	9	10	11	5	8	18	28	38	48	
888	89	0	0	4	7	8	9	10	6	3	13	23	33	43	53	
889	90	0	0	2	10	11	11	3	8	13	18	23	28	33	38	43	48	53	
890	90	0	0	4	14	15	16	17	11	4	9	14	19	24	29	34	39	44	49	54	
891	91	0	0	2	6	7	11	55	60	65	70	75	80	85	90	95	100	105	
892	91	0	0	2	2	3	11	57	62	67	72	77	82	87	92	97	102	107	
893	91	0	0	4	7	8	9	10	11	59	64	69	74	79	84	89	94	99	104	109	
894	92	0	0	2	7	8	6	59	69	79	89	99	109	
895	93	0	0	4	1	2	3	4	6	1	11	21	31	41	51	
896	94	0	0	2	8	9	6	55	65	75	85	95	105	
897	94	0	0	2	1	2	6	59	69	79	89	99	109	
898	95	0	0	2	7	8	6	58	68	78	88	98	108	
899	95	0	0	2	10	11	6	59	69	79	89	99	109	
900	96	0	0	2	4	5	11	55	60	65	70	75	80	85	90	95	100	105	
901	97	2	0	4	7	8	9	10	11	55	60	65	70	75	80	85	90	95	100	105	
902	98	0	0	2	0	1	5	5	15	25	35	45	
903	99	2	0	4	3	4	5	6	5	62	72	82	92	102	
904	100	1	0	2	11	12	5	62	72	82	92	102	
905	101	0	0	2	16	17	11	59	64	69	74	79	84	89	94	99	104	109	
906	101	0	0	2	6	7	11	55	60	65	70	75	80	85	90	95	100	105	
907	102	0	0	2	12	13	11	55	60	65	70	75	80	85	90	95	100	105	
908	102	0	0	4	5	6	7	8	11	57	62	67	72	77	82	87	92	97	102	107	
909	103	0	0	4	1	2	3	4	6	4	14	24	34	44	54	
910	103	0	0	2	15	16	6	2	12	22	32	42	52	
911	104	1	0	2	7	8	5	7	17	27	37	47	
912	104	1	0	2	13	14	5	5	15	25	35	45	
913	104	1	0	2	9	10	5	8	18	28	38	48	
914	105	0	0	2	7	8	11	56	61	66	71	76	81	86	91	96	101	106	
915	105	0	0	2	7	8	11	55	60	65	70	75	80	85	90	95	100	105	
916	106	0	0	4	12	13	14	15	5	64	74	84	94	104	
917	106	0	0	4	8	9	10	11	5	62	72	82	92	102	
918	106	0	0	4	1	2	3	4	5	60	70	80	90	100	
919	107	0	0	4	4	5	6	7	6	58	68	78	88	98	108	
920	107	0	0	4	12	13	14	15	6	59	69	79	89	99	109	
921	108	0	0	2	2	3	5	5	15	25	35	45	
922	109	2	0	4	13	14	15	16	11	2	7	12	17	22	27	32	37	42	47	52	
923	110	0	0	2	8	9	6	4	14	24	34	44	54	
924	110	0	0	4	1	2	3	4	6	1	11	21	31	41	51	
925	110	0	0	2	10	11	6	3	13	23	33	43	53	
926	110	0	0	4	12	13	14	15	6	0	10	20	30	40	50	
927	111	0	0	2	16	17	11	0	5	10	15	20	25	30	35	40	45	50	
928	111	0	0	2	5	6	11	3	8	13	18	23	28	33	38	43	48	53	
929	112	0	0	2	9	10	6	55	65	75	85	95	105	
930	112	0	0	4	12	13	14	15	6	57	67	77	87	97	107	
931	112	0	0	2	1	2	6	58	68	78	88	98	108	
932	113	0	0	2	0	1	11	2	7	12	17	22	27	32	37	42	47	52	
933	113	0	0	4	6	7	8	9	11	0	5	10	15	20	25	30	35	40	45	50	
934	114	0	0	2	2	3	6	2	12	22	32	42	52	
935	114	0	0	2	9	10	6	1	11	21	31	41	51	
936	115	0	0	2	4	5	11	4	9	14	19	24	29	34	39	44	49	54	
937	116	0	0	4	9	10	11	12	6	57	67	77	87	97	107	
938	116	0	0	4	10	11	12	13	6	56	66	76	86	96	106	
939	117	0	0	4	0	1	2	3	5	6	16	26	36	46	
940	117	0	0	2	11	12	5	9	19	29	39	49	
941	118	1	0	2	1	2	6	1	11	21	31	41	51	
942	118	1	0	4	1	2	3	4	6	2	12	22	32	42	52	
943	119	0	0	2	13	14	5	61	71	81	91	101	
944	119	0	0	2	9	10	5	62	72	82	92	102	
945	119	0	0	4	13	14	15	16	5	63	73	83	93	103	
946	119	0	0	4	4	5	6	7	5	60	70	80	90	100	
947	120	0	0	4	9	10	11	12	6	57	67	77	87	97	107	
948	120	0	0	4	3	4	5	6	6	58	68	78	88	98	108	
949	121	0	0	4	5	6	7	8	5	9	19	29	39	49	
950	122	0	0	4	3	4	5	6	11	2	7	12	17	22	27	32	37	42	47	52	
951	123	0	0	2	15	16	5	6	16	26	36	46	
952	123	0	0	4	1	2	3	4	5	5	15	25	35	45	
953	123	0	0	2	16	17	5	8	18	28	38	48	
954	124	0	0	4	8	9	10	11	11	55	60	65	70	75	80	85	90	95	100	105	
955	124	0	0	4	7	8	9	10	11	58	63	68	73	78	83	88	93	98	103	108	
956	125	0	0	2	1	2	5	9	19	29	39	49	
957	126	0	0	4	10	11	12	13	5	64	74	84	94	104	
958	126	0	0	2	3	4	5	61	71	81	91	101	
959	126	0	0	2	7	8	5	62	72	82	92	102	
960	126	0	0	4	5	6	7	8	5	60	70	80	90	100	
961	127	0	0	4	4	5	6	7	5	6	16	26	36	46	
962	127	0	0	4	8	9	10	11	5	9	19	29	39	49	
963	128	0	0	2	8	9	6	0	10	20	30	40	50	
964	129	0	0	4	6	7	8	9	6	55	65	75	85	95	105	
965	129	0	0	4	7	8	9	10	6	56	66	76	86	96	106	
966	129	0	0	2	16	17	6	59	69	79	89	99	109	
967	130	0	0	4	4	5	6	7	5	8	18	28	38	48	
968	130	0	0	2	10	11	5	9	19	29	39	49	
969	131	0	0	4	12	13	14	15	6	56	66	76	86	96	106	
970	131	0	0	4	9	10	11	12	6	57	67	77	87	97	107	
971	132	0	0	4	11	12	13	14	6	57	67	77	87	97	107	
972	133	0	0	2	15	16	5	64	74	84	94	104	
973	133	0	0	4	4	5	6	7	5	61	71	81	91	101	
974	134	0	0	4	13	14	15	16	5	60	70	80	90	100	
975	135	0	0	2	7	8	5	61	71	81	91	101	
976	135	0	0	2	5	6	5	60	70	80	90	100	
977	136	0	0	2	2	3	6	1	11	21	31	41	51	
978	136	0	0	4	3	4	5	6	6	0	10	20	30	40	50	
979	136	0	0	2	4	5	6	3	13	23	33	43	53	
980	136	0	0	4	11	12	13	14	6	4	14	24	34	44	54	
981	137	0	0	4	2	3	4	5	11	59	64	69	74	79	84	89	94	99	104	109	
982	137	0	0	2	3	4	11	58	63	68	73	78	83	88	93	98	103	108	
983	138	0	0	2	12	13	5	7	17	27	37	47	
984	139	0	0	2	9	10	5	9	19	29	39	49	
985	139	0	0	2	11	12	5	8	18	28	38	48	
986	140	0	0	4	13	14	15	16	11	55	60	65	70	75	80	85	90	95	100	105	
987	140	0	0	4	4	5	6	7	11	58	63	68	73	78	83	88	93	98	103	108	
988	141	0	0	4	6	7	8	9	5	62	72	82	92	102	
989	141	0	0	2	4	5	5	63	73	83	93	103	
990	142	0	0	4	12	13	14	15	5	61	71	81	91	101	
991	142	0	0	2	5	6	5	63	73	83	93	103	
992	143	0	0	2	3	4	6	59	69	79	89	99	109	
993	143	0	0	4	13	14	15	16	6	57	67	77	87	97	107	
994	143	0	0	2	3	4	6	55	65	75	85	95	105	
995	144	0	0	2	14	15	11	4	9	14	19	24	29	34	39	44	49	54	
996	144	0	0	2	3	4	11	2	7	12	17	22	27	32	37	42	47	52	
997	145	0	0	2	11	12	11	1	6	11	16	21	26	31	36	41	46	51	
998	145	0	0	4	6	7	8	9	11	4	9	14	19	24	29	34	39	44	49	54	
999	146	0	0	4	5	6	7	8	11	1	6	11	16	21	26	31	36	41	46	51	
1000	146	0	0	2	0	1	11	4	9	14	19	24	29	34	39	44	49	54	
1001	146	0	0	2	10	11	11	3	8	13	18	23	28	33	38	43	48	53	
1002	147	0	0	4	7	8	9	10	5	7	17	27	37	47	
1003	148	0	0	4	10	11	12	13	6	1	11	21	31	41	51	
1004	148	0	0	4	9	10	11	12	6	2	12	22	32	42	52	
1005	148	0	0	2	12	13	6	4	14	24	34	44	54	
1006	149	0	0	2	12	13	6	57	67	77	87	97	107	
1007	149	0	0	4	7	8	9	10	6	55	65	75	85	95	105	
1008	149	0	0	4	9	10	11	12	6	59	69	79	89	99	109	
1009	149	0	0	2	4	5	6	56	66	76	86	96	106	
1010	150	0	0	2	15	16	5	6	16	26	36	46	
1011	150	0	0	2	13	14	5	5	15	25	35	45	
1012	150	0	0	4	10	11	12	13	5	7	17	27	37	47	
1013	151	2	0	4	9	10	11	12	11	57	62	67	72	77	82	87	92	97	102	107	
1014	151	2	0	2	3	4	11	55	60	65	70	75	80	85	90	95	100	105	
1015	151	2	0	2	8	9	11	56	61	66	71	76	81	86	91	96	101	106	
1016	152	0	0	4	14	15	16	17	5	61	71	81	91	101	
1017	153	0	0	4	3	4	5	6	6	4	14	24	34	44	54	
1018	154	0	0	4	12	13	14	15	6	59	69	79	89	99	109	
1019	155	0	0	2	7	8	11	59	64	69	74	79	84	89	94	99	104	109	
1020	155	0	0	4	3	4	5	6	11	57	62	67	72	77	82	87	92	97	102	107	
1021	155	0	0	2	5	6	11	56	61	66	71	76	81	86	91	96	101	106	
1022	155	0	0	2	2	3	11	58	63	68	73	78	83	88	93	98	103	108	
1023	156	0	0	4	11	12	13	14	5	60	70	80	90	100	
1024	157	0	0	4	4	5	6	7	5	7	17	27	37	47	
1025	157	0	0	2	14	15	5	9	19	29	39	49	
1026	157	0	0	2	4	5	5	5	15	25	35	45	
1027	158	0	0	2	8	9	5	9	19	29	39	49	
1028	158	0	0	4	11	12	13	14	5	8	18	28	38	48	
1029	158	0	0	4	14	15	16	17	5	7	17	27	37	47	
1030	158	0	0	2	4	5	5	6	16	26	36	46	
1031	159	0	0	2	10	11	11	3	8	13	18	23	28	33	38	43	48	53	
1032	160	1	0	2	10	11	5	9	19	29	39	49	
1033	160	1	0	2	9	10	5	8	18	28	38	48	
1034	161	0	0	2	9	10	11	59	64	69	74	79	84	89	94	99	104	109	
1035	161	0	0	2	6	7	11	55	60	65	70	75	80	85	90	95	100	105	
1036	162	0	0	2	15	16	5	9	19	29	39	49	
1037	162	0	0	4	9	10	11	12	5	6	16	26	36	46	
1038	163	0	0	2	2	3	5	6	16	26	36	46	
1039	163	0	0	4	3	4	5	6	5	8	18	28	38	48	
1040	163	0	0	2	3	4	5	5	15	25	35	45	
1041	163	0	0	4	12	13	14	15	5	7	17	27	37	47	
1042	164	0	0	4	1	2	3	4	6	59	69	79	89	99	109	
1043	164	0	0	4	2	3	4	5	6	56	66	76	86	96	106	
1044	165	0	0	4	4	5	6	7	5	9	19	29	39	49	
1045	166	0	0	2	12	13	6	2	12	22	32	42	52	
1046	166	0	0	4	3	4	5	6	6	4	14	24	34	44	54	
1047	167	0	0	2	8	9	5	8	18	28	38	48	
1048	167	0	0	2	14	15	5	6	16	26	36	46	
1049	168	0	0	4	13	14	15	16	6	3	13	23	33	43	53	
1050	168	0	0	2	0	1	6	4	14	24	34	44	54	
1051	168	0	0	2	13	14	6	2	12	22	32	42	52	
1052	168	0	0	2	9	10	6	0	10	20	30	40	50	
1053	169	0	0	4	6	7	8	9	5	63	73	83	93	103	
1054	170	0	0	2	4	5	11	0	5	10	15	20	25	30	35	40	45	50	
1055	170	0	0	4	10	11	12	13	11	4	9	14	19	24	29	34	39	44	49	54	
1056	171	0	0	4	12	13	14	15	11	0	5	10	15	20	25	30	35	40	45	50	
1057	171	0	0	4	6	7	8	9	11	4	9	14	19	24	29	34	39	44	49	54	
1058	172	0	0	4	10	11	12	13	5	7	17	27	37	47	
1059	173	1	0	4	10	11	12	13	6	57	67	77	87	97	107	
1060	174	0	0	2	2	3	5	64	74	84	94	104	
1061	174	0	0	4	4	5	6	7	5	63	73	83	93	103	
1062	175	0	0	2	11	12	11	57	62	67	72	77	82	87	92	97	102	107	
1063	176	0	0	2	13	14	5	9	19	29	39	49	
1064	177	0	0	4	1	2	3	4	6	57	67	77	87	97	107	
1065	178	0	0	2	2	3	11	1	6	11	16	21	26	31	36	41	46	51	
1066	179	0	0	4	0	1	2	3	6	56	66	76	86	96	106	
1067	179	0	0	4	2	3	4	5	6	55	65	75	85	95	105	
1068	179	0	0	2	6	7	6	58	68	78	88	98	108	
1069	179	0	0	2	2	3	6	57	67	77	87	97	107	
1070	180	0	0	4	7	8	9	10	5	5	15	25	35	45	
1071	181	0	0	2	2	3	5	61	71	81	91	101	
1072	181	0	0	4	5	6	7	8	5	62	72	82	92	102	
1073	182	0	0	2	14	15	6	3	13	23	33	43	53	
1074	182	0	0	4	7	8	9	10	6	2	12	22	32	42	52	
1075	183	0	0	2	6	7	6	56	66	76	86	96	106	
1076	183	0	0	4	13	14	15	16	6	57	67	77	87	97	107	
1077	184	0	0	2	6	7	11	0	5	10	15	20	25	30	35	40	45	50	
1078	184	0	0	2	12	13	11	4	9	14	19	24	29	34	39	44	49	54	
1079	185	0	0	4	13	14	15	16	6	2	12	22	32	42	52	
1080	185	0	0	4	6	7	8	9	6	1	11	21	31	41	51	
1081	186	0	0	4	9	10	11	12	5	6	16	26	36	46	
1082	186	0	0	2	5	6	5	9	19	29	39	49	
1083	187	0	0	2	2	3	5	5	15	25	35	45	
1084	187	0	0	4	0	1	2	3	5	6	16	26	36	46	
1085	188	0	0	2	12	13	11	3	8	13	18	23	28	33	38	43	48	53	
1086	188	0	0	2	8	9	11	1	6	11	16	21	26	31	36	41	46	51	
1087	189	0	0	4	5	6	7	8	5	5	15	25	35	45	
1088	189	0	0	4	11	12	13	14	5	8	18	28	38	48	
1089	190	0	0	4	11	12	13	14	5	63	73	83	93	103	
1090	191	0	0	4	8	9	10	11	6	0	10	20	30	40	50	
1091	191	0	0	2	2	3	6	4	14	24	34	44	54	
1092	192	0	0	2	2	3	11	58	63	68	73	78	83	88	93	98	103	108	
1093	193	0	0	4	14	15	16	17	6	2	12	22	32	42	52	
1094	193	0	0	4	9	10	11	12	6	1	11	21	31	41	51	
1095	193	0	0	2	10	11	6	3	13	23	33	43	53	
1096	193	0	0	2	15	16	6	0	10	20	30	40	50	
1097	194	0	0	2	7	8	11	57	62	67	72	77	82	87	92	97	102	107	
1098	194	0	0	4	11	12	13	14	11	58	63	68	73	78	83	88	93	98	103	108	
1099	195	0	0	4	2	3	4	5	11	58	63	68	73	78	83	88	93	98	103	108	
1100	195	0	0	2	7	8	11	56	61	66	71	76	81	86	91	96	101	106	
1101	196	1	0	2	16	17	11	57	62	67	72	77	82	87	92	97	102	107	
1102	196	1	0	2	6	7	11	55	60	65	70	75	80	85	90	95	100	105	
1103	196	1	0	2	10	11	11	58	63	68	73	78	83	88	93	98	103	108	
1104	196	1	0	2	2	3	11	56	61	66	71	76	81	86	91	96	101	106	
1105	197	0	0	4	3	4	5	6	6	0	10	20	30	40	50	
1106	198	0	0	2	6	7	11	56	61	66	71	76	81	86	91	96	101	106	
1107	199	0	0	2	12	13	11	0	5	10	15	20	25	30	35	40	45	50	
1108	199	0	0	4	8	9	10	11	11	4	9	14	19	24	29	34	39	44	49	54	
1109	199	0	0	2	6	7	11	1	6	11	16	21	26	31	36	41	46	51	
1110	199	0	0	4	5	6	7	8	11	2	7	12	17	22	27	32	37	42	47	52	
1111	200	0	0	4	9	10	11	12	11	58	63	68	73	78	83	88	93	98	103	108	
1112	200	0	0	2	8	9	11	59	64	69	74	79	84	89	94	99	104	109	
1113	201	0	0	4	12	13	14	15	5	6	16	26	36	46	
1114	201	0	0	2	11	12	5	5	15	25	35	45	
1115	202	0	0	4	11	12	13	14	11	3	8	13	18	23	28	33	38	43	48	53	
1116	203	0	0	2	3	4	6	4	14	24	34	44	54	
1117	204	0	0	2	8	9	5	7	17	27	37	47	
1118	204	0	0	4	5	6	7	8	5	8	18	28	38	48	
1119	205	0	0	2	15	16	5	63	73	83	93	103	
1120	205	0	0	4	4	5	6	7	5	61	71	81	91	101	
1121	206	0	0	4	4	5	6	7	11	4	9	14	19	24	29	34	39	44	49	54	
1122	206	0	0	2	5	6	11	1	6	11	16	21	26	31	36	41	46	51	
1123	207	0	0	4	11	12	13	14	6	56	66	76	86	96	106	
1124	207	0	0	4	14	15	16	17	6	57	67	77	87	97	107	
1125	208	0	0	2	2	3	6	58	68	78	88	98	108	
1126	209	0	0	2	4	5	11	4	9	14	19	24	29	34	39	44	49	54	
1127	209	0	0	2	14	15	11	1	6	11	16	21	26	31	36	41	46	51	
1128	209	0	0	2	7	8	11	3	8	13	18	23	28	33	38	43	48	53	
1129	209	0	0	4	0	1	2	3	11	2	7	12	17	22	27	32	37	42	47	52	
1130	210	0	0	4	10	11	12	13	6	59	69	79	89	99	109	
1131	211	0	0	2	15	16	5	6	16	26	36	46	
1132	211	0	0	4	0	1	2	3	5	8	18	28	38	48	
1133	212	0	0	2	14	15	5	8	18	28	38	48	
1134	212	0	0	2	9	10	5	7	17	27	37	47	
1135	213	0	0	4	12	13	14	15	5	62	72	82	92	102	
1136	213	0	0	2	6	7	5	60	70	80	90	100	
1137	213	0	0	4	3	4	5	6	5	64	74	84	94	104	
1138	213	0	0	2	16	17	5	61	71	81	91	101	
1139	214	0	0	4	5	6	7	8	5	7	17	27	37	47	
1140	214	0	0	2	15	16	5	9	19	29	39	49	
1141	214	0	0	2	7	8	5	6	16	26	36	46	
1142	214	0	0	4	13	14	15	16	5	5	15	25	35	45	
1143	215	2	0	2	3	4	5	5	15	25	35	45	
1144	215	2	0	4	7	8	9	10	5	7	17	27	37	47	
1145	215	2	0	4	13	14	15	16	5	6	16	26	36	46	
1146	216	0	0	2	1	2	6	59	69	79	89	99	109	
1147	216	0	0	4	13	14	15	16	6	55	65	75	85	95	105	
1148	217	0	0	2	15	16	5	63	73	83	93	103	
1149	217	0	0	4	3	4	5	6	5	62	72	82	92	102	
1150	217	0	0	4	12	13	14	15	5	61	71	81	91	101	
1151	218	0	0	2	3	4	6	0	10	20	30	40	50	
1152	218	0	0	4	8	9	10	11	6	4	14	24	34	44	54	
1153	219	0	0	2	12	13	5	7	17	27	37	47	
1154	220	0	0	2	13	14	11	57	62	67	72	77	82	87	92	97	102	107	
1155	221	0	0	2	2	3	11	0	5	10	15	20	25	30	35	40	45	50	
1156	222	0	0	2	7	8	11	4	9	14	19	24	29	34	39	44	49	54	
1157	223	0	0	2	12	13	11	2	7	12	17	22	27	32	37	42	47	52	
1158	224	0	0	2	14	15	5	61	71	81	91	101	
1159	225	0	0	2	12	13	11	1	6	11	16	21	26	31	36	41	46	51	
1160	226	0	0	4	3	4	5	6	5	62	72	82	92	102	
1161	227	0	0	4	13	14	15	16	5	6	16	26	36	46	
1162	227	0	0	2	15	16	5	8	18	28	38	48	
1163	227	0	0	2	7	8	5	9	19	29	39	49	
1164	227	0	0	4	6	7	8	9	5	7	17	27	37	47	
1165	228	0	0	2	6	7	6	3	13	23	33	43	53	
1166	228	0	0	2	8	9	6	1	11	21	31	41	51	
1167	229	0	0	2	10	11	6	58	68	78	88	98	108	
1168	229	0	0	4	3	4	5	6	6	56	66	76	86	96	106	
1169	229	0	0	4	11	12	13	14	6	59	69	79	89	99	109	
1170	230	0	0	4	1	2	3	4	6	4	14	24	34	44	54	
1171	230	0	0	2	10	11	6	0	10	20	30	40	50	
1172	231	0	0	2	9	10	6	55	65	75	85	95	105	
1173	231	0	0	4	3	4	5	6	6	56	66	76	86	96	106	
1174	232	0	0	4	13	14	15	16	11	55	60	65	70	75	80	85	90	95	100	105	
1175	232	0	0	2	9	10	11	58	63	68	73	78	83	88	93	98	103	108	
1176	233	0	0	2	13	14	6	2	12	22	32	42	52	
1177	233	0	0	2	0	1	6	0	10	20	30	40	50	
1178	234	0	0	4	0	1	2	3	6	56	66	76	86	96	106	
1179	234	0	0	2	12	13	6	55	65	75	85	95	105	
1180	234	0	0	4	11	12	13	14	6	58	68	78	88	98	108	
1181	234	0	0	2	7	8	6	57	67	77	87	97	107	
1182	235	0	0	2	13	14	6	2	12	22	32	42	52	
1183	235	0	0	2	2	3	6	0	10	20	30	40	50	
1184	236	0	0	4	13	14	15	16	11	58	63	68	73	78	83	88	93	98	103	108	
1185	237	0	0	4	3	4	5	6	11	0	5	10	15	20	25	30	35	40	45	50	
1186	238	0	0	4	2	3	4	5	6	59	69	79	89	99	109	
1187	238	0	0	4	14	15	16	17	6	55	65	75	85	95	105	
1188	239	0	0	4	7	8	9	10	5	64	74	84	94	104	
1189	239	0	0	2	11	12	5	63	73	83	93	103	
1190	239	0	0	4	9	10	11	12	5	60	70	80	90	100	
1191	239	0	0	2	3	4	5	61	71	81	91	101	
1192	240	0	0	4	9	10	11	12	11	55	60	65	70	75	80	85	90	95	100	105	
1193	240	0	0	2	6	7	11	56	61	66	71	76	81	86	91	96	101	106	
1194	240	0	0	2	16	17	11	58	63	68	73	78	83	88	93	98	103	108	
1195	240	0	0	4	7	8	9	10	11	57	62	67	72	77	82	87	92	97	102	107	
1196	241	0	0	2	8	9	6	3	13	23	33	43	53	
1197	241	0	0	4	13	14	15	16	6	4	14	24	34	44	54	
1198	242	0	0	2	11	12	6	58	68	78	88	98	108	
1199	243	0	0	4	5	6	7	8	6	59	69	79	89	99	109	
1200	243	0	0	2	12	13	6	55	65	75	85	95	105	
1201	244	0	0	4	2	3	4	5	11	2	7	12	17	22	27	32	37	42	47	52	
1202	244	0	0	2	4	5	11	4	9	14	19	24	29	34	39	44	49	54	
1203	245	1	0	2	15	16	11	56	61	66	71	76	81	86	91	96	101	106	
1204	246	0	0	4	5	6	7	8	6	4	14	24	34	44	54	
1205	247	0	0	2	5	6	6	1	11	21	31	41	51	
1206	248	0	0	4	12	13	14	15	11	1	6	11	16	21	26	31	36	41	46	51	
1207	248	0	0	4	5	6	7	8	11	0	5	10	15	20	25	30	35	40	45	50	
1208	249	0	0	4	10	11	12	13	5	62	72	82	92	102	
1209	249	0	0	4	12	13	14	15	5	60	70	80	90	100	
1210	249	0	0	4	1	2	3	4	5	64	74	84	94	104	
1211	249	0	0	2	8	9	5	61	71	81	91	101	
1212	250	0	0	4	3	4	5	6	6	59	69	79	89	99	109	
1213	251	0	0	4	3	4	5	6	6	3	13	23	33	43	53	
1214	252	1	0	2	2	3	5	6	16	26	36	46	
1215	253	0	0	2	16	17	5	60	70	80	90	100	
1216	254	0	0	2	14	15	6	3	13	23	33	43	53	
1217	255	0	0	2	2	3	11	55	60	65	70	75	80	85	90	95	100	105	
1218	256	0	0	2	16	17	6	4	14	24	34	44	54	
1219	257	0	0	2	14	15	6	57	67	77	87	97	107	
1220	257	0	0	4	14	15	16	17	6	59	69	79	89	99	109	
1221	257	0	0	4	0	1	2	3	6	58	68	78	88	98	108	
1222	257	0	0	2	3	4	6	56	66	76	86	96	106	
1223	258	0	0	2	4	5	6	58	68	78	88	98	108	
1224	258	0	0	4	1	2	3	4	6	59	69	79	89	99	109	
1225	259	0	0	4	6	7	8	9	6	0	10	20	30	40	50	
1226	260	1	0	4	1	2	3	4	6	59	69	79	89	99	109	
1227	260	1	0	4	9	10	11	12	6	56	66	76	86	96	106	
1228	261	0	0	4	0	1	2	3	6	57	67	77	87	97	107	
1229	261	0	0	2	5	6	6	56	66	76	86	96	106	
1230	262	0	0	4	6	7	8	9	6	3	13	23	33	43	53	
1231	263	0	0	2	7	8	5	60	70	80	90	100	
1232	264	0	0	2	8	9	5	61	71	81	91	101	
1233	265	0	0	2	4	5	11	4	9	14	19	24	29	34	39	44	49	54	
1234	266	0	0	4	1	2	3	4	5	64	74	84	94	104	
1235	266	0	0	2	3	4	5	62	72	82	92	102	
1236	267	0	0	2	14	15	11	3	8	13	18	23	28	33	38	43	48	53	
1237	268	0	0	4	4	5	6	7	5	7	17	27	37	47	
1238	268	0	0	2	12	13	5	6	16	26	36	46	
1239	269	0	0	4	11	12	13	14	5	63	73	83	93	103	
1240	270	0	0	2	15	16	6	4	14	24	34	44	54	
1241	271	0	0	4	10	11	12	13	6	0	10	20	30	40	50	
1242	272	0	0	2	3	4	6	2	12	22	32	42	52	
1243	273	0	0	4	11	12	13	14	6	2	12	22	32	42	52	
1244	273	0	0	2	0	1	6	3	13	23	33	43	53	
1245	274	0	0	2	7	8	6	55	65	75	85	95	105	
1246	274	0	0	4	2	3	4	5	6	59	69	79	89	99	109	
1247	275	0	0	2	7	8	6	57	67	77	87	97	107	
1248	276	2	0	4	8	9	10	11	5	62	72	82	92	102	
1249	277	0	0	4	2	3	4	5	11	55	60	65	70	75	80	85	90	95	100	105	
1250	278	0	0	4	3	4	5	6	5	63	73	83	93	103	
1251	279	0	0	4	9	10	11	12	5	5	15	25	35	45	
1252	279	0	0	4	5	6	7	8	5	9	19	29	39	49	
1253	280	1	0	2	4	5	11	57	62	67	72	77	82	87	92	97	102	107	
1254	280	1	0	2	1	2	11	56	61	66	71	76	81	86	91	96	101	106	
1255	281	2	0	4	9	10	11	12	6	4	14	24	34	44	54	
1256	281	2	0	4	10	11	12	13	6	1	11	21	31	41	51	
1257	282	0	0	2	15	16	11	59	64	69	74	79	84	89	94	99	104	109	
1258	283	2	0	2	10	11	5	7	17	27	37	47	
1259	283	2	0	4	1	2	3	4	5	6	16	26	36	46	
1260	284	0	0	2	13	14	5	62	72	82	92	102	
1261	284	0	0	4	7	8	9	10	5	60	70	80	90	100	
1262	285	1	0	2	11	12	6	56	66	76	86	96	106	
1263	286	0	0	2	3	4	5	8	18	28	38	48	
1264	286	0	0	4	13	14	15	16	5	9	19	29	39	49	
1265	287	0	0	4	2	3	4	5	5	7	17	27	37	47	
1266	288	0	0	4	5	6	7	8	5	8	18	28	38	48	
1267	288	0	0	4	9	10	11	12	5	6	16	26	36	46	
1268	289	0	0	2	12	13	5	6	16	26	36	46	
1269	289	0	0	2	11	12	5	9	19	29	39	49	
1270	290	0	0	2	12	13	11	4	9	14	19	24	29	34	39	44	49	54	
1271	290	0	0	2	5	6	11	1	6	11	16	21	26	31	36	41	46	51	
1272	291	0	0	2	8	9	6	55	65	75	85	95	105	
1273	291	0	0	2	1	2	6	57	67	77	87	97	107	
1274	292	0	0	4	10	11	12	13	5	62	72	82	92	102	
1275	292	0	0	4	11	12	13	14	5	63	73	83	93	103	
1276	292	0	0	2	9	10	5	64	74	84	94	104	
1277	292	0	0	2	7	8	5	61	71	81	91	101	
1278	293	0	0	2	16	17	5	5	15	25	35	45	
1279	293	0	0	4	13	14	15	16	5	6	16	26	36	46	
1280	294	0	0	2	0	1	5	60	70	80	90	100	
1281	295	0	0	2	8	9	6	4	14	24	34	44	54	
1282	295	0	0	2	14	15	6	1	11	21	31	41	51	
1283	295	0	0	4	7	8	9	10	6	2	12	22	32	42	52	
1284	296	0	0	4	12	13	14	15	5	62	72	82	92	102	
1285	296	0	0	2	1	2	5	61	71	81	91	101	
1286	297	0	0	4	12	13	14	15	6	58	68	78	88	98	108	
1287	298	0	0	4	14	15	16	17	6	0	10	20	30	40	50	
1288	298	0	0	2	11	12	6	4	14	24	34	44	54	
1289	299	0	0	4	1	2	3	4	5	60	70	80	90	100	
1290	299	0	0	2	13	14	5	64	74	84	94	104	

