1208	640	568
0
0 	 0 	 0 	 1 	 2 	 5 	 6 	 6 	 56 	 66 	 76 	 86 	 96 	 106
1 	 0 	 0 	 2 	 2 	 1 	 2 	 6 	 58 	 68 	 78 	 88 	 98 	 108
2 	 0 	 0 	 5 	 6 	 2 	 3 	 4 	 5 	 6 	 7 	 6 	 59 	 69 	 79 	 89 	 99 	 109
3 	 1 	 0 	 8 	 2 	 15 	 16 	 6 	 59 	 69 	 79 	 89 	 99 	 109
4 	 2 	 1 	 9 	 2 	 5 	 6 	 11 	 55 	 60 	 65 	 70 	 75 	 80 	 85 	 90 	 95 	 100 	 105
5 	 2 	 1 	 4 	 2 	 6 	 7 	 11 	 59 	 64 	 69 	 74 	 79 	 84 	 89 	 94 	 99 	 104 	 109
6 	 3 	 0 	 6 	 4 	 6 	 7 	 8 	 9 	 5 	 60 	 70 	 80 	 90 	 100
7 	 4 	 0 	 6 	 2 	 0 	 1 	 5 	 60 	 70 	 80 	 90 	 100
8 	 4 	 0 	 9 	 2 	 2 	 3 	 5 	 60 	 70 	 80 	 90 	 100
9 	 4 	 0 	 6 	 2 	 4 	 5 	 5 	 60 	 70 	 80 	 90 	 100
10 	 4 	 0 	 7 	 2 	 6 	 7 	 5 	 60 	 70 	 80 	 90 	 100
11 	 4 	 0 	 7 	 2 	 8 	 9 	 5 	 60 	 70 	 80 	 90 	 100
12 	 4 	 0 	 7 	 2 	 10 	 11 	 5 	 60 	 70 	 80 	 90 	 100
13 	 4 	 0 	 8 	 2 	 12 	 13 	 5 	 60 	 70 	 80 	 90 	 100
14 	 4 	 0 	 10 	 2 	 14 	 15 	 5 	 60 	 70 	 80 	 90 	 100
15 	 4 	 0 	 5 	 2 	 16 	 17 	 5 	 60 	 70 	 80 	 90 	 100
16 	 5 	 0 	 4 	 2 	 15 	 16 	 11 	 0 	 5 	 10 	 15 	 20 	 25 	 30 	 35 	 40 	 45 	 50
17 	 6 	 0 	 8 	 2 	 8 	 9 	 5 	 61 	 71 	 81 	 91 	 101
18 	 7 	 0 	 2 	 2 	 6 	 7 	 5 	 5 	 15 	 25 	 35 	 45
19 	 7 	 0 	 10 	 2 	 8 	 9 	 5 	 5 	 15 	 25 	 35 	 45
20 	 7 	 0 	 10 	 2 	 10 	 11 	 5 	 5 	 15 	 25 	 35 	 45
21 	 7 	 0 	 5 	 2 	 12 	 13 	 5 	 5 	 15 	 25 	 35 	 45
22 	 7 	 0 	 1 	 2 	 14 	 15 	 5 	 5 	 15 	 25 	 35 	 45
23 	 8 	 0 	 1 	 2 	 10 	 11 	 6 	 59 	 69 	 79 	 89 	 99 	 109
24 	 9 	 1 	 8 	 2 	 2 	 3 	 11 	 55 	 60 	 65 	 70 	 75 	 80 	 85 	 90 	 95 	 100 	 105
25 	 9 	 1 	 9 	 2 	 4 	 5 	 11 	 55 	 60 	 65 	 70 	 75 	 80 	 85 	 90 	 95 	 100 	 105
26 	 9 	 1 	 9 	 2 	 6 	 7 	 11 	 55 	 60 	 65 	 70 	 75 	 80 	 85 	 90 	 95 	 100 	 105
27 	 9 	 1 	 7 	 2 	 8 	 9 	 11 	 55 	 60 	 65 	 70 	 75 	 80 	 85 	 90 	 95 	 100 	 105
28 	 10 	 0 	 3 	 2 	 12 	 13 	 6 	 2 	 12 	 22 	 32 	 42 	 52
29 	 11 	 0 	 9 	 2 	 14 	 15 	 11 	 3 	 8 	 13 	 18 	 23 	 28 	 33 	 38 	 43 	 48 	 53
30 	 12 	 0 	 5 	 2 	 1 	 2 	 6 	 3 	 13 	 23 	 33 	 43 	 53
31 	 12 	 0 	 7 	 2 	 3 	 4 	 6 	 3 	 13 	 23 	 33 	 43 	 53
32 	 12 	 0 	 2 	 2 	 5 	 6 	 6 	 3 	 13 	 23 	 33 	 43 	 53
33 	 12 	 0 	 7 	 2 	 7 	 8 	 6 	 3 	 13 	 23 	 33 	 43 	 53
34 	 12 	 0 	 9 	 2 	 9 	 10 	 6 	 3 	 13 	 23 	 33 	 43 	 53
35 	 12 	 0 	 4 	 2 	 11 	 12 	 6 	 3 	 13 	 23 	 33 	 43 	 53
36 	 12 	 0 	 4 	 2 	 13 	 14 	 6 	 3 	 13 	 23 	 33 	 43 	 53
37 	 13 	 0 	 4 	 2 	 2 	 3 	 6 	 4 	 14 	 24 	 34 	 44 	 54
38 	 13 	 0 	 10 	 2 	 4 	 5 	 6 	 4 	 14 	 24 	 34 	 44 	 54
39 	 13 	 0 	 6 	 2 	 6 	 7 	 6 	 4 	 14 	 24 	 34 	 44 	 54
40 	 13 	 0 	 5 	 2 	 8 	 9 	 6 	 4 	 14 	 24 	 34 	 44 	 54
41 	 14 	 0 	 6 	 2 	 6 	 7 	 6 	 0 	 10 	 20 	 30 	 40 	 50
42 	 15 	 0 	 2 	 2 	 6 	 7 	 6 	 1 	 11 	 21 	 31 	 41 	 51
43 	 16 	 0 	 2 	 2 	 14 	 15 	 5 	 60 	 70 	 80 	 90 	 100
44 	 17 	 0 	 8 	 2 	 14 	 15 	 6 	 59 	 69 	 79 	 89 	 99 	 109
45 	 18 	 0 	 3 	 2 	 1 	 2 	 11 	 3 	 8 	 13 	 18 	 23 	 28 	 33 	 38 	 43 	 48 	 53
46 	 19 	 0 	 8 	 2 	 13 	 14 	 11 	 55 	 60 	 65 	 70 	 75 	 80 	 85 	 90 	 95 	 100 	 105
47 	 19 	 0 	 7 	 4 	 13 	 14 	 15 	 16 	 11 	 56 	 61 	 66 	 71 	 76 	 81 	 86 	 91 	 96 	 101 	 106
48 	 20 	 2 	 7 	 2 	 8 	 9 	 5 	 9 	 19 	 29 	 39 	 49
49 	 21 	 0 	 8 	 2 	 8 	 9 	 6 	 2 	 12 	 22 	 32 	 42 	 52
50 	 21 	 0 	 3 	 4 	 8 	 9 	 10 	 11 	 6 	 4 	 14 	 24 	 34 	 44 	 54
51 	 21 	 0 	 4 	 4 	 14 	 15 	 16 	 17 	 6 	 3 	 13 	 23 	 33 	 43 	 53
52 	 22 	 0 	 8 	 2 	 4 	 5 	 11 	 3 	 8 	 13 	 18 	 23 	 28 	 33 	 38 	 43 	 48 	 53
53 	 23 	 0 	 7 	 4 	 5 	 6 	 7 	 8 	 11 	 3 	 8 	 13 	 18 	 23 	 28 	 33 	 38 	 43 	 48 	 53
54 	 24 	 0 	 5 	 2 	 12 	 13 	 5 	 62 	 72 	 82 	 92 	 102
55 	 25 	 0 	 2 	 2 	 1 	 2 	 5 	 6 	 16 	 26 	 36 	 46
56 	 25 	 0 	 10 	 2 	 3 	 4 	 5 	 6 	 16 	 26 	 36 	 46
57 	 25 	 0 	 9 	 2 	 5 	 6 	 5 	 6 	 16 	 26 	 36 	 46
58 	 25 	 0 	 9 	 2 	 7 	 8 	 5 	 6 	 16 	 26 	 36 	 46
59 	 25 	 0 	 9 	 2 	 9 	 10 	 5 	 6 	 16 	 26 	 36 	 46
60 	 25 	 0 	 6 	 2 	 11 	 12 	 5 	 6 	 16 	 26 	 36 	 46
61 	 25 	 0 	 4 	 2 	 13 	 14 	 5 	 6 	 16 	 26 	 36 	 46
62 	 25 	 0 	 2 	 2 	 15 	 16 	 5 	 6 	 16 	 26 	 36 	 46
63 	 26 	 2 	 6 	 2 	 0 	 1 	 5 	 61 	 71 	 81 	 91 	 101
64 	 26 	 2 	 7 	 2 	 2 	 3 	 5 	 61 	 71 	 81 	 91 	 101
65 	 26 	 2 	 7 	 2 	 4 	 5 	 5 	 61 	 71 	 81 	 91 	 101
66 	 26 	 2 	 6 	 2 	 6 	 7 	 5 	 61 	 71 	 81 	 91 	 101
67 	 26 	 2 	 7 	 2 	 8 	 9 	 5 	 61 	 71 	 81 	 91 	 101
68 	 26 	 2 	 1 	 2 	 10 	 11 	 5 	 61 	 71 	 81 	 91 	 101
69 	 26 	 2 	 6 	 2 	 12 	 13 	 5 	 61 	 71 	 81 	 91 	 101
70 	 26 	 2 	 3 	 2 	 14 	 15 	 5 	 61 	 71 	 81 	 91 	 101
71 	 26 	 2 	 2 	 2 	 16 	 17 	 5 	 61 	 71 	 81 	 91 	 101
72 	 27 	 0 	 5 	 2 	 3 	 4 	 11 	 1 	 6 	 11 	 16 	 21 	 26 	 31 	 36 	 41 	 46 	 51
73 	 28 	 0 	 1 	 2 	 12 	 13 	 11 	 55 	 60 	 65 	 70 	 75 	 80 	 85 	 90 	 95 	 100 	 105
74 	 28 	 0 	 2 	 2 	 15 	 16 	 11 	 59 	 64 	 69 	 74 	 79 	 84 	 89 	 94 	 99 	 104 	 109
75 	 29 	 0 	 3 	 4 	 13 	 14 	 15 	 16 	 6 	 56 	 66 	 76 	 86 	 96 	 106
76 	 30 	 1 	 8 	 4 	 8 	 9 	 10 	 11 	 5 	 63 	 73 	 83 	 93 	 103
77 	 31 	 0 	 2 	 2 	 3 	 4 	 11 	 0 	 5 	 10 	 15 	 20 	 25 	 30 	 35 	 40 	 45 	 50
78 	 32 	 0 	 10 	 4 	 4 	 5 	 6 	 7 	 6 	 2 	 12 	 22 	 32 	 42 	 52
79 	 33 	 0 	 9 	 4 	 0 	 1 	 2 	 3 	 6 	 55 	 65 	 75 	 85 	 95 	 105
80 	 34 	 0 	 3 	 2 	 13 	 14 	 11 	 57 	 62 	 67 	 72 	 77 	 82 	 87 	 92 	 97 	 102 	 107
81 	 35 	 0 	 6 	 2 	 15 	 16 	 11 	 59 	 64 	 69 	 74 	 79 	 84 	 89 	 94 	 99 	 104 	 109
82 	 36 	 0 	 6 	 4 	 6 	 7 	 8 	 9 	 11 	 1 	 6 	 11 	 16 	 21 	 26 	 31 	 36 	 41 	 46 	 51
83 	 37 	 0 	 1 	 2 	 0 	 1 	 11 	 55 	 60 	 65 	 70 	 75 	 80 	 85 	 90 	 95 	 100 	 105
84 	 37 	 0 	 2 	 4 	 0 	 1 	 2 	 3 	 11 	 57 	 62 	 67 	 72 	 77 	 82 	 87 	 92 	 97 	 102 	 107
85 	 38 	 0 	 7 	 4 	 13 	 14 	 15 	 16 	 5 	 5 	 15 	 25 	 35 	 45
86 	 38 	 0 	 10 	 2 	 9 	 10 	 5 	 7 	 17 	 27 	 37 	 47
87 	 39 	 0 	 4 	 2 	 0 	 1 	 11 	 56 	 61 	 66 	 71 	 76 	 81 	 86 	 91 	 96 	 101 	 106
88 	 40 	 0 	 4 	 4 	 7 	 8 	 9 	 10 	 11 	 58 	 63 	 68 	 73 	 78 	 83 	 88 	 93 	 98 	 103 	 108
89 	 41 	 0 	 10 	 2 	 2 	 3 	 6 	 4 	 14 	 24 	 34 	 44 	 54
90 	 42 	 0 	 2 	 2 	 10 	 11 	 11 	 59 	 64 	 69 	 74 	 79 	 84 	 89 	 94 	 99 	 104 	 109
91 	 42 	 0 	 6 	 4 	 10 	 11 	 12 	 13 	 11 	 55 	 60 	 65 	 70 	 75 	 80 	 85 	 90 	 95 	 100 	 105
92 	 42 	 0 	 6 	 2 	 7 	 8 	 11 	 57 	 62 	 67 	 72 	 77 	 82 	 87 	 92 	 97 	 102 	 107
93 	 43 	 0 	 4 	 2 	 12 	 13 	 11 	 0 	 5 	 10 	 15 	 20 	 25 	 30 	 35 	 40 	 45 	 50
94 	 44 	 0 	 5 	 2 	 11 	 12 	 5 	 64 	 74 	 84 	 94 	 104
95 	 45 	 0 	 6 	 2 	 8 	 9 	 11 	 2 	 7 	 12 	 17 	 22 	 27 	 32 	 37 	 42 	 47 	 52
96 	 46 	 0 	 1 	 4 	 4 	 5 	 6 	 7 	 5 	 60 	 70 	 80 	 90 	 100
97 	 46 	 0 	 9 	 2 	 5 	 6 	 5 	 64 	 74 	 84 	 94 	 104
98 	 46 	 0 	 8 	 2 	 1 	 2 	 5 	 63 	 73 	 83 	 93 	 103
99 	 47 	 0 	 8 	 2 	 0 	 1 	 6 	 3 	 13 	 23 	 33 	 43 	 53
100 	 48 	 0 	 10 	 2 	 11 	 12 	 11 	 1 	 6 	 11 	 16 	 21 	 26 	 31 	 36 	 41 	 46 	 51
101 	 49 	 0 	 3 	 2 	 8 	 9 	 5 	 6 	 16 	 26 	 36 	 46
102 	 50 	 2 	 10 	 2 	 5 	 6 	 11 	 55 	 60 	 65 	 70 	 75 	 80 	 85 	 90 	 95 	 100 	 105
103 	 51 	 0 	 5 	 4 	 13 	 14 	 15 	 16 	 6 	 58 	 68 	 78 	 88 	 98 	 108
104 	 52 	 0 	 5 	 2 	 3 	 4 	 6 	 58 	 68 	 78 	 88 	 98 	 108
105 	 53 	 1 	 8 	 2 	 0 	 1 	 5 	 8 	 18 	 28 	 38 	 48
106 	 53 	 1 	 8 	 2 	 2 	 3 	 5 	 8 	 18 	 28 	 38 	 48
107 	 53 	 1 	 7 	 2 	 4 	 5 	 5 	 8 	 18 	 28 	 38 	 48
108 	 53 	 1 	 10 	 2 	 6 	 7 	 5 	 8 	 18 	 28 	 38 	 48
109 	 53 	 1 	 6 	 2 	 8 	 9 	 5 	 8 	 18 	 28 	 38 	 48
110 	 53 	 1 	 10 	 2 	 10 	 11 	 5 	 8 	 18 	 28 	 38 	 48
111 	 53 	 1 	 8 	 2 	 12 	 13 	 5 	 8 	 18 	 28 	 38 	 48
112 	 53 	 1 	 1 	 2 	 14 	 15 	 5 	 8 	 18 	 28 	 38 	 48
113 	 53 	 1 	 5 	 2 	 16 	 17 	 5 	 8 	 18 	 28 	 38 	 48
114 	 54 	 0 	 3 	 2 	 0 	 1 	 11 	 2 	 7 	 12 	 17 	 22 	 27 	 32 	 37 	 42 	 47 	 52
115 	 54 	 0 	 4 	 2 	 2 	 3 	 11 	 2 	 7 	 12 	 17 	 22 	 27 	 32 	 37 	 42 	 47 	 52
116 	 54 	 0 	 3 	 2 	 4 	 5 	 11 	 2 	 7 	 12 	 17 	 22 	 27 	 32 	 37 	 42 	 47 	 52
117 	 54 	 0 	 6 	 2 	 6 	 7 	 11 	 2 	 7 	 12 	 17 	 22 	 27 	 32 	 37 	 42 	 47 	 52
118 	 55 	 0 	 1 	 2 	 8 	 9 	 6 	 0 	 10 	 20 	 30 	 40 	 50
119 	 56 	 2 	 4 	 4 	 9 	 10 	 11 	 12 	 6 	 1 	 11 	 21 	 31 	 41 	 51
120 	 56 	 2 	 2 	 2 	 10 	 11 	 6 	 0 	 10 	 20 	 30 	 40 	 50
121 	 56 	 2 	 7 	 2 	 13 	 14 	 6 	 3 	 13 	 23 	 33 	 43 	 53
122 	 57 	 0 	 6 	 2 	 2 	 3 	 5 	 61 	 71 	 81 	 91 	 101
123 	 58 	 0 	 6 	 2 	 8 	 9 	 5 	 64 	 74 	 84 	 94 	 104
124 	 58 	 0 	 9 	 2 	 10 	 11 	 5 	 64 	 74 	 84 	 94 	 104
125 	 58 	 0 	 1 	 2 	 12 	 13 	 5 	 64 	 74 	 84 	 94 	 104
126 	 58 	 0 	 4 	 2 	 14 	 15 	 5 	 64 	 74 	 84 	 94 	 104
127 	 58 	 0 	 10 	 2 	 16 	 17 	 5 	 64 	 74 	 84 	 94 	 104
128 	 59 	 0 	 4 	 2 	 3 	 4 	 5 	 9 	 19 	 29 	 39 	 49
129 	 59 	 0 	 6 	 2 	 5 	 6 	 5 	 9 	 19 	 29 	 39 	 49
130 	 59 	 0 	 3 	 2 	 7 	 8 	 5 	 9 	 19 	 29 	 39 	 49
131 	 59 	 0 	 7 	 2 	 9 	 10 	 5 	 9 	 19 	 29 	 39 	 49
132 	 59 	 0 	 6 	 2 	 11 	 12 	 5 	 9 	 19 	 29 	 39 	 49
133 	 60 	 0 	 4 	 2 	 9 	 10 	 6 	 3 	 13 	 23 	 33 	 43 	 53
134 	 61 	 0 	 1 	 2 	 13 	 14 	 5 	 64 	 74 	 84 	 94 	 104
135 	 62 	 0 	 5 	 2 	 11 	 12 	 6 	 1 	 11 	 21 	 31 	 41 	 51
136 	 63 	 0 	 6 	 4 	 4 	 5 	 6 	 7 	 11 	 1 	 6 	 11 	 16 	 21 	 26 	 31 	 36 	 41 	 46 	 51
137 	 64 	 0 	 2 	 4 	 11 	 12 	 13 	 14 	 6 	 56 	 66 	 76 	 86 	 96 	 106
138 	 65 	 0 	 8 	 4 	 6 	 7 	 8 	 9 	 11 	 57 	 62 	 67 	 72 	 77 	 82 	 87 	 92 	 97 	 102 	 107
139 	 66 	 0 	 3 	 2 	 16 	 17 	 6 	 2 	 12 	 22 	 32 	 42 	 52
140 	 67 	 0 	 6 	 2 	 5 	 6 	 11 	 55 	 60 	 65 	 70 	 75 	 80 	 85 	 90 	 95 	 100 	 105
141 	 67 	 0 	 8 	 2 	 8 	 9 	 11 	 57 	 62 	 67 	 72 	 77 	 82 	 87 	 92 	 97 	 102 	 107
142 	 67 	 0 	 1 	 2 	 12 	 13 	 11 	 58 	 63 	 68 	 73 	 78 	 83 	 88 	 93 	 98 	 103 	 108
143 	 68 	 0 	 10 	 2 	 6 	 7 	 11 	 3 	 8 	 13 	 18 	 23 	 28 	 33 	 38 	 43 	 48 	 53
144 	 68 	 0 	 9 	 2 	 8 	 9 	 11 	 3 	 8 	 13 	 18 	 23 	 28 	 33 	 38 	 43 	 48 	 53
145 	 68 	 0 	 5 	 2 	 10 	 11 	 11 	 3 	 8 	 13 	 18 	 23 	 28 	 33 	 38 	 43 	 48 	 53
146 	 68 	 0 	 5 	 2 	 12 	 13 	 11 	 3 	 8 	 13 	 18 	 23 	 28 	 33 	 38 	 43 	 48 	 53
147 	 68 	 0 	 10 	 2 	 14 	 15 	 11 	 3 	 8 	 13 	 18 	 23 	 28 	 33 	 38 	 43 	 48 	 53
148 	 68 	 0 	 3 	 2 	 16 	 17 	 11 	 3 	 8 	 13 	 18 	 23 	 28 	 33 	 38 	 43 	 48 	 53
149 	 69 	 0 	 1 	 4 	 11 	 12 	 13 	 14 	 6 	 56 	 66 	 76 	 86 	 96 	 106
150 	 69 	 0 	 8 	 4 	 10 	 11 	 12 	 13 	 6 	 59 	 69 	 79 	 89 	 99 	 109
151 	 69 	 0 	 10 	 2 	 0 	 1 	 6 	 55 	 65 	 75 	 85 	 95 	 105
152 	 70 	 0 	 4 	 2 	 2 	 3 	 5 	 64 	 74 	 84 	 94 	 104
153 	 70 	 0 	 3 	 2 	 4 	 5 	 5 	 64 	 74 	 84 	 94 	 104
154 	 70 	 0 	 6 	 2 	 6 	 7 	 5 	 64 	 74 	 84 	 94 	 104
155 	 70 	 0 	 10 	 2 	 8 	 9 	 5 	 64 	 74 	 84 	 94 	 104
156 	 70 	 0 	 9 	 2 	 10 	 11 	 5 	 64 	 74 	 84 	 94 	 104
157 	 70 	 0 	 6 	 2 	 12 	 13 	 5 	 64 	 74 	 84 	 94 	 104
158 	 70 	 0 	 1 	 2 	 14 	 15 	 5 	 64 	 74 	 84 	 94 	 104
159 	 70 	 0 	 2 	 2 	 16 	 17 	 5 	 64 	 74 	 84 	 94 	 104
160 	 71 	 0 	 4 	 2 	 14 	 15 	 11 	 4 	 9 	 14 	 19 	 24 	 29 	 34 	 39 	 44 	 49 	 54
161 	 72 	 0 	 6 	 2 	 9 	 10 	 11 	 58 	 63 	 68 	 73 	 78 	 83 	 88 	 93 	 98 	 103 	 108
162 	 73 	 0 	 4 	 2 	 4 	 5 	 5 	 7 	 17 	 27 	 37 	 47
163 	 74 	 0 	 9 	 2 	 2 	 3 	 5 	 64 	 74 	 84 	 94 	 104
164 	 75 	 0 	 10 	 2 	 15 	 16 	 11 	 2 	 7 	 12 	 17 	 22 	 27 	 32 	 37 	 42 	 47 	 52
165 	 76 	 0 	 7 	 2 	 3 	 4 	 11 	 55 	 60 	 65 	 70 	 75 	 80 	 85 	 90 	 95 	 100 	 105
166 	 76 	 0 	 1 	 2 	 5 	 6 	 11 	 55 	 60 	 65 	 70 	 75 	 80 	 85 	 90 	 95 	 100 	 105
167 	 76 	 0 	 2 	 2 	 7 	 8 	 11 	 55 	 60 	 65 	 70 	 75 	 80 	 85 	 90 	 95 	 100 	 105
168 	 76 	 0 	 1 	 2 	 9 	 10 	 11 	 55 	 60 	 65 	 70 	 75 	 80 	 85 	 90 	 95 	 100 	 105
169 	 76 	 0 	 1 	 2 	 11 	 12 	 11 	 55 	 60 	 65 	 70 	 75 	 80 	 85 	 90 	 95 	 100 	 105
170 	 76 	 0 	 1 	 2 	 13 	 14 	 11 	 55 	 60 	 65 	 70 	 75 	 80 	 85 	 90 	 95 	 100 	 105
171 	 77 	 0 	 4 	 2 	 7 	 8 	 6 	 0 	 10 	 20 	 30 	 40 	 50
172 	 78 	 0 	 10 	 6 	 2 	 3 	 4 	 5 	 6 	 7 	 5 	 61 	 71 	 81 	 91 	 101
173 	 78 	 0 	 7 	 6 	 4 	 5 	 6 	 7 	 8 	 9 	 5 	 63 	 73 	 83 	 93 	 103
174 	 79 	 0 	 9 	 2 	 0 	 1 	 6 	 2 	 12 	 22 	 32 	 42 	 52
175 	 80 	 0 	 7 	 4 	 9 	 10 	 11 	 12 	 11 	 55 	 60 	 65 	 70 	 75 	 80 	 85 	 90 	 95 	 100 	 105
176 	 81 	 0 	 3 	 2 	 3 	 4 	 11 	 59 	 64 	 69 	 74 	 79 	 84 	 89 	 94 	 99 	 104 	 109
177 	 81 	 0 	 5 	 2 	 5 	 6 	 11 	 59 	 64 	 69 	 74 	 79 	 84 	 89 	 94 	 99 	 104 	 109
178 	 81 	 0 	 2 	 2 	 7 	 8 	 11 	 59 	 64 	 69 	 74 	 79 	 84 	 89 	 94 	 99 	 104 	 109
179 	 81 	 0 	 1 	 2 	 9 	 10 	 11 	 59 	 64 	 69 	 74 	 79 	 84 	 89 	 94 	 99 	 104 	 109
180 	 81 	 0 	 8 	 2 	 11 	 12 	 11 	 59 	 64 	 69 	 74 	 79 	 84 	 89 	 94 	 99 	 104 	 109
181 	 81 	 0 	 10 	 2 	 13 	 14 	 11 	 59 	 64 	 69 	 74 	 79 	 84 	 89 	 94 	 99 	 104 	 109
182 	 81 	 0 	 8 	 2 	 15 	 16 	 11 	 59 	 64 	 69 	 74 	 79 	 84 	 89 	 94 	 99 	 104 	 109
183 	 82 	 0 	 4 	 2 	 11 	 12 	 11 	 56 	 61 	 66 	 71 	 76 	 81 	 86 	 91 	 96 	 101 	 106
184 	 83 	 0 	 6 	 2 	 1 	 2 	 11 	 57 	 62 	 67 	 72 	 77 	 82 	 87 	 92 	 97 	 102 	 107
185 	 83 	 0 	 6 	 2 	 3 	 4 	 11 	 57 	 62 	 67 	 72 	 77 	 82 	 87 	 92 	 97 	 102 	 107
186 	 83 	 0 	 7 	 2 	 5 	 6 	 11 	 57 	 62 	 67 	 72 	 77 	 82 	 87 	 92 	 97 	 102 	 107
187 	 83 	 0 	 4 	 2 	 7 	 8 	 11 	 57 	 62 	 67 	 72 	 77 	 82 	 87 	 92 	 97 	 102 	 107
188 	 83 	 0 	 5 	 2 	 9 	 10 	 11 	 57 	 62 	 67 	 72 	 77 	 82 	 87 	 92 	 97 	 102 	 107
189 	 83 	 0 	 2 	 2 	 11 	 12 	 11 	 57 	 62 	 67 	 72 	 77 	 82 	 87 	 92 	 97 	 102 	 107
190 	 83 	 0 	 8 	 2 	 13 	 14 	 11 	 57 	 62 	 67 	 72 	 77 	 82 	 87 	 92 	 97 	 102 	 107
191 	 83 	 0 	 8 	 2 	 15 	 16 	 11 	 57 	 62 	 67 	 72 	 77 	 82 	 87 	 92 	 97 	 102 	 107
192 	 84 	 0 	 8 	 2 	 6 	 7 	 6 	 57 	 67 	 77 	 87 	 97 	 107
193 	 84 	 0 	 4 	 2 	 16 	 17 	 6 	 55 	 65 	 75 	 85 	 95 	 105
194 	 84 	 0 	 5 	 4 	 0 	 1 	 2 	 3 	 6 	 59 	 69 	 79 	 89 	 99 	 109
195 	 85 	 2 	 8 	 2 	 4 	 5 	 6 	 3 	 13 	 23 	 33 	 43 	 53
196 	 86 	 0 	 6 	 4 	 4 	 5 	 6 	 7 	 11 	 55 	 60 	 65 	 70 	 75 	 80 	 85 	 90 	 95 	 100 	 105
197 	 87 	 0 	 4 	 2 	 3 	 4 	 6 	 56 	 66 	 76 	 86 	 96 	 106
198 	 87 	 0 	 4 	 2 	 0 	 1 	 6 	 55 	 65 	 75 	 85 	 95 	 105
199 	 88 	 0 	 4 	 2 	 9 	 10 	 11 	 0 	 5 	 10 	 15 	 20 	 25 	 30 	 35 	 40 	 45 	 50
200 	 89 	 0 	 2 	 2 	 5 	 6 	 11 	 0 	 5 	 10 	 15 	 20 	 25 	 30 	 35 	 40 	 45 	 50
201 	 90 	 0 	 8 	 2 	 5 	 6 	 6 	 55 	 65 	 75 	 85 	 95 	 105
202 	 91 	 0 	 1 	 2 	 8 	 9 	 6 	 4 	 14 	 24 	 34 	 44 	 54
203 	 92 	 0 	 8 	 2 	 16 	 17 	 6 	 56 	 66 	 76 	 86 	 96 	 106
204 	 93 	 0 	 9 	 2 	 16 	 17 	 11 	 56 	 61 	 66 	 71 	 76 	 81 	 86 	 91 	 96 	 101 	 106
205 	 94 	 0 	 10 	 2 	 9 	 10 	 6 	 59 	 69 	 79 	 89 	 99 	 109
206 	 94 	 0 	 3 	 2 	 8 	 9 	 6 	 58 	 68 	 78 	 88 	 98 	 108
207 	 95 	 0 	 1 	 2 	 7 	 8 	 6 	 4 	 14 	 24 	 34 	 44 	 54
208 	 96 	 0 	 2 	 4 	 14 	 15 	 16 	 17 	 11 	 55 	 60 	 65 	 70 	 75 	 80 	 85 	 90 	 95 	 100 	 105
209 	 96 	 0 	 9 	 2 	 2 	 3 	 11 	 59 	 64 	 69 	 74 	 79 	 84 	 89 	 94 	 99 	 104 	 109
210 	 97 	 0 	 4 	 2 	 0 	 1 	 11 	 58 	 63 	 68 	 73 	 78 	 83 	 88 	 93 	 98 	 103 	 108
211 	 98 	 0 	 8 	 2 	 1 	 2 	 6 	 55 	 65 	 75 	 85 	 95 	 105
212 	 99 	 0 	 8 	 2 	 0 	 1 	 6 	 57 	 67 	 77 	 87 	 97 	 107
213 	 99 	 0 	 6 	 2 	 2 	 3 	 6 	 57 	 67 	 77 	 87 	 97 	 107
214 	 99 	 0 	 7 	 2 	 4 	 5 	 6 	 57 	 67 	 77 	 87 	 97 	 107
215 	 99 	 0 	 2 	 2 	 6 	 7 	 6 	 57 	 67 	 77 	 87 	 97 	 107
216 	 99 	 0 	 6 	 2 	 8 	 9 	 6 	 57 	 67 	 77 	 87 	 97 	 107
217 	 99 	 0 	 1 	 2 	 10 	 11 	 6 	 57 	 67 	 77 	 87 	 97 	 107
218 	 99 	 0 	 2 	 2 	 12 	 13 	 6 	 57 	 67 	 77 	 87 	 97 	 107
219 	 99 	 0 	 3 	 2 	 14 	 15 	 6 	 57 	 67 	 77 	 87 	 97 	 107
220 	 99 	 0 	 9 	 2 	 16 	 17 	 6 	 57 	 67 	 77 	 87 	 97 	 107
221 	 100 	 0 	 8 	 2 	 11 	 12 	 5 	 7 	 17 	 27 	 37 	 47
222 	 101 	 0 	 10 	 2 	 12 	 13 	 5 	 9 	 19 	 29 	 39 	 49
223 	 102 	 0 	 4 	 2 	 6 	 7 	 11 	 0 	 5 	 10 	 15 	 20 	 25 	 30 	 35 	 40 	 45 	 50
224 	 102 	 0 	 10 	 2 	 8 	 9 	 11 	 0 	 5 	 10 	 15 	 20 	 25 	 30 	 35 	 40 	 45 	 50
225 	 102 	 0 	 4 	 2 	 10 	 11 	 11 	 0 	 5 	 10 	 15 	 20 	 25 	 30 	 35 	 40 	 45 	 50
226 	 102 	 0 	 7 	 2 	 12 	 13 	 11 	 0 	 5 	 10 	 15 	 20 	 25 	 30 	 35 	 40 	 45 	 50
227 	 102 	 0 	 3 	 2 	 14 	 15 	 11 	 0 	 5 	 10 	 15 	 20 	 25 	 30 	 35 	 40 	 45 	 50
228 	 102 	 0 	 10 	 2 	 16 	 17 	 11 	 0 	 5 	 10 	 15 	 20 	 25 	 30 	 35 	 40 	 45 	 50
229 	 103 	 0 	 4 	 2 	 15 	 16 	 6 	 0 	 10 	 20 	 30 	 40 	 50
230 	 103 	 0 	 4 	 2 	 5 	 6 	 6 	 1 	 11 	 21 	 31 	 41 	 51
231 	 104 	 0 	 8 	 4 	 6 	 7 	 8 	 9 	 11 	 3 	 8 	 13 	 18 	 23 	 28 	 33 	 38 	 43 	 48 	 53
232 	 105 	 0 	 1 	 2 	 6 	 7 	 6 	 59 	 69 	 79 	 89 	 99 	 109
233 	 105 	 0 	 5 	 2 	 1 	 2 	 6 	 55 	 65 	 75 	 85 	 95 	 105
234 	 106 	 0 	 3 	 2 	 10 	 11 	 5 	 63 	 73 	 83 	 93 	 103
235 	 107 	 0 	 4 	 6 	 12 	 13 	 14 	 15 	 16 	 17 	 5 	 5 	 15 	 25 	 35 	 45
236 	 108 	 0 	 8 	 2 	 6 	 7 	 11 	 1 	 6 	 11 	 16 	 21 	 26 	 31 	 36 	 41 	 46 	 51
237 	 109 	 0 	 3 	 2 	 9 	 10 	 6 	 3 	 13 	 23 	 33 	 43 	 53
238 	 109 	 0 	 10 	 2 	 13 	 14 	 6 	 1 	 11 	 21 	 31 	 41 	 51
239 	 110 	 0 	 5 	 4 	 12 	 13 	 14 	 15 	 5 	 60 	 70 	 80 	 90 	 100
240 	 111 	 0 	 3 	 2 	 11 	 12 	 5 	 63 	 73 	 83 	 93 	 103
241 	 112 	 0 	 3 	 2 	 3 	 4 	 11 	 1 	 6 	 11 	 16 	 21 	 26 	 31 	 36 	 41 	 46 	 51
242 	 112 	 0 	 9 	 2 	 5 	 6 	 11 	 1 	 6 	 11 	 16 	 21 	 26 	 31 	 36 	 41 	 46 	 51
243 	 112 	 0 	 9 	 2 	 7 	 8 	 11 	 1 	 6 	 11 	 16 	 21 	 26 	 31 	 36 	 41 	 46 	 51
244 	 112 	 0 	 6 	 2 	 9 	 10 	 11 	 1 	 6 	 11 	 16 	 21 	 26 	 31 	 36 	 41 	 46 	 51
245 	 112 	 0 	 3 	 2 	 11 	 12 	 11 	 1 	 6 	 11 	 16 	 21 	 26 	 31 	 36 	 41 	 46 	 51
246 	 112 	 0 	 10 	 2 	 13 	 14 	 11 	 1 	 6 	 11 	 16 	 21 	 26 	 31 	 36 	 41 	 46 	 51
247 	 112 	 0 	 8 	 2 	 15 	 16 	 11 	 1 	 6 	 11 	 16 	 21 	 26 	 31 	 36 	 41 	 46 	 51
248 	 113 	 0 	 1 	 2 	 10 	 11 	 5 	 64 	 74 	 84 	 94 	 104
249 	 114 	 0 	 5 	 2 	 12 	 13 	 6 	 59 	 69 	 79 	 89 	 99 	 109
250 	 114 	 0 	 6 	 4 	 5 	 6 	 7 	 8 	 6 	 55 	 65 	 75 	 85 	 95 	 105
251 	 114 	 0 	 1 	 2 	 3 	 4 	 6 	 57 	 67 	 77 	 87 	 97 	 107
252 	 115 	 1 	 10 	 2 	 1 	 2 	 5 	 6 	 16 	 26 	 36 	 46
253 	 116 	 0 	 4 	 4 	 10 	 11 	 12 	 13 	 6 	 56 	 66 	 76 	 86 	 96 	 106
254 	 117 	 0 	 9 	 2 	 2 	 3 	 6 	 57 	 67 	 77 	 87 	 97 	 107
255 	 117 	 0 	 5 	 2 	 14 	 15 	 6 	 58 	 68 	 78 	 88 	 98 	 108
256 	 117 	 0 	 1 	 4 	 7 	 8 	 9 	 10 	 6 	 59 	 69 	 79 	 89 	 99 	 109
257 	 118 	 0 	 8 	 2 	 4 	 5 	 11 	 2 	 7 	 12 	 17 	 22 	 27 	 32 	 37 	 42 	 47 	 52
258 	 119 	 0 	 4 	 4 	 11 	 12 	 13 	 14 	 11 	 2 	 7 	 12 	 17 	 22 	 27 	 32 	 37 	 42 	 47 	 52
259 	 120 	 0 	 9 	 2 	 13 	 14 	 11 	 4 	 9 	 14 	 19 	 24 	 29 	 34 	 39 	 44 	 49 	 54
260 	 121 	 2 	 9 	 4 	 2 	 3 	 4 	 5 	 5 	 6 	 16 	 26 	 36 	 46
261 	 122 	 0 	 7 	 2 	 8 	 9 	 5 	 5 	 15 	 25 	 35 	 45
262 	 123 	 0 	 9 	 2 	 15 	 16 	 6 	 3 	 13 	 23 	 33 	 43 	 53
263 	 124 	 0 	 6 	 4 	 14 	 15 	 16 	 17 	 11 	 58 	 63 	 68 	 73 	 78 	 83 	 88 	 93 	 98 	 103 	 108
264 	 125 	 0 	 7 	 2 	 8 	 9 	 5 	 61 	 71 	 81 	 91 	 101
265 	 126 	 0 	 1 	 2 	 1 	 2 	 11 	 3 	 8 	 13 	 18 	 23 	 28 	 33 	 38 	 43 	 48 	 53
266 	 126 	 0 	 5 	 2 	 3 	 4 	 11 	 3 	 8 	 13 	 18 	 23 	 28 	 33 	 38 	 43 	 48 	 53
267 	 126 	 0 	 2 	 2 	 5 	 6 	 11 	 3 	 8 	 13 	 18 	 23 	 28 	 33 	 38 	 43 	 48 	 53
268 	 126 	 0 	 9 	 2 	 7 	 8 	 11 	 3 	 8 	 13 	 18 	 23 	 28 	 33 	 38 	 43 	 48 	 53
269 	 126 	 0 	 9 	 2 	 9 	 10 	 11 	 3 	 8 	 13 	 18 	 23 	 28 	 33 	 38 	 43 	 48 	 53
270 	 126 	 0 	 7 	 2 	 11 	 12 	 11 	 3 	 8 	 13 	 18 	 23 	 28 	 33 	 38 	 43 	 48 	 53
271 	 126 	 0 	 6 	 2 	 13 	 14 	 11 	 3 	 8 	 13 	 18 	 23 	 28 	 33 	 38 	 43 	 48 	 53
272 	 126 	 0 	 8 	 2 	 15 	 16 	 11 	 3 	 8 	 13 	 18 	 23 	 28 	 33 	 38 	 43 	 48 	 53
273 	 127 	 0 	 1 	 2 	 14 	 15 	 6 	 58 	 68 	 78 	 88 	 98 	 108
274 	 128 	 0 	 3 	 2 	 0 	 1 	 11 	 58 	 63 	 68 	 73 	 78 	 83 	 88 	 93 	 98 	 103 	 108
275 	 128 	 0 	 8 	 2 	 2 	 3 	 11 	 58 	 63 	 68 	 73 	 78 	 83 	 88 	 93 	 98 	 103 	 108
276 	 128 	 0 	 9 	 2 	 4 	 5 	 11 	 58 	 63 	 68 	 73 	 78 	 83 	 88 	 93 	 98 	 103 	 108
277 	 128 	 0 	 10 	 2 	 6 	 7 	 11 	 58 	 63 	 68 	 73 	 78 	 83 	 88 	 93 	 98 	 103 	 108
278 	 128 	 0 	 4 	 2 	 8 	 9 	 11 	 58 	 63 	 68 	 73 	 78 	 83 	 88 	 93 	 98 	 103 	 108
279 	 128 	 0 	 7 	 2 	 10 	 11 	 11 	 58 	 63 	 68 	 73 	 78 	 83 	 88 	 93 	 98 	 103 	 108
280 	 128 	 0 	 7 	 2 	 12 	 13 	 11 	 58 	 63 	 68 	 73 	 78 	 83 	 88 	 93 	 98 	 103 	 108
281 	 129 	 0 	 7 	 2 	 9 	 10 	 6 	 3 	 13 	 23 	 33 	 43 	 53
282 	 129 	 0 	 6 	 2 	 0 	 1 	 6 	 2 	 12 	 22 	 32 	 42 	 52
283 	 129 	 0 	 3 	 2 	 2 	 3 	 6 	 4 	 14 	 24 	 34 	 44 	 54
284 	 130 	 0 	 7 	 2 	 12 	 13 	 11 	 1 	 6 	 11 	 16 	 21 	 26 	 31 	 36 	 41 	 46 	 51
285 	 131 	 0 	 5 	 2 	 8 	 9 	 5 	 8 	 18 	 28 	 38 	 48
286 	 132 	 0 	 7 	 2 	 16 	 17 	 5 	 6 	 16 	 26 	 36 	 46
287 	 133 	 0 	 8 	 2 	 1 	 2 	 5 	 61 	 71 	 81 	 91 	 101
288 	 133 	 0 	 6 	 2 	 3 	 4 	 5 	 61 	 71 	 81 	 91 	 101
289 	 133 	 0 	 9 	 2 	 5 	 6 	 5 	 61 	 71 	 81 	 91 	 101
290 	 133 	 0 	 4 	 2 	 7 	 8 	 5 	 61 	 71 	 81 	 91 	 101
291 	 133 	 0 	 9 	 2 	 9 	 10 	 5 	 61 	 71 	 81 	 91 	 101
292 	 133 	 0 	 8 	 2 	 11 	 12 	 5 	 61 	 71 	 81 	 91 	 101
293 	 133 	 0 	 3 	 2 	 13 	 14 	 5 	 61 	 71 	 81 	 91 	 101
294 	 134 	 0 	 1 	 4 	 4 	 5 	 6 	 7 	 11 	 2 	 7 	 12 	 17 	 22 	 27 	 32 	 37 	 42 	 47 	 52
295 	 135 	 0 	 9 	 4 	 10 	 11 	 12 	 13 	 6 	 59 	 69 	 79 	 89 	 99 	 109
296 	 136 	 2 	 9 	 2 	 7 	 8 	 11 	 55 	 60 	 65 	 70 	 75 	 80 	 85 	 90 	 95 	 100 	 105
297 	 137 	 0 	 1 	 4 	 10 	 11 	 12 	 13 	 6 	 55 	 65 	 75 	 85 	 95 	 105
298 	 138 	 0 	 9 	 2 	 10 	 11 	 6 	 55 	 65 	 75 	 85 	 95 	 105
299 	 139 	 0 	 2 	 4 	 1 	 2 	 3 	 4 	 11 	 56 	 61 	 66 	 71 	 76 	 81 	 86 	 91 	 96 	 101 	 106
300 	 140 	 0 	 4 	 2 	 0 	 1 	 11 	 4 	 9 	 14 	 19 	 24 	 29 	 34 	 39 	 44 	 49 	 54
301 	 140 	 0 	 2 	 2 	 2 	 3 	 11 	 4 	 9 	 14 	 19 	 24 	 29 	 34 	 39 	 44 	 49 	 54
302 	 140 	 0 	 2 	 2 	 4 	 5 	 11 	 4 	 9 	 14 	 19 	 24 	 29 	 34 	 39 	 44 	 49 	 54
303 	 140 	 0 	 10 	 2 	 6 	 7 	 11 	 4 	 9 	 14 	 19 	 24 	 29 	 34 	 39 	 44 	 49 	 54
304 	 140 	 0 	 8 	 2 	 8 	 9 	 11 	 4 	 9 	 14 	 19 	 24 	 29 	 34 	 39 	 44 	 49 	 54
305 	 141 	 0 	 7 	 2 	 2 	 3 	 6 	 57 	 67 	 77 	 87 	 97 	 107
306 	 142 	 0 	 7 	 2 	 1 	 2 	 5 	 63 	 73 	 83 	 93 	 103
307 	 142 	 0 	 10 	 2 	 3 	 4 	 5 	 63 	 73 	 83 	 93 	 103
308 	 142 	 0 	 5 	 2 	 5 	 6 	 5 	 63 	 73 	 83 	 93 	 103
309 	 142 	 0 	 8 	 2 	 7 	 8 	 5 	 63 	 73 	 83 	 93 	 103
310 	 142 	 0 	 9 	 2 	 9 	 10 	 5 	 63 	 73 	 83 	 93 	 103
311 	 142 	 0 	 1 	 2 	 11 	 12 	 5 	 63 	 73 	 83 	 93 	 103
312 	 142 	 0 	 8 	 2 	 13 	 14 	 5 	 63 	 73 	 83 	 93 	 103
313 	 143 	 0 	 5 	 2 	 12 	 13 	 6 	 57 	 67 	 77 	 87 	 97 	 107
314 	 144 	 0 	 3 	 2 	 5 	 6 	 5 	 9 	 19 	 29 	 39 	 49
315 	 144 	 0 	 8 	 2 	 4 	 5 	 5 	 6 	 16 	 26 	 36 	 46
316 	 145 	 0 	 4 	 4 	 13 	 14 	 15 	 16 	 6 	 55 	 65 	 75 	 85 	 95 	 105
317 	 146 	 0 	 6 	 2 	 11 	 12 	 6 	 58 	 68 	 78 	 88 	 98 	 108
318 	 147 	 0 	 7 	 2 	 4 	 5 	 5 	 7 	 17 	 27 	 37 	 47
319 	 147 	 0 	 8 	 2 	 9 	 10 	 5 	 9 	 19 	 29 	 39 	 49
320 	 148 	 0 	 3 	 4 	 4 	 5 	 6 	 7 	 5 	 64 	 74 	 84 	 94 	 104
321 	 149 	 0 	 5 	 2 	 6 	 7 	 6 	 2 	 12 	 22 	 32 	 42 	 52
322 	 150 	 0 	 3 	 2 	 2 	 3 	 11 	 2 	 7 	 12 	 17 	 22 	 27 	 32 	 37 	 42 	 47 	 52
323 	 151 	 0 	 4 	 2 	 16 	 17 	 6 	 0 	 10 	 20 	 30 	 40 	 50
324 	 152 	 0 	 8 	 4 	 3 	 4 	 5 	 6 	 6 	 0 	 10 	 20 	 30 	 40 	 50
325 	 153 	 0 	 8 	 2 	 2 	 3 	 5 	 7 	 17 	 27 	 37 	 47
326 	 153 	 0 	 2 	 2 	 4 	 5 	 5 	 7 	 17 	 27 	 37 	 47
327 	 153 	 0 	 2 	 2 	 6 	 7 	 5 	 7 	 17 	 27 	 37 	 47
328 	 153 	 0 	 9 	 2 	 8 	 9 	 5 	 7 	 17 	 27 	 37 	 47
329 	 153 	 0 	 5 	 2 	 10 	 11 	 5 	 7 	 17 	 27 	 37 	 47
330 	 153 	 0 	 3 	 2 	 12 	 13 	 5 	 7 	 17 	 27 	 37 	 47
331 	 153 	 0 	 5 	 2 	 14 	 15 	 5 	 7 	 17 	 27 	 37 	 47
332 	 153 	 0 	 4 	 2 	 16 	 17 	 5 	 7 	 17 	 27 	 37 	 47
333 	 154 	 0 	 9 	 2 	 1 	 2 	 6 	 55 	 65 	 75 	 85 	 95 	 105
334 	 155 	 0 	 8 	 2 	 2 	 3 	 5 	 64 	 74 	 84 	 94 	 104
335 	 156 	 0 	 7 	 6 	 3 	 4 	 5 	 6 	 7 	 8 	 5 	 7 	 17 	 27 	 37 	 47
336 	 156 	 0 	 10 	 2 	 13 	 14 	 5 	 9 	 19 	 29 	 39 	 49
337 	 157 	 0 	 8 	 4 	 10 	 11 	 12 	 13 	 6 	 59 	 69 	 79 	 89 	 99 	 109
338 	 158 	 0 	 1 	 2 	 3 	 4 	 5 	 61 	 71 	 81 	 91 	 101
339 	 159 	 0 	 6 	 4 	 4 	 5 	 6 	 7 	 6 	 2 	 12 	 22 	 32 	 42 	 52
340 	 160 	 0 	 4 	 2 	 9 	 10 	 11 	 0 	 5 	 10 	 15 	 20 	 25 	 30 	 35 	 40 	 45 	 50
341 	 161 	 0 	 4 	 2 	 9 	 10 	 6 	 58 	 68 	 78 	 88 	 98 	 108
342 	 162 	 0 	 4 	 2 	 11 	 12 	 5 	 63 	 73 	 83 	 93 	 103
343 	 163 	 0 	 1 	 2 	 3 	 4 	 6 	 1 	 11 	 21 	 31 	 41 	 51
344 	 164 	 0 	 6 	 2 	 11 	 12 	 6 	 58 	 68 	 78 	 88 	 98 	 108
345 	 165 	 0 	 10 	 4 	 12 	 13 	 14 	 15 	 11 	 0 	 5 	 10 	 15 	 20 	 25 	 30 	 35 	 40 	 45 	 50
346 	 166 	 0 	 1 	 2 	 8 	 9 	 5 	 62 	 72 	 82 	 92 	 102
347 	 167 	 1 	 4 	 2 	 13 	 14 	 11 	 59 	 64 	 69 	 74 	 79 	 84 	 89 	 94 	 99 	 104 	 109
348 	 167 	 1 	 3 	 2 	 12 	 13 	 11 	 55 	 60 	 65 	 70 	 75 	 80 	 85 	 90 	 95 	 100 	 105
349 	 167 	 1 	 4 	 6 	 8 	 9 	 10 	 11 	 12 	 13 	 11 	 56 	 61 	 66 	 71 	 76 	 81 	 86 	 91 	 96 	 101 	 106
350 	 168 	 0 	 1 	 2 	 4 	 5 	 6 	 0 	 10 	 20 	 30 	 40 	 50
351 	 168 	 0 	 4 	 2 	 3 	 4 	 6 	 3 	 13 	 23 	 33 	 43 	 53
352 	 169 	 0 	 8 	 2 	 4 	 5 	 6 	 1 	 11 	 21 	 31 	 41 	 51
353 	 169 	 0 	 7 	 2 	 0 	 1 	 6 	 4 	 14 	 24 	 34 	 44 	 54
354 	 170 	 0 	 3 	 2 	 10 	 11 	 5 	 7 	 17 	 27 	 37 	 47
355 	 171 	 0 	 1 	 2 	 15 	 16 	 11 	 0 	 5 	 10 	 15 	 20 	 25 	 30 	 35 	 40 	 45 	 50
356 	 172 	 0 	 4 	 2 	 16 	 17 	 11 	 58 	 63 	 68 	 73 	 78 	 83 	 88 	 93 	 98 	 103 	 108
357 	 172 	 0 	 2 	 2 	 2 	 3 	 11 	 57 	 62 	 67 	 72 	 77 	 82 	 87 	 92 	 97 	 102 	 107
358 	 173 	 0 	 2 	 2 	 1 	 2 	 5 	 9 	 19 	 29 	 39 	 49
359 	 173 	 0 	 4 	 2 	 12 	 13 	 5 	 6 	 16 	 26 	 36 	 46
360 	 173 	 0 	 7 	 2 	 16 	 17 	 5 	 7 	 17 	 27 	 37 	 47
361 	 174 	 0 	 7 	 2 	 7 	 8 	 11 	 1 	 6 	 11 	 16 	 21 	 26 	 31 	 36 	 41 	 46 	 51
362 	 174 	 0 	 5 	 2 	 9 	 10 	 11 	 1 	 6 	 11 	 16 	 21 	 26 	 31 	 36 	 41 	 46 	 51
363 	 174 	 0 	 10 	 2 	 11 	 12 	 11 	 1 	 6 	 11 	 16 	 21 	 26 	 31 	 36 	 41 	 46 	 51
364 	 174 	 0 	 8 	 2 	 13 	 14 	 11 	 1 	 6 	 11 	 16 	 21 	 26 	 31 	 36 	 41 	 46 	 51
365 	 174 	 0 	 6 	 2 	 15 	 16 	 11 	 1 	 6 	 11 	 16 	 21 	 26 	 31 	 36 	 41 	 46 	 51
366 	 175 	 0 	 10 	 2 	 6 	 7 	 6 	 2 	 12 	 22 	 32 	 42 	 52
367 	 175 	 0 	 3 	 2 	 8 	 9 	 6 	 2 	 12 	 22 	 32 	 42 	 52
368 	 175 	 0 	 4 	 2 	 10 	 11 	 6 	 2 	 12 	 22 	 32 	 42 	 52
369 	 175 	 0 	 9 	 2 	 12 	 13 	 6 	 2 	 12 	 22 	 32 	 42 	 52
370 	 176 	 0 	 5 	 2 	 4 	 5 	 5 	 61 	 71 	 81 	 91 	 101
371 	 177 	 0 	 9 	 2 	 4 	 5 	 6 	 4 	 14 	 24 	 34 	 44 	 54
372 	 177 	 0 	 10 	 2 	 6 	 7 	 6 	 4 	 14 	 24 	 34 	 44 	 54
373 	 177 	 0 	 5 	 2 	 8 	 9 	 6 	 4 	 14 	 24 	 34 	 44 	 54
374 	 177 	 0 	 2 	 2 	 10 	 11 	 6 	 4 	 14 	 24 	 34 	 44 	 54
375 	 177 	 0 	 4 	 2 	 12 	 13 	 6 	 4 	 14 	 24 	 34 	 44 	 54
376 	 178 	 1 	 2 	 2 	 10 	 11 	 11 	 2 	 7 	 12 	 17 	 22 	 27 	 32 	 37 	 42 	 47 	 52
377 	 179 	 0 	 9 	 4 	 3 	 4 	 5 	 6 	 5 	 6 	 16 	 26 	 36 	 46
378 	 179 	 0 	 2 	 2 	 14 	 15 	 5 	 9 	 19 	 29 	 39 	 49
379 	 180 	 0 	 8 	 2 	 14 	 15 	 6 	 4 	 14 	 24 	 34 	 44 	 54
380 	 181 	 0 	 8 	 4 	 11 	 12 	 13 	 14 	 11 	 59 	 64 	 69 	 74 	 79 	 84 	 89 	 94 	 99 	 104 	 109
381 	 182 	 0 	 8 	 2 	 2 	 3 	 11 	 56 	 61 	 66 	 71 	 76 	 81 	 86 	 91 	 96 	 101 	 106
382 	 182 	 0 	 6 	 2 	 4 	 5 	 11 	 56 	 61 	 66 	 71 	 76 	 81 	 86 	 91 	 96 	 101 	 106
383 	 182 	 0 	 6 	 2 	 6 	 7 	 11 	 56 	 61 	 66 	 71 	 76 	 81 	 86 	 91 	 96 	 101 	 106
384 	 182 	 0 	 8 	 2 	 8 	 9 	 11 	 56 	 61 	 66 	 71 	 76 	 81 	 86 	 91 	 96 	 101 	 106
385 	 182 	 0 	 6 	 2 	 10 	 11 	 11 	 56 	 61 	 66 	 71 	 76 	 81 	 86 	 91 	 96 	 101 	 106
386 	 182 	 0 	 8 	 2 	 12 	 13 	 11 	 56 	 61 	 66 	 71 	 76 	 81 	 86 	 91 	 96 	 101 	 106
387 	 182 	 0 	 6 	 2 	 14 	 15 	 11 	 56 	 61 	 66 	 71 	 76 	 81 	 86 	 91 	 96 	 101 	 106
388 	 183 	 0 	 9 	 2 	 16 	 17 	 6 	 2 	 12 	 22 	 32 	 42 	 52
389 	 184 	 0 	 7 	 2 	 8 	 9 	 5 	 8 	 18 	 28 	 38 	 48
390 	 185 	 0 	 3 	 4 	 10 	 11 	 12 	 13 	 5 	 60 	 70 	 80 	 90 	 100
391 	 186 	 0 	 6 	 2 	 2 	 3 	 6 	 56 	 66 	 76 	 86 	 96 	 106
392 	 186 	 0 	 6 	 2 	 4 	 5 	 6 	 56 	 66 	 76 	 86 	 96 	 106
393 	 186 	 0 	 4 	 2 	 6 	 7 	 6 	 56 	 66 	 76 	 86 	 96 	 106
394 	 186 	 0 	 2 	 2 	 8 	 9 	 6 	 56 	 66 	 76 	 86 	 96 	 106
395 	 186 	 0 	 2 	 2 	 10 	 11 	 6 	 56 	 66 	 76 	 86 	 96 	 106
396 	 186 	 0 	 2 	 2 	 12 	 13 	 6 	 56 	 66 	 76 	 86 	 96 	 106
397 	 186 	 0 	 1 	 2 	 14 	 15 	 6 	 56 	 66 	 76 	 86 	 96 	 106
398 	 186 	 0 	 8 	 2 	 16 	 17 	 6 	 56 	 66 	 76 	 86 	 96 	 106
399 	 187 	 0 	 3 	 2 	 14 	 15 	 11 	 55 	 60 	 65 	 70 	 75 	 80 	 85 	 90 	 95 	 100 	 105
400 	 188 	 0 	 3 	 2 	 6 	 7 	 6 	 55 	 65 	 75 	 85 	 95 	 105
401 	 189 	 0 	 10 	 2 	 7 	 8 	 6 	 3 	 13 	 23 	 33 	 43 	 53
402 	 190 	 0 	 3 	 2 	 6 	 7 	 11 	 3 	 8 	 13 	 18 	 23 	 28 	 33 	 38 	 43 	 48 	 53
403 	 190 	 0 	 3 	 2 	 2 	 3 	 11 	 2 	 7 	 12 	 17 	 22 	 27 	 32 	 37 	 42 	 47 	 52
404 	 190 	 0 	 9 	 2 	 6 	 7 	 11 	 4 	 9 	 14 	 19 	 24 	 29 	 34 	 39 	 44 	 49 	 54
405 	 191 	 0 	 9 	 4 	 7 	 8 	 9 	 10 	 11 	 58 	 63 	 68 	 73 	 78 	 83 	 88 	 93 	 98 	 103 	 108
406 	 192 	 0 	 4 	 2 	 10 	 11 	 11 	 2 	 7 	 12 	 17 	 22 	 27 	 32 	 37 	 42 	 47 	 52
407 	 193 	 0 	 5 	 2 	 7 	 8 	 6 	 3 	 13 	 23 	 33 	 43 	 53
408 	 193 	 0 	 10 	 2 	 9 	 10 	 6 	 3 	 13 	 23 	 33 	 43 	 53
409 	 193 	 0 	 9 	 2 	 11 	 12 	 6 	 3 	 13 	 23 	 33 	 43 	 53
410 	 193 	 0 	 2 	 2 	 13 	 14 	 6 	 3 	 13 	 23 	 33 	 43 	 53
411 	 194 	 0 	 7 	 2 	 11 	 12 	 6 	 59 	 69 	 79 	 89 	 99 	 109
412 	 195 	 0 	 10 	 2 	 5 	 6 	 5 	 63 	 73 	 83 	 93 	 103
413 	 196 	 1 	 3 	 2 	 13 	 14 	 5 	 6 	 16 	 26 	 36 	 46
414 	 197 	 2 	 8 	 2 	 8 	 9 	 5 	 8 	 18 	 28 	 38 	 48
415 	 198 	 0 	 2 	 2 	 6 	 7 	 11 	 1 	 6 	 11 	 16 	 21 	 26 	 31 	 36 	 41 	 46 	 51
416 	 199 	 0 	 2 	 2 	 8 	 9 	 5 	 61 	 71 	 81 	 91 	 101
417 	 199 	 0 	 10 	 2 	 10 	 11 	 5 	 61 	 71 	 81 	 91 	 101
418 	 199 	 0 	 9 	 2 	 12 	 13 	 5 	 61 	 71 	 81 	 91 	 101
419 	 199 	 0 	 10 	 2 	 14 	 15 	 5 	 61 	 71 	 81 	 91 	 101
420 	 199 	 0 	 10 	 2 	 16 	 17 	 5 	 61 	 71 	 81 	 91 	 101
421 	 200 	 0 	 4 	 4 	 4 	 5 	 6 	 7 	 6 	 1 	 11 	 21 	 31 	 41 	 51
422 	 200 	 0 	 10 	 4 	 14 	 15 	 16 	 17 	 6 	 4 	 14 	 24 	 34 	 44 	 54
423 	 200 	 0 	 7 	 2 	 14 	 15 	 6 	 3 	 13 	 23 	 33 	 43 	 53
424 	 201 	 0 	 8 	 2 	 7 	 8 	 6 	 1 	 11 	 21 	 31 	 41 	 51
425 	 202 	 0 	 6 	 4 	 0 	 1 	 2 	 3 	 6 	 57 	 67 	 77 	 87 	 97 	 107
426 	 203 	 0 	 4 	 2 	 8 	 9 	 5 	 61 	 71 	 81 	 91 	 101
427 	 204 	 0 	 4 	 2 	 4 	 5 	 5 	 6 	 16 	 26 	 36 	 46
428 	 204 	 0 	 1 	 2 	 6 	 7 	 5 	 6 	 16 	 26 	 36 	 46
429 	 204 	 0 	 6 	 2 	 8 	 9 	 5 	 6 	 16 	 26 	 36 	 46
430 	 204 	 0 	 9 	 2 	 10 	 11 	 5 	 6 	 16 	 26 	 36 	 46
431 	 204 	 0 	 7 	 2 	 12 	 13 	 5 	 6 	 16 	 26 	 36 	 46
432 	 204 	 0 	 6 	 2 	 14 	 15 	 5 	 6 	 16 	 26 	 36 	 46
433 	 204 	 0 	 2 	 2 	 16 	 17 	 5 	 6 	 16 	 26 	 36 	 46
434 	 205 	 1 	 3 	 2 	 14 	 15 	 11 	 55 	 60 	 65 	 70 	 75 	 80 	 85 	 90 	 95 	 100 	 105
435 	 206 	 0 	 7 	 2 	 8 	 9 	 5 	 60 	 70 	 80 	 90 	 100
436 	 207 	 0 	 2 	 2 	 2 	 3 	 5 	 9 	 19 	 29 	 39 	 49
437 	 207 	 0 	 7 	 2 	 4 	 5 	 5 	 9 	 19 	 29 	 39 	 49
438 	 207 	 0 	 3 	 2 	 6 	 7 	 5 	 9 	 19 	 29 	 39 	 49
439 	 207 	 0 	 4 	 2 	 8 	 9 	 5 	 9 	 19 	 29 	 39 	 49
440 	 207 	 0 	 6 	 2 	 10 	 11 	 5 	 9 	 19 	 29 	 39 	 49
441 	 207 	 0 	 1 	 2 	 12 	 13 	 5 	 9 	 19 	 29 	 39 	 49
442 	 207 	 0 	 8 	 2 	 14 	 15 	 5 	 9 	 19 	 29 	 39 	 49
443 	 208 	 0 	 10 	 2 	 8 	 9 	 6 	 57 	 67 	 77 	 87 	 97 	 107
444 	 208 	 0 	 10 	 4 	 9 	 10 	 11 	 12 	 6 	 59 	 69 	 79 	 89 	 99 	 109
445 	 208 	 0 	 7 	 4 	 2 	 3 	 4 	 5 	 6 	 56 	 66 	 76 	 86 	 96 	 106
446 	 209 	 0 	 10 	 4 	 12 	 13 	 14 	 15 	 5 	 64 	 74 	 84 	 94 	 104
447 	 210 	 0 	 9 	 2 	 10 	 11 	 5 	 7 	 17 	 27 	 37 	 47
448 	 211 	 0 	 3 	 4 	 4 	 5 	 6 	 7 	 5 	 5 	 15 	 25 	 35 	 45
449 	 211 	 0 	 10 	 2 	 6 	 7 	 5 	 7 	 17 	 27 	 37 	 47
450 	 211 	 0 	 2 	 2 	 4 	 5 	 5 	 6 	 16 	 26 	 36 	 46
451 	 212 	 0 	 3 	 2 	 6 	 7 	 6 	 4 	 14 	 24 	 34 	 44 	 54
452 	 213 	 0 	 2 	 2 	 0 	 1 	 6 	 0 	 10 	 20 	 30 	 40 	 50
453 	 214 	 0 	 6 	 2 	 4 	 5 	 11 	 4 	 9 	 14 	 19 	 24 	 29 	 34 	 39 	 44 	 49 	 54
454 	 215 	 0 	 1 	 2 	 13 	 14 	 6 	 0 	 10 	 20 	 30 	 40 	 50
455 	 216 	 0 	 9 	 2 	 0 	 1 	 6 	 59 	 69 	 79 	 89 	 99 	 109
456 	 217 	 0 	 5 	 2 	 5 	 6 	 11 	 59 	 64 	 69 	 74 	 79 	 84 	 89 	 94 	 99 	 104 	 109
457 	 218 	 0 	 2 	 2 	 4 	 5 	 11 	 59 	 64 	 69 	 74 	 79 	 84 	 89 	 94 	 99 	 104 	 109
458 	 218 	 0 	 5 	 2 	 6 	 7 	 11 	 59 	 64 	 69 	 74 	 79 	 84 	 89 	 94 	 99 	 104 	 109
459 	 218 	 0 	 7 	 2 	 8 	 9 	 11 	 59 	 64 	 69 	 74 	 79 	 84 	 89 	 94 	 99 	 104 	 109
460 	 218 	 0 	 4 	 2 	 10 	 11 	 11 	 59 	 64 	 69 	 74 	 79 	 84 	 89 	 94 	 99 	 104 	 109
461 	 218 	 0 	 1 	 2 	 12 	 13 	 11 	 59 	 64 	 69 	 74 	 79 	 84 	 89 	 94 	 99 	 104 	 109
462 	 218 	 0 	 4 	 2 	 14 	 15 	 11 	 59 	 64 	 69 	 74 	 79 	 84 	 89 	 94 	 99 	 104 	 109
463 	 218 	 0 	 5 	 2 	 16 	 17 	 11 	 59 	 64 	 69 	 74 	 79 	 84 	 89 	 94 	 99 	 104 	 109
464 	 219 	 0 	 9 	 4 	 14 	 15 	 16 	 17 	 11 	 1 	 6 	 11 	 16 	 21 	 26 	 31 	 36 	 41 	 46 	 51
465 	 220 	 0 	 5 	 4 	 0 	 1 	 2 	 3 	 6 	 3 	 13 	 23 	 33 	 43 	 53
466 	 221 	 0 	 3 	 2 	 12 	 13 	 11 	 58 	 63 	 68 	 73 	 78 	 83 	 88 	 93 	 98 	 103 	 108
467 	 222 	 0 	 7 	 2 	 6 	 7 	 6 	 55 	 65 	 75 	 85 	 95 	 105
468 	 222 	 0 	 7 	 2 	 2 	 3 	 6 	 58 	 68 	 78 	 88 	 98 	 108
469 	 222 	 0 	 4 	 2 	 3 	 4 	 6 	 59 	 69 	 79 	 89 	 99 	 109
470 	 223 	 0 	 10 	 2 	 13 	 14 	 11 	 55 	 60 	 65 	 70 	 75 	 80 	 85 	 90 	 95 	 100 	 105
471 	 224 	 0 	 3 	 2 	 15 	 16 	 11 	 58 	 63 	 68 	 73 	 78 	 83 	 88 	 93 	 98 	 103 	 108
472 	 225 	 0 	 4 	 2 	 2 	 3 	 6 	 55 	 65 	 75 	 85 	 95 	 105
473 	 226 	 0 	 2 	 2 	 1 	 2 	 5 	 6 	 16 	 26 	 36 	 46
474 	 227 	 0 	 7 	 2 	 15 	 16 	 5 	 6 	 16 	 26 	 36 	 46
475 	 228 	 0 	 5 	 2 	 16 	 17 	 6 	 2 	 12 	 22 	 32 	 42 	 52
476 	 229 	 0 	 9 	 2 	 7 	 8 	 6 	 0 	 10 	 20 	 30 	 40 	 50
477 	 230 	 0 	 2 	 2 	 7 	 8 	 6 	 3 	 13 	 23 	 33 	 43 	 53
478 	 230 	 0 	 1 	 2 	 9 	 10 	 6 	 3 	 13 	 23 	 33 	 43 	 53
479 	 230 	 0 	 3 	 2 	 11 	 12 	 6 	 3 	 13 	 23 	 33 	 43 	 53
480 	 230 	 0 	 2 	 2 	 13 	 14 	 6 	 3 	 13 	 23 	 33 	 43 	 53
481 	 230 	 0 	 7 	 2 	 15 	 16 	 6 	 3 	 13 	 23 	 33 	 43 	 53
482 	 231 	 2 	 9 	 2 	 3 	 4 	 5 	 9 	 19 	 29 	 39 	 49
483 	 231 	 2 	 7 	 2 	 5 	 6 	 5 	 9 	 19 	 29 	 39 	 49
484 	 231 	 2 	 3 	 2 	 7 	 8 	 5 	 9 	 19 	 29 	 39 	 49
485 	 231 	 2 	 10 	 2 	 9 	 10 	 5 	 9 	 19 	 29 	 39 	 49
486 	 231 	 2 	 6 	 2 	 11 	 12 	 5 	 9 	 19 	 29 	 39 	 49
487 	 231 	 2 	 4 	 2 	 13 	 14 	 5 	 9 	 19 	 29 	 39 	 49
488 	 232 	 0 	 8 	 2 	 2 	 3 	 6 	 4 	 14 	 24 	 34 	 44 	 54
489 	 232 	 0 	 1 	 2 	 4 	 5 	 6 	 4 	 14 	 24 	 34 	 44 	 54
490 	 232 	 0 	 7 	 2 	 6 	 7 	 6 	 4 	 14 	 24 	 34 	 44 	 54
491 	 232 	 0 	 10 	 2 	 8 	 9 	 6 	 4 	 14 	 24 	 34 	 44 	 54
492 	 232 	 0 	 2 	 2 	 10 	 11 	 6 	 4 	 14 	 24 	 34 	 44 	 54
493 	 232 	 0 	 1 	 2 	 12 	 13 	 6 	 4 	 14 	 24 	 34 	 44 	 54
494 	 232 	 0 	 5 	 2 	 14 	 15 	 6 	 4 	 14 	 24 	 34 	 44 	 54
495 	 232 	 0 	 6 	 2 	 16 	 17 	 6 	 4 	 14 	 24 	 34 	 44 	 54
496 	 233 	 0 	 2 	 2 	 7 	 8 	 5 	 63 	 73 	 83 	 93 	 103
497 	 234 	 1 	 1 	 2 	 11 	 12 	 6 	 2 	 12 	 22 	 32 	 42 	 52
498 	 235 	 0 	 4 	 2 	 11 	 12 	 11 	 3 	 8 	 13 	 18 	 23 	 28 	 33 	 38 	 43 	 48 	 53
499 	 236 	 0 	 4 	 2 	 7 	 8 	 11 	 1 	 6 	 11 	 16 	 21 	 26 	 31 	 36 	 41 	 46 	 51
500 	 237 	 0 	 6 	 2 	 6 	 7 	 5 	 60 	 70 	 80 	 90 	 100
501 	 237 	 0 	 7 	 2 	 13 	 14 	 5 	 63 	 73 	 83 	 93 	 103
502 	 238 	 0 	 1 	 2 	 3 	 4 	 6 	 56 	 66 	 76 	 86 	 96 	 106
503 	 239 	 0 	 10 	 2 	 7 	 8 	 11 	 55 	 60 	 65 	 70 	 75 	 80 	 85 	 90 	 95 	 100 	 105
504 	 240 	 0 	 4 	 2 	 14 	 15 	 5 	 61 	 71 	 81 	 91 	 101
505 	 241 	 0 	 3 	 4 	 11 	 12 	 13 	 14 	 5 	 62 	 72 	 82 	 92 	 102
506 	 242 	 0 	 7 	 2 	 13 	 14 	 11 	 55 	 60 	 65 	 70 	 75 	 80 	 85 	 90 	 95 	 100 	 105
507 	 243 	 0 	 2 	 2 	 15 	 16 	 5 	 8 	 18 	 28 	 38 	 48
508 	 244 	 0 	 1 	 4 	 0 	 1 	 2 	 3 	 6 	 4 	 14 	 24 	 34 	 44 	 54
509 	 244 	 0 	 2 	 2 	 6 	 7 	 6 	 3 	 13 	 23 	 33 	 43 	 53
510 	 244 	 0 	 2 	 2 	 13 	 14 	 6 	 2 	 12 	 22 	 32 	 42 	 52
511 	 245 	 0 	 10 	 2 	 11 	 12 	 11 	 56 	 61 	 66 	 71 	 76 	 81 	 86 	 91 	 96 	 101 	 106
512 	 246 	 0 	 6 	 2 	 3 	 4 	 11 	 4 	 9 	 14 	 19 	 24 	 29 	 34 	 39 	 44 	 49 	 54
513 	 246 	 0 	 4 	 4 	 12 	 13 	 14 	 15 	 11 	 3 	 8 	 13 	 18 	 23 	 28 	 33 	 38 	 43 	 48 	 53
514 	 246 	 0 	 7 	 2 	 13 	 14 	 11 	 1 	 6 	 11 	 16 	 21 	 26 	 31 	 36 	 41 	 46 	 51
515 	 247 	 0 	 7 	 2 	 2 	 3 	 5 	 6 	 16 	 26 	 36 	 46
516 	 247 	 0 	 4 	 2 	 4 	 5 	 5 	 6 	 16 	 26 	 36 	 46
517 	 247 	 0 	 4 	 2 	 6 	 7 	 5 	 6 	 16 	 26 	 36 	 46
518 	 247 	 0 	 6 	 2 	 8 	 9 	 5 	 6 	 16 	 26 	 36 	 46
519 	 248 	 0 	 3 	 2 	 9 	 10 	 6 	 2 	 12 	 22 	 32 	 42 	 52
520 	 248 	 0 	 2 	 2 	 11 	 12 	 6 	 2 	 12 	 22 	 32 	 42 	 52
521 	 248 	 0 	 9 	 2 	 13 	 14 	 6 	 2 	 12 	 22 	 32 	 42 	 52
522 	 248 	 0 	 7 	 2 	 15 	 16 	 6 	 2 	 12 	 22 	 32 	 42 	 52
523 	 249 	 0 	 3 	 4 	 12 	 13 	 14 	 15 	 11 	 58 	 63 	 68 	 73 	 78 	 83 	 88 	 93 	 98 	 103 	 108
524 	 250 	 0 	 7 	 4 	 0 	 1 	 2 	 3 	 11 	 4 	 9 	 14 	 19 	 24 	 29 	 34 	 39 	 44 	 49 	 54
525 	 251 	 0 	 2 	 2 	 0 	 1 	 5 	 60 	 70 	 80 	 90 	 100
526 	 251 	 0 	 2 	 2 	 2 	 3 	 5 	 60 	 70 	 80 	 90 	 100
527 	 251 	 0 	 3 	 2 	 4 	 5 	 5 	 60 	 70 	 80 	 90 	 100
528 	 251 	 0 	 9 	 2 	 6 	 7 	 5 	 60 	 70 	 80 	 90 	 100
529 	 251 	 0 	 10 	 2 	 8 	 9 	 5 	 60 	 70 	 80 	 90 	 100
530 	 251 	 0 	 1 	 2 	 10 	 11 	 5 	 60 	 70 	 80 	 90 	 100
531 	 251 	 0 	 6 	 2 	 12 	 13 	 5 	 60 	 70 	 80 	 90 	 100
532 	 251 	 0 	 6 	 2 	 14 	 15 	 5 	 60 	 70 	 80 	 90 	 100
533 	 251 	 0 	 9 	 2 	 16 	 17 	 5 	 60 	 70 	 80 	 90 	 100
534 	 252 	 0 	 5 	 4 	 12 	 13 	 14 	 15 	 6 	 3 	 13 	 23 	 33 	 43 	 53
535 	 252 	 0 	 3 	 2 	 10 	 11 	 6 	 0 	 10 	 20 	 30 	 40 	 50
536 	 252 	 0 	 2 	 4 	 14 	 15 	 16 	 17 	 6 	 4 	 14 	 24 	 34 	 44 	 54
537 	 253 	 0 	 4 	 2 	 2 	 3 	 6 	 58 	 68 	 78 	 88 	 98 	 108
538 	 253 	 0 	 10 	 2 	 4 	 5 	 6 	 58 	 68 	 78 	 88 	 98 	 108
539 	 253 	 0 	 5 	 2 	 6 	 7 	 6 	 58 	 68 	 78 	 88 	 98 	 108
540 	 253 	 0 	 7 	 2 	 8 	 9 	 6 	 58 	 68 	 78 	 88 	 98 	 108
541 	 253 	 0 	 2 	 2 	 10 	 11 	 6 	 58 	 68 	 78 	 88 	 98 	 108
542 	 253 	 0 	 2 	 2 	 12 	 13 	 6 	 58 	 68 	 78 	 88 	 98 	 108
543 	 253 	 0 	 10 	 2 	 14 	 15 	 6 	 58 	 68 	 78 	 88 	 98 	 108
544 	 253 	 0 	 2 	 2 	 16 	 17 	 6 	 58 	 68 	 78 	 88 	 98 	 108
545 	 254 	 0 	 6 	 2 	 15 	 16 	 5 	 62 	 72 	 82 	 92 	 102
546 	 255 	 0 	 5 	 2 	 16 	 17 	 5 	 8 	 18 	 28 	 38 	 48
547 	 255 	 0 	 1 	 4 	 13 	 14 	 15 	 16 	 5 	 6 	 16 	 26 	 36 	 46
548 	 255 	 0 	 10 	 4 	 10 	 11 	 12 	 13 	 5 	 9 	 19 	 29 	 39 	 49
549 	 256 	 0 	 8 	 4 	 1 	 2 	 3 	 4 	 11 	 58 	 63 	 68 	 73 	 78 	 83 	 88 	 93 	 98 	 103 	 108
550 	 257 	 1 	 9 	 2 	 5 	 6 	 5 	 64 	 74 	 84 	 94 	 104
551 	 257 	 1 	 3 	 2 	 5 	 6 	 5 	 60 	 70 	 80 	 90 	 100
552 	 258 	 0 	 3 	 2 	 2 	 3 	 6 	 55 	 65 	 75 	 85 	 95 	 105
553 	 259 	 0 	 4 	 4 	 8 	 9 	 10 	 11 	 6 	 56 	 66 	 76 	 86 	 96 	 106
554 	 260 	 0 	 8 	 2 	 1 	 2 	 5 	 61 	 71 	 81 	 91 	 101
555 	 260 	 0 	 4 	 2 	 3 	 4 	 5 	 61 	 71 	 81 	 91 	 101
556 	 260 	 0 	 5 	 2 	 5 	 6 	 5 	 61 	 71 	 81 	 91 	 101
557 	 260 	 0 	 10 	 2 	 7 	 8 	 5 	 61 	 71 	 81 	 91 	 101
558 	 261 	 0 	 4 	 2 	 13 	 14 	 5 	 7 	 17 	 27 	 37 	 47
559 	 261 	 0 	 4 	 4 	 7 	 8 	 9 	 10 	 5 	 8 	 18 	 28 	 38 	 48
560 	 262 	 0 	 1 	 2 	 8 	 9 	 11 	 56 	 61 	 66 	 71 	 76 	 81 	 86 	 91 	 96 	 101 	 106
561 	 262 	 0 	 3 	 2 	 10 	 11 	 11 	 57 	 62 	 67 	 72 	 77 	 82 	 87 	 92 	 97 	 102 	 107
562 	 263 	 0 	 9 	 2 	 10 	 11 	 11 	 57 	 62 	 67 	 72 	 77 	 82 	 87 	 92 	 97 	 102 	 107
563 	 264 	 0 	 6 	 2 	 2 	 3 	 6 	 4 	 14 	 24 	 34 	 44 	 54
564 	 265 	 0 	 9 	 2 	 14 	 15 	 11 	 0 	 5 	 10 	 15 	 20 	 25 	 30 	 35 	 40 	 45 	 50
565 	 266 	 0 	 4 	 2 	 0 	 1 	 5 	 7 	 17 	 27 	 37 	 47
566 	 267 	 0 	 9 	 4 	 13 	 14 	 15 	 16 	 5 	 7 	 17 	 27 	 37 	 47
567 	 268 	 0 	 9 	 2 	 0 	 1 	 11 	 58 	 63 	 68 	 73 	 78 	 83 	 88 	 93 	 98 	 103 	 108
568 	 269 	 0 	 8 	 2 	 5 	 6 	 5 	 6 	 16 	 26 	 36 	 46
569 	 270 	 0 	 3 	 2 	 14 	 15 	 11 	 57 	 62 	 67 	 72 	 77 	 82 	 87 	 92 	 97 	 102 	 107
570 	 271 	 0 	 6 	 2 	 13 	 14 	 6 	 55 	 65 	 75 	 85 	 95 	 105
571 	 272 	 0 	 8 	 2 	 11 	 12 	 11 	 3 	 8 	 13 	 18 	 23 	 28 	 33 	 38 	 43 	 48 	 53
572 	 272 	 0 	 9 	 4 	 0 	 1 	 2 	 3 	 11 	 4 	 9 	 14 	 19 	 24 	 29 	 34 	 39 	 44 	 49 	 54
573 	 272 	 0 	 1 	 2 	 12 	 13 	 11 	 0 	 5 	 10 	 15 	 20 	 25 	 30 	 35 	 40 	 45 	 50
574 	 273 	 0 	 2 	 2 	 3 	 4 	 11 	 56 	 61 	 66 	 71 	 76 	 81 	 86 	 91 	 96 	 101 	 106
575 	 273 	 0 	 9 	 2 	 5 	 6 	 11 	 56 	 61 	 66 	 71 	 76 	 81 	 86 	 91 	 96 	 101 	 106
576 	 273 	 0 	 10 	 2 	 7 	 8 	 11 	 56 	 61 	 66 	 71 	 76 	 81 	 86 	 91 	 96 	 101 	 106
577 	 273 	 0 	 2 	 2 	 9 	 10 	 11 	 56 	 61 	 66 	 71 	 76 	 81 	 86 	 91 	 96 	 101 	 106
578 	 273 	 0 	 1 	 2 	 11 	 12 	 11 	 56 	 61 	 66 	 71 	 76 	 81 	 86 	 91 	 96 	 101 	 106
579 	 273 	 0 	 3 	 2 	 13 	 14 	 11 	 56 	 61 	 66 	 71 	 76 	 81 	 86 	 91 	 96 	 101 	 106
580 	 273 	 0 	 9 	 2 	 15 	 16 	 11 	 56 	 61 	 66 	 71 	 76 	 81 	 86 	 91 	 96 	 101 	 106
581 	 274 	 0 	 4 	 2 	 5 	 6 	 11 	 2 	 7 	 12 	 17 	 22 	 27 	 32 	 37 	 42 	 47 	 52
582 	 275 	 1 	 3 	 2 	 9 	 10 	 11 	 1 	 6 	 11 	 16 	 21 	 26 	 31 	 36 	 41 	 46 	 51
583 	 276 	 0 	 10 	 2 	 1 	 2 	 5 	 61 	 71 	 81 	 91 	 101
584 	 277 	 0 	 1 	 4 	 10 	 11 	 12 	 13 	 5 	 62 	 72 	 82 	 92 	 102
585 	 278 	 0 	 1 	 2 	 1 	 2 	 11 	 2 	 7 	 12 	 17 	 22 	 27 	 32 	 37 	 42 	 47 	 52
586 	 278 	 0 	 5 	 2 	 3 	 4 	 11 	 2 	 7 	 12 	 17 	 22 	 27 	 32 	 37 	 42 	 47 	 52
587 	 278 	 0 	 3 	 2 	 5 	 6 	 11 	 2 	 7 	 12 	 17 	 22 	 27 	 32 	 37 	 42 	 47 	 52
588 	 278 	 0 	 3 	 2 	 7 	 8 	 11 	 2 	 7 	 12 	 17 	 22 	 27 	 32 	 37 	 42 	 47 	 52
589 	 278 	 0 	 4 	 2 	 9 	 10 	 11 	 2 	 7 	 12 	 17 	 22 	 27 	 32 	 37 	 42 	 47 	 52
590 	 278 	 0 	 5 	 2 	 11 	 12 	 11 	 2 	 7 	 12 	 17 	 22 	 27 	 32 	 37 	 42 	 47 	 52
591 	 278 	 0 	 1 	 2 	 13 	 14 	 11 	 2 	 7 	 12 	 17 	 22 	 27 	 32 	 37 	 42 	 47 	 52
592 	 278 	 0 	 7 	 2 	 15 	 16 	 11 	 2 	 7 	 12 	 17 	 22 	 27 	 32 	 37 	 42 	 47 	 52
593 	 279 	 0 	 7 	 2 	 11 	 12 	 5 	 9 	 19 	 29 	 39 	 49
594 	 280 	 0 	 7 	 2 	 12 	 13 	 5 	 6 	 16 	 26 	 36 	 46
595 	 280 	 0 	 10 	 2 	 0 	 1 	 5 	 7 	 17 	 27 	 37 	 47
596 	 280 	 0 	 10 	 2 	 5 	 6 	 5 	 9 	 19 	 29 	 39 	 49
597 	 281 	 0 	 1 	 2 	 13 	 14 	 6 	 3 	 13 	 23 	 33 	 43 	 53
598 	 282 	 0 	 6 	 2 	 11 	 12 	 11 	 57 	 62 	 67 	 72 	 77 	 82 	 87 	 92 	 97 	 102 	 107
599 	 283 	 0 	 7 	 2 	 3 	 4 	 5 	 9 	 19 	 29 	 39 	 49
600 	 284 	 0 	 9 	 2 	 15 	 16 	 5 	 63 	 73 	 83 	 93 	 103
601 	 284 	 0 	 9 	 2 	 2 	 3 	 5 	 62 	 72 	 82 	 92 	 102
602 	 285 	 1 	 9 	 2 	 4 	 5 	 5 	 61 	 71 	 81 	 91 	 101
603 	 285 	 1 	 2 	 2 	 1 	 2 	 5 	 62 	 72 	 82 	 92 	 102
604 	 286 	 0 	 3 	 2 	 11 	 12 	 5 	 5 	 15 	 25 	 35 	 45
605 	 287 	 0 	 5 	 4 	 4 	 5 	 6 	 7 	 11 	 4 	 9 	 14 	 19 	 24 	 29 	 34 	 39 	 44 	 49 	 54
606 	 288 	 0 	 7 	 2 	 6 	 7 	 6 	 4 	 14 	 24 	 34 	 44 	 54
607 	 288 	 0 	 4 	 2 	 8 	 9 	 6 	 4 	 14 	 24 	 34 	 44 	 54
608 	 288 	 0 	 2 	 2 	 10 	 11 	 6 	 4 	 14 	 24 	 34 	 44 	 54
609 	 288 	 0 	 1 	 2 	 12 	 13 	 6 	 4 	 14 	 24 	 34 	 44 	 54
610 	 289 	 0 	 10 	 2 	 13 	 14 	 5 	 5 	 15 	 25 	 35 	 45
611 	 290 	 0 	 8 	 2 	 15 	 16 	 5 	 61 	 71 	 81 	 91 	 101
612 	 290 	 0 	 5 	 2 	 10 	 11 	 5 	 64 	 74 	 84 	 94 	 104
613 	 291 	 0 	 10 	 2 	 4 	 5 	 5 	 61 	 71 	 81 	 91 	 101
614 	 291 	 0 	 6 	 2 	 6 	 7 	 5 	 61 	 71 	 81 	 91 	 101
615 	 291 	 0 	 4 	 2 	 8 	 9 	 5 	 61 	 71 	 81 	 91 	 101
616 	 291 	 0 	 1 	 2 	 10 	 11 	 5 	 61 	 71 	 81 	 91 	 101
617 	 291 	 0 	 6 	 2 	 12 	 13 	 5 	 61 	 71 	 81 	 91 	 101
618 	 291 	 0 	 9 	 2 	 14 	 15 	 5 	 61 	 71 	 81 	 91 	 101
619 	 291 	 0 	 6 	 2 	 16 	 17 	 5 	 61 	 71 	 81 	 91 	 101
620 	 292 	 0 	 1 	 4 	 5 	 6 	 7 	 8 	 6 	 4 	 14 	 24 	 34 	 44 	 54
621 	 293 	 0 	 9 	 2 	 3 	 4 	 5 	 8 	 18 	 28 	 38 	 48
622 	 293 	 0 	 1 	 2 	 5 	 6 	 5 	 8 	 18 	 28 	 38 	 48
623 	 293 	 0 	 7 	 2 	 7 	 8 	 5 	 8 	 18 	 28 	 38 	 48
624 	 293 	 0 	 2 	 2 	 9 	 10 	 5 	 8 	 18 	 28 	 38 	 48
625 	 294 	 0 	 10 	 2 	 1 	 2 	 6 	 58 	 68 	 78 	 88 	 98 	 108
626 	 294 	 0 	 3 	 2 	 3 	 4 	 6 	 58 	 68 	 78 	 88 	 98 	 108
627 	 294 	 0 	 1 	 2 	 5 	 6 	 6 	 58 	 68 	 78 	 88 	 98 	 108
628 	 294 	 0 	 1 	 2 	 7 	 8 	 6 	 58 	 68 	 78 	 88 	 98 	 108
629 	 295 	 0 	 1 	 2 	 7 	 8 	 6 	 0 	 10 	 20 	 30 	 40 	 50
630 	 296 	 0 	 6 	 2 	 2 	 3 	 5 	 63 	 73 	 83 	 93 	 103
631 	 296 	 0 	 9 	 2 	 4 	 5 	 5 	 63 	 73 	 83 	 93 	 103
632 	 296 	 0 	 1 	 2 	 6 	 7 	 5 	 63 	 73 	 83 	 93 	 103
633 	 296 	 0 	 6 	 2 	 8 	 9 	 5 	 63 	 73 	 83 	 93 	 103
634 	 296 	 0 	 7 	 2 	 10 	 11 	 5 	 63 	 73 	 83 	 93 	 103
635 	 296 	 0 	 9 	 2 	 12 	 13 	 5 	 63 	 73 	 83 	 93 	 103
636 	 297 	 0 	 2 	 2 	 10 	 11 	 5 	 5 	 15 	 25 	 35 	 45
637 	 297 	 0 	 9 	 4 	 13 	 14 	 15 	 16 	 5 	 7 	 17 	 27 	 37 	 47
638 	 298 	 0 	 6 	 2 	 16 	 17 	 5 	 8 	 18 	 28 	 38 	 48
639 	 299 	 0 	 8 	 2 	 2 	 3 	 6 	 4 	 14 	 24 	 34 	 44 	 54
640	0	0	0	4	4	5	6	7	6	55	65	75	85	95	105	
641	0	0	0	4	6	7	8	9	6	57	67	77	87	97	107	
642	1	0	0	2	12	13	6	57	67	77	87	97	107	
643	2	1	0	4	7	8	9	10	11	57	62	67	72	77	82	87	92	97	102	107	
644	3	0	0	4	11	12	13	14	5	62	72	82	92	102	
645	4	0	0	2	11	12	5	61	71	81	91	101	
646	4	0	0	2	2	3	5	62	72	82	92	102	
647	4	0	0	2	16	17	5	63	73	83	93	103	
648	5	0	0	2	3	4	11	4	9	14	19	24	29	34	39	44	49	54	
649	5	0	0	2	9	10	11	1	6	11	16	21	26	31	36	41	46	51	
650	6	0	0	4	13	14	15	16	5	63	73	83	93	103	
651	6	0	0	4	12	13	14	15	5	60	70	80	90	100	
652	7	0	0	2	15	16	5	7	17	27	37	47	
653	7	0	0	4	10	11	12	13	5	6	16	26	36	46	
654	7	0	0	2	9	10	5	9	19	29	39	49	
655	8	0	0	2	7	8	6	56	66	76	86	96	106	
656	8	0	0	2	7	8	6	57	67	77	87	97	107	
657	9	1	0	4	6	7	8	9	11	57	62	67	72	77	82	87	92	97	102	107	
658	9	1	0	4	11	12	13	14	11	58	63	68	73	78	83	88	93	98	103	108	
659	9	1	0	4	13	14	15	16	11	56	61	66	71	76	81	86	91	96	101	106	
660	9	1	0	4	9	10	11	12	11	59	64	69	74	79	84	89	94	99	104	109	
661	10	0	0	4	3	4	5	6	6	4	14	24	34	44	54	
662	10	0	0	2	3	4	6	1	11	21	31	41	51	
663	11	0	0	4	9	10	11	12	11	4	9	14	19	24	29	34	39	44	49	54	
664	12	0	0	2	16	17	6	4	14	24	34	44	54	
665	12	0	0	4	13	14	15	16	6	0	10	20	30	40	50	
666	12	0	0	4	0	1	2	3	6	2	12	22	32	42	52	
667	12	0	0	2	4	5	6	1	11	21	31	41	51	
668	13	0	0	2	14	15	6	3	13	23	33	43	53	
669	13	0	0	2	2	3	6	1	11	21	31	41	51	
670	13	0	0	2	11	12	6	0	10	20	30	40	50	
671	14	0	0	4	3	4	5	6	6	2	12	22	32	42	52	
672	15	0	0	2	10	11	6	0	10	20	30	40	50	
673	15	0	0	2	6	7	6	3	13	23	33	43	53	
674	16	0	0	4	0	1	2	3	5	62	72	82	92	102	
675	17	0	0	4	13	14	15	16	6	58	68	78	88	98	108	
676	17	0	0	2	15	16	6	57	67	77	87	97	107	
677	18	0	0	2	16	17	11	2	7	12	17	22	27	32	37	42	47	52	
678	19	0	0	4	13	14	15	16	11	59	64	69	74	79	84	89	94	99	104	109	
679	19	0	0	4	14	15	16	17	11	58	63	68	73	78	83	88	93	98	103	108	
680	20	2	0	4	13	14	15	16	5	8	18	28	38	48	
681	21	0	0	2	4	5	6	0	10	20	30	40	50	
682	22	0	0	2	4	5	11	2	7	12	17	22	27	32	37	42	47	52	
683	22	0	0	2	16	17	11	4	9	14	19	24	29	34	39	44	49	54	
684	23	0	0	4	6	7	8	9	11	4	9	14	19	24	29	34	39	44	49	54	
685	23	0	0	2	6	7	11	2	7	12	17	22	27	32	37	42	47	52	
686	24	0	0	2	3	4	5	64	74	84	94	104	
687	24	0	0	4	13	14	15	16	5	63	73	83	93	103	
688	25	0	0	4	10	11	12	13	5	7	17	27	37	47	
689	25	0	0	2	5	6	5	5	15	25	35	45	
690	25	0	0	4	12	13	14	15	5	8	18	28	38	48	
691	25	0	0	4	14	15	16	17	5	9	19	29	39	49	
692	26	2	0	2	3	4	5	64	74	84	94	104	
693	26	2	0	2	14	15	5	62	72	82	92	102	
694	26	2	0	4	6	7	8	9	5	60	70	80	90	100	
695	27	0	0	2	3	4	11	0	5	10	15	20	25	30	35	40	45	50	
696	28	0	0	2	0	1	11	58	63	68	73	78	83	88	93	98	103	108	
697	29	0	0	4	1	2	3	4	6	55	65	75	85	95	105	
698	29	0	0	4	14	15	16	17	6	57	67	77	87	97	107	
699	30	1	0	2	2	3	5	61	71	81	91	101	
700	30	1	0	4	2	3	4	5	5	62	72	82	92	102	
701	31	0	0	4	2	3	4	5	11	3	8	13	18	23	28	33	38	43	48	53	
702	31	0	0	4	10	11	12	13	11	2	7	12	17	22	27	32	37	42	47	52	
703	32	0	0	4	7	8	9	10	6	3	13	23	33	43	53	
704	33	0	0	2	10	11	6	57	67	77	87	97	107	
705	33	0	0	4	6	7	8	9	6	58	68	78	88	98	108	
706	34	0	0	2	14	15	11	56	61	66	71	76	81	86	91	96	101	106	
707	34	0	0	2	8	9	11	58	63	68	73	78	83	88	93	98	103	108	
708	35	0	0	2	12	13	11	55	60	65	70	75	80	85	90	95	100	105	
709	35	0	0	2	5	6	11	58	63	68	73	78	83	88	93	98	103	108	
710	36	0	0	2	2	3	11	0	5	10	15	20	25	30	35	40	45	50	
711	37	0	0	2	13	14	11	56	61	66	71	76	81	86	91	96	101	106	
712	37	0	0	4	2	3	4	5	11	58	63	68	73	78	83	88	93	98	103	108	
713	38	0	0	4	7	8	9	10	5	9	19	29	39	49	
714	39	0	0	4	11	12	13	14	11	55	60	65	70	75	80	85	90	95	100	105	
715	40	0	0	4	1	2	3	4	11	57	62	67	72	77	82	87	92	97	102	107	
716	40	0	0	4	1	2	3	4	11	56	61	66	71	76	81	86	91	96	101	106	
717	41	0	0	2	12	13	6	0	10	20	30	40	50	
718	41	0	0	2	11	12	6	3	13	23	33	43	53	
719	42	0	0	2	2	3	11	58	63	68	73	78	83	88	93	98	103	108	
720	42	0	0	2	16	17	11	56	61	66	71	76	81	86	91	96	101	106	
721	43	0	0	4	5	6	7	8	11	4	9	14	19	24	29	34	39	44	49	54	
722	44	0	0	4	5	6	7	8	5	63	73	83	93	103	
723	44	0	0	4	12	13	14	15	5	60	70	80	90	100	
724	45	0	0	2	13	14	11	4	9	14	19	24	29	34	39	44	49	54	
725	45	0	0	4	7	8	9	10	11	0	5	10	15	20	25	30	35	40	45	50	
726	46	0	0	4	10	11	12	13	5	62	72	82	92	102	
727	47	0	0	4	11	12	13	14	6	2	12	22	32	42	52	
728	47	0	0	4	14	15	16	17	6	0	10	20	30	40	50	
729	48	0	0	4	14	15	16	17	11	2	7	12	17	22	27	32	37	42	47	52	
730	49	0	0	4	2	3	4	5	5	9	19	29	39	49	
731	49	0	0	2	16	17	5	8	18	28	38	48	
732	50	2	0	4	12	13	14	15	11	57	62	67	72	77	82	87	92	97	102	107	
733	51	0	0	2	8	9	6	55	65	75	85	95	105	
734	51	0	0	2	1	2	6	59	69	79	89	99	109	
735	52	0	0	2	15	16	6	59	69	79	89	99	109	
736	52	0	0	4	12	13	14	15	6	55	65	75	85	95	105	
737	53	1	0	2	12	13	5	5	15	25	35	45	
738	53	1	0	4	4	5	6	7	5	6	16	26	36	46	
739	53	1	0	2	12	13	5	9	19	29	39	49	
740	53	1	0	2	14	15	5	7	17	27	37	47	
741	54	0	0	4	13	14	15	16	11	4	9	14	19	24	29	34	39	44	49	54	
742	54	0	0	2	2	3	11	1	6	11	16	21	26	31	36	41	46	51	
743	54	0	0	4	8	9	10	11	11	0	5	10	15	20	25	30	35	40	45	50	
744	55	0	0	4	10	11	12	13	6	2	12	22	32	42	52	
745	56	2	0	2	10	11	6	2	12	22	32	42	52	
746	57	0	0	2	9	10	5	62	72	82	92	102	
747	58	0	0	4	9	10	11	12	5	62	72	82	92	102	
748	58	0	0	4	4	5	6	7	5	60	70	80	90	100	
749	58	0	0	2	3	4	5	63	73	83	93	103	
750	59	0	0	4	5	6	7	8	5	8	18	28	38	48	
751	59	0	0	2	8	9	5	6	16	26	36	46	
752	59	0	0	4	2	3	4	5	5	7	17	27	37	47	
753	60	0	0	2	7	8	6	1	11	21	31	41	51	
754	60	0	0	2	4	5	6	4	14	24	34	44	54	
755	61	0	0	4	12	13	14	15	5	60	70	80	90	100	
756	61	0	0	2	12	13	5	63	73	83	93	103	
757	62	0	0	2	11	12	6	3	13	23	33	43	53	
758	63	0	0	2	10	11	11	3	8	13	18	23	28	33	38	43	48	53	
759	64	0	0	4	2	3	4	5	6	57	67	77	87	97	107	
760	64	0	0	4	3	4	5	6	6	55	65	75	85	95	105	
761	65	0	0	4	0	1	2	3	11	56	61	66	71	76	81	86	91	96	101	106	
762	66	0	0	2	16	17	6	0	10	20	30	40	50	
763	66	0	0	4	12	13	14	15	6	3	13	23	33	43	53	
764	67	0	0	2	15	16	11	59	64	69	74	79	84	89	94	99	104	109	
765	67	0	0	4	6	7	8	9	11	56	61	66	71	76	81	86	91	96	101	106	
766	68	0	0	4	9	10	11	12	11	0	5	10	15	20	25	30	35	40	45	50	
767	68	0	0	2	15	16	11	2	7	12	17	22	27	32	37	42	47	52	
768	68	0	0	2	1	2	11	4	9	14	19	24	29	34	39	44	49	54	
769	69	0	0	2	1	2	6	57	67	77	87	97	107	
770	69	0	0	4	13	14	15	16	6	58	68	78	88	98	108	
771	70	0	0	4	11	12	13	14	5	60	70	80	90	100	
772	70	0	0	2	0	1	5	61	71	81	91	101	
773	70	0	0	2	4	5	5	62	72	82	92	102	
774	71	0	0	4	9	10	11	12	11	1	6	11	16	21	26	31	36	41	46	51	
775	71	0	0	2	7	8	11	2	7	12	17	22	27	32	37	42	47	52	
776	72	0	0	4	3	4	5	6	11	57	62	67	72	77	82	87	92	97	102	107	
777	73	0	0	4	13	14	15	16	5	5	15	25	35	45	
778	74	0	0	2	1	2	5	60	70	80	90	100	
779	74	0	0	2	12	13	5	61	71	81	91	101	
780	75	0	0	2	12	13	11	0	5	10	15	20	25	30	35	40	45	50	
781	76	0	0	2	10	11	11	57	62	67	72	77	82	87	92	97	102	107	
782	76	0	0	4	7	8	9	10	11	56	61	66	71	76	81	86	91	96	101	106	
783	76	0	0	4	3	4	5	6	11	59	64	69	74	79	84	89	94	99	104	109	
784	76	0	0	4	4	5	6	7	11	58	63	68	73	78	83	88	93	98	103	108	
785	77	0	0	4	3	4	5	6	6	4	14	24	34	44	54	
786	77	0	0	4	0	1	2	3	6	1	11	21	31	41	51	
787	78	0	0	4	6	7	8	9	5	60	70	80	90	100	
788	79	0	0	2	13	14	6	1	11	21	31	41	51	
789	79	0	0	4	0	1	2	3	6	3	13	23	33	43	53	
790	80	0	0	2	1	2	11	58	63	68	73	78	83	88	93	98	103	108	
791	80	0	0	2	9	10	11	56	61	66	71	76	81	86	91	96	101	106	
792	81	0	0	4	14	15	16	17	11	58	63	68	73	78	83	88	93	98	103	108	
793	81	0	0	4	9	10	11	12	11	57	62	67	72	77	82	87	92	97	102	107	
794	81	0	0	4	14	15	16	17	11	56	61	66	71	76	81	86	91	96	101	106	
795	81	0	0	4	14	15	16	17	11	55	60	65	70	75	80	85	90	95	100	105	
796	82	0	0	4	0	1	2	3	11	55	60	65	70	75	80	85	90	95	100	105	
797	83	0	0	2	12	13	11	55	60	65	70	75	80	85	90	95	100	105	
798	83	0	0	4	5	6	7	8	11	59	64	69	74	79	84	89	94	99	104	109	
799	83	0	0	4	0	1	2	3	11	56	61	66	71	76	81	86	91	96	101	106	
800	84	0	0	4	8	9	10	11	6	56	66	76	86	96	106	
801	84	0	0	4	0	1	2	3	6	58	68	78	88	98	108	
802	85	2	0	4	11	12	13	14	6	1	11	21	31	41	51	
803	85	2	0	4	11	12	13	14	6	4	14	24	34	44	54	
804	86	0	0	4	5	6	7	8	11	59	64	69	74	79	84	89	94	99	104	109	
805	86	0	0	2	0	1	11	58	63	68	73	78	83	88	93	98	103	108	
806	87	0	0	4	1	2	3	4	6	57	67	77	87	97	107	
807	88	0	0	4	10	11	12	13	11	2	7	12	17	22	27	32	37	42	47	52	
808	88	0	0	4	9	10	11	12	11	4	9	14	19	24	29	34	39	44	49	54	
809	89	0	0	2	4	5	11	1	6	11	16	21	26	31	36	41	46	51	
810	90	0	0	4	1	2	3	4	6	57	67	77	87	97	107	
811	90	0	0	2	8	9	6	58	68	78	88	98	108	
812	91	0	0	4	5	6	7	8	6	2	12	22	32	42	52	
813	92	0	0	2	5	6	6	59	69	79	89	99	109	
814	93	0	0	4	3	4	5	6	11	55	60	65	70	75	80	85	90	95	100	105	
815	93	0	0	2	6	7	11	58	63	68	73	78	83	88	93	98	103	108	
816	94	0	0	4	7	8	9	10	6	55	65	75	85	95	105	
817	94	0	0	4	5	6	7	8	6	57	67	77	87	97	107	
818	95	0	0	4	3	4	5	6	6	1	11	21	31	41	51	
819	95	0	0	2	4	5	6	2	12	22	32	42	52	
820	96	0	0	4	8	9	10	11	11	57	62	67	72	77	82	87	92	97	102	107	
821	97	0	0	4	3	4	5	6	11	56	61	66	71	76	81	86	91	96	101	106	
822	98	0	0	4	2	3	4	5	6	57	67	77	87	97	107	
823	99	0	0	2	13	14	6	55	65	75	85	95	105	
824	99	0	0	2	7	8	6	56	66	76	86	96	106	
825	99	0	0	2	1	2	6	59	69	79	89	99	109	
826	99	0	0	4	10	11	12	13	6	58	68	78	88	98	108	
827	100	0	0	2	11	12	5	9	19	29	39	49	
828	100	0	0	2	6	7	5	5	15	25	35	45	
829	101	0	0	4	0	1	2	3	5	8	18	28	38	48	
830	102	0	0	2	10	11	11	3	8	13	18	23	28	33	38	43	48	53	
831	102	0	0	4	7	8	9	10	11	4	9	14	19	24	29	34	39	44	49	54	
832	102	0	0	4	12	13	14	15	11	1	6	11	16	21	26	31	36	41	46	51	
833	102	0	0	2	0	1	11	2	7	12	17	22	27	32	37	42	47	52	
834	103	0	0	4	8	9	10	11	6	4	14	24	34	44	54	
835	103	0	0	2	15	16	6	2	12	22	32	42	52	
836	104	0	0	4	13	14	15	16	11	4	9	14	19	24	29	34	39	44	49	54	
837	104	0	0	4	4	5	6	7	11	1	6	11	16	21	26	31	36	41	46	51	
838	105	0	0	2	6	7	6	56	66	76	86	96	106	
839	105	0	0	2	9	10	6	58	68	78	88	98	108	
840	106	0	0	2	12	13	5	64	74	84	94	104	
841	106	0	0	4	12	13	14	15	5	62	72	82	92	102	
842	107	0	0	4	6	7	8	9	5	8	18	28	38	48	
843	108	0	0	4	3	4	5	6	11	4	9	14	19	24	29	34	39	44	49	54	
844	109	0	0	4	6	7	8	9	6	4	14	24	34	44	54	
845	110	0	0	4	9	10	11	12	5	62	72	82	92	102	
846	111	0	0	4	4	5	6	7	5	61	71	81	91	101	
847	111	0	0	2	15	16	5	64	74	84	94	104	
848	112	0	0	4	7	8	9	10	11	2	7	12	17	22	27	32	37	42	47	52	
849	112	0	0	4	6	7	8	9	11	3	8	13	18	23	28	33	38	43	48	53	
850	112	0	0	4	0	1	2	3	11	4	9	14	19	24	29	34	39	44	49	54	
851	112	0	0	4	7	8	9	10	11	0	5	10	15	20	25	30	35	40	45	50	
852	113	0	0	4	11	12	13	14	5	62	72	82	92	102	
853	113	0	0	2	1	2	5	61	71	81	91	101	
854	114	0	0	4	7	8	9	10	6	56	66	76	86	96	106	
855	114	0	0	4	6	7	8	9	6	58	68	78	88	98	108	
856	115	1	0	4	1	2	3	4	5	9	19	29	39	49	
857	116	0	0	4	7	8	9	10	6	58	68	78	88	98	108	
858	117	0	0	2	13	14	6	55	65	75	85	95	105	
859	118	0	0	2	11	12	11	3	8	13	18	23	28	33	38	43	48	53	
860	118	0	0	4	9	10	11	12	11	4	9	14	19	24	29	34	39	44	49	54	
861	119	0	0	2	14	15	11	1	6	11	16	21	26	31	36	41	46	51	
862	120	0	0	4	5	6	7	8	11	2	7	12	17	22	27	32	37	42	47	52	
863	120	0	0	4	9	10	11	12	11	1	6	11	16	21	26	31	36	41	46	51	
864	121	2	0	2	12	13	5	7	17	27	37	47	
865	121	2	0	4	3	4	5	6	5	5	15	25	35	45	
866	122	0	0	2	6	7	5	6	16	26	36	46	
867	122	0	0	2	5	6	5	9	19	29	39	49	
868	123	0	0	2	14	15	6	4	14	24	34	44	54	
869	123	0	0	2	1	2	6	1	11	21	31	41	51	
870	124	0	0	2	9	10	11	59	64	69	74	79	84	89	94	99	104	109	
871	124	0	0	4	2	3	4	5	11	55	60	65	70	75	80	85	90	95	100	105	
872	125	0	0	2	8	9	5	62	72	82	92	102	
873	125	0	0	2	2	3	5	64	74	84	94	104	
874	126	0	0	2	15	16	11	1	6	11	16	21	26	31	36	41	46	51	
875	126	0	0	4	6	7	8	9	11	0	5	10	15	20	25	30	35	40	45	50	
876	126	0	0	2	16	17	11	4	9	14	19	24	29	34	39	44	49	54	
877	126	0	0	2	3	4	11	2	7	12	17	22	27	32	37	42	47	52	
878	127	0	0	4	6	7	8	9	6	57	67	77	87	97	107	
879	127	0	0	4	6	7	8	9	6	56	66	76	86	96	106	
880	128	0	0	2	8	9	11	59	64	69	74	79	84	89	94	99	104	109	
881	128	0	0	2	13	14	11	56	61	66	71	76	81	86	91	96	101	106	
882	128	0	0	2	13	14	11	55	60	65	70	75	80	85	90	95	100	105	
883	128	0	0	4	2	3	4	5	11	57	62	67	72	77	82	87	92	97	102	107	
884	129	0	0	2	3	4	6	0	10	20	30	40	50	
885	129	0	0	2	15	16	6	1	11	21	31	41	51	
886	130	0	0	2	16	17	11	0	5	10	15	20	25	30	35	40	45	50	
887	131	0	0	4	9	10	11	12	5	6	16	26	36	46	
888	131	0	0	2	11	12	5	7	17	27	37	47	
889	132	0	0	4	7	8	9	10	5	9	19	29	39	49	
890	133	0	0	4	5	6	7	8	5	60	70	80	90	100	
891	133	0	0	2	12	13	5	62	72	82	92	102	
892	133	0	0	2	6	7	5	64	74	84	94	104	
893	133	0	0	2	11	12	5	63	73	83	93	103	
894	134	0	0	4	5	6	7	8	11	1	6	11	16	21	26	31	36	41	46	51	
895	135	0	0	4	13	14	15	16	6	56	66	76	86	96	106	
896	136	2	0	2	14	15	11	58	63	68	73	78	83	88	93	98	103	108	
897	137	0	0	2	8	9	6	57	67	77	87	97	107	
898	138	0	0	2	14	15	6	57	67	77	87	97	107	
899	139	0	0	4	2	3	4	5	11	57	62	67	72	77	82	87	92	97	102	107	
900	139	0	0	2	0	1	11	58	63	68	73	78	83	88	93	98	103	108	
901	140	0	0	4	11	12	13	14	11	2	7	12	17	22	27	32	37	42	47	52	
902	140	0	0	4	3	4	5	6	11	1	6	11	16	21	26	31	36	41	46	51	
903	140	0	0	4	4	5	6	7	11	3	8	13	18	23	28	33	38	43	48	53	
904	141	0	0	4	3	4	5	6	6	59	69	79	89	99	109	
905	141	0	0	4	13	14	15	16	6	56	66	76	86	96	106	
906	142	0	0	4	11	12	13	14	5	62	72	82	92	102	
907	142	0	0	4	11	12	13	14	5	61	71	81	91	101	
908	142	0	0	4	0	1	2	3	5	64	74	84	94	104	
909	142	0	0	2	9	10	5	60	70	80	90	100	
910	143	0	0	4	10	11	12	13	6	55	65	75	85	95	105	
911	144	0	0	4	1	2	3	4	5	7	17	27	37	47	
912	144	0	0	4	13	14	15	16	5	5	15	25	35	45	
913	145	0	0	2	1	2	6	56	66	76	86	96	106	
914	145	0	0	4	7	8	9	10	6	57	67	77	87	97	107	
915	146	0	0	4	10	11	12	13	6	55	65	75	85	95	105	
916	147	0	0	4	8	9	10	11	5	8	18	28	38	48	
917	148	0	0	4	10	11	12	13	5	60	70	80	90	100	
918	148	0	0	2	15	16	5	62	72	82	92	102	
919	149	0	0	2	9	10	6	4	14	24	34	44	54	
920	150	0	0	2	6	7	11	3	8	13	18	23	28	33	38	43	48	53	
921	150	0	0	2	2	3	11	4	9	14	19	24	29	34	39	44	49	54	
922	151	0	0	4	7	8	9	10	6	2	12	22	32	42	52	
923	151	0	0	4	11	12	13	14	6	1	11	21	31	41	51	
924	152	0	0	2	9	10	6	3	13	23	33	43	53	
925	152	0	0	2	5	6	6	2	12	22	32	42	52	
926	153	0	0	4	4	5	6	7	5	6	16	26	36	46	
927	153	0	0	4	0	1	2	3	5	9	19	29	39	49	
928	153	0	0	4	12	13	14	15	5	8	18	28	38	48	
929	154	0	0	2	6	7	6	59	69	79	89	99	109	
930	155	0	0	2	10	11	5	62	72	82	92	102	
931	156	0	0	2	10	11	5	8	18	28	38	48	
932	157	0	0	2	12	13	6	55	65	75	85	95	105	
933	157	0	0	4	0	1	2	3	6	58	68	78	88	98	108	
934	158	0	0	2	0	1	5	62	72	82	92	102	
935	159	0	0	2	10	11	6	0	10	20	30	40	50	
936	159	0	0	2	0	1	6	1	11	21	31	41	51	
937	160	0	0	2	4	5	11	4	9	14	19	24	29	34	39	44	49	54	
938	160	0	0	4	1	2	3	4	11	3	8	13	18	23	28	33	38	43	48	53	
939	161	0	0	2	6	7	6	59	69	79	89	99	109	
940	162	0	0	2	15	16	5	60	70	80	90	100	
941	162	0	0	4	10	11	12	13	5	62	72	82	92	102	
942	163	0	0	4	5	6	7	8	6	0	10	20	30	40	50	
943	163	0	0	4	12	13	14	15	6	4	14	24	34	44	54	
944	164	0	0	2	7	8	6	57	67	77	87	97	107	
945	165	0	0	2	7	8	11	2	7	12	17	22	27	32	37	42	47	52	
946	166	0	0	2	5	6	5	60	70	80	90	100	
947	166	0	0	4	7	8	9	10	5	64	74	84	94	104	
948	167	1	0	4	13	14	15	16	11	57	62	67	72	77	82	87	92	97	102	107	
949	168	0	0	2	15	16	6	4	14	24	34	44	54	
950	168	0	0	2	16	17	6	1	11	21	31	41	51	
951	169	0	0	2	15	16	6	2	12	22	32	42	52	
952	169	0	0	4	10	11	12	13	6	3	13	23	33	43	53	
953	170	0	0	4	14	15	16	17	5	6	16	26	36	46	
954	170	0	0	2	4	5	5	5	15	25	35	45	
955	171	0	0	2	3	4	11	3	8	13	18	23	28	33	38	43	48	53	
956	172	0	0	2	16	17	11	55	60	65	70	75	80	85	90	95	100	105	
957	172	0	0	2	14	15	11	59	64	69	74	79	84	89	94	99	104	109	
958	173	0	0	2	1	2	5	5	15	25	35	45	
959	173	0	0	4	14	15	16	17	5	8	18	28	38	48	
960	174	0	0	4	6	7	8	9	11	0	5	10	15	20	25	30	35	40	45	50	
961	174	0	0	2	9	10	11	3	8	13	18	23	28	33	38	43	48	53	
962	174	0	0	4	9	10	11	12	11	4	9	14	19	24	29	34	39	44	49	54	
963	175	0	0	2	4	5	6	0	10	20	30	40	50	
964	175	0	0	4	8	9	10	11	6	4	14	24	34	44	54	
965	175	0	0	2	12	13	6	1	11	21	31	41	51	
966	176	0	0	4	1	2	3	4	5	62	72	82	92	102	
967	176	0	0	4	5	6	7	8	5	60	70	80	90	100	
968	177	0	0	4	9	10	11	12	6	2	12	22	32	42	52	
969	177	0	0	2	3	4	6	0	10	20	30	40	50	
970	177	0	0	2	10	11	6	3	13	23	33	43	53	
971	177	0	0	4	5	6	7	8	6	1	11	21	31	41	51	
972	178	1	0	4	2	3	4	5	11	1	6	11	16	21	26	31	36	41	46	51	
973	178	1	0	2	11	12	11	3	8	13	18	23	28	33	38	43	48	53	
974	179	0	0	4	4	5	6	7	5	7	17	27	37	47	
975	179	0	0	4	7	8	9	10	5	5	15	25	35	45	
976	180	0	0	2	1	2	6	2	12	22	32	42	52	
977	181	0	0	4	1	2	3	4	11	56	61	66	71	76	81	86	91	96	101	106	
978	181	0	0	4	3	4	5	6	11	57	62	67	72	77	82	87	92	97	102	107	
979	182	0	0	4	2	3	4	5	11	57	62	67	72	77	82	87	92	97	102	107	
980	182	0	0	4	0	1	2	3	11	59	64	69	74	79	84	89	94	99	104	109	
981	182	0	0	4	1	2	3	4	11	58	63	68	73	78	83	88	93	98	103	108	
982	183	0	0	2	4	5	6	0	10	20	30	40	50	
983	184	0	0	4	4	5	6	7	5	9	19	29	39	49	
984	185	0	0	4	7	8	9	10	5	62	72	82	92	102	
985	185	0	0	4	2	3	4	5	5	61	71	81	91	101	
986	186	0	0	4	0	1	2	3	6	55	65	75	85	95	105	
987	186	0	0	4	4	5	6	7	6	59	69	79	89	99	109	
988	186	0	0	2	10	11	6	57	67	77	87	97	107	
989	187	0	0	4	3	4	5	6	11	59	64	69	74	79	84	89	94	99	104	109	
990	187	0	0	2	0	1	11	56	61	66	71	76	81	86	91	96	101	106	
991	188	0	0	4	0	1	2	3	6	58	68	78	88	98	108	
992	188	0	0	4	4	5	6	7	6	57	67	77	87	97	107	
993	189	0	0	4	5	6	7	8	6	4	14	24	34	44	54	
994	190	0	0	4	13	14	15	16	11	0	5	10	15	20	25	30	35	40	45	50	
995	190	0	0	4	6	7	8	9	11	1	6	11	16	21	26	31	36	41	46	51	
996	191	0	0	4	4	5	6	7	11	56	61	66	71	76	81	86	91	96	101	106	
997	191	0	0	4	10	11	12	13	11	55	60	65	70	75	80	85	90	95	100	105	
998	192	0	0	4	14	15	16	17	11	1	6	11	16	21	26	31	36	41	46	51	
999	192	0	0	2	10	11	11	0	5	10	15	20	25	30	35	40	45	50	
1000	193	0	0	2	0	1	6	4	14	24	34	44	54	
1001	193	0	0	2	11	12	6	2	12	22	32	42	52	
1002	193	0	0	4	8	9	10	11	6	1	11	21	31	41	51	
1003	194	0	0	4	8	9	10	11	6	55	65	75	85	95	105	
1004	194	0	0	2	12	13	6	57	67	77	87	97	107	
1005	195	0	0	4	1	2	3	4	5	60	70	80	90	100	
1006	195	0	0	4	5	6	7	8	5	62	72	82	92	102	
1007	196	1	0	2	8	9	5	7	17	27	37	47	
1008	196	1	0	2	0	1	5	5	15	25	35	45	
1009	197	2	0	4	0	1	2	3	5	7	17	27	37	47	
1010	198	0	0	4	5	6	7	8	11	3	8	13	18	23	28	33	38	43	48	53	
1011	198	0	0	4	10	11	12	13	11	2	7	12	17	22	27	32	37	42	47	52	
1012	199	0	0	2	9	10	5	62	72	82	92	102	
1013	199	0	0	2	13	14	5	64	74	84	94	104	
1014	199	0	0	4	14	15	16	17	5	60	70	80	90	100	
1015	199	0	0	4	8	9	10	11	5	63	73	83	93	103	
1016	200	0	0	4	8	9	10	11	6	0	10	20	30	40	50	
1017	200	0	0	2	0	1	6	2	12	22	32	42	52	
1018	201	0	0	4	8	9	10	11	6	4	14	24	34	44	54	
1019	202	0	0	2	9	10	6	56	66	76	86	96	106	
1020	202	0	0	4	11	12	13	14	6	59	69	79	89	99	109	
1021	203	0	0	4	4	5	6	7	5	60	70	80	90	100	
1022	203	0	0	2	16	17	5	63	73	83	93	103	
1023	204	0	0	2	10	11	5	9	19	29	39	49	
1024	204	0	0	4	7	8	9	10	5	8	18	28	38	48	
1025	204	0	0	2	2	3	5	5	15	25	35	45	
1026	204	0	0	2	0	1	5	7	17	27	37	47	
1027	205	1	0	4	1	2	3	4	11	59	64	69	74	79	84	89	94	99	104	109	
1028	205	1	0	2	7	8	11	56	61	66	71	76	81	86	91	96	101	106	
1029	206	0	0	4	10	11	12	13	5	61	71	81	91	101	
1030	206	0	0	2	6	7	5	63	73	83	93	103	
1031	207	0	0	2	7	8	5	5	15	25	35	45	
1032	207	0	0	2	6	7	5	8	18	28	38	48	
1033	207	0	0	4	6	7	8	9	5	6	16	26	36	46	
1034	207	0	0	2	4	5	5	7	17	27	37	47	
1035	208	0	0	2	16	17	6	58	68	78	88	98	108	
1036	208	0	0	4	8	9	10	11	6	55	65	75	85	95	105	
1037	209	0	0	2	10	11	5	60	70	80	90	100	
1038	210	0	0	2	0	1	5	5	15	25	35	45	
1039	210	0	0	4	2	3	4	5	5	6	16	26	36	46	
1040	211	0	0	2	10	11	5	9	19	29	39	49	
1041	211	0	0	4	9	10	11	12	5	8	18	28	38	48	
1042	212	0	0	4	13	14	15	16	6	3	13	23	33	43	53	
1043	213	0	0	2	12	13	6	1	11	21	31	41	51	
1044	214	0	0	2	2	3	11	2	7	12	17	22	27	32	37	42	47	52	
1045	214	0	0	2	0	1	11	0	5	10	15	20	25	30	35	40	45	50	
1046	215	0	0	4	1	2	3	4	6	2	12	22	32	42	52	
1047	216	0	0	2	4	5	6	55	65	75	85	95	105	
1048	216	0	0	4	8	9	10	11	6	58	68	78	88	98	108	
1049	217	0	0	2	14	15	11	57	62	67	72	77	82	87	92	97	102	107	
1050	217	0	0	2	8	9	11	56	61	66	71	76	81	86	91	96	101	106	
1051	218	0	0	2	6	7	11	55	60	65	70	75	80	85	90	95	100	105	
1052	218	0	0	4	6	7	8	9	11	56	61	66	71	76	81	86	91	96	101	106	
1053	218	0	0	2	2	3	11	58	63	68	73	78	83	88	93	98	103	108	
1054	218	0	0	2	5	6	11	57	62	67	72	77	82	87	92	97	102	107	
1055	219	0	0	4	12	13	14	15	11	4	9	14	19	24	29	34	39	44	49	54	
1056	219	0	0	4	1	2	3	4	11	2	7	12	17	22	27	32	37	42	47	52	
1057	220	0	0	2	9	10	6	0	10	20	30	40	50	
1058	221	0	0	4	10	11	12	13	11	56	61	66	71	76	81	86	91	96	101	106	
1059	221	0	0	4	4	5	6	7	11	55	60	65	70	75	80	85	90	95	100	105	
1060	222	0	0	4	12	13	14	15	6	57	67	77	87	97	107	
1061	223	0	0	4	9	10	11	12	11	59	64	69	74	79	84	89	94	99	104	109	
1062	223	0	0	2	0	1	11	58	63	68	73	78	83	88	93	98	103	108	
1063	224	0	0	4	1	2	3	4	11	57	62	67	72	77	82	87	92	97	102	107	
1064	224	0	0	2	0	1	11	56	61	66	71	76	81	86	91	96	101	106	
1065	225	0	0	4	2	3	4	5	6	56	66	76	86	96	106	
1066	226	0	0	4	8	9	10	11	5	8	18	28	38	48	
1067	226	0	0	2	9	10	5	9	19	29	39	49	
1068	227	0	0	4	7	8	9	10	5	9	19	29	39	49	
1069	228	0	0	2	1	2	6	1	11	21	31	41	51	
1070	229	0	0	4	7	8	9	10	6	1	11	21	31	41	51	
1071	230	0	0	2	3	4	6	0	10	20	30	40	50	
1072	230	0	0	2	15	16	6	2	12	22	32	42	52	
1073	230	0	0	4	10	11	12	13	6	1	11	21	31	41	51	
1074	230	0	0	4	8	9	10	11	6	4	14	24	34	44	54	
1075	231	2	0	2	0	1	5	5	15	25	35	45	
1076	231	2	0	2	7	8	5	6	16	26	36	46	
1077	231	2	0	4	0	1	2	3	5	7	17	27	37	47	
1078	232	0	0	2	8	9	6	1	11	21	31	41	51	
1079	232	0	0	2	2	3	6	3	13	23	33	43	53	
1080	232	0	0	4	5	6	7	8	6	0	10	20	30	40	50	
1081	232	0	0	4	4	5	6	7	6	2	12	22	32	42	52	
1082	233	0	0	4	5	6	7	8	5	64	74	84	94	104	
1083	234	1	0	2	9	10	6	1	11	21	31	41	51	
1084	235	0	0	2	1	2	11	4	9	14	19	24	29	34	39	44	49	54	
1085	236	0	0	2	2	3	11	0	5	10	15	20	25	30	35	40	45	50	
1086	236	0	0	4	6	7	8	9	11	4	9	14	19	24	29	34	39	44	49	54	
1087	237	0	0	2	2	3	5	62	72	82	92	102	
1088	237	0	0	2	8	9	5	61	71	81	91	101	
1089	238	0	0	4	7	8	9	10	6	55	65	75	85	95	105	
1090	239	0	0	4	9	10	11	12	11	56	61	66	71	76	81	86	91	96	101	106	
1091	239	0	0	4	11	12	13	14	11	59	64	69	74	79	84	89	94	99	104	109	
1092	240	0	0	4	1	2	3	4	5	63	73	83	93	103	
1093	240	0	0	2	9	10	5	64	74	84	94	104	
1094	241	0	0	4	12	13	14	15	5	64	74	84	94	104	
1095	242	0	0	4	14	15	16	17	11	56	61	66	71	76	81	86	91	96	101	106	
1096	242	0	0	2	10	11	11	59	64	69	74	79	84	89	94	99	104	109	
1097	243	0	0	2	1	2	5	9	19	29	39	49	
1098	244	0	0	4	0	1	2	3	6	0	10	20	30	40	50	
1099	244	0	0	2	13	14	6	1	11	21	31	41	51	
1100	245	0	0	4	8	9	10	11	11	58	63	68	73	78	83	88	93	98	103	108	
1101	245	0	0	2	16	17	11	55	60	65	70	75	80	85	90	95	100	105	
1102	246	0	0	4	7	8	9	10	11	0	5	10	15	20	25	30	35	40	45	50	
1103	247	0	0	4	6	7	8	9	5	5	15	25	35	45	
1104	247	0	0	2	3	4	5	7	17	27	37	47	
1105	247	0	0	2	8	9	5	8	18	28	38	48	
1106	248	0	0	4	14	15	16	17	6	0	10	20	30	40	50	
1107	248	0	0	4	3	4	5	6	6	3	13	23	33	43	53	
1108	248	0	0	2	9	10	6	1	11	21	31	41	51	
1109	249	0	0	2	3	4	11	55	60	65	70	75	80	85	90	95	100	105	
1110	250	0	0	4	7	8	9	10	11	0	5	10	15	20	25	30	35	40	45	50	
1111	250	0	0	4	3	4	5	6	11	1	6	11	16	21	26	31	36	41	46	51	
1112	251	0	0	2	10	11	5	61	71	81	91	101	
1113	251	0	0	2	16	17	5	63	73	83	93	103	
1114	251	0	0	4	1	2	3	4	5	64	74	84	94	104	
1115	251	0	0	2	14	15	5	62	72	82	92	102	
1116	252	0	0	4	0	1	2	3	6	2	12	22	32	42	52	
1117	253	0	0	2	6	7	6	57	67	77	87	97	107	
1118	253	0	0	2	12	13	6	56	66	76	86	96	106	
1119	253	0	0	2	10	11	6	55	65	75	85	95	105	
1120	253	0	0	2	2	3	6	59	69	79	89	99	109	
1121	254	0	0	4	4	5	6	7	5	61	71	81	91	101	
1122	254	0	0	2	13	14	5	64	74	84	94	104	
1123	255	0	0	2	1	2	5	7	17	27	37	47	
1124	256	0	0	4	10	11	12	13	11	56	61	66	71	76	81	86	91	96	101	106	
1125	257	1	0	4	4	5	6	7	5	63	73	83	93	103	
1126	257	1	0	2	6	7	5	62	72	82	92	102	
1127	258	0	0	2	5	6	6	57	67	77	87	97	107	
1128	258	0	0	2	0	1	6	56	66	76	86	96	106	
1129	259	0	0	2	10	11	6	57	67	77	87	97	107	
1130	259	0	0	4	1	2	3	4	6	59	69	79	89	99	109	
1131	260	0	0	4	12	13	14	15	5	63	73	83	93	103	
1132	260	0	0	4	5	6	7	8	5	60	70	80	90	100	
1133	260	0	0	4	7	8	9	10	5	62	72	82	92	102	
1134	261	0	0	2	1	2	5	5	15	25	35	45	
1135	261	0	0	2	0	1	5	9	19	29	39	49	
1136	262	0	0	2	6	7	11	55	60	65	70	75	80	85	90	95	100	105	
1137	262	0	0	2	8	9	11	59	64	69	74	79	84	89	94	99	104	109	
1138	263	0	0	4	9	10	11	12	11	58	63	68	73	78	83	88	93	98	103	108	
1139	263	0	0	4	4	5	6	7	11	59	64	69	74	79	84	89	94	99	104	109	
1140	264	0	0	2	12	13	6	2	12	22	32	42	52	
1141	264	0	0	4	1	2	3	4	6	0	10	20	30	40	50	
1142	265	0	0	4	2	3	4	5	11	1	6	11	16	21	26	31	36	41	46	51	
1143	266	0	0	2	10	11	5	9	19	29	39	49	
1144	266	0	0	2	1	2	5	8	18	28	38	48	
1145	267	0	0	4	5	6	7	8	5	9	19	29	39	49	
1146	267	0	0	2	0	1	5	6	16	26	36	46	
1147	268	0	0	2	16	17	11	55	60	65	70	75	80	85	90	95	100	105	
1148	269	0	0	4	6	7	8	9	5	8	18	28	38	48	
1149	269	0	0	2	11	12	5	9	19	29	39	49	
1150	270	0	0	2	2	3	11	58	63	68	73	78	83	88	93	98	103	108	
1151	271	0	0	2	6	7	6	59	69	79	89	99	109	
1152	271	0	0	4	5	6	7	8	6	58	68	78	88	98	108	
1153	272	0	0	2	0	1	11	1	6	11	16	21	26	31	36	41	46	51	
1154	272	0	0	4	14	15	16	17	11	2	7	12	17	22	27	32	37	42	47	52	
1155	273	0	0	2	12	13	11	57	62	67	72	77	82	87	92	97	102	107	
1156	273	0	0	2	15	16	11	58	63	68	73	78	83	88	93	98	103	108	
1157	273	0	0	4	9	10	11	12	11	55	60	65	70	75	80	85	90	95	100	105	
1158	274	0	0	4	8	9	10	11	11	3	8	13	18	23	28	33	38	43	48	53	
1159	274	0	0	4	1	2	3	4	11	1	6	11	16	21	26	31	36	41	46	51	
1160	275	1	0	4	4	5	6	7	11	4	9	14	19	24	29	34	39	44	49	54	
1161	275	1	0	4	0	1	2	3	11	0	5	10	15	20	25	30	35	40	45	50	
1162	276	0	0	4	11	12	13	14	5	63	73	83	93	103	
1163	277	0	0	4	1	2	3	4	5	64	74	84	94	104	
1164	277	0	0	2	15	16	5	63	73	83	93	103	
1165	278	0	0	2	15	16	11	3	8	13	18	23	28	33	38	43	48	53	
1166	278	0	0	4	6	7	8	9	11	1	6	11	16	21	26	31	36	41	46	51	
1167	278	0	0	4	4	5	6	7	11	0	5	10	15	20	25	30	35	40	45	50	
1168	278	0	0	2	6	7	11	4	9	14	19	24	29	34	39	44	49	54	
1169	279	0	0	4	14	15	16	17	5	7	17	27	37	47	
1170	280	0	0	2	15	16	5	5	15	25	35	45	
1171	280	0	0	4	10	11	12	13	5	8	18	28	38	48	
1172	281	0	0	2	14	15	6	2	12	22	32	42	52	
1173	282	0	0	4	2	3	4	5	11	59	64	69	74	79	84	89	94	99	104	109	
1174	283	0	0	4	0	1	2	3	5	7	17	27	37	47	
1175	283	0	0	4	13	14	15	16	5	5	15	25	35	45	
1176	284	0	0	2	6	7	5	60	70	80	90	100	
1177	285	1	0	2	8	9	5	63	73	83	93	103	
1178	285	1	0	2	7	8	5	60	70	80	90	100	
1179	286	0	0	4	10	11	12	13	5	8	18	28	38	48	
1180	287	0	0	4	9	10	11	12	11	0	5	10	15	20	25	30	35	40	45	50	
1181	288	0	0	4	4	5	6	7	6	0	10	20	30	40	50	
1182	288	0	0	2	16	17	6	1	11	21	31	41	51	
1183	288	0	0	2	9	10	6	3	13	23	33	43	53	
1184	288	0	0	2	3	4	6	2	12	22	32	42	52	
1185	289	0	0	4	4	5	6	7	5	9	19	29	39	49	
1186	290	0	0	4	0	1	2	3	5	60	70	80	90	100	
1187	291	0	0	4	13	14	15	16	5	60	70	80	90	100	
1188	291	0	0	2	0	1	5	62	72	82	92	102	
1189	291	0	0	4	14	15	16	17	5	64	74	84	94	104	
1190	292	0	0	4	1	2	3	4	6	3	13	23	33	43	53	
1191	292	0	0	4	7	8	9	10	6	0	10	20	30	40	50	
1192	293	0	0	4	3	4	5	6	5	7	17	27	37	47	
1193	293	0	0	4	13	14	15	16	5	9	19	29	39	49	
1194	293	0	0	4	14	15	16	17	5	5	15	25	35	45	
1195	294	0	0	2	10	11	6	56	66	76	86	96	106	
1196	294	0	0	2	13	14	6	59	69	79	89	99	109	
1197	294	0	0	4	3	4	5	6	6	55	65	75	85	95	105	
1198	294	0	0	4	9	10	11	12	6	57	67	77	87	97	107	
1199	295	0	0	2	14	15	6	4	14	24	34	44	54	
1200	296	0	0	2	3	4	5	64	74	84	94	104	
1201	296	0	0	2	16	17	5	61	71	81	91	101	
1202	296	0	0	4	13	14	15	16	5	62	72	82	92	102	
1203	296	0	0	2	4	5	5	60	70	80	90	100	
1204	297	0	0	4	1	2	3	4	5	6	16	26	36	46	
1205	298	0	0	2	1	2	5	5	15	25	35	45	
1206	298	0	0	4	7	8	9	10	5	9	19	29	39	49	
1207	299	0	0	2	11	12	6	1	11	21	31	41	51	

