1200	659	541
0
0 	 0 	 0 	 4 	 2 	 9 	 10 	 11 	 58 	 63 	 68 	 73 	 78 	 83 	 88 	 93 	 98 	 103 	 108
1 	 1 	 0 	 6 	 2 	 3 	 4 	 11 	 2 	 7 	 12 	 17 	 22 	 27 	 32 	 37 	 42 	 47 	 52
2 	 2 	 0 	 2 	 2 	 10 	 11 	 6 	 3 	 13 	 23 	 33 	 43 	 53
3 	 2 	 0 	 3 	 2 	 12 	 13 	 6 	 3 	 13 	 23 	 33 	 43 	 53
4 	 2 	 0 	 4 	 2 	 14 	 15 	 6 	 3 	 13 	 23 	 33 	 43 	 53
5 	 2 	 0 	 1 	 2 	 16 	 17 	 6 	 3 	 13 	 23 	 33 	 43 	 53
6 	 3 	 0 	 7 	 4 	 14 	 15 	 16 	 17 	 6 	 59 	 69 	 79 	 89 	 99 	 109
7 	 4 	 0 	 4 	 2 	 13 	 14 	 11 	 4 	 9 	 14 	 19 	 24 	 29 	 34 	 39 	 44 	 49 	 54
8 	 4 	 0 	 7 	 2 	 11 	 12 	 11 	 2 	 7 	 12 	 17 	 22 	 27 	 32 	 37 	 42 	 47 	 52
9 	 4 	 0 	 1 	 2 	 11 	 12 	 11 	 1 	 6 	 11 	 16 	 21 	 26 	 31 	 36 	 41 	 46 	 51
10 	 5 	 0 	 3 	 2 	 14 	 15 	 6 	 58 	 68 	 78 	 88 	 98 	 108
11 	 6 	 0 	 8 	 2 	 8 	 9 	 11 	 59 	 64 	 69 	 74 	 79 	 84 	 89 	 94 	 99 	 104 	 109
12 	 6 	 0 	 9 	 2 	 9 	 10 	 11 	 56 	 61 	 66 	 71 	 76 	 81 	 86 	 91 	 96 	 101 	 106
13 	 7 	 0 	 2 	 2 	 5 	 6 	 11 	 1 	 6 	 11 	 16 	 21 	 26 	 31 	 36 	 41 	 46 	 51
14 	 8 	 0 	 5 	 2 	 6 	 7 	 5 	 8 	 18 	 28 	 38 	 48
15 	 8 	 0 	 5 	 2 	 8 	 9 	 5 	 8 	 18 	 28 	 38 	 48
16 	 8 	 0 	 7 	 2 	 10 	 11 	 5 	 8 	 18 	 28 	 38 	 48
17 	 8 	 0 	 8 	 2 	 12 	 13 	 5 	 8 	 18 	 28 	 38 	 48
18 	 9 	 0 	 4 	 2 	 9 	 10 	 5 	 9 	 19 	 29 	 39 	 49
19 	 10 	 2 	 6 	 2 	 1 	 2 	 6 	 58 	 68 	 78 	 88 	 98 	 108
20 	 10 	 2 	 6 	 2 	 3 	 4 	 6 	 58 	 68 	 78 	 88 	 98 	 108
21 	 10 	 2 	 5 	 2 	 5 	 6 	 6 	 58 	 68 	 78 	 88 	 98 	 108
22 	 10 	 2 	 4 	 2 	 7 	 8 	 6 	 58 	 68 	 78 	 88 	 98 	 108
23 	 10 	 2 	 7 	 2 	 9 	 10 	 6 	 58 	 68 	 78 	 88 	 98 	 108
24 	 10 	 2 	 9 	 2 	 11 	 12 	 6 	 58 	 68 	 78 	 88 	 98 	 108
25 	 10 	 2 	 9 	 2 	 13 	 14 	 6 	 58 	 68 	 78 	 88 	 98 	 108
26 	 10 	 2 	 6 	 2 	 15 	 16 	 6 	 58 	 68 	 78 	 88 	 98 	 108
27 	 11 	 0 	 3 	 2 	 16 	 17 	 6 	 4 	 14 	 24 	 34 	 44 	 54
28 	 12 	 1 	 2 	 2 	 10 	 11 	 11 	 56 	 61 	 66 	 71 	 76 	 81 	 86 	 91 	 96 	 101 	 106
29 	 13 	 2 	 1 	 2 	 0 	 1 	 6 	 55 	 65 	 75 	 85 	 95 	 105
30 	 14 	 2 	 9 	 4 	 7 	 8 	 9 	 10 	 5 	 6 	 16 	 26 	 36 	 46
31 	 15 	 0 	 4 	 4 	 4 	 5 	 6 	 7 	 6 	 2 	 12 	 22 	 32 	 42 	 52
32 	 16 	 0 	 4 	 2 	 4 	 5 	 6 	 56 	 66 	 76 	 86 	 96 	 106
33 	 16 	 0 	 1 	 2 	 6 	 7 	 6 	 56 	 66 	 76 	 86 	 96 	 106
34 	 16 	 0 	 5 	 2 	 8 	 9 	 6 	 56 	 66 	 76 	 86 	 96 	 106
35 	 16 	 0 	 4 	 2 	 10 	 11 	 6 	 56 	 66 	 76 	 86 	 96 	 106
36 	 16 	 0 	 9 	 2 	 12 	 13 	 6 	 56 	 66 	 76 	 86 	 96 	 106
37 	 16 	 0 	 10 	 2 	 14 	 15 	 6 	 56 	 66 	 76 	 86 	 96 	 106
38 	 17 	 0 	 7 	 2 	 9 	 10 	 5 	 6 	 16 	 26 	 36 	 46
39 	 18 	 2 	 5 	 2 	 12 	 13 	 11 	 56 	 61 	 66 	 71 	 76 	 81 	 86 	 91 	 96 	 101 	 106
40 	 19 	 0 	 3 	 2 	 16 	 17 	 6 	 0 	 10 	 20 	 30 	 40 	 50
41 	 19 	 0 	 8 	 2 	 7 	 8 	 6 	 3 	 13 	 23 	 33 	 43 	 53
42 	 19 	 0 	 4 	 2 	 12 	 13 	 6 	 4 	 14 	 24 	 34 	 44 	 54
43 	 20 	 0 	 2 	 2 	 10 	 11 	 5 	 8 	 18 	 28 	 38 	 48
44 	 21 	 0 	 7 	 2 	 9 	 10 	 11 	 55 	 60 	 65 	 70 	 75 	 80 	 85 	 90 	 95 	 100 	 105
45 	 22 	 0 	 10 	 2 	 12 	 13 	 5 	 62 	 72 	 82 	 92 	 102
46 	 23 	 0 	 5 	 2 	 8 	 9 	 11 	 56 	 61 	 66 	 71 	 76 	 81 	 86 	 91 	 96 	 101 	 106
47 	 24 	 0 	 7 	 4 	 6 	 7 	 8 	 9 	 11 	 2 	 7 	 12 	 17 	 22 	 27 	 32 	 37 	 42 	 47 	 52
48 	 25 	 0 	 1 	 2 	 1 	 2 	 6 	 4 	 14 	 24 	 34 	 44 	 54
49 	 25 	 0 	 3 	 2 	 1 	 2 	 6 	 2 	 12 	 22 	 32 	 42 	 52
50 	 26 	 0 	 10 	 2 	 14 	 15 	 6 	 0 	 10 	 20 	 30 	 40 	 50
51 	 27 	 0 	 6 	 2 	 10 	 11 	 5 	 60 	 70 	 80 	 90 	 100
52 	 28 	 1 	 9 	 2 	 8 	 9 	 6 	 59 	 69 	 79 	 89 	 99 	 109
53 	 29 	 0 	 2 	 4 	 8 	 9 	 10 	 11 	 5 	 5 	 15 	 25 	 35 	 45
54 	 30 	 0 	 2 	 2 	 2 	 3 	 6 	 56 	 66 	 76 	 86 	 96 	 106
55 	 30 	 0 	 6 	 2 	 3 	 4 	 6 	 59 	 69 	 79 	 89 	 99 	 109
56 	 30 	 0 	 7 	 2 	 3 	 4 	 6 	 55 	 65 	 75 	 85 	 95 	 105
57 	 31 	 0 	 3 	 4 	 9 	 10 	 11 	 12 	 6 	 0 	 10 	 20 	 30 	 40 	 50
58 	 32 	 0 	 5 	 2 	 5 	 6 	 11 	 57 	 62 	 67 	 72 	 77 	 82 	 87 	 92 	 97 	 102 	 107
59 	 33 	 1 	 4 	 4 	 2 	 3 	 4 	 5 	 11 	 4 	 9 	 14 	 19 	 24 	 29 	 34 	 39 	 44 	 49 	 54
60 	 34 	 0 	 10 	 2 	 15 	 16 	 11 	 57 	 62 	 67 	 72 	 77 	 82 	 87 	 92 	 97 	 102 	 107
61 	 35 	 0 	 8 	 2 	 13 	 14 	 6 	 4 	 14 	 24 	 34 	 44 	 54
62 	 36 	 0 	 9 	 2 	 2 	 3 	 5 	 8 	 18 	 28 	 38 	 48
63 	 36 	 0 	 7 	 2 	 0 	 1 	 5 	 9 	 19 	 29 	 39 	 49
64 	 37 	 0 	 2 	 2 	 14 	 15 	 5 	 61 	 71 	 81 	 91 	 101
65 	 38 	 0 	 10 	 2 	 6 	 7 	 11 	 57 	 62 	 67 	 72 	 77 	 82 	 87 	 92 	 97 	 102 	 107
66 	 39 	 0 	 9 	 2 	 14 	 15 	 11 	 59 	 64 	 69 	 74 	 79 	 84 	 89 	 94 	 99 	 104 	 109
67 	 40 	 0 	 5 	 2 	 1 	 2 	 6 	 0 	 10 	 20 	 30 	 40 	 50
68 	 40 	 0 	 5 	 2 	 1 	 2 	 6 	 2 	 12 	 22 	 32 	 42 	 52
69 	 40 	 0 	 9 	 2 	 5 	 6 	 6 	 1 	 11 	 21 	 31 	 41 	 51
70 	 41 	 0 	 4 	 4 	 3 	 4 	 5 	 6 	 6 	 4 	 14 	 24 	 34 	 44 	 54
71 	 42 	 0 	 7 	 4 	 3 	 4 	 5 	 6 	 5 	 9 	 19 	 29 	 39 	 49
72 	 43 	 0 	 2 	 2 	 15 	 16 	 11 	 59 	 64 	 69 	 74 	 79 	 84 	 89 	 94 	 99 	 104 	 109
73 	 43 	 0 	 6 	 2 	 13 	 14 	 11 	 58 	 63 	 68 	 73 	 78 	 83 	 88 	 93 	 98 	 103 	 108
74 	 43 	 0 	 8 	 2 	 16 	 17 	 11 	 57 	 62 	 67 	 72 	 77 	 82 	 87 	 92 	 97 	 102 	 107
75 	 44 	 2 	 1 	 2 	 5 	 6 	 6 	 55 	 65 	 75 	 85 	 95 	 105
76 	 45 	 0 	 5 	 4 	 7 	 8 	 9 	 10 	 5 	 9 	 19 	 29 	 39 	 49
77 	 46 	 0 	 8 	 2 	 6 	 7 	 6 	 58 	 68 	 78 	 88 	 98 	 108
78 	 47 	 0 	 7 	 2 	 10 	 11 	 6 	 55 	 65 	 75 	 85 	 95 	 105
79 	 47 	 0 	 2 	 2 	 12 	 13 	 6 	 55 	 65 	 75 	 85 	 95 	 105
80 	 47 	 0 	 2 	 2 	 14 	 15 	 6 	 55 	 65 	 75 	 85 	 95 	 105
81 	 47 	 0 	 2 	 2 	 16 	 17 	 6 	 55 	 65 	 75 	 85 	 95 	 105
82 	 48 	 0 	 5 	 2 	 1 	 2 	 6 	 3 	 13 	 23 	 33 	 43 	 53
83 	 49 	 0 	 1 	 2 	 11 	 12 	 6 	 55 	 65 	 75 	 85 	 95 	 105
84 	 50 	 0 	 10 	 2 	 10 	 11 	 11 	 56 	 61 	 66 	 71 	 76 	 81 	 86 	 91 	 96 	 101 	 106
85 	 51 	 0 	 2 	 2 	 9 	 10 	 11 	 56 	 61 	 66 	 71 	 76 	 81 	 86 	 91 	 96 	 101 	 106
86 	 52 	 0 	 8 	 2 	 7 	 8 	 5 	 63 	 73 	 83 	 93 	 103
87 	 52 	 0 	 10 	 2 	 14 	 15 	 5 	 62 	 72 	 82 	 92 	 102
88 	 52 	 0 	 10 	 2 	 13 	 14 	 5 	 61 	 71 	 81 	 91 	 101
89 	 53 	 0 	 7 	 6 	 5 	 6 	 7 	 8 	 9 	 10 	 11 	 2 	 7 	 12 	 17 	 22 	 27 	 32 	 37 	 42 	 47 	 52
90 	 54 	 0 	 1 	 4 	 7 	 8 	 9 	 10 	 11 	 55 	 60 	 65 	 70 	 75 	 80 	 85 	 90 	 95 	 100 	 105
91 	 55 	 0 	 1 	 2 	 15 	 16 	 5 	 9 	 19 	 29 	 39 	 49
92 	 56 	 0 	 10 	 4 	 12 	 13 	 14 	 15 	 6 	 57 	 67 	 77 	 87 	 97 	 107
93 	 57 	 0 	 8 	 2 	 3 	 4 	 6 	 58 	 68 	 78 	 88 	 98 	 108
94 	 58 	 0 	 10 	 2 	 5 	 6 	 5 	 62 	 72 	 82 	 92 	 102
95 	 59 	 0 	 7 	 2 	 0 	 1 	 11 	 58 	 63 	 68 	 73 	 78 	 83 	 88 	 93 	 98 	 103 	 108
96 	 60 	 0 	 10 	 4 	 14 	 15 	 16 	 17 	 5 	 62 	 72 	 82 	 92 	 102
97 	 61 	 0 	 6 	 2 	 12 	 13 	 6 	 2 	 12 	 22 	 32 	 42 	 52
98 	 62 	 2 	 7 	 4 	 5 	 6 	 7 	 8 	 6 	 56 	 66 	 76 	 86 	 96 	 106
99 	 63 	 0 	 9 	 2 	 12 	 13 	 6 	 3 	 13 	 23 	 33 	 43 	 53
100 	 64 	 0 	 2 	 2 	 7 	 8 	 11 	 55 	 60 	 65 	 70 	 75 	 80 	 85 	 90 	 95 	 100 	 105
101 	 64 	 0 	 6 	 2 	 9 	 10 	 11 	 55 	 60 	 65 	 70 	 75 	 80 	 85 	 90 	 95 	 100 	 105
102 	 64 	 0 	 2 	 2 	 11 	 12 	 11 	 55 	 60 	 65 	 70 	 75 	 80 	 85 	 90 	 95 	 100 	 105
103 	 64 	 0 	 3 	 2 	 13 	 14 	 11 	 55 	 60 	 65 	 70 	 75 	 80 	 85 	 90 	 95 	 100 	 105
104 	 64 	 0 	 8 	 2 	 15 	 16 	 11 	 55 	 60 	 65 	 70 	 75 	 80 	 85 	 90 	 95 	 100 	 105
105 	 65 	 0 	 4 	 2 	 9 	 10 	 6 	 57 	 67 	 77 	 87 	 97 	 107
106 	 66 	 0 	 1 	 2 	 1 	 2 	 5 	 7 	 17 	 27 	 37 	 47
107 	 66 	 0 	 6 	 2 	 3 	 4 	 5 	 7 	 17 	 27 	 37 	 47
108 	 66 	 0 	 4 	 2 	 5 	 6 	 5 	 7 	 17 	 27 	 37 	 47
109 	 66 	 0 	 2 	 2 	 7 	 8 	 5 	 7 	 17 	 27 	 37 	 47
110 	 66 	 0 	 8 	 2 	 9 	 10 	 5 	 7 	 17 	 27 	 37 	 47
111 	 66 	 0 	 7 	 2 	 11 	 12 	 5 	 7 	 17 	 27 	 37 	 47
112 	 66 	 0 	 6 	 2 	 13 	 14 	 5 	 7 	 17 	 27 	 37 	 47
113 	 66 	 0 	 3 	 2 	 15 	 16 	 5 	 7 	 17 	 27 	 37 	 47
114 	 67 	 0 	 7 	 2 	 5 	 6 	 6 	 2 	 12 	 22 	 32 	 42 	 52
115 	 67 	 0 	 2 	 4 	 13 	 14 	 15 	 16 	 6 	 0 	 10 	 20 	 30 	 40 	 50
116 	 67 	 0 	 9 	 2 	 12 	 13 	 6 	 4 	 14 	 24 	 34 	 44 	 54
117 	 68 	 0 	 3 	 2 	 10 	 11 	 11 	 1 	 6 	 11 	 16 	 21 	 26 	 31 	 36 	 41 	 46 	 51
118 	 69 	 0 	 3 	 2 	 3 	 4 	 6 	 0 	 10 	 20 	 30 	 40 	 50
119 	 70 	 0 	 5 	 2 	 14 	 15 	 11 	 1 	 6 	 11 	 16 	 21 	 26 	 31 	 36 	 41 	 46 	 51
120 	 71 	 0 	 9 	 2 	 3 	 4 	 6 	 2 	 12 	 22 	 32 	 42 	 52
121 	 71 	 0 	 4 	 2 	 5 	 6 	 6 	 2 	 12 	 22 	 32 	 42 	 52
122 	 71 	 0 	 5 	 2 	 7 	 8 	 6 	 2 	 12 	 22 	 32 	 42 	 52
123 	 71 	 0 	 4 	 2 	 9 	 10 	 6 	 2 	 12 	 22 	 32 	 42 	 52
124 	 71 	 0 	 6 	 2 	 11 	 12 	 6 	 2 	 12 	 22 	 32 	 42 	 52
125 	 71 	 0 	 5 	 2 	 13 	 14 	 6 	 2 	 12 	 22 	 32 	 42 	 52
126 	 71 	 0 	 7 	 2 	 15 	 16 	 6 	 2 	 12 	 22 	 32 	 42 	 52
127 	 72 	 0 	 3 	 2 	 0 	 1 	 6 	 3 	 13 	 23 	 33 	 43 	 53
128 	 72 	 0 	 4 	 2 	 2 	 3 	 6 	 3 	 13 	 23 	 33 	 43 	 53
129 	 72 	 0 	 8 	 2 	 4 	 5 	 6 	 3 	 13 	 23 	 33 	 43 	 53
130 	 72 	 0 	 7 	 2 	 6 	 7 	 6 	 3 	 13 	 23 	 33 	 43 	 53
131 	 72 	 0 	 10 	 2 	 8 	 9 	 6 	 3 	 13 	 23 	 33 	 43 	 53
132 	 72 	 0 	 10 	 2 	 10 	 11 	 6 	 3 	 13 	 23 	 33 	 43 	 53
133 	 72 	 0 	 2 	 2 	 12 	 13 	 6 	 3 	 13 	 23 	 33 	 43 	 53
134 	 73 	 2 	 4 	 4 	 11 	 12 	 13 	 14 	 6 	 2 	 12 	 22 	 32 	 42 	 52
135 	 74 	 0 	 4 	 2 	 4 	 5 	 5 	 7 	 17 	 27 	 37 	 47
136 	 75 	 0 	 8 	 2 	 14 	 15 	 5 	 61 	 71 	 81 	 91 	 101
137 	 76 	 0 	 2 	 2 	 1 	 2 	 6 	 2 	 12 	 22 	 32 	 42 	 52
138 	 76 	 0 	 9 	 2 	 3 	 4 	 6 	 2 	 12 	 22 	 32 	 42 	 52
139 	 76 	 0 	 10 	 2 	 5 	 6 	 6 	 2 	 12 	 22 	 32 	 42 	 52
140 	 76 	 0 	 9 	 2 	 7 	 8 	 6 	 2 	 12 	 22 	 32 	 42 	 52
141 	 76 	 0 	 10 	 2 	 9 	 10 	 6 	 2 	 12 	 22 	 32 	 42 	 52
142 	 76 	 0 	 6 	 2 	 11 	 12 	 6 	 2 	 12 	 22 	 32 	 42 	 52
143 	 76 	 0 	 9 	 2 	 13 	 14 	 6 	 2 	 12 	 22 	 32 	 42 	 52
144 	 77 	 0 	 8 	 2 	 13 	 14 	 6 	 3 	 13 	 23 	 33 	 43 	 53
145 	 78 	 0 	 2 	 2 	 1 	 2 	 6 	 59 	 69 	 79 	 89 	 99 	 109
146 	 79 	 0 	 8 	 2 	 8 	 9 	 5 	 5 	 15 	 25 	 35 	 45
147 	 80 	 0 	 5 	 2 	 11 	 12 	 5 	 63 	 73 	 83 	 93 	 103
148 	 81 	 0 	 1 	 4 	 14 	 15 	 16 	 17 	 11 	 4 	 9 	 14 	 19 	 24 	 29 	 34 	 39 	 44 	 49 	 54
149 	 81 	 0 	 1 	 2 	 4 	 5 	 11 	 0 	 5 	 10 	 15 	 20 	 25 	 30 	 35 	 40 	 45 	 50
150 	 82 	 1 	 4 	 4 	 6 	 7 	 8 	 9 	 6 	 1 	 11 	 21 	 31 	 41 	 51
151 	 82 	 1 	 1 	 2 	 9 	 10 	 6 	 4 	 14 	 24 	 34 	 44 	 54
152 	 82 	 1 	 1 	 4 	 9 	 10 	 11 	 12 	 6 	 0 	 10 	 20 	 30 	 40 	 50
153 	 83 	 0 	 1 	 2 	 6 	 7 	 5 	 61 	 71 	 81 	 91 	 101
154 	 83 	 0 	 8 	 2 	 9 	 10 	 5 	 60 	 70 	 80 	 90 	 100
155 	 84 	 0 	 4 	 2 	 16 	 17 	 5 	 62 	 72 	 82 	 92 	 102
156 	 85 	 0 	 3 	 2 	 4 	 5 	 11 	 4 	 9 	 14 	 19 	 24 	 29 	 34 	 39 	 44 	 49 	 54
157 	 86 	 0 	 10 	 2 	 11 	 12 	 6 	 0 	 10 	 20 	 30 	 40 	 50
158 	 87 	 1 	 9 	 4 	 14 	 15 	 16 	 17 	 5 	 62 	 72 	 82 	 92 	 102
159 	 88 	 2 	 10 	 2 	 7 	 8 	 6 	 3 	 13 	 23 	 33 	 43 	 53
160 	 88 	 2 	 7 	 2 	 14 	 15 	 6 	 0 	 10 	 20 	 30 	 40 	 50
161 	 88 	 2 	 8 	 2 	 6 	 7 	 6 	 2 	 12 	 22 	 32 	 42 	 52
162 	 89 	 0 	 3 	 2 	 6 	 7 	 6 	 0 	 10 	 20 	 30 	 40 	 50
163 	 90 	 0 	 9 	 4 	 4 	 5 	 6 	 7 	 6 	 3 	 13 	 23 	 33 	 43 	 53
164 	 91 	 0 	 6 	 4 	 9 	 10 	 11 	 12 	 5 	 7 	 17 	 27 	 37 	 47
165 	 92 	 0 	 8 	 2 	 2 	 3 	 11 	 58 	 63 	 68 	 73 	 78 	 83 	 88 	 93 	 98 	 103 	 108
166 	 93 	 0 	 10 	 2 	 12 	 13 	 11 	 57 	 62 	 67 	 72 	 77 	 82 	 87 	 92 	 97 	 102 	 107
167 	 94 	 0 	 4 	 2 	 11 	 12 	 5 	 5 	 15 	 25 	 35 	 45
168 	 95 	 0 	 10 	 2 	 10 	 11 	 11 	 58 	 63 	 68 	 73 	 78 	 83 	 88 	 93 	 98 	 103 	 108
169 	 96 	 0 	 9 	 2 	 8 	 9 	 5 	 63 	 73 	 83 	 93 	 103
170 	 97 	 0 	 2 	 2 	 0 	 1 	 6 	 4 	 14 	 24 	 34 	 44 	 54
171 	 97 	 0 	 1 	 2 	 12 	 13 	 6 	 1 	 11 	 21 	 31 	 41 	 51
172 	 97 	 0 	 1 	 4 	 6 	 7 	 8 	 9 	 6 	 3 	 13 	 23 	 33 	 43 	 53
173 	 98 	 0 	 9 	 2 	 5 	 6 	 6 	 0 	 10 	 20 	 30 	 40 	 50
174 	 99 	 0 	 7 	 2 	 15 	 16 	 5 	 8 	 18 	 28 	 38 	 48
175 	 100 	 0 	 5 	 2 	 0 	 1 	 11 	 55 	 60 	 65 	 70 	 75 	 80 	 85 	 90 	 95 	 100 	 105
176 	 100 	 0 	 10 	 2 	 2 	 3 	 11 	 55 	 60 	 65 	 70 	 75 	 80 	 85 	 90 	 95 	 100 	 105
177 	 100 	 0 	 2 	 2 	 4 	 5 	 11 	 55 	 60 	 65 	 70 	 75 	 80 	 85 	 90 	 95 	 100 	 105
178 	 100 	 0 	 1 	 2 	 6 	 7 	 11 	 55 	 60 	 65 	 70 	 75 	 80 	 85 	 90 	 95 	 100 	 105
179 	 100 	 0 	 9 	 2 	 8 	 9 	 11 	 55 	 60 	 65 	 70 	 75 	 80 	 85 	 90 	 95 	 100 	 105
180 	 100 	 0 	 2 	 2 	 10 	 11 	 11 	 55 	 60 	 65 	 70 	 75 	 80 	 85 	 90 	 95 	 100 	 105
181 	 100 	 0 	 4 	 2 	 12 	 13 	 11 	 55 	 60 	 65 	 70 	 75 	 80 	 85 	 90 	 95 	 100 	 105
182 	 101 	 2 	 9 	 2 	 1 	 2 	 5 	 63 	 73 	 83 	 93 	 103
183 	 101 	 2 	 4 	 2 	 3 	 4 	 5 	 63 	 73 	 83 	 93 	 103
184 	 101 	 2 	 1 	 2 	 5 	 6 	 5 	 63 	 73 	 83 	 93 	 103
185 	 101 	 2 	 10 	 2 	 7 	 8 	 5 	 63 	 73 	 83 	 93 	 103
186 	 101 	 2 	 7 	 2 	 9 	 10 	 5 	 63 	 73 	 83 	 93 	 103
187 	 101 	 2 	 5 	 2 	 11 	 12 	 5 	 63 	 73 	 83 	 93 	 103
188 	 101 	 2 	 3 	 2 	 13 	 14 	 5 	 63 	 73 	 83 	 93 	 103
189 	 102 	 0 	 5 	 4 	 12 	 13 	 14 	 15 	 6 	 3 	 13 	 23 	 33 	 43 	 53
190 	 103 	 0 	 3 	 2 	 0 	 1 	 11 	 1 	 6 	 11 	 16 	 21 	 26 	 31 	 36 	 41 	 46 	 51
191 	 104 	 0 	 5 	 2 	 1 	 2 	 11 	 1 	 6 	 11 	 16 	 21 	 26 	 31 	 36 	 41 	 46 	 51
192 	 105 	 0 	 10 	 4 	 0 	 1 	 2 	 3 	 5 	 9 	 19 	 29 	 39 	 49
193 	 105 	 0 	 5 	 2 	 3 	 4 	 5 	 8 	 18 	 28 	 38 	 48
194 	 106 	 0 	 9 	 2 	 1 	 2 	 5 	 7 	 17 	 27 	 37 	 47
195 	 107 	 0 	 9 	 2 	 1 	 2 	 11 	 3 	 8 	 13 	 18 	 23 	 28 	 33 	 38 	 43 	 48 	 53
196 	 108 	 0 	 10 	 2 	 4 	 5 	 5 	 62 	 72 	 82 	 92 	 102
197 	 109 	 0 	 7 	 2 	 13 	 14 	 6 	 58 	 68 	 78 	 88 	 98 	 108
198 	 110 	 0 	 7 	 4 	 0 	 1 	 2 	 3 	 6 	 4 	 14 	 24 	 34 	 44 	 54
199 	 110 	 0 	 5 	 2 	 16 	 17 	 6 	 3 	 13 	 23 	 33 	 43 	 53
200 	 110 	 0 	 2 	 2 	 13 	 14 	 6 	 1 	 11 	 21 	 31 	 41 	 51
201 	 111 	 0 	 4 	 2 	 10 	 11 	 11 	 2 	 7 	 12 	 17 	 22 	 27 	 32 	 37 	 42 	 47 	 52
202 	 112 	 0 	 9 	 2 	 9 	 10 	 11 	 57 	 62 	 67 	 72 	 77 	 82 	 87 	 92 	 97 	 102 	 107
203 	 113 	 0 	 8 	 2 	 4 	 5 	 5 	 63 	 73 	 83 	 93 	 103
204 	 113 	 0 	 10 	 2 	 4 	 5 	 5 	 61 	 71 	 81 	 91 	 101
205 	 114 	 0 	 10 	 2 	 10 	 11 	 5 	 64 	 74 	 84 	 94 	 104
206 	 115 	 0 	 8 	 2 	 6 	 7 	 11 	 1 	 6 	 11 	 16 	 21 	 26 	 31 	 36 	 41 	 46 	 51
207 	 116 	 0 	 10 	 2 	 0 	 1 	 6 	 55 	 65 	 75 	 85 	 95 	 105
208 	 116 	 0 	 8 	 2 	 2 	 3 	 6 	 55 	 65 	 75 	 85 	 95 	 105
209 	 116 	 0 	 3 	 2 	 4 	 5 	 6 	 55 	 65 	 75 	 85 	 95 	 105
210 	 116 	 0 	 8 	 2 	 6 	 7 	 6 	 55 	 65 	 75 	 85 	 95 	 105
211 	 117 	 0 	 8 	 4 	 8 	 9 	 10 	 11 	 11 	 55 	 60 	 65 	 70 	 75 	 80 	 85 	 90 	 95 	 100 	 105
212 	 117 	 0 	 2 	 2 	 8 	 9 	 11 	 57 	 62 	 67 	 72 	 77 	 82 	 87 	 92 	 97 	 102 	 107
213 	 117 	 0 	 3 	 2 	 3 	 4 	 11 	 58 	 63 	 68 	 73 	 78 	 83 	 88 	 93 	 98 	 103 	 108
214 	 118 	 0 	 6 	 2 	 1 	 2 	 5 	 7 	 17 	 27 	 37 	 47
215 	 119 	 0 	 1 	 2 	 4 	 5 	 11 	 2 	 7 	 12 	 17 	 22 	 27 	 32 	 37 	 42 	 47 	 52
216 	 120 	 0 	 9 	 2 	 5 	 6 	 11 	 59 	 64 	 69 	 74 	 79 	 84 	 89 	 94 	 99 	 104 	 109
217 	 121 	 0 	 5 	 2 	 14 	 15 	 6 	 58 	 68 	 78 	 88 	 98 	 108
218 	 122 	 0 	 2 	 2 	 6 	 7 	 11 	 0 	 5 	 10 	 15 	 20 	 25 	 30 	 35 	 40 	 45 	 50
219 	 122 	 0 	 9 	 2 	 9 	 10 	 11 	 4 	 9 	 14 	 19 	 24 	 29 	 34 	 39 	 44 	 49 	 54
220 	 123 	 0 	 7 	 2 	 3 	 4 	 5 	 61 	 71 	 81 	 91 	 101
221 	 124 	 0 	 4 	 2 	 3 	 4 	 5 	 6 	 16 	 26 	 36 	 46
222 	 125 	 0 	 2 	 2 	 15 	 16 	 5 	 9 	 19 	 29 	 39 	 49
223 	 126 	 0 	 1 	 2 	 11 	 12 	 6 	 56 	 66 	 76 	 86 	 96 	 106
224 	 127 	 0 	 3 	 2 	 4 	 5 	 11 	 3 	 8 	 13 	 18 	 23 	 28 	 33 	 38 	 43 	 48 	 53
225 	 128 	 0 	 6 	 2 	 1 	 2 	 6 	 56 	 66 	 76 	 86 	 96 	 106
226 	 129 	 0 	 2 	 2 	 3 	 4 	 11 	 1 	 6 	 11 	 16 	 21 	 26 	 31 	 36 	 41 	 46 	 51
227 	 130 	 0 	 5 	 2 	 2 	 3 	 6 	 4 	 14 	 24 	 34 	 44 	 54
228 	 131 	 0 	 10 	 2 	 5 	 6 	 11 	 57 	 62 	 67 	 72 	 77 	 82 	 87 	 92 	 97 	 102 	 107
229 	 131 	 0 	 9 	 2 	 7 	 8 	 11 	 57 	 62 	 67 	 72 	 77 	 82 	 87 	 92 	 97 	 102 	 107
230 	 131 	 0 	 8 	 2 	 9 	 10 	 11 	 57 	 62 	 67 	 72 	 77 	 82 	 87 	 92 	 97 	 102 	 107
231 	 131 	 0 	 8 	 2 	 11 	 12 	 11 	 57 	 62 	 67 	 72 	 77 	 82 	 87 	 92 	 97 	 102 	 107
232 	 131 	 0 	 10 	 2 	 13 	 14 	 11 	 57 	 62 	 67 	 72 	 77 	 82 	 87 	 92 	 97 	 102 	 107
233 	 131 	 0 	 6 	 2 	 15 	 16 	 11 	 57 	 62 	 67 	 72 	 77 	 82 	 87 	 92 	 97 	 102 	 107
234 	 132 	 0 	 6 	 2 	 2 	 3 	 11 	 57 	 62 	 67 	 72 	 77 	 82 	 87 	 92 	 97 	 102 	 107
235 	 133 	 1 	 8 	 2 	 0 	 1 	 5 	 8 	 18 	 28 	 38 	 48
236 	 133 	 1 	 5 	 2 	 2 	 3 	 5 	 8 	 18 	 28 	 38 	 48
237 	 133 	 1 	 1 	 2 	 4 	 5 	 5 	 8 	 18 	 28 	 38 	 48
238 	 133 	 1 	 3 	 2 	 6 	 7 	 5 	 8 	 18 	 28 	 38 	 48
239 	 133 	 1 	 5 	 2 	 8 	 9 	 5 	 8 	 18 	 28 	 38 	 48
240 	 133 	 1 	 6 	 2 	 10 	 11 	 5 	 8 	 18 	 28 	 38 	 48
241 	 133 	 1 	 7 	 2 	 12 	 13 	 5 	 8 	 18 	 28 	 38 	 48
242 	 133 	 1 	 3 	 2 	 14 	 15 	 5 	 8 	 18 	 28 	 38 	 48
243 	 134 	 0 	 1 	 2 	 13 	 14 	 5 	 6 	 16 	 26 	 36 	 46
244 	 134 	 0 	 10 	 2 	 6 	 7 	 5 	 8 	 18 	 28 	 38 	 48
245 	 135 	 0 	 8 	 2 	 10 	 11 	 11 	 56 	 61 	 66 	 71 	 76 	 81 	 86 	 91 	 96 	 101 	 106
246 	 136 	 0 	 10 	 4 	 6 	 7 	 8 	 9 	 5 	 63 	 73 	 83 	 93 	 103
247 	 137 	 0 	 1 	 2 	 2 	 3 	 5 	 8 	 18 	 28 	 38 	 48
248 	 138 	 0 	 10 	 4 	 2 	 3 	 4 	 5 	 11 	 0 	 5 	 10 	 15 	 20 	 25 	 30 	 35 	 40 	 45 	 50
249 	 139 	 0 	 1 	 4 	 10 	 11 	 12 	 13 	 5 	 62 	 72 	 82 	 92 	 102
250 	 140 	 0 	 9 	 2 	 2 	 3 	 5 	 5 	 15 	 25 	 35 	 45
251 	 140 	 0 	 6 	 2 	 4 	 5 	 5 	 5 	 15 	 25 	 35 	 45
252 	 140 	 0 	 2 	 2 	 6 	 7 	 5 	 5 	 15 	 25 	 35 	 45
253 	 140 	 0 	 1 	 2 	 8 	 9 	 5 	 5 	 15 	 25 	 35 	 45
254 	 140 	 0 	 4 	 2 	 10 	 11 	 5 	 5 	 15 	 25 	 35 	 45
255 	 140 	 0 	 8 	 2 	 12 	 13 	 5 	 5 	 15 	 25 	 35 	 45
256 	 141 	 0 	 2 	 4 	 10 	 11 	 12 	 13 	 11 	 57 	 62 	 67 	 72 	 77 	 82 	 87 	 92 	 97 	 102 	 107
257 	 141 	 0 	 7 	 2 	 14 	 15 	 11 	 55 	 60 	 65 	 70 	 75 	 80 	 85 	 90 	 95 	 100 	 105
258 	 142 	 2 	 8 	 2 	 4 	 5 	 6 	 0 	 10 	 20 	 30 	 40 	 50
259 	 143 	 0 	 7 	 2 	 10 	 11 	 11 	 0 	 5 	 10 	 15 	 20 	 25 	 30 	 35 	 40 	 45 	 50
260 	 144 	 0 	 8 	 2 	 2 	 3 	 5 	 8 	 18 	 28 	 38 	 48
261 	 144 	 0 	 3 	 2 	 4 	 5 	 5 	 8 	 18 	 28 	 38 	 48
262 	 144 	 0 	 9 	 2 	 6 	 7 	 5 	 8 	 18 	 28 	 38 	 48
263 	 144 	 0 	 10 	 2 	 8 	 9 	 5 	 8 	 18 	 28 	 38 	 48
264 	 144 	 0 	 10 	 2 	 10 	 11 	 5 	 8 	 18 	 28 	 38 	 48
265 	 144 	 0 	 3 	 2 	 12 	 13 	 5 	 8 	 18 	 28 	 38 	 48
266 	 144 	 0 	 5 	 2 	 14 	 15 	 5 	 8 	 18 	 28 	 38 	 48
267 	 145 	 0 	 6 	 2 	 0 	 1 	 5 	 9 	 19 	 29 	 39 	 49
268 	 146 	 0 	 6 	 2 	 2 	 3 	 6 	 4 	 14 	 24 	 34 	 44 	 54
269 	 146 	 0 	 7 	 2 	 4 	 5 	 6 	 4 	 14 	 24 	 34 	 44 	 54
270 	 146 	 0 	 3 	 2 	 6 	 7 	 6 	 4 	 14 	 24 	 34 	 44 	 54
271 	 146 	 0 	 9 	 2 	 8 	 9 	 6 	 4 	 14 	 24 	 34 	 44 	 54
272 	 146 	 0 	 1 	 2 	 10 	 11 	 6 	 4 	 14 	 24 	 34 	 44 	 54
273 	 146 	 0 	 5 	 2 	 12 	 13 	 6 	 4 	 14 	 24 	 34 	 44 	 54
274 	 146 	 0 	 1 	 2 	 14 	 15 	 6 	 4 	 14 	 24 	 34 	 44 	 54
275 	 146 	 0 	 6 	 2 	 16 	 17 	 6 	 4 	 14 	 24 	 34 	 44 	 54
276 	 147 	 0 	 7 	 2 	 0 	 1 	 6 	 57 	 67 	 77 	 87 	 97 	 107
277 	 147 	 0 	 9 	 2 	 2 	 3 	 6 	 57 	 67 	 77 	 87 	 97 	 107
278 	 147 	 0 	 1 	 2 	 4 	 5 	 6 	 57 	 67 	 77 	 87 	 97 	 107
279 	 147 	 0 	 8 	 2 	 6 	 7 	 6 	 57 	 67 	 77 	 87 	 97 	 107
280 	 147 	 0 	 4 	 2 	 8 	 9 	 6 	 57 	 67 	 77 	 87 	 97 	 107
281 	 147 	 0 	 8 	 2 	 10 	 11 	 6 	 57 	 67 	 77 	 87 	 97 	 107
282 	 147 	 0 	 9 	 2 	 12 	 13 	 6 	 57 	 67 	 77 	 87 	 97 	 107
283 	 148 	 1 	 6 	 2 	 2 	 3 	 5 	 9 	 19 	 29 	 39 	 49
284 	 149 	 0 	 6 	 2 	 14 	 15 	 5 	 60 	 70 	 80 	 90 	 100
285 	 150 	 0 	 4 	 2 	 3 	 4 	 11 	 0 	 5 	 10 	 15 	 20 	 25 	 30 	 35 	 40 	 45 	 50
286 	 150 	 0 	 6 	 2 	 7 	 8 	 11 	 3 	 8 	 13 	 18 	 23 	 28 	 33 	 38 	 43 	 48 	 53
287 	 151 	 0 	 2 	 2 	 11 	 12 	 11 	 56 	 61 	 66 	 71 	 76 	 81 	 86 	 91 	 96 	 101 	 106
288 	 152 	 0 	 5 	 4 	 0 	 1 	 2 	 3 	 11 	 56 	 61 	 66 	 71 	 76 	 81 	 86 	 91 	 96 	 101 	 106
289 	 152 	 0 	 4 	 2 	 4 	 5 	 11 	 58 	 63 	 68 	 73 	 78 	 83 	 88 	 93 	 98 	 103 	 108
290 	 153 	 2 	 7 	 2 	 5 	 6 	 6 	 59 	 69 	 79 	 89 	 99 	 109
291 	 153 	 2 	 3 	 2 	 8 	 9 	 6 	 57 	 67 	 77 	 87 	 97 	 107
292 	 153 	 2 	 7 	 2 	 0 	 1 	 6 	 55 	 65 	 75 	 85 	 95 	 105
293 	 154 	 2 	 5 	 2 	 11 	 12 	 6 	 0 	 10 	 20 	 30 	 40 	 50
294 	 155 	 0 	 9 	 2 	 11 	 12 	 6 	 57 	 67 	 77 	 87 	 97 	 107
295 	 156 	 0 	 6 	 2 	 5 	 6 	 6 	 1 	 11 	 21 	 31 	 41 	 51
296 	 157 	 0 	 2 	 4 	 3 	 4 	 5 	 6 	 6 	 1 	 11 	 21 	 31 	 41 	 51
297 	 158 	 0 	 1 	 2 	 10 	 11 	 5 	 9 	 19 	 29 	 39 	 49
298 	 158 	 0 	 1 	 2 	 2 	 3 	 5 	 8 	 18 	 28 	 38 	 48
299 	 159 	 0 	 10 	 2 	 7 	 8 	 6 	 1 	 11 	 21 	 31 	 41 	 51
300 	 159 	 0 	 2 	 2 	 9 	 10 	 6 	 1 	 11 	 21 	 31 	 41 	 51
301 	 159 	 0 	 4 	 2 	 11 	 12 	 6 	 1 	 11 	 21 	 31 	 41 	 51
302 	 159 	 0 	 3 	 2 	 13 	 14 	 6 	 1 	 11 	 21 	 31 	 41 	 51
303 	 159 	 0 	 6 	 2 	 15 	 16 	 6 	 1 	 11 	 21 	 31 	 41 	 51
304 	 160 	 0 	 9 	 2 	 9 	 10 	 11 	 59 	 64 	 69 	 74 	 79 	 84 	 89 	 94 	 99 	 104 	 109
305 	 161 	 0 	 2 	 4 	 4 	 5 	 6 	 7 	 5 	 6 	 16 	 26 	 36 	 46
306 	 161 	 0 	 5 	 4 	 9 	 10 	 11 	 12 	 5 	 9 	 19 	 29 	 39 	 49
307 	 162 	 0 	 2 	 2 	 6 	 7 	 11 	 55 	 60 	 65 	 70 	 75 	 80 	 85 	 90 	 95 	 100 	 105
308 	 162 	 0 	 6 	 2 	 8 	 9 	 11 	 55 	 60 	 65 	 70 	 75 	 80 	 85 	 90 	 95 	 100 	 105
309 	 162 	 0 	 3 	 2 	 10 	 11 	 11 	 55 	 60 	 65 	 70 	 75 	 80 	 85 	 90 	 95 	 100 	 105
310 	 162 	 0 	 1 	 2 	 12 	 13 	 11 	 55 	 60 	 65 	 70 	 75 	 80 	 85 	 90 	 95 	 100 	 105
311 	 162 	 0 	 1 	 2 	 14 	 15 	 11 	 55 	 60 	 65 	 70 	 75 	 80 	 85 	 90 	 95 	 100 	 105
312 	 163 	 1 	 4 	 2 	 4 	 5 	 11 	 1 	 6 	 11 	 16 	 21 	 26 	 31 	 36 	 41 	 46 	 51
313 	 164 	 0 	 1 	 2 	 11 	 12 	 5 	 9 	 19 	 29 	 39 	 49
314 	 165 	 0 	 4 	 2 	 11 	 12 	 5 	 60 	 70 	 80 	 90 	 100
315 	 166 	 0 	 9 	 2 	 9 	 10 	 5 	 6 	 16 	 26 	 36 	 46
316 	 167 	 0 	 10 	 2 	 12 	 13 	 5 	 6 	 16 	 26 	 36 	 46
317 	 168 	 0 	 5 	 2 	 13 	 14 	 5 	 61 	 71 	 81 	 91 	 101
318 	 169 	 0 	 3 	 2 	 1 	 2 	 6 	 3 	 13 	 23 	 33 	 43 	 53
319 	 170 	 1 	 3 	 2 	 8 	 9 	 11 	 57 	 62 	 67 	 72 	 77 	 82 	 87 	 92 	 97 	 102 	 107
320 	 171 	 0 	 2 	 2 	 6 	 7 	 5 	 9 	 19 	 29 	 39 	 49
321 	 171 	 0 	 6 	 6 	 1 	 2 	 3 	 4 	 5 	 6 	 5 	 8 	 18 	 28 	 38 	 48
322 	 171 	 0 	 6 	 2 	 15 	 16 	 5 	 5 	 15 	 25 	 35 	 45
323 	 172 	 0 	 9 	 2 	 14 	 15 	 6 	 56 	 66 	 76 	 86 	 96 	 106
324 	 173 	 0 	 1 	 2 	 3 	 4 	 5 	 7 	 17 	 27 	 37 	 47
325 	 174 	 0 	 3 	 2 	 10 	 11 	 6 	 4 	 14 	 24 	 34 	 44 	 54
326 	 175 	 0 	 3 	 2 	 3 	 4 	 6 	 3 	 13 	 23 	 33 	 43 	 53
327 	 176 	 0 	 10 	 2 	 0 	 1 	 5 	 61 	 71 	 81 	 91 	 101
328 	 176 	 0 	 9 	 2 	 2 	 3 	 5 	 61 	 71 	 81 	 91 	 101
329 	 176 	 0 	 10 	 2 	 4 	 5 	 5 	 61 	 71 	 81 	 91 	 101
330 	 176 	 0 	 2 	 2 	 6 	 7 	 5 	 61 	 71 	 81 	 91 	 101
331 	 176 	 0 	 3 	 2 	 8 	 9 	 5 	 61 	 71 	 81 	 91 	 101
332 	 176 	 0 	 7 	 2 	 10 	 11 	 5 	 61 	 71 	 81 	 91 	 101
333 	 176 	 0 	 8 	 2 	 12 	 13 	 5 	 61 	 71 	 81 	 91 	 101
334 	 176 	 0 	 9 	 2 	 14 	 15 	 5 	 61 	 71 	 81 	 91 	 101
335 	 176 	 0 	 7 	 2 	 16 	 17 	 5 	 61 	 71 	 81 	 91 	 101
336 	 177 	 0 	 10 	 2 	 13 	 14 	 6 	 59 	 69 	 79 	 89 	 99 	 109
337 	 178 	 0 	 10 	 2 	 0 	 1 	 5 	 63 	 73 	 83 	 93 	 103
338 	 179 	 0 	 1 	 2 	 8 	 9 	 5 	 63 	 73 	 83 	 93 	 103
339 	 179 	 0 	 10 	 2 	 0 	 1 	 5 	 60 	 70 	 80 	 90 	 100
340 	 179 	 0 	 5 	 2 	 2 	 3 	 5 	 62 	 72 	 82 	 92 	 102
341 	 180 	 0 	 10 	 4 	 13 	 14 	 15 	 16 	 5 	 60 	 70 	 80 	 90 	 100
342 	 181 	 0 	 1 	 2 	 5 	 6 	 5 	 6 	 16 	 26 	 36 	 46
343 	 181 	 0 	 6 	 2 	 7 	 8 	 5 	 6 	 16 	 26 	 36 	 46
344 	 181 	 0 	 8 	 2 	 9 	 10 	 5 	 6 	 16 	 26 	 36 	 46
345 	 181 	 0 	 1 	 2 	 11 	 12 	 5 	 6 	 16 	 26 	 36 	 46
346 	 182 	 0 	 5 	 6 	 5 	 6 	 7 	 8 	 9 	 10 	 6 	 4 	 14 	 24 	 34 	 44 	 54
347 	 182 	 0 	 2 	 2 	 16 	 17 	 6 	 0 	 10 	 20 	 30 	 40 	 50
348 	 182 	 0 	 5 	 2 	 3 	 4 	 6 	 2 	 12 	 22 	 32 	 42 	 52
349 	 183 	 0 	 5 	 4 	 6 	 7 	 8 	 9 	 6 	 55 	 65 	 75 	 85 	 95 	 105
350 	 184 	 0 	 9 	 2 	 0 	 1 	 5 	 6 	 16 	 26 	 36 	 46
351 	 184 	 0 	 9 	 2 	 2 	 3 	 5 	 6 	 16 	 26 	 36 	 46
352 	 184 	 0 	 9 	 2 	 4 	 5 	 5 	 6 	 16 	 26 	 36 	 46
353 	 184 	 0 	 10 	 2 	 6 	 7 	 5 	 6 	 16 	 26 	 36 	 46
354 	 184 	 0 	 7 	 2 	 8 	 9 	 5 	 6 	 16 	 26 	 36 	 46
355 	 184 	 0 	 7 	 2 	 10 	 11 	 5 	 6 	 16 	 26 	 36 	 46
356 	 184 	 0 	 3 	 2 	 12 	 13 	 5 	 6 	 16 	 26 	 36 	 46
357 	 184 	 0 	 5 	 2 	 14 	 15 	 5 	 6 	 16 	 26 	 36 	 46
358 	 184 	 0 	 9 	 2 	 16 	 17 	 5 	 6 	 16 	 26 	 36 	 46
359 	 185 	 0 	 8 	 2 	 0 	 1 	 6 	 3 	 13 	 23 	 33 	 43 	 53
360 	 185 	 0 	 2 	 2 	 2 	 3 	 6 	 3 	 13 	 23 	 33 	 43 	 53
361 	 185 	 0 	 9 	 2 	 4 	 5 	 6 	 3 	 13 	 23 	 33 	 43 	 53
362 	 185 	 0 	 6 	 2 	 6 	 7 	 6 	 3 	 13 	 23 	 33 	 43 	 53
363 	 185 	 0 	 2 	 2 	 8 	 9 	 6 	 3 	 13 	 23 	 33 	 43 	 53
364 	 185 	 0 	 6 	 2 	 10 	 11 	 6 	 3 	 13 	 23 	 33 	 43 	 53
365 	 185 	 0 	 5 	 2 	 12 	 13 	 6 	 3 	 13 	 23 	 33 	 43 	 53
366 	 185 	 0 	 2 	 2 	 14 	 15 	 6 	 3 	 13 	 23 	 33 	 43 	 53
367 	 186 	 0 	 5 	 2 	 3 	 4 	 5 	 9 	 19 	 29 	 39 	 49
368 	 187 	 0 	 1 	 2 	 5 	 6 	 5 	 5 	 15 	 25 	 35 	 45
369 	 188 	 0 	 5 	 2 	 12 	 13 	 6 	 57 	 67 	 77 	 87 	 97 	 107
370 	 188 	 0 	 6 	 2 	 8 	 9 	 6 	 56 	 66 	 76 	 86 	 96 	 106
371 	 189 	 0 	 5 	 2 	 1 	 2 	 5 	 7 	 17 	 27 	 37 	 47
372 	 189 	 0 	 8 	 2 	 3 	 4 	 5 	 7 	 17 	 27 	 37 	 47
373 	 189 	 0 	 7 	 2 	 5 	 6 	 5 	 7 	 17 	 27 	 37 	 47
374 	 189 	 0 	 9 	 2 	 7 	 8 	 5 	 7 	 17 	 27 	 37 	 47
375 	 189 	 0 	 10 	 2 	 9 	 10 	 5 	 7 	 17 	 27 	 37 	 47
376 	 189 	 0 	 6 	 2 	 11 	 12 	 5 	 7 	 17 	 27 	 37 	 47
377 	 190 	 0 	 10 	 2 	 2 	 3 	 6 	 4 	 14 	 24 	 34 	 44 	 54
378 	 191 	 0 	 6 	 4 	 9 	 10 	 11 	 12 	 6 	 58 	 68 	 78 	 88 	 98 	 108
379 	 192 	 0 	 9 	 4 	 12 	 13 	 14 	 15 	 11 	 4 	 9 	 14 	 19 	 24 	 29 	 34 	 39 	 44 	 49 	 54
380 	 192 	 0 	 8 	 4 	 0 	 1 	 2 	 3 	 11 	 3 	 8 	 13 	 18 	 23 	 28 	 33 	 38 	 43 	 48 	 53
381 	 193 	 0 	 10 	 2 	 5 	 6 	 5 	 6 	 16 	 26 	 36 	 46
382 	 194 	 2 	 1 	 4 	 12 	 13 	 14 	 15 	 11 	 3 	 8 	 13 	 18 	 23 	 28 	 33 	 38 	 43 	 48 	 53
383 	 195 	 0 	 9 	 2 	 2 	 3 	 6 	 57 	 67 	 77 	 87 	 97 	 107
384 	 195 	 0 	 5 	 2 	 4 	 5 	 6 	 57 	 67 	 77 	 87 	 97 	 107
385 	 195 	 0 	 1 	 2 	 6 	 7 	 6 	 57 	 67 	 77 	 87 	 97 	 107
386 	 195 	 0 	 1 	 2 	 8 	 9 	 6 	 57 	 67 	 77 	 87 	 97 	 107
387 	 195 	 0 	 1 	 2 	 10 	 11 	 6 	 57 	 67 	 77 	 87 	 97 	 107
388 	 195 	 0 	 5 	 2 	 12 	 13 	 6 	 57 	 67 	 77 	 87 	 97 	 107
389 	 195 	 0 	 7 	 2 	 14 	 15 	 6 	 57 	 67 	 77 	 87 	 97 	 107
390 	 196 	 0 	 3 	 2 	 2 	 3 	 6 	 56 	 66 	 76 	 86 	 96 	 106
391 	 197 	 0 	 2 	 4 	 2 	 3 	 4 	 5 	 6 	 4 	 14 	 24 	 34 	 44 	 54
392 	 198 	 0 	 2 	 2 	 6 	 7 	 5 	 9 	 19 	 29 	 39 	 49
393 	 199 	 0 	 5 	 2 	 13 	 14 	 5 	 9 	 19 	 29 	 39 	 49
394 	 200 	 0 	 2 	 4 	 13 	 14 	 15 	 16 	 5 	 62 	 72 	 82 	 92 	 102
395 	 201 	 0 	 6 	 4 	 13 	 14 	 15 	 16 	 5 	 7 	 17 	 27 	 37 	 47
396 	 201 	 0 	 8 	 2 	 16 	 17 	 5 	 9 	 19 	 29 	 39 	 49
397 	 201 	 0 	 9 	 2 	 9 	 10 	 5 	 6 	 16 	 26 	 36 	 46
398 	 202 	 0 	 9 	 4 	 13 	 14 	 15 	 16 	 11 	 2 	 7 	 12 	 17 	 22 	 27 	 32 	 37 	 42 	 47 	 52
399 	 203 	 0 	 9 	 2 	 16 	 17 	 11 	 0 	 5 	 10 	 15 	 20 	 25 	 30 	 35 	 40 	 45 	 50
400 	 204 	 0 	 5 	 2 	 4 	 5 	 6 	 55 	 65 	 75 	 85 	 95 	 105
401 	 205 	 0 	 1 	 2 	 5 	 6 	 6 	 56 	 66 	 76 	 86 	 96 	 106
402 	 206 	 0 	 8 	 4 	 2 	 3 	 4 	 5 	 5 	 5 	 15 	 25 	 35 	 45
403 	 207 	 0 	 6 	 2 	 0 	 1 	 11 	 56 	 61 	 66 	 71 	 76 	 81 	 86 	 91 	 96 	 101 	 106
404 	 207 	 0 	 5 	 2 	 2 	 3 	 11 	 56 	 61 	 66 	 71 	 76 	 81 	 86 	 91 	 96 	 101 	 106
405 	 207 	 0 	 10 	 2 	 4 	 5 	 11 	 56 	 61 	 66 	 71 	 76 	 81 	 86 	 91 	 96 	 101 	 106
406 	 207 	 0 	 2 	 2 	 6 	 7 	 11 	 56 	 61 	 66 	 71 	 76 	 81 	 86 	 91 	 96 	 101 	 106
407 	 208 	 0 	 2 	 2 	 3 	 4 	 6 	 0 	 10 	 20 	 30 	 40 	 50
408 	 208 	 0 	 5 	 2 	 5 	 6 	 6 	 0 	 10 	 20 	 30 	 40 	 50
409 	 208 	 0 	 1 	 2 	 7 	 8 	 6 	 0 	 10 	 20 	 30 	 40 	 50
410 	 208 	 0 	 6 	 2 	 9 	 10 	 6 	 0 	 10 	 20 	 30 	 40 	 50
411 	 209 	 0 	 7 	 2 	 6 	 7 	 5 	 64 	 74 	 84 	 94 	 104
412 	 209 	 0 	 6 	 2 	 5 	 6 	 5 	 60 	 70 	 80 	 90 	 100
413 	 210 	 0 	 9 	 2 	 1 	 2 	 11 	 1 	 6 	 11 	 16 	 21 	 26 	 31 	 36 	 41 	 46 	 51
414 	 211 	 0 	 7 	 2 	 9 	 10 	 6 	 0 	 10 	 20 	 30 	 40 	 50
415 	 212 	 0 	 2 	 2 	 5 	 6 	 11 	 59 	 64 	 69 	 74 	 79 	 84 	 89 	 94 	 99 	 104 	 109
416 	 213 	 0 	 9 	 2 	 12 	 13 	 6 	 55 	 65 	 75 	 85 	 95 	 105
417 	 214 	 0 	 1 	 2 	 11 	 12 	 11 	 58 	 63 	 68 	 73 	 78 	 83 	 88 	 93 	 98 	 103 	 108
418 	 214 	 0 	 7 	 4 	 12 	 13 	 14 	 15 	 11 	 59 	 64 	 69 	 74 	 79 	 84 	 89 	 94 	 99 	 104 	 109
419 	 215 	 0 	 6 	 4 	 1 	 2 	 3 	 4 	 11 	 4 	 9 	 14 	 19 	 24 	 29 	 34 	 39 	 44 	 49 	 54
420 	 216 	 0 	 4 	 2 	 2 	 3 	 5 	 60 	 70 	 80 	 90 	 100
421 	 217 	 0 	 7 	 2 	 2 	 3 	 11 	 2 	 7 	 12 	 17 	 22 	 27 	 32 	 37 	 42 	 47 	 52
422 	 217 	 0 	 5 	 2 	 4 	 5 	 11 	 2 	 7 	 12 	 17 	 22 	 27 	 32 	 37 	 42 	 47 	 52
423 	 217 	 0 	 4 	 2 	 6 	 7 	 11 	 2 	 7 	 12 	 17 	 22 	 27 	 32 	 37 	 42 	 47 	 52
424 	 217 	 0 	 10 	 2 	 8 	 9 	 11 	 2 	 7 	 12 	 17 	 22 	 27 	 32 	 37 	 42 	 47 	 52
425 	 217 	 0 	 7 	 2 	 10 	 11 	 11 	 2 	 7 	 12 	 17 	 22 	 27 	 32 	 37 	 42 	 47 	 52
426 	 217 	 0 	 9 	 2 	 12 	 13 	 11 	 2 	 7 	 12 	 17 	 22 	 27 	 32 	 37 	 42 	 47 	 52
427 	 217 	 0 	 9 	 2 	 14 	 15 	 11 	 2 	 7 	 12 	 17 	 22 	 27 	 32 	 37 	 42 	 47 	 52
428 	 217 	 0 	 6 	 2 	 16 	 17 	 11 	 2 	 7 	 12 	 17 	 22 	 27 	 32 	 37 	 42 	 47 	 52
429 	 218 	 0 	 3 	 2 	 0 	 1 	 6 	 2 	 12 	 22 	 32 	 42 	 52
430 	 218 	 0 	 4 	 2 	 2 	 3 	 6 	 2 	 12 	 22 	 32 	 42 	 52
431 	 218 	 0 	 4 	 2 	 4 	 5 	 6 	 2 	 12 	 22 	 32 	 42 	 52
432 	 218 	 0 	 7 	 2 	 6 	 7 	 6 	 2 	 12 	 22 	 32 	 42 	 52
433 	 218 	 0 	 3 	 2 	 8 	 9 	 6 	 2 	 12 	 22 	 32 	 42 	 52
434 	 218 	 0 	 6 	 2 	 10 	 11 	 6 	 2 	 12 	 22 	 32 	 42 	 52
435 	 218 	 0 	 2 	 2 	 12 	 13 	 6 	 2 	 12 	 22 	 32 	 42 	 52
436 	 218 	 0 	 5 	 2 	 14 	 15 	 6 	 2 	 12 	 22 	 32 	 42 	 52
437 	 218 	 0 	 6 	 2 	 16 	 17 	 6 	 2 	 12 	 22 	 32 	 42 	 52
438 	 219 	 0 	 3 	 4 	 13 	 14 	 15 	 16 	 11 	 56 	 61 	 66 	 71 	 76 	 81 	 86 	 91 	 96 	 101 	 106
439 	 220 	 0 	 9 	 2 	 0 	 1 	 6 	 3 	 13 	 23 	 33 	 43 	 53
440 	 220 	 0 	 9 	 2 	 2 	 3 	 6 	 3 	 13 	 23 	 33 	 43 	 53
441 	 220 	 0 	 10 	 2 	 4 	 5 	 6 	 3 	 13 	 23 	 33 	 43 	 53
442 	 220 	 0 	 2 	 2 	 6 	 7 	 6 	 3 	 13 	 23 	 33 	 43 	 53
443 	 220 	 0 	 2 	 2 	 8 	 9 	 6 	 3 	 13 	 23 	 33 	 43 	 53
444 	 220 	 0 	 5 	 2 	 10 	 11 	 6 	 3 	 13 	 23 	 33 	 43 	 53
445 	 220 	 0 	 9 	 2 	 12 	 13 	 6 	 3 	 13 	 23 	 33 	 43 	 53
446 	 220 	 0 	 7 	 2 	 14 	 15 	 6 	 3 	 13 	 23 	 33 	 43 	 53
447 	 220 	 0 	 2 	 2 	 16 	 17 	 6 	 3 	 13 	 23 	 33 	 43 	 53
448 	 221 	 0 	 5 	 2 	 12 	 13 	 6 	 56 	 66 	 76 	 86 	 96 	 106
449 	 222 	 0 	 9 	 2 	 11 	 12 	 5 	 8 	 18 	 28 	 38 	 48
450 	 223 	 0 	 4 	 4 	 9 	 10 	 11 	 12 	 6 	 57 	 67 	 77 	 87 	 97 	 107
451 	 224 	 0 	 3 	 2 	 14 	 15 	 5 	 5 	 15 	 25 	 35 	 45
452 	 225 	 0 	 3 	 2 	 13 	 14 	 11 	 2 	 7 	 12 	 17 	 22 	 27 	 32 	 37 	 42 	 47 	 52
453 	 225 	 0 	 8 	 2 	 4 	 5 	 11 	 0 	 5 	 10 	 15 	 20 	 25 	 30 	 35 	 40 	 45 	 50
454 	 226 	 0 	 10 	 4 	 8 	 9 	 10 	 11 	 6 	 4 	 14 	 24 	 34 	 44 	 54
455 	 227 	 0 	 10 	 2 	 0 	 1 	 6 	 59 	 69 	 79 	 89 	 99 	 109
456 	 227 	 0 	 6 	 2 	 2 	 3 	 6 	 59 	 69 	 79 	 89 	 99 	 109
457 	 227 	 0 	 6 	 2 	 4 	 5 	 6 	 59 	 69 	 79 	 89 	 99 	 109
458 	 227 	 0 	 6 	 2 	 6 	 7 	 6 	 59 	 69 	 79 	 89 	 99 	 109
459 	 227 	 0 	 9 	 2 	 8 	 9 	 6 	 59 	 69 	 79 	 89 	 99 	 109
460 	 227 	 0 	 7 	 2 	 10 	 11 	 6 	 59 	 69 	 79 	 89 	 99 	 109
461 	 228 	 0 	 1 	 2 	 0 	 1 	 5 	 61 	 71 	 81 	 91 	 101
462 	 228 	 0 	 4 	 2 	 2 	 3 	 5 	 61 	 71 	 81 	 91 	 101
463 	 228 	 0 	 5 	 2 	 4 	 5 	 5 	 61 	 71 	 81 	 91 	 101
464 	 228 	 0 	 5 	 2 	 6 	 7 	 5 	 61 	 71 	 81 	 91 	 101
465 	 228 	 0 	 9 	 2 	 8 	 9 	 5 	 61 	 71 	 81 	 91 	 101
466 	 229 	 1 	 10 	 2 	 16 	 17 	 11 	 4 	 9 	 14 	 19 	 24 	 29 	 34 	 39 	 44 	 49 	 54
467 	 230 	 0 	 10 	 2 	 8 	 9 	 6 	 4 	 14 	 24 	 34 	 44 	 54
468 	 230 	 0 	 9 	 2 	 9 	 10 	 6 	 2 	 12 	 22 	 32 	 42 	 52
469 	 230 	 0 	 3 	 2 	 12 	 13 	 6 	 3 	 13 	 23 	 33 	 43 	 53
470 	 231 	 0 	 9 	 2 	 2 	 3 	 5 	 64 	 74 	 84 	 94 	 104
471 	 232 	 0 	 3 	 4 	 5 	 6 	 7 	 8 	 6 	 59 	 69 	 79 	 89 	 99 	 109
472 	 232 	 0 	 10 	 2 	 2 	 3 	 6 	 55 	 65 	 75 	 85 	 95 	 105
473 	 232 	 0 	 5 	 4 	 2 	 3 	 4 	 5 	 6 	 56 	 66 	 76 	 86 	 96 	 106
474 	 233 	 0 	 4 	 2 	 14 	 15 	 6 	 3 	 13 	 23 	 33 	 43 	 53
475 	 234 	 0 	 9 	 2 	 8 	 9 	 5 	 5 	 15 	 25 	 35 	 45
476 	 235 	 0 	 9 	 2 	 3 	 4 	 11 	 3 	 8 	 13 	 18 	 23 	 28 	 33 	 38 	 43 	 48 	 53
477 	 235 	 0 	 2 	 2 	 5 	 6 	 11 	 3 	 8 	 13 	 18 	 23 	 28 	 33 	 38 	 43 	 48 	 53
478 	 235 	 0 	 6 	 2 	 7 	 8 	 11 	 3 	 8 	 13 	 18 	 23 	 28 	 33 	 38 	 43 	 48 	 53
479 	 235 	 0 	 2 	 2 	 9 	 10 	 11 	 3 	 8 	 13 	 18 	 23 	 28 	 33 	 38 	 43 	 48 	 53
480 	 235 	 0 	 8 	 2 	 11 	 12 	 11 	 3 	 8 	 13 	 18 	 23 	 28 	 33 	 38 	 43 	 48 	 53
481 	 236 	 0 	 3 	 2 	 0 	 1 	 11 	 57 	 62 	 67 	 72 	 77 	 82 	 87 	 92 	 97 	 102 	 107
482 	 236 	 0 	 4 	 2 	 8 	 9 	 11 	 58 	 63 	 68 	 73 	 78 	 83 	 88 	 93 	 98 	 103 	 108
483 	 237 	 0 	 9 	 2 	 11 	 12 	 5 	 5 	 15 	 25 	 35 	 45
484 	 237 	 0 	 8 	 6 	 5 	 6 	 7 	 8 	 9 	 10 	 5 	 6 	 16 	 26 	 36 	 46
485 	 237 	 0 	 9 	 2 	 1 	 2 	 5 	 8 	 18 	 28 	 38 	 48
486 	 238 	 0 	 10 	 2 	 11 	 12 	 6 	 1 	 11 	 21 	 31 	 41 	 51
487 	 238 	 0 	 4 	 2 	 13 	 14 	 6 	 4 	 14 	 24 	 34 	 44 	 54
488 	 238 	 0 	 7 	 2 	 12 	 13 	 6 	 0 	 10 	 20 	 30 	 40 	 50
489 	 239 	 0 	 1 	 2 	 3 	 4 	 5 	 64 	 74 	 84 	 94 	 104
490 	 239 	 0 	 10 	 2 	 5 	 6 	 5 	 64 	 74 	 84 	 94 	 104
491 	 239 	 0 	 4 	 2 	 7 	 8 	 5 	 64 	 74 	 84 	 94 	 104
492 	 239 	 0 	 2 	 2 	 9 	 10 	 5 	 64 	 74 	 84 	 94 	 104
493 	 239 	 0 	 3 	 2 	 11 	 12 	 5 	 64 	 74 	 84 	 94 	 104
494 	 239 	 0 	 10 	 2 	 13 	 14 	 5 	 64 	 74 	 84 	 94 	 104
495 	 240 	 0 	 1 	 2 	 0 	 1 	 6 	 59 	 69 	 79 	 89 	 99 	 109
496 	 240 	 0 	 3 	 2 	 2 	 3 	 6 	 59 	 69 	 79 	 89 	 99 	 109
497 	 240 	 0 	 7 	 2 	 4 	 5 	 6 	 59 	 69 	 79 	 89 	 99 	 109
498 	 240 	 0 	 5 	 2 	 6 	 7 	 6 	 59 	 69 	 79 	 89 	 99 	 109
499 	 240 	 0 	 7 	 2 	 8 	 9 	 6 	 59 	 69 	 79 	 89 	 99 	 109
500 	 240 	 0 	 3 	 2 	 10 	 11 	 6 	 59 	 69 	 79 	 89 	 99 	 109
501 	 240 	 0 	 9 	 2 	 12 	 13 	 6 	 59 	 69 	 79 	 89 	 99 	 109
502 	 240 	 0 	 4 	 2 	 14 	 15 	 6 	 59 	 69 	 79 	 89 	 99 	 109
503 	 240 	 0 	 8 	 2 	 16 	 17 	 6 	 59 	 69 	 79 	 89 	 99 	 109
504 	 241 	 0 	 10 	 2 	 0 	 1 	 5 	 63 	 73 	 83 	 93 	 103
505 	 241 	 0 	 9 	 2 	 2 	 3 	 5 	 63 	 73 	 83 	 93 	 103
506 	 241 	 0 	 9 	 2 	 4 	 5 	 5 	 63 	 73 	 83 	 93 	 103
507 	 241 	 0 	 7 	 2 	 6 	 7 	 5 	 63 	 73 	 83 	 93 	 103
508 	 241 	 0 	 7 	 2 	 8 	 9 	 5 	 63 	 73 	 83 	 93 	 103
509 	 241 	 0 	 7 	 2 	 10 	 11 	 5 	 63 	 73 	 83 	 93 	 103
510 	 241 	 0 	 3 	 2 	 12 	 13 	 5 	 63 	 73 	 83 	 93 	 103
511 	 241 	 0 	 4 	 2 	 14 	 15 	 5 	 63 	 73 	 83 	 93 	 103
512 	 242 	 0 	 10 	 2 	 16 	 17 	 5 	 7 	 17 	 27 	 37 	 47
513 	 243 	 0 	 3 	 2 	 2 	 3 	 5 	 9 	 19 	 29 	 39 	 49
514 	 243 	 0 	 9 	 2 	 4 	 5 	 5 	 9 	 19 	 29 	 39 	 49
515 	 243 	 0 	 4 	 2 	 6 	 7 	 5 	 9 	 19 	 29 	 39 	 49
516 	 243 	 0 	 5 	 2 	 8 	 9 	 5 	 9 	 19 	 29 	 39 	 49
517 	 243 	 0 	 8 	 2 	 10 	 11 	 5 	 9 	 19 	 29 	 39 	 49
518 	 243 	 0 	 3 	 2 	 12 	 13 	 5 	 9 	 19 	 29 	 39 	 49
519 	 243 	 0 	 7 	 2 	 14 	 15 	 5 	 9 	 19 	 29 	 39 	 49
520 	 243 	 0 	 2 	 2 	 16 	 17 	 5 	 9 	 19 	 29 	 39 	 49
521 	 244 	 0 	 8 	 4 	 4 	 5 	 6 	 7 	 5 	 62 	 72 	 82 	 92 	 102
522 	 244 	 0 	 6 	 2 	 16 	 17 	 5 	 60 	 70 	 80 	 90 	 100
523 	 245 	 0 	 1 	 2 	 1 	 2 	 6 	 59 	 69 	 79 	 89 	 99 	 109
524 	 245 	 0 	 5 	 2 	 3 	 4 	 6 	 59 	 69 	 79 	 89 	 99 	 109
525 	 245 	 0 	 10 	 2 	 5 	 6 	 6 	 59 	 69 	 79 	 89 	 99 	 109
526 	 245 	 0 	 5 	 2 	 7 	 8 	 6 	 59 	 69 	 79 	 89 	 99 	 109
527 	 245 	 0 	 3 	 2 	 9 	 10 	 6 	 59 	 69 	 79 	 89 	 99 	 109
528 	 245 	 0 	 10 	 2 	 11 	 12 	 6 	 59 	 69 	 79 	 89 	 99 	 109
529 	 245 	 0 	 8 	 2 	 13 	 14 	 6 	 59 	 69 	 79 	 89 	 99 	 109
530 	 246 	 0 	 2 	 2 	 2 	 3 	 11 	 0 	 5 	 10 	 15 	 20 	 25 	 30 	 35 	 40 	 45 	 50
531 	 246 	 0 	 8 	 2 	 4 	 5 	 11 	 0 	 5 	 10 	 15 	 20 	 25 	 30 	 35 	 40 	 45 	 50
532 	 246 	 0 	 1 	 2 	 6 	 7 	 11 	 0 	 5 	 10 	 15 	 20 	 25 	 30 	 35 	 40 	 45 	 50
533 	 246 	 0 	 3 	 2 	 8 	 9 	 11 	 0 	 5 	 10 	 15 	 20 	 25 	 30 	 35 	 40 	 45 	 50
534 	 247 	 0 	 5 	 2 	 10 	 11 	 5 	 62 	 72 	 82 	 92 	 102
535 	 248 	 0 	 5 	 4 	 1 	 2 	 3 	 4 	 5 	 64 	 74 	 84 	 94 	 104
536 	 249 	 0 	 2 	 2 	 0 	 1 	 6 	 57 	 67 	 77 	 87 	 97 	 107
537 	 250 	 0 	 5 	 2 	 9 	 10 	 5 	 8 	 18 	 28 	 38 	 48
538 	 251 	 0 	 3 	 2 	 0 	 1 	 6 	 58 	 68 	 78 	 88 	 98 	 108
539 	 252 	 0 	 2 	 2 	 7 	 8 	 5 	 64 	 74 	 84 	 94 	 104
540 	 253 	 0 	 6 	 2 	 2 	 3 	 6 	 57 	 67 	 77 	 87 	 97 	 107
541 	 253 	 0 	 4 	 2 	 4 	 5 	 6 	 57 	 67 	 77 	 87 	 97 	 107
542 	 253 	 0 	 6 	 2 	 6 	 7 	 6 	 57 	 67 	 77 	 87 	 97 	 107
543 	 253 	 0 	 9 	 2 	 8 	 9 	 6 	 57 	 67 	 77 	 87 	 97 	 107
544 	 253 	 0 	 10 	 2 	 10 	 11 	 6 	 57 	 67 	 77 	 87 	 97 	 107
545 	 253 	 0 	 9 	 2 	 12 	 13 	 6 	 57 	 67 	 77 	 87 	 97 	 107
546 	 253 	 0 	 9 	 2 	 14 	 15 	 6 	 57 	 67 	 77 	 87 	 97 	 107
547 	 253 	 0 	 1 	 2 	 16 	 17 	 6 	 57 	 67 	 77 	 87 	 97 	 107
548 	 254 	 0 	 3 	 2 	 16 	 17 	 5 	 7 	 17 	 27 	 37 	 47
549 	 254 	 0 	 5 	 2 	 14 	 15 	 5 	 8 	 18 	 28 	 38 	 48
550 	 255 	 0 	 2 	 4 	 6 	 7 	 8 	 9 	 6 	 0 	 10 	 20 	 30 	 40 	 50
551 	 255 	 0 	 4 	 2 	 2 	 3 	 6 	 4 	 14 	 24 	 34 	 44 	 54
552 	 255 	 0 	 6 	 4 	 3 	 4 	 5 	 6 	 6 	 1 	 11 	 21 	 31 	 41 	 51
553 	 256 	 0 	 6 	 2 	 9 	 10 	 11 	 59 	 64 	 69 	 74 	 79 	 84 	 89 	 94 	 99 	 104 	 109
554 	 257 	 0 	 8 	 2 	 2 	 3 	 6 	 57 	 67 	 77 	 87 	 97 	 107
555 	 258 	 0 	 5 	 4 	 1 	 2 	 3 	 4 	 6 	 3 	 13 	 23 	 33 	 43 	 53
556 	 258 	 0 	 6 	 2 	 2 	 3 	 6 	 0 	 10 	 20 	 30 	 40 	 50
557 	 259 	 0 	 6 	 4 	 12 	 13 	 14 	 15 	 5 	 9 	 19 	 29 	 39 	 49
558 	 260 	 0 	 2 	 2 	 5 	 6 	 6 	 4 	 14 	 24 	 34 	 44 	 54
559 	 261 	 2 	 4 	 2 	 7 	 8 	 6 	 4 	 14 	 24 	 34 	 44 	 54
560 	 262 	 0 	 2 	 2 	 16 	 17 	 11 	 1 	 6 	 11 	 16 	 21 	 26 	 31 	 36 	 41 	 46 	 51
561 	 262 	 0 	 7 	 4 	 9 	 10 	 11 	 12 	 11 	 3 	 8 	 13 	 18 	 23 	 28 	 33 	 38 	 43 	 48 	 53
562 	 262 	 0 	 10 	 2 	 6 	 7 	 11 	 2 	 7 	 12 	 17 	 22 	 27 	 32 	 37 	 42 	 47 	 52
563 	 263 	 0 	 5 	 2 	 8 	 9 	 5 	 64 	 74 	 84 	 94 	 104
564 	 264 	 0 	 9 	 4 	 3 	 4 	 5 	 6 	 5 	 63 	 73 	 83 	 93 	 103
565 	 264 	 0 	 6 	 2 	 14 	 15 	 5 	 62 	 72 	 82 	 92 	 102
566 	 264 	 0 	 10 	 2 	 8 	 9 	 5 	 61 	 71 	 81 	 91 	 101
567 	 265 	 0 	 8 	 2 	 1 	 2 	 5 	 64 	 74 	 84 	 94 	 104
568 	 265 	 0 	 2 	 2 	 3 	 4 	 5 	 64 	 74 	 84 	 94 	 104
569 	 265 	 0 	 5 	 2 	 5 	 6 	 5 	 64 	 74 	 84 	 94 	 104
570 	 265 	 0 	 5 	 2 	 7 	 8 	 5 	 64 	 74 	 84 	 94 	 104
571 	 266 	 0 	 8 	 4 	 8 	 9 	 10 	 11 	 11 	 2 	 7 	 12 	 17 	 22 	 27 	 32 	 37 	 42 	 47 	 52
572 	 266 	 0 	 4 	 2 	 7 	 8 	 11 	 0 	 5 	 10 	 15 	 20 	 25 	 30 	 35 	 40 	 45 	 50
573 	 266 	 0 	 3 	 2 	 15 	 16 	 11 	 3 	 8 	 13 	 18 	 23 	 28 	 33 	 38 	 43 	 48 	 53
574 	 267 	 0 	 10 	 2 	 12 	 13 	 6 	 0 	 10 	 20 	 30 	 40 	 50
575 	 267 	 0 	 6 	 4 	 10 	 11 	 12 	 13 	 6 	 4 	 14 	 24 	 34 	 44 	 54
576 	 267 	 0 	 4 	 2 	 7 	 8 	 6 	 1 	 11 	 21 	 31 	 41 	 51
577 	 268 	 0 	 7 	 2 	 0 	 1 	 11 	 55 	 60 	 65 	 70 	 75 	 80 	 85 	 90 	 95 	 100 	 105
578 	 269 	 0 	 10 	 2 	 0 	 1 	 11 	 1 	 6 	 11 	 16 	 21 	 26 	 31 	 36 	 41 	 46 	 51
579 	 269 	 0 	 5 	 2 	 2 	 3 	 11 	 1 	 6 	 11 	 16 	 21 	 26 	 31 	 36 	 41 	 46 	 51
580 	 269 	 0 	 8 	 2 	 4 	 5 	 11 	 1 	 6 	 11 	 16 	 21 	 26 	 31 	 36 	 41 	 46 	 51
581 	 269 	 0 	 7 	 2 	 6 	 7 	 11 	 1 	 6 	 11 	 16 	 21 	 26 	 31 	 36 	 41 	 46 	 51
582 	 269 	 0 	 8 	 2 	 8 	 9 	 11 	 1 	 6 	 11 	 16 	 21 	 26 	 31 	 36 	 41 	 46 	 51
583 	 269 	 0 	 9 	 2 	 10 	 11 	 11 	 1 	 6 	 11 	 16 	 21 	 26 	 31 	 36 	 41 	 46 	 51
584 	 269 	 0 	 5 	 2 	 12 	 13 	 11 	 1 	 6 	 11 	 16 	 21 	 26 	 31 	 36 	 41 	 46 	 51
585 	 270 	 0 	 7 	 2 	 3 	 4 	 6 	 1 	 11 	 21 	 31 	 41 	 51
586 	 271 	 0 	 8 	 2 	 3 	 4 	 11 	 57 	 62 	 67 	 72 	 77 	 82 	 87 	 92 	 97 	 102 	 107
587 	 271 	 0 	 7 	 2 	 5 	 6 	 11 	 57 	 62 	 67 	 72 	 77 	 82 	 87 	 92 	 97 	 102 	 107
588 	 271 	 0 	 6 	 2 	 7 	 8 	 11 	 57 	 62 	 67 	 72 	 77 	 82 	 87 	 92 	 97 	 102 	 107
589 	 271 	 0 	 4 	 2 	 9 	 10 	 11 	 57 	 62 	 67 	 72 	 77 	 82 	 87 	 92 	 97 	 102 	 107
590 	 271 	 0 	 3 	 2 	 11 	 12 	 11 	 57 	 62 	 67 	 72 	 77 	 82 	 87 	 92 	 97 	 102 	 107
591 	 271 	 0 	 4 	 2 	 13 	 14 	 11 	 57 	 62 	 67 	 72 	 77 	 82 	 87 	 92 	 97 	 102 	 107
592 	 272 	 0 	 3 	 2 	 9 	 10 	 5 	 6 	 16 	 26 	 36 	 46
593 	 273 	 0 	 7 	 2 	 1 	 2 	 11 	 58 	 63 	 68 	 73 	 78 	 83 	 88 	 93 	 98 	 103 	 108
594 	 273 	 0 	 3 	 4 	 14 	 15 	 16 	 17 	 11 	 59 	 64 	 69 	 74 	 79 	 84 	 89 	 94 	 99 	 104 	 109
595 	 273 	 0 	 9 	 2 	 11 	 12 	 11 	 57 	 62 	 67 	 72 	 77 	 82 	 87 	 92 	 97 	 102 	 107
596 	 274 	 0 	 7 	 2 	 5 	 6 	 5 	 61 	 71 	 81 	 91 	 101
597 	 275 	 0 	 4 	 2 	 15 	 16 	 6 	 58 	 68 	 78 	 88 	 98 	 108
598 	 275 	 0 	 5 	 2 	 14 	 15 	 6 	 56 	 66 	 76 	 86 	 96 	 106
599 	 275 	 0 	 3 	 2 	 1 	 2 	 6 	 55 	 65 	 75 	 85 	 95 	 105
600 	 276 	 0 	 10 	 2 	 0 	 1 	 6 	 2 	 12 	 22 	 32 	 42 	 52
601 	 276 	 0 	 7 	 2 	 2 	 3 	 6 	 2 	 12 	 22 	 32 	 42 	 52
602 	 276 	 0 	 6 	 2 	 4 	 5 	 6 	 2 	 12 	 22 	 32 	 42 	 52
603 	 276 	 0 	 10 	 2 	 6 	 7 	 6 	 2 	 12 	 22 	 32 	 42 	 52
604 	 276 	 0 	 4 	 2 	 8 	 9 	 6 	 2 	 12 	 22 	 32 	 42 	 52
605 	 276 	 0 	 10 	 2 	 10 	 11 	 6 	 2 	 12 	 22 	 32 	 42 	 52
606 	 276 	 0 	 5 	 2 	 12 	 13 	 6 	 2 	 12 	 22 	 32 	 42 	 52
607 	 276 	 0 	 4 	 2 	 14 	 15 	 6 	 2 	 12 	 22 	 32 	 42 	 52
608 	 277 	 0 	 2 	 2 	 2 	 3 	 11 	 56 	 61 	 66 	 71 	 76 	 81 	 86 	 91 	 96 	 101 	 106
609 	 278 	 0 	 1 	 2 	 0 	 1 	 6 	 2 	 12 	 22 	 32 	 42 	 52
610 	 278 	 0 	 8 	 2 	 2 	 3 	 6 	 2 	 12 	 22 	 32 	 42 	 52
611 	 278 	 0 	 7 	 2 	 4 	 5 	 6 	 2 	 12 	 22 	 32 	 42 	 52
612 	 278 	 0 	 5 	 2 	 6 	 7 	 6 	 2 	 12 	 22 	 32 	 42 	 52
613 	 278 	 0 	 8 	 2 	 8 	 9 	 6 	 2 	 12 	 22 	 32 	 42 	 52
614 	 278 	 0 	 5 	 2 	 10 	 11 	 6 	 2 	 12 	 22 	 32 	 42 	 52
615 	 278 	 0 	 1 	 2 	 12 	 13 	 6 	 2 	 12 	 22 	 32 	 42 	 52
616 	 278 	 0 	 3 	 2 	 14 	 15 	 6 	 2 	 12 	 22 	 32 	 42 	 52
617 	 278 	 0 	 5 	 2 	 16 	 17 	 6 	 2 	 12 	 22 	 32 	 42 	 52
618 	 279 	 0 	 5 	 2 	 13 	 14 	 6 	 59 	 69 	 79 	 89 	 99 	 109
619 	 280 	 0 	 1 	 4 	 9 	 10 	 11 	 12 	 5 	 8 	 18 	 28 	 38 	 48
620 	 281 	 0 	 8 	 2 	 1 	 2 	 6 	 57 	 67 	 77 	 87 	 97 	 107
621 	 281 	 0 	 5 	 2 	 3 	 4 	 6 	 57 	 67 	 77 	 87 	 97 	 107
622 	 281 	 0 	 4 	 2 	 5 	 6 	 6 	 57 	 67 	 77 	 87 	 97 	 107
623 	 281 	 0 	 2 	 2 	 7 	 8 	 6 	 57 	 67 	 77 	 87 	 97 	 107
624 	 281 	 0 	 2 	 2 	 9 	 10 	 6 	 57 	 67 	 77 	 87 	 97 	 107
625 	 281 	 0 	 8 	 2 	 11 	 12 	 6 	 57 	 67 	 77 	 87 	 97 	 107
626 	 281 	 0 	 10 	 2 	 13 	 14 	 6 	 57 	 67 	 77 	 87 	 97 	 107
627 	 281 	 0 	 7 	 2 	 15 	 16 	 6 	 57 	 67 	 77 	 87 	 97 	 107
628 	 282 	 0 	 7 	 2 	 16 	 17 	 6 	 57 	 67 	 77 	 87 	 97 	 107
629 	 283 	 0 	 1 	 2 	 15 	 16 	 5 	 5 	 15 	 25 	 35 	 45
630 	 283 	 0 	 5 	 2 	 11 	 12 	 5 	 7 	 17 	 27 	 37 	 47
631 	 284 	 0 	 8 	 2 	 16 	 17 	 5 	 61 	 71 	 81 	 91 	 101
632 	 285 	 0 	 1 	 2 	 5 	 6 	 11 	 59 	 64 	 69 	 74 	 79 	 84 	 89 	 94 	 99 	 104 	 109
633 	 285 	 0 	 1 	 4 	 7 	 8 	 9 	 10 	 11 	 55 	 60 	 65 	 70 	 75 	 80 	 85 	 90 	 95 	 100 	 105
634 	 285 	 0 	 4 	 2 	 16 	 17 	 11 	 58 	 63 	 68 	 73 	 78 	 83 	 88 	 93 	 98 	 103 	 108
635 	 286 	 0 	 7 	 4 	 11 	 12 	 13 	 14 	 6 	 0 	 10 	 20 	 30 	 40 	 50
636 	 286 	 0 	 8 	 2 	 9 	 10 	 6 	 4 	 14 	 24 	 34 	 44 	 54
637 	 287 	 0 	 7 	 2 	 10 	 11 	 6 	 3 	 13 	 23 	 33 	 43 	 53
638 	 288 	 2 	 9 	 2 	 13 	 14 	 11 	 1 	 6 	 11 	 16 	 21 	 26 	 31 	 36 	 41 	 46 	 51
639 	 289 	 0 	 8 	 4 	 10 	 11 	 12 	 13 	 11 	 1 	 6 	 11 	 16 	 21 	 26 	 31 	 36 	 41 	 46 	 51
640 	 290 	 0 	 8 	 2 	 10 	 11 	 6 	 2 	 12 	 22 	 32 	 42 	 52
641 	 290 	 0 	 2 	 4 	 3 	 4 	 5 	 6 	 6 	 0 	 10 	 20 	 30 	 40 	 50
642 	 290 	 0 	 2 	 2 	 2 	 3 	 6 	 3 	 13 	 23 	 33 	 43 	 53
643 	 291 	 0 	 3 	 2 	 12 	 13 	 5 	 60 	 70 	 80 	 90 	 100
644 	 292 	 0 	 7 	 4 	 5 	 6 	 7 	 8 	 6 	 56 	 66 	 76 	 86 	 96 	 106
645 	 293 	 0 	 7 	 2 	 5 	 6 	 11 	 59 	 64 	 69 	 74 	 79 	 84 	 89 	 94 	 99 	 104 	 109
646 	 293 	 0 	 10 	 2 	 14 	 15 	 11 	 58 	 63 	 68 	 73 	 78 	 83 	 88 	 93 	 98 	 103 	 108
647 	 294 	 0 	 2 	 2 	 4 	 5 	 6 	 59 	 69 	 79 	 89 	 99 	 109
648 	 295 	 0 	 8 	 2 	 8 	 9 	 5 	 63 	 73 	 83 	 93 	 103
649 	 296 	 0 	 9 	 2 	 13 	 14 	 6 	 58 	 68 	 78 	 88 	 98 	 108
650 	 296 	 0 	 7 	 4 	 10 	 11 	 12 	 13 	 6 	 57 	 67 	 77 	 87 	 97 	 107
651 	 296 	 0 	 7 	 4 	 14 	 15 	 16 	 17 	 6 	 56 	 66 	 76 	 86 	 96 	 106
652 	 297 	 0 	 9 	 2 	 10 	 11 	 11 	 0 	 5 	 10 	 15 	 20 	 25 	 30 	 35 	 40 	 45 	 50
653 	 297 	 0 	 6 	 4 	 5 	 6 	 7 	 8 	 11 	 1 	 6 	 11 	 16 	 21 	 26 	 31 	 36 	 41 	 46 	 51
654 	 298 	 0 	 5 	 2 	 9 	 10 	 5 	 8 	 18 	 28 	 38 	 48
655 	 298 	 0 	 4 	 2 	 11 	 12 	 5 	 8 	 18 	 28 	 38 	 48
656 	 298 	 0 	 9 	 2 	 13 	 14 	 5 	 8 	 18 	 28 	 38 	 48
657 	 298 	 0 	 9 	 2 	 15 	 16 	 5 	 8 	 18 	 28 	 38 	 48
658 	 299 	 0 	 1 	 2 	 13 	 14 	 5 	 62 	 72 	 82 	 92 	 102
659	0	0	0	2	4	5	11	59	64	69	74	79	84	89	94	99	104	109	
660	1	0	0	2	10	11	11	0	5	10	15	20	25	30	35	40	45	50	
661	2	0	0	2	15	16	6	2	12	22	32	42	52	
662	2	0	0	2	14	15	6	4	14	24	34	44	54	
663	2	0	0	2	10	11	6	0	10	20	30	40	50	
664	2	0	0	4	11	12	13	14	6	1	11	21	31	41	51	
665	3	0	0	2	13	14	6	55	65	75	85	95	105	
666	4	0	0	2	5	6	11	0	5	10	15	20	25	30	35	40	45	50	
667	4	0	0	4	0	1	2	3	11	3	8	13	18	23	28	33	38	43	48	53	
668	5	0	0	2	10	11	6	56	66	76	86	96	106	
669	5	0	0	4	5	6	7	8	6	59	69	79	89	99	109	
670	6	0	0	4	0	1	2	3	11	55	60	65	70	75	80	85	90	95	100	105	
671	7	0	0	2	7	8	11	4	9	14	19	24	29	34	39	44	49	54	
672	8	0	0	2	3	4	5	9	19	29	39	49	
673	8	0	0	4	12	13	14	15	5	7	17	27	37	47	
674	8	0	0	4	11	12	13	14	5	6	16	26	36	46	
675	8	0	0	2	6	7	5	5	15	25	35	45	
676	9	0	0	2	13	14	5	5	15	25	35	45	
677	10	2	0	2	13	14	6	59	69	79	89	99	109	
678	10	2	0	4	12	13	14	15	6	55	65	75	85	95	105	
679	10	2	0	4	7	8	9	10	6	57	67	77	87	97	107	
680	11	0	0	2	1	2	6	0	10	20	30	40	50	
681	12	1	0	2	13	14	11	57	62	67	72	77	82	87	92	97	102	107	
682	12	1	0	2	12	13	11	55	60	65	70	75	80	85	90	95	100	105	
683	13	2	0	2	4	5	6	59	69	79	89	99	109	
684	13	2	0	2	16	17	6	58	68	78	88	98	108	
685	14	2	0	2	9	10	5	5	15	25	35	45	
686	14	2	0	4	7	8	9	10	5	7	17	27	37	47	
687	15	0	0	4	10	11	12	13	6	3	13	23	33	43	53	
688	15	0	0	2	0	1	6	0	10	20	30	40	50	
689	16	0	0	4	7	8	9	10	6	58	68	78	88	98	108	
690	16	0	0	2	16	17	6	57	67	77	87	97	107	
691	16	0	0	2	1	2	6	59	69	79	89	99	109	
692	17	0	0	2	12	13	5	9	19	29	39	49	
693	17	0	0	4	6	7	8	9	5	8	18	28	38	48	
694	18	2	0	2	4	5	11	59	64	69	74	79	84	89	94	99	104	109	
695	19	0	0	4	12	13	14	15	6	2	12	22	32	42	52	
696	19	0	0	4	0	1	2	3	6	1	11	21	31	41	51	
697	20	0	0	4	9	10	11	12	5	5	15	25	35	45	
698	21	0	0	4	6	7	8	9	11	57	62	67	72	77	82	87	92	97	102	107	
699	21	0	0	4	1	2	3	4	11	59	64	69	74	79	84	89	94	99	104	109	
700	22	0	0	4	3	4	5	6	5	61	71	81	91	101	
701	23	0	0	2	8	9	11	58	63	68	73	78	83	88	93	98	103	108	
702	23	0	0	4	13	14	15	16	11	55	60	65	70	75	80	85	90	95	100	105	
703	24	0	0	4	12	13	14	15	11	4	9	14	19	24	29	34	39	44	49	54	
704	25	0	0	4	5	6	7	8	6	3	13	23	33	43	53	
705	26	0	0	4	3	4	5	6	6	2	12	22	32	42	52	
706	27	0	0	4	12	13	14	15	5	64	74	84	94	104	
707	28	1	0	4	8	9	10	11	6	57	67	77	87	97	107	
708	28	1	0	4	9	10	11	12	6	58	68	78	88	98	108	
709	29	0	0	4	5	6	7	8	5	9	19	29	39	49	
710	29	0	0	4	4	5	6	7	5	7	17	27	37	47	
711	30	0	0	2	13	14	6	58	68	78	88	98	108	
712	31	0	0	2	14	15	6	1	11	21	31	41	51	
713	32	0	0	4	7	8	9	10	11	56	61	66	71	76	81	86	91	96	101	106	
714	32	0	0	4	2	3	4	5	11	59	64	69	74	79	84	89	94	99	104	109	
715	33	1	0	4	13	14	15	16	11	2	7	12	17	22	27	32	37	42	47	52	
716	34	0	0	4	12	13	14	15	11	55	60	65	70	75	80	85	90	95	100	105	
717	35	0	0	2	6	7	6	3	13	23	33	43	53	
718	35	0	0	4	8	9	10	11	6	2	12	22	32	42	52	
719	36	0	0	4	8	9	10	11	5	6	16	26	36	46	
720	37	0	0	2	5	6	5	62	72	82	92	102	
721	38	0	0	2	5	6	11	59	64	69	74	79	84	89	94	99	104	109	
722	39	0	0	2	5	6	11	55	60	65	70	75	80	85	90	95	100	105	
723	40	0	0	2	1	2	6	3	13	23	33	43	53	
724	40	0	0	4	1	2	3	4	6	4	14	24	34	44	54	
725	41	0	0	2	15	16	6	2	12	22	32	42	52	
726	42	0	0	4	0	1	2	3	5	5	15	25	35	45	
727	42	0	0	4	1	2	3	4	5	6	16	26	36	46	
728	43	0	0	2	5	6	11	55	60	65	70	75	80	85	90	95	100	105	
729	43	0	0	2	7	8	11	56	61	66	71	76	81	86	91	96	101	106	
730	44	2	0	4	5	6	7	8	6	57	67	77	87	97	107	
731	44	2	0	4	1	2	3	4	6	59	69	79	89	99	109	
732	45	0	0	2	14	15	5	7	17	27	37	47	
733	45	0	0	2	14	15	5	8	18	28	38	48	
734	46	0	0	4	8	9	10	11	6	59	69	79	89	99	109	
735	47	0	0	4	8	9	10	11	6	57	67	77	87	97	107	
736	47	0	0	2	7	8	6	58	68	78	88	98	108	
737	47	0	0	4	13	14	15	16	6	59	69	79	89	99	109	
738	48	0	0	2	9	10	6	0	10	20	30	40	50	
739	49	0	0	2	1	2	6	58	68	78	88	98	108	
740	50	0	0	2	6	7	11	55	60	65	70	75	80	85	90	95	100	105	
741	51	0	0	2	12	13	11	57	62	67	72	77	82	87	92	97	102	107	
742	52	0	0	2	1	2	5	60	70	80	90	100	
743	52	0	0	4	1	2	3	4	5	64	74	84	94	104	
744	53	0	0	2	13	14	11	1	6	11	16	21	26	31	36	41	46	51	
745	54	0	0	2	10	11	11	59	64	69	74	79	84	89	94	99	104	109	
746	55	0	0	4	5	6	7	8	5	7	17	27	37	47	
747	55	0	0	4	5	6	7	8	5	5	15	25	35	45	
748	56	0	0	2	8	9	6	56	66	76	86	96	106	
749	56	0	0	4	6	7	8	9	6	55	65	75	85	95	105	
750	57	0	0	4	6	7	8	9	6	57	67	77	87	97	107	
751	58	0	0	2	6	7	5	64	74	84	94	104	
752	58	0	0	4	11	12	13	14	5	63	73	83	93	103	
753	59	0	0	4	14	15	16	17	11	56	61	66	71	76	81	86	91	96	101	106	
754	60	0	0	4	3	4	5	6	5	63	73	83	93	103	
755	61	0	0	2	3	4	6	3	13	23	33	43	53	
756	61	0	0	4	11	12	13	14	6	4	14	24	34	44	54	
757	62	2	0	2	8	9	6	57	67	77	87	97	107	
758	62	2	0	2	11	12	6	58	68	78	88	98	108	
759	63	0	0	2	4	5	6	0	10	20	30	40	50	
760	63	0	0	4	1	2	3	4	6	2	12	22	32	42	52	
761	64	0	0	2	14	15	11	56	61	66	71	76	81	86	91	96	101	106	
762	64	0	0	2	7	8	11	59	64	69	74	79	84	89	94	99	104	109	
763	64	0	0	4	6	7	8	9	11	58	63	68	73	78	83	88	93	98	103	108	
764	64	0	0	4	14	15	16	17	11	57	62	67	72	77	82	87	92	97	102	107	
765	65	0	0	2	1	2	6	56	66	76	86	96	106	
766	65	0	0	2	0	1	6	58	68	78	88	98	108	
767	66	0	0	4	13	14	15	16	5	9	19	29	39	49	
768	66	0	0	2	14	15	5	6	16	26	36	46	
769	66	0	0	2	3	4	5	8	18	28	38	48	
770	67	0	0	4	12	13	14	15	6	3	13	23	33	43	53	
771	67	0	0	4	13	14	15	16	6	1	11	21	31	41	51	
772	68	0	0	4	12	13	14	15	11	3	8	13	18	23	28	33	38	43	48	53	
773	68	0	0	2	1	2	11	4	9	14	19	24	29	34	39	44	49	54	
774	69	0	0	2	13	14	6	1	11	21	31	41	51	
775	69	0	0	4	6	7	8	9	6	4	14	24	34	44	54	
776	70	0	0	4	5	6	7	8	11	4	9	14	19	24	29	34	39	44	49	54	
777	70	0	0	2	13	14	11	2	7	12	17	22	27	32	37	42	47	52	
778	71	0	0	4	4	5	6	7	6	0	10	20	30	40	50	
779	71	0	0	4	9	10	11	12	6	4	14	24	34	44	54	
780	71	0	0	2	16	17	6	1	11	21	31	41	51	
781	71	0	0	4	8	9	10	11	6	3	13	23	33	43	53	
782	72	0	0	2	11	12	6	4	14	24	34	44	54	
783	72	0	0	4	6	7	8	9	6	1	11	21	31	41	51	
784	72	0	0	4	6	7	8	9	6	0	10	20	30	40	50	
785	73	2	0	2	0	1	6	1	11	21	31	41	51	
786	74	0	0	4	0	1	2	3	5	9	19	29	39	49	
787	74	0	0	2	6	7	5	5	15	25	35	45	
788	75	0	0	4	4	5	6	7	5	60	70	80	90	100	
789	76	0	0	4	4	5	6	7	6	3	13	23	33	43	53	
790	76	0	0	4	7	8	9	10	6	0	10	20	30	40	50	
791	76	0	0	2	3	4	6	1	11	21	31	41	51	
792	77	0	0	2	8	9	6	0	10	20	30	40	50	
793	77	0	0	2	13	14	6	4	14	24	34	44	54	
794	78	0	0	2	13	14	6	58	68	78	88	98	108	
795	79	0	0	4	5	6	7	8	5	7	17	27	37	47	
796	79	0	0	4	3	4	5	6	5	6	16	26	36	46	
797	80	0	0	2	3	4	5	61	71	81	91	101	
798	81	0	0	2	7	8	11	3	8	13	18	23	28	33	38	43	48	53	
799	82	1	0	2	16	17	6	3	13	23	33	43	53	
800	82	1	0	2	12	13	6	2	12	22	32	42	52	
801	83	0	0	4	3	4	5	6	5	63	73	83	93	103	
802	83	0	0	2	5	6	5	64	74	84	94	104	
803	84	0	0	2	14	15	5	61	71	81	91	101	
804	85	0	0	4	0	1	2	3	11	0	5	10	15	20	25	30	35	40	45	50	
805	85	0	0	2	2	3	11	2	7	12	17	22	27	32	37	42	47	52	
806	86	0	0	4	12	13	14	15	6	4	14	24	34	44	54	
807	87	1	0	4	10	11	12	13	5	63	73	83	93	103	
808	87	1	0	4	7	8	9	10	5	60	70	80	90	100	
809	88	2	0	4	6	7	8	9	6	4	14	24	34	44	54	
810	88	2	0	2	9	10	6	1	11	21	31	41	51	
811	89	0	0	4	0	1	2	3	6	4	14	24	34	44	54	
812	89	0	0	2	12	13	6	2	12	22	32	42	52	
813	90	0	0	2	10	11	6	0	10	20	30	40	50	
814	91	0	0	2	2	3	5	8	18	28	38	48	
815	92	0	0	4	10	11	12	13	11	57	62	67	72	77	82	87	92	97	102	107	
816	92	0	0	2	0	1	11	59	64	69	74	79	84	89	94	99	104	109	
817	93	0	0	4	8	9	10	11	11	56	61	66	71	76	81	86	91	96	101	106	
818	94	0	0	4	11	12	13	14	5	9	19	29	39	49	
819	95	0	0	4	5	6	7	8	11	59	64	69	74	79	84	89	94	99	104	109	
820	95	0	0	2	11	12	11	55	60	65	70	75	80	85	90	95	100	105	
821	96	0	0	4	6	7	8	9	5	62	72	82	92	102	
822	97	0	0	2	13	14	6	2	12	22	32	42	52	
823	97	0	0	2	4	5	6	0	10	20	30	40	50	
824	98	0	0	2	12	13	6	4	14	24	34	44	54	
825	98	0	0	2	9	10	6	3	13	23	33	43	53	
826	99	0	0	4	10	11	12	13	5	6	16	26	36	46	
827	99	0	0	4	4	5	6	7	5	5	15	25	35	45	
828	100	0	0	4	10	11	12	13	11	57	62	67	72	77	82	87	92	97	102	107	
829	100	0	0	2	3	4	11	59	64	69	74	79	84	89	94	99	104	109	
830	100	0	0	4	2	3	4	5	11	58	63	68	73	78	83	88	93	98	103	108	
831	100	0	0	2	1	2	11	56	61	66	71	76	81	86	91	96	101	106	
832	101	2	0	2	6	7	5	62	72	82	92	102	
833	101	2	0	2	13	14	5	64	74	84	94	104	
834	101	2	0	4	12	13	14	15	5	60	70	80	90	100	
835	102	0	0	2	11	12	6	2	12	22	32	42	52	
836	103	0	0	2	11	12	11	3	8	13	18	23	28	33	38	43	48	53	
837	103	0	0	4	7	8	9	10	11	2	7	12	17	22	27	32	37	42	47	52	
838	104	0	0	2	6	7	11	2	7	12	17	22	27	32	37	42	47	52	
839	104	0	0	4	10	11	12	13	11	0	5	10	15	20	25	30	35	40	45	50	
840	105	0	0	2	16	17	5	6	16	26	36	46	
841	105	0	0	2	0	1	5	5	15	25	35	45	
842	106	0	0	4	9	10	11	12	5	6	16	26	36	46	
843	107	0	0	2	13	14	11	1	6	11	16	21	26	31	36	41	46	51	
844	107	0	0	2	0	1	11	0	5	10	15	20	25	30	35	40	45	50	
845	108	0	0	2	0	1	5	63	73	83	93	103	
846	108	0	0	4	7	8	9	10	5	61	71	81	91	101	
847	109	0	0	2	7	8	6	59	69	79	89	99	109	
848	109	0	0	2	15	16	6	55	65	75	85	95	105	
849	110	0	0	4	3	4	5	6	6	2	12	22	32	42	52	
850	110	0	0	4	1	2	3	4	6	0	10	20	30	40	50	
851	111	0	0	2	12	13	11	4	9	14	19	24	29	34	39	44	49	54	
852	112	0	0	2	10	11	11	55	60	65	70	75	80	85	90	95	100	105	
853	112	0	0	4	7	8	9	10	11	56	61	66	71	76	81	86	91	96	101	106	
854	113	0	0	2	10	11	5	62	72	82	92	102	
855	114	0	0	4	3	4	5	6	5	61	71	81	91	101	
856	115	0	0	2	9	10	11	3	8	13	18	23	28	33	38	43	48	53	
857	116	0	0	4	5	6	7	8	6	59	69	79	89	99	109	
858	116	0	0	4	7	8	9	10	6	56	66	76	86	96	106	
859	116	0	0	4	14	15	16	17	6	57	67	77	87	97	107	
860	116	0	0	2	14	15	6	58	68	78	88	98	108	
861	117	0	0	2	3	4	11	59	64	69	74	79	84	89	94	99	104	109	
862	117	0	0	4	5	6	7	8	11	56	61	66	71	76	81	86	91	96	101	106	
863	118	0	0	4	13	14	15	16	5	9	19	29	39	49	
864	118	0	0	4	2	3	4	5	5	6	16	26	36	46	
865	119	0	0	2	16	17	11	0	5	10	15	20	25	30	35	40	45	50	
866	120	0	0	2	9	10	11	57	62	67	72	77	82	87	92	97	102	107	
867	120	0	0	2	13	14	11	55	60	65	70	75	80	85	90	95	100	105	
868	121	0	0	2	5	6	6	59	69	79	89	99	109	
869	122	0	0	2	7	8	11	3	8	13	18	23	28	33	38	43	48	53	
870	123	0	0	4	5	6	7	8	5	64	74	84	94	104	
871	124	0	0	4	7	8	9	10	5	5	15	25	35	45	
872	125	0	0	2	2	3	5	6	16	26	36	46	
873	125	0	0	4	12	13	14	15	5	7	17	27	37	47	
874	126	0	0	4	12	13	14	15	6	59	69	79	89	99	109	
875	127	0	0	4	10	11	12	13	11	2	7	12	17	22	27	32	37	42	47	52	
876	127	0	0	2	2	3	11	0	5	10	15	20	25	30	35	40	45	50	
877	128	0	0	2	10	11	6	59	69	79	89	99	109	
878	129	0	0	4	14	15	16	17	11	4	9	14	19	24	29	34	39	44	49	54	
879	129	0	0	4	11	12	13	14	11	0	5	10	15	20	25	30	35	40	45	50	
880	130	0	0	2	0	1	6	1	11	21	31	41	51	
881	131	0	0	2	6	7	11	56	61	66	71	76	81	86	91	96	101	106	
882	131	0	0	4	12	13	14	15	11	59	64	69	74	79	84	89	94	99	104	109	
883	131	0	0	4	2	3	4	5	11	55	60	65	70	75	80	85	90	95	100	105	
884	132	0	0	4	7	8	9	10	11	55	60	65	70	75	80	85	90	95	100	105	
885	132	0	0	4	13	14	15	16	11	58	63	68	73	78	83	88	93	98	103	108	
886	133	1	0	2	8	9	5	5	15	25	35	45	
887	133	1	0	4	14	15	16	17	5	9	19	29	39	49	
888	133	1	0	4	7	8	9	10	5	7	17	27	37	47	
889	134	0	0	2	15	16	5	9	19	29	39	49	
890	134	0	0	4	3	4	5	6	5	5	15	25	35	45	
891	135	0	0	2	15	16	11	59	64	69	74	79	84	89	94	99	104	109	
892	135	0	0	4	13	14	15	16	11	55	60	65	70	75	80	85	90	95	100	105	
893	136	0	0	2	1	2	5	61	71	81	91	101	
894	137	0	0	2	15	16	5	7	17	27	37	47	
895	138	0	0	4	8	9	10	11	11	1	6	11	16	21	26	31	36	41	46	51	
896	138	0	0	2	7	8	11	4	9	14	19	24	29	34	39	44	49	54	
897	139	0	0	2	5	6	5	60	70	80	90	100	
898	140	0	0	2	13	14	5	6	16	26	36	46	
899	140	0	0	2	9	10	5	9	19	29	39	49	
900	140	0	0	2	8	9	5	7	17	27	37	47	
901	141	0	0	4	10	11	12	13	11	56	61	66	71	76	81	86	91	96	101	106	
902	141	0	0	2	9	10	11	59	64	69	74	79	84	89	94	99	104	109	
903	142	2	0	2	6	7	6	4	14	24	34	44	54	
904	143	0	0	2	2	3	11	3	8	13	18	23	28	33	38	43	48	53	
905	144	0	0	4	0	1	2	3	5	6	16	26	36	46	
906	144	0	0	4	13	14	15	16	5	7	17	27	37	47	
907	144	0	0	2	5	6	5	5	15	25	35	45	
908	144	0	0	2	11	12	5	9	19	29	39	49	
909	145	0	0	4	6	7	8	9	5	8	18	28	38	48	
910	145	0	0	2	10	11	5	7	17	27	37	47	
911	146	0	0	4	1	2	3	4	6	1	11	21	31	41	51	
912	146	0	0	4	4	5	6	7	6	0	10	20	30	40	50	
913	146	0	0	2	15	16	6	3	13	23	33	43	53	
914	147	0	0	2	15	16	6	59	69	79	89	99	109	
915	147	0	0	4	12	13	14	15	6	55	65	75	85	95	105	
916	147	0	0	2	1	2	6	58	68	78	88	98	108	
917	148	1	0	2	9	10	5	6	16	26	36	46	
918	148	1	0	2	9	10	5	5	15	25	35	45	
919	149	0	0	4	8	9	10	11	5	64	74	84	94	104	
920	149	0	0	4	14	15	16	17	5	61	71	81	91	101	
921	150	0	0	2	0	1	11	2	7	12	17	22	27	32	37	42	47	52	
922	151	0	0	4	7	8	9	10	11	55	60	65	70	75	80	85	90	95	100	105	
923	151	0	0	2	11	12	11	57	62	67	72	77	82	87	92	97	102	107	
924	152	0	0	2	6	7	11	59	64	69	74	79	84	89	94	99	104	109	
925	152	0	0	4	1	2	3	4	11	57	62	67	72	77	82	87	92	97	102	107	
926	153	2	0	4	3	4	5	6	6	58	68	78	88	98	108	
927	153	2	0	2	11	12	6	56	66	76	86	96	106	
928	154	2	0	4	6	7	8	9	6	4	14	24	34	44	54	
929	155	0	0	2	4	5	6	56	66	76	86	96	106	
930	156	0	0	4	13	14	15	16	6	3	13	23	33	43	53	
931	157	0	0	2	11	12	6	3	13	23	33	43	53	
932	158	0	0	4	5	6	7	8	5	6	16	26	36	46	
933	159	0	0	2	10	11	6	2	12	22	32	42	52	
934	159	0	0	2	16	17	6	0	10	20	30	40	50	
935	159	0	0	4	2	3	4	5	6	4	14	24	34	44	54	
936	159	0	0	2	15	16	6	3	13	23	33	43	53	
937	160	0	0	2	14	15	11	55	60	65	70	75	80	85	90	95	100	105	
938	160	0	0	2	13	14	11	56	61	66	71	76	81	86	91	96	101	106	
939	161	0	0	2	4	5	5	8	18	28	38	48	
940	162	0	0	2	10	11	11	58	63	68	73	78	83	88	93	98	103	108	
941	162	0	0	4	7	8	9	10	11	56	61	66	71	76	81	86	91	96	101	106	
942	162	0	0	4	5	6	7	8	11	59	64	69	74	79	84	89	94	99	104	109	
943	163	1	0	2	4	5	11	2	7	12	17	22	27	32	37	42	47	52	
944	163	1	0	2	6	7	11	4	9	14	19	24	29	34	39	44	49	54	
945	164	0	0	2	6	7	5	8	18	28	38	48	
946	165	0	0	2	2	3	5	62	72	82	92	102	
947	166	0	0	4	13	14	15	16	5	5	15	25	35	45	
948	167	0	0	4	8	9	10	11	5	9	19	29	39	49	
949	167	0	0	4	11	12	13	14	5	8	18	28	38	48	
950	168	0	0	2	12	13	5	62	72	82	92	102	
951	169	0	0	2	2	3	6	1	11	21	31	41	51	
952	169	0	0	4	9	10	11	12	6	0	10	20	30	40	50	
953	170	1	0	4	7	8	9	10	11	55	60	65	70	75	80	85	90	95	100	105	
954	170	1	0	4	8	9	10	11	11	56	61	66	71	76	81	86	91	96	101	106	
955	171	0	0	4	12	13	14	15	5	7	17	27	37	47	
956	171	0	0	2	4	5	5	6	16	26	36	46	
957	172	0	0	4	13	14	15	16	6	59	69	79	89	99	109	
958	172	0	0	2	16	17	6	55	65	75	85	95	105	
959	173	0	0	2	16	17	5	8	18	28	38	48	
960	173	0	0	4	1	2	3	4	5	6	16	26	36	46	
961	174	0	0	2	6	7	6	3	13	23	33	43	53	
962	174	0	0	2	0	1	6	2	12	22	32	42	52	
963	175	0	0	2	3	4	6	0	10	20	30	40	50	
964	175	0	0	4	3	4	5	6	6	2	12	22	32	42	52	
965	176	0	0	2	4	5	5	62	72	82	92	102	
966	176	0	0	2	7	8	5	64	74	84	94	104	
967	176	0	0	4	0	1	2	3	5	63	73	83	93	103	
968	177	0	0	2	1	2	6	55	65	75	85	95	105	
969	177	0	0	4	8	9	10	11	6	57	67	77	87	97	107	
970	178	0	0	2	11	12	5	64	74	84	94	104	
971	178	0	0	4	5	6	7	8	5	61	71	81	91	101	
972	179	0	0	2	16	17	5	64	74	84	94	104	
973	179	0	0	4	6	7	8	9	5	61	71	81	91	101	
974	180	0	0	4	7	8	9	10	5	62	72	82	92	102	
975	181	0	0	4	12	13	14	15	5	5	15	25	35	45	
976	181	0	0	4	8	9	10	11	5	7	17	27	37	47	
977	181	0	0	2	8	9	5	9	19	29	39	49	
978	182	0	0	2	2	3	6	3	13	23	33	43	53	
979	183	0	0	4	9	10	11	12	6	57	67	77	87	97	107	
980	184	0	0	2	1	2	5	5	15	25	35	45	
981	184	0	0	4	0	1	2	3	5	8	18	28	38	48	
982	184	0	0	2	1	2	5	9	19	29	39	49	
983	185	0	0	2	13	14	6	0	10	20	30	40	50	
984	185	0	0	2	7	8	6	4	14	24	34	44	54	
985	185	0	0	2	13	14	6	1	11	21	31	41	51	
986	186	0	0	2	13	14	5	8	18	28	38	48	
987	187	0	0	2	14	15	5	7	17	27	37	47	
988	187	0	0	2	11	12	5	8	18	28	38	48	
989	188	0	0	4	9	10	11	12	6	55	65	75	85	95	105	
990	189	0	0	2	7	8	5	8	18	28	38	48	
991	189	0	0	4	3	4	5	6	5	5	15	25	35	45	
992	189	0	0	4	12	13	14	15	5	6	16	26	36	46	
993	189	0	0	4	2	3	4	5	5	9	19	29	39	49	
994	190	0	0	4	9	10	11	12	6	1	11	21	31	41	51	
995	191	0	0	4	13	14	15	16	6	57	67	77	87	97	107	
996	192	0	0	2	8	9	11	2	7	12	17	22	27	32	37	42	47	52	
997	192	0	0	2	11	12	11	1	6	11	16	21	26	31	36	41	46	51	
998	193	0	0	2	10	11	5	7	17	27	37	47	
999	194	2	0	2	11	12	11	2	7	12	17	22	27	32	37	42	47	52	
1000	194	2	0	2	11	12	11	1	6	11	16	21	26	31	36	41	46	51	
1001	195	0	0	4	14	15	16	17	6	56	66	76	86	96	106	
1002	195	0	0	2	16	17	6	55	65	75	85	95	105	
1003	195	0	0	4	5	6	7	8	6	59	69	79	89	99	109	
1004	196	0	0	4	2	3	4	5	6	55	65	75	85	95	105	
1005	197	0	0	4	8	9	10	11	6	1	11	21	31	41	51	
1006	198	0	0	2	15	16	5	5	15	25	35	45	
1007	198	0	0	4	11	12	13	14	5	6	16	26	36	46	
1008	199	0	0	4	0	1	2	3	5	8	18	28	38	48	
1009	200	0	0	2	2	3	5	63	73	83	93	103	
1010	201	0	0	4	6	7	8	9	5	8	18	28	38	48	
1011	202	0	0	4	13	14	15	16	11	1	6	11	16	21	26	31	36	41	46	51	
1012	202	0	0	2	5	6	11	3	8	13	18	23	28	33	38	43	48	53	
1013	203	0	0	4	10	11	12	13	11	1	6	11	16	21	26	31	36	41	46	51	
1014	203	0	0	4	3	4	5	6	11	4	9	14	19	24	29	34	39	44	49	54	
1015	204	0	0	2	1	2	6	57	67	77	87	97	107	
1016	204	0	0	4	8	9	10	11	6	59	69	79	89	99	109	
1017	205	0	0	4	3	4	5	6	6	58	68	78	88	98	108	
1018	206	0	0	2	7	8	5	7	17	27	37	47	
1019	206	0	0	2	10	11	5	9	19	29	39	49	
1020	207	0	0	4	1	2	3	4	11	59	64	69	74	79	84	89	94	99	104	109	
1021	207	0	0	2	11	12	11	55	60	65	70	75	80	85	90	95	100	105	
1022	207	0	0	4	6	7	8	9	11	57	62	67	72	77	82	87	92	97	102	107	
1023	208	0	0	2	12	13	6	4	14	24	34	44	54	
1024	208	0	0	4	12	13	14	15	6	3	13	23	33	43	53	
1025	208	0	0	2	2	3	6	1	11	21	31	41	51	
1026	208	0	0	2	10	11	6	2	12	22	32	42	52	
1027	209	0	0	2	13	14	5	61	71	81	91	101	
1028	209	0	0	4	8	9	10	11	5	63	73	83	93	103	
1029	210	0	0	4	2	3	4	5	11	4	9	14	19	24	29	34	39	44	49	54	
1030	211	0	0	4	12	13	14	15	6	2	12	22	32	42	52	
1031	212	0	0	2	5	6	11	57	62	67	72	77	82	87	92	97	102	107	
1032	213	0	0	4	14	15	16	17	6	59	69	79	89	99	109	
1033	214	0	0	2	12	13	11	57	62	67	72	77	82	87	92	97	102	107	
1034	215	0	0	2	13	14	11	2	7	12	17	22	27	32	37	42	47	52	
1035	215	0	0	2	9	10	11	0	5	10	15	20	25	30	35	40	45	50	
1036	216	0	0	2	4	5	5	64	74	84	94	104	
1037	217	0	0	2	2	3	11	3	8	13	18	23	28	33	38	43	48	53	
1038	217	0	0	2	4	5	11	4	9	14	19	24	29	34	39	44	49	54	
1039	217	0	0	4	14	15	16	17	11	0	5	10	15	20	25	30	35	40	45	50	
1040	217	0	0	2	1	2	11	1	6	11	16	21	26	31	36	41	46	51	
1041	218	0	0	4	12	13	14	15	6	1	11	21	31	41	51	
1042	218	0	0	2	15	16	6	3	13	23	33	43	53	
1043	218	0	0	4	13	14	15	16	6	4	14	24	34	44	54	
1044	218	0	0	2	7	8	6	0	10	20	30	40	50	
1045	219	0	0	4	0	1	2	3	11	55	60	65	70	75	80	85	90	95	100	105	
1046	219	0	0	4	13	14	15	16	11	59	64	69	74	79	84	89	94	99	104	109	
1047	220	0	0	2	11	12	6	4	14	24	34	44	54	
1048	220	0	0	2	2	3	6	0	10	20	30	40	50	
1049	220	0	0	2	13	14	6	2	12	22	32	42	52	
1050	220	0	0	2	4	5	6	1	11	21	31	41	51	
1051	221	0	0	2	4	5	6	55	65	75	85	95	105	
1052	222	0	0	4	6	7	8	9	5	6	16	26	36	46	
1053	223	0	0	4	6	7	8	9	6	58	68	78	88	98	108	
1054	224	0	0	4	4	5	6	7	5	9	19	29	39	49	
1055	224	0	0	4	2	3	4	5	5	7	17	27	37	47	
1056	225	0	0	2	8	9	11	1	6	11	16	21	26	31	36	41	46	51	
1057	226	0	0	2	0	1	6	2	12	22	32	42	52	
1058	227	0	0	2	15	16	6	55	65	75	85	95	105	
1059	227	0	0	2	9	10	6	56	66	76	86	96	106	
1060	227	0	0	2	1	2	6	57	67	77	87	97	107	
1061	228	0	0	4	14	15	16	17	5	64	74	84	94	104	
1062	228	0	0	2	4	5	5	60	70	80	90	100	
1063	228	0	0	2	15	16	5	62	72	82	92	102	
1064	228	0	0	2	6	7	5	63	73	83	93	103	
1065	229	1	0	4	14	15	16	17	11	2	7	12	17	22	27	32	37	42	47	52	
1066	229	1	0	2	0	1	11	3	8	13	18	23	28	33	38	43	48	53	
1067	230	0	0	2	0	1	6	0	10	20	30	40	50	
1068	231	0	0	2	7	8	5	62	72	82	92	102	
1069	232	0	0	4	12	13	14	15	6	58	68	78	88	98	108	
1070	232	0	0	2	16	17	6	57	67	77	87	97	107	
1071	233	0	0	2	5	6	6	2	12	22	32	42	52	
1072	233	0	0	2	6	7	6	1	11	21	31	41	51	
1073	234	0	0	4	14	15	16	17	5	9	19	29	39	49	
1074	235	0	0	4	12	13	14	15	11	0	5	10	15	20	25	30	35	40	45	50	
1075	235	0	0	4	8	9	10	11	11	4	9	14	19	24	29	34	39	44	49	54	
1076	235	0	0	4	3	4	5	6	11	1	6	11	16	21	26	31	36	41	46	51	
1077	235	0	0	4	3	4	5	6	11	2	7	12	17	22	27	32	37	42	47	52	
1078	236	0	0	4	12	13	14	15	11	55	60	65	70	75	80	85	90	95	100	105	
1079	237	0	0	2	16	17	5	9	19	29	39	49	
1080	237	0	0	2	7	8	5	7	17	27	37	47	
1081	238	0	0	4	12	13	14	15	6	2	12	22	32	42	52	
1082	238	0	0	4	10	11	12	13	6	3	13	23	33	43	53	
1083	239	0	0	2	11	12	5	63	73	83	93	103	
1084	239	0	0	4	1	2	3	4	5	60	70	80	90	100	
1085	239	0	0	4	11	12	13	14	5	62	72	82	92	102	
1086	240	0	0	2	10	11	6	58	68	78	88	98	108	
1087	240	0	0	2	4	5	6	56	66	76	86	96	106	
1088	240	0	0	2	8	9	6	57	67	77	87	97	107	
1089	240	0	0	4	5	6	7	8	6	55	65	75	85	95	105	
1090	241	0	0	4	2	3	4	5	5	64	74	84	94	104	
1091	241	0	0	4	10	11	12	13	5	61	71	81	91	101	
1092	241	0	0	4	2	3	4	5	5	62	72	82	92	102	
1093	242	0	0	2	9	10	5	6	16	26	36	46	
1094	242	0	0	4	6	7	8	9	5	9	19	29	39	49	
1095	243	0	0	2	10	11	5	8	18	28	38	48	
1096	243	0	0	2	6	7	5	5	15	25	35	45	
1097	243	0	0	4	10	11	12	13	5	6	16	26	36	46	
1098	244	0	0	2	12	13	5	61	71	81	91	101	
1099	244	0	0	2	2	3	5	63	73	83	93	103	
1100	245	0	0	2	11	12	6	58	68	78	88	98	108	
1101	245	0	0	2	10	11	6	56	66	76	86	96	106	
1102	245	0	0	4	5	6	7	8	6	55	65	75	85	95	105	
1103	246	0	0	2	11	12	11	1	6	11	16	21	26	31	36	41	46	51	
1104	246	0	0	4	12	13	14	15	11	2	7	12	17	22	27	32	37	42	47	52	
1105	246	0	0	4	14	15	16	17	11	3	8	13	18	23	28	33	38	43	48	53	
1106	247	0	0	2	2	3	5	64	74	84	94	104	
1107	248	0	0	4	4	5	6	7	5	60	70	80	90	100	
1108	248	0	0	2	4	5	5	61	71	81	91	101	
1109	249	0	0	2	14	15	6	55	65	75	85	95	105	
1110	249	0	0	4	2	3	4	5	6	59	69	79	89	99	109	
1111	250	0	0	4	8	9	10	11	5	6	16	26	36	46	
1112	251	0	0	4	11	12	13	14	6	56	66	76	86	96	106	
1113	252	0	0	2	0	1	5	63	73	83	93	103	
1114	253	0	0	4	5	6	7	8	6	59	69	79	89	99	109	
1115	253	0	0	2	5	6	6	56	66	76	86	96	106	
1116	253	0	0	2	0	1	6	58	68	78	88	98	108	
1117	253	0	0	2	6	7	6	55	65	75	85	95	105	
1118	254	0	0	4	9	10	11	12	5	9	19	29	39	49	
1119	255	0	0	4	10	11	12	13	6	2	12	22	32	42	52	
1120	255	0	0	2	5	6	6	3	13	23	33	43	53	
1121	256	0	0	4	3	4	5	6	11	58	63	68	73	78	83	88	93	98	103	108	
1122	256	0	0	2	3	4	11	56	61	66	71	76	81	86	91	96	101	106	
1123	257	0	0	4	2	3	4	5	6	56	66	76	86	96	106	
1124	257	0	0	4	9	10	11	12	6	58	68	78	88	98	108	
1125	258	0	0	4	6	7	8	9	6	4	14	24	34	44	54	
1126	259	0	0	4	10	11	12	13	5	8	18	28	38	48	
1127	260	0	0	4	7	8	9	10	6	1	11	21	31	41	51	
1128	261	2	0	4	7	8	9	10	6	1	11	21	31	41	51	
1129	261	2	0	4	4	5	6	7	6	3	13	23	33	43	53	
1130	262	0	0	2	5	6	11	0	5	10	15	20	25	30	35	40	45	50	
1131	262	0	0	4	10	11	12	13	11	4	9	14	19	24	29	34	39	44	49	54	
1132	263	0	0	4	6	7	8	9	5	62	72	82	92	102	
1133	263	0	0	4	12	13	14	15	5	60	70	80	90	100	
1134	264	0	0	4	9	10	11	12	5	64	74	84	94	104	
1135	265	0	0	4	5	6	7	8	5	61	71	81	91	101	
1136	265	0	0	2	10	11	5	63	73	83	93	103	
1137	265	0	0	2	9	10	5	62	72	82	92	102	
1138	265	0	0	4	8	9	10	11	5	60	70	80	90	100	
1139	266	0	0	4	5	6	7	8	11	4	9	14	19	24	29	34	39	44	49	54	
1140	266	0	0	4	12	13	14	15	11	1	6	11	16	21	26	31	36	41	46	51	
1141	267	0	0	2	6	7	6	3	13	23	33	43	53	
1142	267	0	0	4	11	12	13	14	6	2	12	22	32	42	52	
1143	268	0	0	4	6	7	8	9	11	58	63	68	73	78	83	88	93	98	103	108	
1144	269	0	0	2	2	3	11	2	7	12	17	22	27	32	37	42	47	52	
1145	269	0	0	4	6	7	8	9	11	3	8	13	18	23	28	33	38	43	48	53	
1146	269	0	0	4	13	14	15	16	11	4	9	14	19	24	29	34	39	44	49	54	
1147	270	0	0	4	9	10	11	12	6	4	14	24	34	44	54	
1148	271	0	0	4	4	5	6	7	11	56	61	66	71	76	81	86	91	96	101	106	
1149	271	0	0	2	9	10	11	58	63	68	73	78	83	88	93	98	103	108	
1150	271	0	0	4	2	3	4	5	11	55	60	65	70	75	80	85	90	95	100	105	
1151	271	0	0	2	4	5	11	59	64	69	74	79	84	89	94	99	104	109	
1152	272	0	0	4	2	3	4	5	5	8	18	28	38	48	
1153	272	0	0	4	12	13	14	15	5	7	17	27	37	47	
1154	273	0	0	4	7	8	9	10	11	56	61	66	71	76	81	86	91	96	101	106	
1155	274	0	0	4	7	8	9	10	5	62	72	82	92	102	
1156	274	0	0	4	0	1	2	3	5	63	73	83	93	103	
1157	275	0	0	2	3	4	6	57	67	77	87	97	107	
1158	276	0	0	2	2	3	6	4	14	24	34	44	54	
1159	276	0	0	2	1	2	6	1	11	21	31	41	51	
1160	276	0	0	2	7	8	6	0	10	20	30	40	50	
1161	277	0	0	2	16	17	11	55	60	65	70	75	80	85	90	95	100	105	
1162	278	0	0	2	12	13	6	1	11	21	31	41	51	
1163	278	0	0	4	2	3	4	5	6	4	14	24	34	44	54	
1164	278	0	0	2	11	12	6	3	13	23	33	43	53	
1165	278	0	0	2	10	11	6	0	10	20	30	40	50	
1166	279	0	0	4	2	3	4	5	6	57	67	77	87	97	107	
1167	280	0	0	4	0	1	2	3	5	7	17	27	37	47	
1168	280	0	0	2	10	11	5	6	16	26	36	46	
1169	281	0	0	2	15	16	6	56	66	76	86	96	106	
1170	281	0	0	2	0	1	6	59	69	79	89	99	109	
1171	281	0	0	4	2	3	4	5	6	55	65	75	85	95	105	
1172	282	0	0	4	5	6	7	8	6	58	68	78	88	98	108	
1173	282	0	0	2	3	4	6	55	65	75	85	95	105	
1174	283	0	0	2	14	15	5	6	16	26	36	46	
1175	283	0	0	4	6	7	8	9	5	9	19	29	39	49	
1176	284	0	0	2	4	5	5	63	73	83	93	103	
1177	285	0	0	4	0	1	2	3	11	57	62	67	72	77	82	87	92	97	102	107	
1178	286	0	0	2	16	17	6	1	11	21	31	41	51	
1179	286	0	0	2	8	9	6	3	13	23	33	43	53	
1180	287	0	0	2	5	6	6	4	14	24	34	44	54	
1181	287	0	0	4	12	13	14	15	6	1	11	21	31	41	51	
1182	288	2	0	4	2	3	4	5	11	3	8	13	18	23	28	33	38	43	48	53	
1183	289	0	0	4	0	1	2	3	11	4	9	14	19	24	29	34	39	44	49	54	
1184	289	0	0	2	9	10	11	0	5	10	15	20	25	30	35	40	45	50	
1185	290	0	0	4	10	11	12	13	6	1	11	21	31	41	51	
1186	291	0	0	4	0	1	2	3	5	61	71	81	91	101	
1187	292	0	0	2	5	6	6	57	67	77	87	97	107	
1188	293	0	0	2	11	12	11	56	61	66	71	76	81	86	91	96	101	106	
1189	294	0	0	4	11	12	13	14	6	57	67	77	87	97	107	
1190	295	0	0	4	10	11	12	13	5	62	72	82	92	102	
1191	295	0	0	2	14	15	5	60	70	80	90	100	
1192	296	0	0	4	10	11	12	13	6	55	65	75	85	95	105	
1193	297	0	0	2	2	3	11	4	9	14	19	24	29	34	39	44	49	54	
1194	298	0	0	2	7	8	5	6	16	26	36	46	
1195	298	0	0	2	13	14	5	5	15	25	35	45	
1196	298	0	0	4	8	9	10	11	5	9	19	29	39	49	
1197	298	0	0	4	5	6	7	8	5	7	17	27	37	47	
1198	299	0	0	4	13	14	15	16	5	63	73	83	93	103	
1199	299	0	0	2	5	6	5	64	74	84	94	104	

