395
0	1	0	1	129	
1	2	0	1	412	
2	3	0	7	554	555	556	557	558	559	560	
3	4	0	1	763	
4	5	0	1	212	
5	6	0	7	670	671	672	673	674	675	676	
6	8	0	18	242	243	244	245	246	247	248	249	250	251	252	253	254	255	256	257	258	259	
7	9	0	1	878	
8	11	0	1	542	
9	13	0	1	190	
10	14	0	1	1016	
11	17	0	9	347	348	349	350	351	352	353	354	355	
12	18	0	1	841	
13	21	0	1	189	
14	23	0	7	1080	1081	1082	1083	1084	1085	1086	
15	24	0	1	1242	
16	25	0	18	1211	1212	1213	1214	1215	1216	1217	1218	1219	1220	1221	1222	1223	1224	1225	1226	1227	1228	
17	27	0	1	265	
18	32	0	18	452	453	454	455	456	457	458	459	460	461	462	463	464	465	466	467	468	469	
19	33	0	24	1110	1111	1112	1113	1114	1115	1116	1117	1118	1119	1120	1121	1122	1123	1124	1125	1126	1127	1128	1129	1130	1131	1132	1133	
20	34	0	12	267	268	269	270	271	272	273	274	275	276	277	278	
21	35	0	1	651	
22	36	0	7	960	961	962	963	964	965	966	
23	37	0	1	419	
24	38	0	1	213	
25	39	0	1	281	
26	41	0	1	188	
27	42	0	1	510	
28	43	0	1	967	
29	45	0	1	356	
30	47	0	24	568	569	570	571	572	573	574	575	576	577	578	579	580	581	582	583	584	585	586	587	588	589	590	591	
31	51	0	24	911	912	913	914	915	916	917	918	919	920	921	922	923	924	925	926	927	928	929	930	931	932	933	934	
32	55	0	1	968	
33	57	0	1	854	
34	59	0	24	935	936	937	938	939	940	941	942	943	944	945	946	947	948	949	950	951	952	953	954	955	956	957	958	
35	62	0	1	340	
36	63	0	21	80	81	82	83	84	85	86	87	88	89	90	91	92	93	94	95	96	97	98	99	100	
37	69	0	12	842	843	844	845	846	847	848	849	850	851	852	853	
38	71	0	1	552	
39	72	0	1	282	
40	73	0	1	855	
41	74	0	18	242	243	244	245	246	247	248	249	250	251	252	253	254	255	256	257	258	259	
42	75	0	1	1050	
43	78	0	7	1060	1061	1062	1063	1064	1065	1066	
44	80	0	21	57	58	59	60	61	62	63	64	65	66	67	68	69	70	71	72	73	74	75	76	77	
45	81	0	21	357	358	359	360	361	362	363	364	365	366	367	368	369	370	371	372	373	374	375	376	377	
46	82	0	9	232	233	234	235	236	237	238	239	240	
47	84	0	1	764	
48	86	0	24	1160	1161	1162	1163	1164	1165	1166	1167	1168	1169	1170	1171	1172	1173	1174	1175	1176	1177	1178	1179	1180	1181	1182	1183	
49	87	0	1	305	
50	89	0	3	220	221	222	
51	90	0	12	987	988	989	990	991	992	993	994	995	996	997	998	
52	93	0	1	485	
53	94	0	1	770	
54	95	0	18	787	788	789	790	791	792	793	794	795	796	797	798	799	800	801	802	803	804	
55	96	0	21	357	358	359	360	361	362	363	364	365	366	367	368	369	370	371	372	373	374	375	376	377	
56	98	0	1	982	
57	100	0	1	3	
58	108	0	7	561	562	563	564	565	566	567	
59	109	0	1	1192	
60	112	0	1	1059	
61	113	0	7	223	224	225	226	227	228	229	
62	115	0	9	1233	1234	1235	1236	1237	1238	1239	1240	1241	
63	116	0	1	1051	
64	118	0	9	819	820	821	822	823	824	825	826	827	
65	120	0	1	881	
66	122	0	1	338	
67	123	0	1	617	
68	128	0	21	595	596	597	598	599	600	601	602	603	604	605	606	607	608	609	610	611	612	613	614	615	
69	129	0	7	1052	1053	1054	1055	1056	1057	1058	
70	130	0	21	159	160	161	162	163	164	165	166	167	168	169	170	171	172	173	174	175	176	177	178	179	
71	131	0	1	283	
72	133	0	1	343	
73	138	0	3	153	154	155	
74	140	0	1	627	
75	142	0	3	284	285	286	
76	144	0	1	1049	
77	148	0	24	935	936	937	938	939	940	941	942	943	944	945	946	947	948	949	950	951	952	953	954	955	956	957	958	
78	149	0	1	1231	
79	150	0	7	535	536	537	538	539	540	541	
80	151	0	3	344	345	346	
81	152	0	1	131	
82	154	0	24	511	512	513	514	515	516	517	518	519	520	521	522	523	524	525	526	527	528	529	530	531	532	533	534	
83	156	0	18	859	860	861	862	863	864	865	866	867	868	869	870	871	872	873	874	875	876	
84	157	0	15	1000	1001	1002	1003	1004	1005	1006	1007	1008	1009	1010	1011	1012	1013	1014	
85	158	0	7	544	545	546	547	548	549	550	
86	159	0	1	128	
87	160	0	1	1025	
88	166	0	1	986	
89	167	0	1	415	
90	168	0	1	336	
91	169	0	3	1208	1209	1210	
92	170	0	1	1149	
93	174	0	24	568	569	570	571	572	573	574	575	576	577	578	579	580	581	582	583	584	585	586	587	588	589	590	591	
94	175	0	1	449	
95	177	0	1	194	
96	180	0	7	195	196	197	198	199	200	201	
97	181	0	1	745	
98	182	0	3	772	773	774	
99	184	0	1	786	
100	185	0	15	397	398	399	400	401	402	403	404	405	406	407	408	409	410	411	
101	186	0	1	1184	
102	191	0	1	1200	
103	194	0	18	318	319	320	321	322	323	324	325	326	327	328	329	330	331	332	333	334	335	
104	196	0	24	1160	1161	1162	1163	1164	1165	1166	1167	1168	1169	1170	1171	1172	1173	1174	1175	1176	1177	1178	1179	1180	1181	1182	1183	
105	197	0	3	446	447	448	
106	198	0	1	1079	
107	199	0	9	715	716	717	718	719	720	721	722	723	
108	203	0	15	748	749	750	751	752	753	754	755	756	757	758	759	760	761	762	
109	205	0	1	616	
110	206	0	7	619	620	621	622	623	624	625	
111	208	0	9	5	6	7	8	9	10	11	12	13	
112	209	0	1	783	
113	210	0	24	511	512	513	514	515	516	517	518	519	520	521	522	523	524	525	526	527	528	529	530	531	532	533	534	
114	211	0	1	630	
115	212	0	1	784	
116	213	0	1	280	
117	214	0	1	1142	
118	215	0	1	650	
119	218	0	7	806	807	808	809	810	811	812	
120	220	0	1	489	
121	221	0	1	214	
122	222	0	1	746	
123	223	0	24	1160	1161	1162	1163	1164	1165	1166	1167	1168	1169	1170	1171	1172	1173	1174	1175	1176	1177	1178	1179	1180	1181	1182	1183	
124	224	0	1	909	
125	228	0	1	1141	
126	234	0	1	551	
127	235	0	1	857	
128	237	0	24	935	936	937	938	939	940	941	942	943	944	945	946	947	948	949	950	951	952	953	954	955	956	957	958	
129	238	0	3	416	417	418	
130	239	0	12	267	268	269	270	271	272	273	274	275	276	277	278	
131	240	0	1	2	
132	241	0	7	21	22	23	24	25	26	27	
133	246	0	1	910	
134	248	0	7	180	181	182	183	184	185	186	
135	249	0	1	662	
136	250	0	18	452	453	454	455	456	457	458	459	460	461	462	463	464	465	466	467	468	469	
137	251	0	1	187	
138	252	0	21	159	160	161	162	163	164	165	166	167	168	169	170	171	172	173	174	175	176	177	178	179	
139	254	0	18	1211	1212	1213	1214	1215	1216	1217	1218	1219	1220	1221	1222	1223	1224	1225	1226	1227	1228	
140	255	0	18	631	632	633	634	635	636	637	638	639	640	641	642	643	644	645	646	647	648	
141	256	0	1	908	
142	257	0	7	1185	1186	1187	1188	1189	1190	1191	
143	258	0	21	159	160	161	162	163	164	165	166	167	168	169	170	171	172	173	174	175	176	177	178	179	
144	261	0	3	486	487	488	
145	263	0	1	306	
146	264	0	1	202	
147	265	0	7	1193	1194	1195	1196	1197	1198	1199	
148	267	0	15	748	749	750	751	752	753	754	755	756	757	758	759	760	761	762	
149	268	0	9	1233	1234	1235	1236	1237	1238	1239	1240	1241	
150	274	0	7	308	309	310	311	312	313	314	
151	275	0	1	880	
152	277	0	7	1201	1202	1203	1204	1205	1206	1207	
153	278	0	1	32	
154	280	0	24	691	692	693	694	695	696	697	698	699	700	701	702	703	704	705	706	707	708	709	710	711	712	713	714	
155	281	0	1	211	
156	282	0	1	219	
157	283	0	1	1230	
158	286	0	1	508	
159	287	0	9	681	682	683	684	685	686	687	688	689	
160	288	0	24	884	885	886	887	888	889	890	891	892	893	894	895	896	897	898	899	900	901	902	903	904	905	906	907	
161	290	0	18	787	788	789	790	791	792	793	794	795	796	797	798	799	800	801	802	803	804	
162	294	0	1	972	
163	295	0	15	470	471	472	473	474	475	476	477	478	479	480	481	482	483	484	
164	297	0	1	1026	
165	298	0	1	724	
166	300	0	12	828	829	830	831	832	833	834	835	836	837	838	839	
167	302	0	9	1150	1151	1152	1153	1154	1155	1156	1157	1158	
168	303	0	1	379	
169	304	0	1	654	
170	305	0	7	775	776	777	778	779	780	781	
171	306	0	1	970	
172	307	0	18	727	728	729	730	731	732	733	734	735	736	737	738	739	740	741	742	743	744	
173	308	0	18	318	319	320	321	322	323	324	325	326	327	328	329	330	331	332	333	334	335	
174	310	0	1	663	
175	311	0	24	101	102	103	104	105	106	107	108	109	110	111	112	113	114	115	116	117	118	119	120	121	122	123	124	
176	312	0	1	157	
177	313	0	1	134	
178	314	0	1	628	
179	315	0	24	1160	1161	1162	1163	1164	1165	1166	1167	1168	1169	1170	1171	1172	1173	1174	1175	1176	1177	1178	1179	1180	1181	1182	1183	
180	316	0	1	263	
181	319	0	1	1244	
182	321	0	1	959	
183	323	0	12	842	843	844	845	846	847	848	849	850	851	852	853	
184	326	0	1	971	
185	327	0	1	215	
186	329	0	1	840	
187	330	0	12	1037	1038	1039	1040	1041	1042	1043	1044	1045	1046	1047	1048	
188	334	0	1	342	
189	335	0	15	470	471	472	473	474	475	476	477	478	479	480	481	482	483	484	
190	337	0	12	987	988	989	990	991	992	993	994	995	996	997	998	
191	340	0	12	828	829	830	831	832	833	834	835	836	837	838	839	
192	344	0	1	725	
193	345	0	1	1021	
194	346	0	9	681	682	683	684	685	686	687	688	689	
195	348	0	1	78	
196	351	0	9	296	297	298	299	300	301	302	303	304	
197	353	0	1	973	
198	354	0	1	649	
199	355	0	1	765	
200	356	0	18	490	491	492	493	494	495	496	497	498	499	500	501	502	503	504	505	506	507	
201	357	0	18	135	136	137	138	139	140	141	142	143	144	145	146	147	148	149	150	151	152	
202	366	0	24	33	34	35	36	37	38	39	40	41	42	43	44	45	46	47	48	49	50	51	52	53	54	55	56	
203	370	0	21	595	596	597	598	599	600	601	602	603	604	605	606	607	608	609	610	611	612	613	614	615	
204	373	0	1	665	
205	376	0	18	490	491	492	493	494	495	496	497	498	499	500	501	502	503	504	505	506	507	
206	378	0	18	727	728	729	730	731	732	733	734	735	736	737	738	739	740	741	742	743	744	
207	379	0	15	397	398	399	400	401	402	403	404	405	406	407	408	409	410	411	
208	382	0	21	159	160	161	162	163	164	165	166	167	168	169	170	171	172	173	174	175	176	177	178	179	
209	384	0	18	490	491	492	493	494	495	496	497	498	499	500	501	502	503	504	505	506	507	
210	385	0	1	193	
211	387	0	1	805	
212	389	0	21	595	596	597	598	599	600	601	602	603	604	605	606	607	608	609	610	611	612	613	614	615	
213	391	0	24	568	569	570	571	572	573	574	575	576	577	578	579	580	581	582	583	584	585	586	587	588	589	590	591	
214	392	0	1	378	
215	394	0	3	216	217	218	
216	395	0	1	203	
217	399	0	1	858	
218	400	0	24	884	885	886	887	888	889	890	891	892	893	894	895	896	897	898	899	900	901	902	903	904	905	906	907	
219	402	0	1	396	
220	404	0	1	133	
221	405	0	1	1109	
222	406	0	7	974	975	976	977	978	979	980	
223	408	0	1	4	
224	409	0	1	420	
225	410	0	3	1018	1019	1020	
226	411	0	18	318	319	320	321	322	323	324	325	326	327	328	329	330	331	332	333	334	335	
227	412	0	1	680	
228	413	0	21	1087	1088	1089	1090	1091	1092	1093	1094	1095	1096	1097	1098	1099	1100	1101	1102	1103	1104	1105	1106	1107	
229	414	0	1	307	
230	419	0	24	691	692	693	694	695	696	697	698	699	700	701	702	703	704	705	706	707	708	709	710	711	712	713	714	
231	422	0	1	815	
232	425	0	1	690	
233	427	0	24	421	422	423	424	425	426	427	428	429	430	431	432	433	434	435	436	437	438	439	440	441	442	443	444	
234	429	0	15	470	471	472	473	474	475	476	477	478	479	480	481	482	483	484	
235	430	0	9	296	297	298	299	300	301	302	303	304	
236	431	0	21	57	58	59	60	61	62	63	64	65	66	67	68	69	70	71	72	73	74	75	76	77	
237	432	0	24	421	422	423	424	425	426	427	428	429	430	431	432	433	434	435	436	437	438	439	440	441	442	443	444	
238	433	0	7	655	656	657	658	659	660	661	
239	436	0	1	31	
240	438	0	1	1229	
241	440	0	1	192	
242	441	0	3	28	29	30	
243	442	0	1	969	
244	445	0	3	315	316	317	
245	447	0	24	911	912	913	914	915	916	917	918	919	920	921	922	923	924	925	926	927	928	929	930	931	932	933	934	
246	449	0	1	158	
247	451	0	1	1070	
248	453	0	1	1108	
249	455	0	1	79	
250	458	0	18	859	860	861	862	863	864	865	866	867	868	869	870	871	872	873	874	875	876	
251	459	0	1	1	
252	460	0	1	413	
253	461	0	1	337	
254	462	0	1	509	
255	464	0	1	130	
256	465	0	1	288	
257	466	0	15	748	749	750	751	752	753	754	755	756	757	758	759	760	761	762	
258	468	0	18	242	243	244	245	246	247	248	249	250	251	252	253	254	255	256	257	258	259	
259	471	0	1	771	
260	473	0	1	156	
261	474	0	1	1067	
262	475	0	24	884	885	886	887	888	889	890	891	892	893	894	895	896	897	898	899	900	901	902	903	904	905	906	907	
263	477	0	3	667	668	669	
264	479	0	18	452	453	454	455	456	457	458	459	460	461	462	463	464	465	466	467	468	469	
265	480	0	1	1036	
266	483	0	1	618	
267	486	0	24	1110	1111	1112	1113	1114	1115	1116	1117	1118	1119	1120	1121	1122	1123	1124	1125	1126	1127	1128	1129	1130	1131	1132	1133	
268	487	0	1	879	
269	489	0	18	631	632	633	634	635	636	637	638	639	640	641	642	643	644	645	646	647	648	
270	497	0	1	191	
271	498	0	24	568	569	570	571	572	573	574	575	576	577	578	579	580	581	582	583	584	585	586	587	588	589	590	591	
272	500	0	1	1017	
273	502	0	21	57	58	59	60	61	62	63	64	65	66	67	68	69	70	71	72	73	74	75	76	77	
274	503	0	21	57	58	59	60	61	62	63	64	65	66	67	68	69	70	71	72	73	74	75	76	77	
275	507	0	24	935	936	937	938	939	940	941	942	943	944	945	946	947	948	949	950	951	952	953	954	955	956	957	958	
276	510	0	21	1087	1088	1089	1090	1091	1092	1093	1094	1095	1096	1097	1098	1099	1100	1101	1102	1103	1104	1105	1106	1107	
277	512	0	24	101	102	103	104	105	106	107	108	109	110	111	112	113	114	115	116	117	118	119	120	121	122	123	124	
278	513	0	1	1144	
279	515	0	1	782	
280	517	0	1	883	
281	518	0	24	421	422	423	424	425	426	427	428	429	430	431	432	433	434	435	436	437	438	439	440	441	442	443	444	
282	519	0	1	451	
283	520	0	1	1072	
284	521	0	1	1143	
285	523	0	1	553	
286	524	0	1	230	
287	525	0	9	387	388	389	390	391	392	393	394	395	
288	528	0	1	593	
289	530	0	1	1075	
290	531	0	18	135	136	137	138	139	140	141	142	143	144	145	146	147	148	149	150	151	152	
291	532	0	3	125	126	127	
292	534	0	9	347	348	349	350	351	352	353	354	355	
293	535	0	9	387	388	389	390	391	392	393	394	395	
294	539	0	1	445	
295	542	0	1	629	
296	543	0	1	594	
297	547	0	1	287	
298	551	0	1	817	
299	553	0	24	911	912	913	914	915	916	917	918	919	920	921	922	923	924	925	926	927	928	929	930	931	932	933	934	
300	554	0	21	357	358	359	360	361	362	363	364	365	366	367	368	369	370	371	372	373	374	375	376	377	
301	555	0	24	511	512	513	514	515	516	517	518	519	520	521	522	523	524	525	526	527	528	529	530	531	532	533	534	
302	563	0	1	785	
303	566	0	24	33	34	35	36	37	38	39	40	41	42	43	44	45	46	47	48	49	50	51	52	53	54	55	56	
304	568	0	24	911	912	913	914	915	916	917	918	919	920	921	922	923	924	925	926	927	928	929	930	931	932	933	934	
305	570	0	1	816	
306	572	0	7	14	15	16	17	18	19	20	
307	575	0	1	450	
308	576	0	1	664	
309	577	0	1	1068	
310	580	0	18	135	136	137	138	139	140	141	142	143	144	145	146	147	148	149	150	151	152	
311	583	0	15	1000	1001	1002	1003	1004	1005	1006	1007	1008	1009	1010	1011	1012	1013	1014	
312	584	0	9	5	6	7	8	9	10	11	12	13	
313	585	0	21	357	358	359	360	361	362	363	364	365	366	367	368	369	370	371	372	373	374	375	376	377	
314	586	0	1	1147	
315	587	0	15	397	398	399	400	401	402	403	404	405	406	407	408	409	410	411	
316	588	0	9	1150	1151	1152	1153	1154	1155	1156	1157	1158	
317	589	0	1	747	
318	590	0	1	666	
319	592	0	24	1110	1111	1112	1113	1114	1115	1116	1117	1118	1119	1120	1121	1122	1123	1124	1125	1126	1127	1128	1129	1130	1131	1132	1133	
320	596	0	1	231	
321	603	0	7	289	290	291	292	293	294	295	
322	604	0	1	999	
323	606	0	18	787	788	789	790	791	792	793	794	795	796	797	798	799	800	801	802	803	804	
324	611	0	1	266	
325	614	0	24	691	692	693	694	695	696	697	698	699	700	701	702	703	704	705	706	707	708	709	710	711	712	713	714	
326	615	0	7	380	381	382	383	384	385	386	
327	619	0	3	766	767	768	
328	622	0	9	715	716	717	718	719	720	721	722	723	
329	623	0	1	1243	
330	624	0	1	1069	
331	625	0	24	421	422	423	424	425	426	427	428	429	430	431	432	433	434	435	436	437	438	439	440	441	442	443	444	
332	628	0	1	726	
333	629	0	1	877	
334	630	0	1	813	
335	632	0	21	80	81	82	83	84	85	86	87	88	89	90	91	92	93	94	95	96	97	98	99	100	
336	633	0	21	1087	1088	1089	1090	1091	1092	1093	1094	1095	1096	1097	1098	1099	1100	1101	1102	1103	1104	1105	1106	1107	
337	635	0	1	1245	
338	636	0	9	819	820	821	822	823	824	825	826	827	
339	637	0	12	1037	1038	1039	1040	1041	1042	1043	1044	1045	1046	1047	1048	
340	639	0	24	1110	1111	1112	1113	1114	1115	1116	1117	1118	1119	1120	1121	1122	1123	1124	1125	1126	1127	1128	1129	1130	1131	1132	1133	
341	642	0	1	1145	
342	643	0	21	80	81	82	83	84	85	86	87	88	89	90	91	92	93	94	95	96	97	98	99	100	
343	644	0	1	1073	
344	645	0	24	884	885	886	887	888	889	890	891	892	893	894	895	896	897	898	899	900	901	902	903	904	905	906	907	
345	646	0	3	983	984	985	
346	650	0	15	1000	1001	1002	1003	1004	1005	1006	1007	1008	1009	1010	1011	1012	1013	1014	
347	651	0	1	1074	
348	655	0	1	132	
349	657	0	1	1232	
350	660	0	24	33	34	35	36	37	38	39	40	41	42	43	44	45	46	47	48	49	50	51	52	53	54	55	56	
351	663	0	1	769	
352	665	0	21	595	596	597	598	599	600	601	602	603	604	605	606	607	608	609	610	611	612	613	614	615	
353	666	0	1	592	
354	667	0	1	1015	
355	668	0	3	1022	1023	1024	
356	671	0	18	1211	1212	1213	1214	1215	1216	1217	1218	1219	1220	1221	1222	1223	1224	1225	1226	1227	1228	
357	672	0	1	279	
358	676	0	1	856	
359	680	0	9	1027	1028	1029	1030	1031	1032	1033	1034	1035	
360	681	0	21	1087	1088	1089	1090	1091	1092	1093	1094	1095	1096	1097	1098	1099	1100	1101	1102	1103	1104	1105	1106	1107	
361	685	0	1	414	
362	686	0	1	341	
363	688	0	7	204	205	206	207	208	209	210	
364	689	0	3	677	678	679	
365	690	0	1	626	
366	693	0	1	1148	
367	695	0	1	818	
368	696	0	1	1159	
369	697	0	1	814	
370	698	0	24	33	34	35	36	37	38	39	40	41	42	43	44	45	46	47	48	49	50	51	52	53	54	55	56	
371	699	0	1	1071	
372	701	0	3	1076	1077	1078	
373	702	0	21	80	81	82	83	84	85	86	87	88	89	90	91	92	93	94	95	96	97	98	99	100	
374	703	0	1	543	
375	704	0	18	631	632	633	634	635	636	637	638	639	640	641	642	643	644	645	646	647	648	
376	705	0	9	232	233	234	235	236	237	238	239	240	
377	708	0	1	652	
378	709	0	7	1134	1135	1136	1137	1138	1139	1140	
379	711	0	24	101	102	103	104	105	106	107	108	109	110	111	112	113	114	115	116	117	118	119	120	121	122	123	124	
380	715	0	18	727	728	729	730	731	732	733	734	735	736	737	738	739	740	741	742	743	744	
381	717	0	1	882	
382	718	0	9	1027	1028	1029	1030	1031	1032	1033	1034	1035	
383	719	0	1	339	
384	723	0	1	981	
385	728	0	1	264	
386	731	0	3	260	261	262	
387	734	0	1	0	
388	738	0	1	1146	
389	739	0	24	511	512	513	514	515	516	517	518	519	520	521	522	523	524	525	526	527	528	529	530	531	532	533	534	
390	744	0	24	691	692	693	694	695	696	697	698	699	700	701	702	703	704	705	706	707	708	709	710	711	712	713	714	
391	745	0	1	241	
392	747	0	1	653	
393	748	0	24	101	102	103	104	105	106	107	108	109	110	111	112	113	114	115	116	117	118	119	120	121	122	123	124	
394	749	0	18	859	860	861	862	863	864	865	866	867	868	869	870	871	872	873	874	875	876	
