406
0	2	0	1	229	
1	3	0	1	785	
2	5	0	1	351	
3	6	0	21	1216	1217	1218	1219	1220	1221	1222	1223	1224	1225	1226	1227	1228	1229	1230	1231	1232	1233	1234	1235	1236	
4	9	0	3	120	121	122	
5	10	0	1	824	
6	15	0	12	163	164	165	166	167	168	169	170	171	172	173	174	
7	17	0	1	850	
8	18	0	1	848	
9	19	0	3	782	783	784	
10	20	0	18	602	603	604	605	606	607	608	609	610	611	612	613	614	615	616	617	618	619	
11	22	0	24	577	578	579	580	581	582	583	584	585	586	587	588	589	590	591	592	593	594	595	596	597	598	599	600	
12	23	0	1	1044	
13	25	0	1	1112	
14	26	0	1	952	
15	27	0	18	376	377	378	379	380	381	382	383	384	385	386	387	388	389	390	391	392	393	
16	28	0	12	436	437	438	439	440	441	442	443	444	445	446	447	
17	31	0	24	47	48	49	50	51	52	53	54	55	56	57	58	59	60	61	62	63	64	65	66	67	68	69	70	
18	32	0	24	715	716	717	718	719	720	721	722	723	724	725	726	727	728	729	730	731	732	733	734	735	736	737	738	
19	34	0	1	656	
20	35	0	1	237	
21	38	0	1	760	
22	42	0	1	469	
23	44	0	1	1032	
24	46	0	7	30	31	32	33	34	35	36	
25	47	0	7	953	954	955	956	957	958	959	
26	48	0	1	274	
27	51	0	21	395	396	397	398	399	400	401	402	403	404	405	406	407	408	409	410	411	412	413	414	415	
28	53	0	3	894	895	896	
29	54	0	7	885	886	887	888	889	890	891	
30	55	0	18	620	621	622	623	624	625	626	627	628	629	630	631	632	633	634	635	636	637	
31	57	0	1	773	
32	60	0	9	1203	1204	1205	1206	1207	1208	1209	1210	1211	
33	61	0	3	526	527	528	
34	62	0	1	350	
35	65	0	1	197	
36	66	0	9	854	855	856	857	858	859	860	861	862	
37	67	0	9	1086	1087	1088	1089	1090	1091	1092	1093	1094	
38	68	0	24	960	961	962	963	964	965	966	967	968	969	970	971	972	973	974	975	976	977	978	979	980	981	982	983	
39	69	0	1	849	
40	70	0	1	550	
41	73	0	1	904	
42	74	0	1	524	
43	75	0	1	487	
44	76	0	9	706	707	708	709	710	711	712	713	714	
45	77	0	24	960	961	962	963	964	965	966	967	968	969	970	971	972	973	974	975	976	977	978	979	980	981	982	983	
46	78	0	1	354	
47	79	0	24	47	48	49	50	51	52	53	54	55	56	57	58	59	60	61	62	63	64	65	66	67	68	69	70	
48	81	0	7	512	513	514	515	516	517	518	
49	82	0	24	243	244	245	246	247	248	249	250	251	252	253	254	255	256	257	258	259	260	261	262	263	264	265	266	
50	84	0	21	913	914	915	916	917	918	919	920	921	922	923	924	925	926	927	928	929	930	931	932	933	
51	85	0	15	638	639	640	641	642	643	644	645	646	647	648	649	650	651	652	
52	86	0	1	772	
53	87	0	24	2	3	4	5	6	7	8	9	10	11	12	13	14	15	16	17	18	19	20	21	22	23	24	25	
54	88	0	24	199	200	201	202	203	204	205	206	207	208	209	210	211	212	213	214	215	216	217	218	219	220	221	222	
55	89	0	12	1157	1158	1159	1160	1161	1162	1163	1164	1165	1166	1167	1168	
56	91	0	1	549	
57	92	0	1	1052	
58	93	0	1	1049	
59	97	0	1	1110	
60	99	0	7	1033	1034	1035	1036	1037	1038	1039	
61	100	0	18	418	419	420	421	422	423	424	425	426	427	428	429	430	431	432	433	434	435	
62	102	0	1	759	
63	110	0	3	224	225	226	
64	114	0	24	715	716	717	718	719	720	721	722	723	724	725	726	727	728	729	730	731	732	733	734	735	736	737	738	
65	115	0	1	786	
66	119	0	1	26	
67	121	0	3	1187	1188	1189	
68	124	0	1	702	
69	129	0	1	489	
70	130	0	3	906	907	908	
71	131	0	1	198	
72	132	0	18	275	276	277	278	279	280	281	282	283	284	285	286	287	288	289	290	291	292	
73	133	0	1	994	
74	134	0	21	553	554	555	556	557	558	559	560	561	562	563	564	565	566	567	568	569	570	571	572	573	
75	136	0	18	620	621	622	623	624	625	626	627	628	629	630	631	632	633	634	635	636	637	
76	140	0	24	1276	1277	1278	1279	1280	1281	1282	1283	1284	1285	1286	1287	1288	1289	1290	1291	1292	1293	1294	1295	1296	1297	1298	1299	
77	141	0	21	448	449	450	451	452	453	454	455	456	457	458	459	460	461	462	463	464	465	466	467	468	
78	142	0	1	1024	
79	144	0	18	1118	1119	1120	1121	1122	1123	1124	1125	1126	1127	1128	1129	1130	1131	1132	1133	1134	1135	
80	145	0	1	115	
81	147	0	1	1	
82	149	0	18	331	332	333	334	335	336	337	338	339	340	341	342	343	344	345	346	347	348	
83	150	0	21	553	554	555	556	557	558	559	560	561	562	563	564	565	566	567	568	569	570	571	572	573	
84	152	0	1	29	
85	154	0	12	151	152	153	154	155	156	157	158	159	160	161	162	
86	155	0	1	370	
87	156	0	15	532	533	534	535	536	537	538	539	540	541	542	543	544	545	546	
88	158	0	24	79	80	81	82	83	84	85	86	87	88	89	90	91	92	93	94	95	96	97	98	99	100	101	102	
89	159	0	1	902	
90	161	0	18	296	297	298	299	300	301	302	303	304	305	306	307	308	309	310	311	312	313	
91	167	0	24	2	3	4	5	6	7	8	9	10	11	12	13	14	15	16	17	18	19	20	21	22	23	24	25	
92	168	0	1	228	
93	170	0	24	960	961	962	963	964	965	966	967	968	969	970	971	972	973	974	975	976	977	978	979	980	981	982	983	
94	171	0	1	239	
95	172	0	7	37	38	39	40	41	42	43	
96	173	0	12	1157	1158	1159	1160	1161	1162	1163	1164	1165	1166	1167	1168	
97	174	0	1	150	
98	176	0	1	912	
99	179	0	1	1171	
100	182	0	21	490	491	492	493	494	495	496	497	498	499	500	501	502	503	504	505	506	507	508	509	510	
101	185	0	1	1269	
102	186	0	21	913	914	915	916	917	918	919	920	921	922	923	924	925	926	927	928	929	930	931	932	933	
103	187	0	1	486	
104	189	0	1	575	
105	190	0	24	671	672	673	674	675	676	677	678	679	680	681	682	683	684	685	686	687	688	689	690	691	692	693	694	
106	191	0	12	657	658	659	660	661	662	663	664	665	666	667	668	
107	192	0	1	232	
108	193	0	21	1216	1217	1218	1219	1220	1221	1222	1223	1224	1225	1226	1227	1228	1229	1230	1231	1232	1233	1234	1235	1236	
109	194	0	1	601	
110	195	0	21	395	396	397	398	399	400	401	402	403	404	405	406	407	408	409	410	411	412	413	414	415	
111	197	0	15	314	315	316	317	318	319	320	321	322	323	324	325	326	327	328	
112	198	0	18	296	297	298	299	300	301	302	303	304	305	306	307	308	309	310	311	312	313	
113	199	0	1	1274	
114	201	0	1	898	
115	202	0	12	1175	1176	1177	1178	1179	1180	1181	1182	1183	1184	1185	1186	
116	203	0	1	910	
117	205	0	1	530	
118	207	0	1	529	
119	208	0	1	1172	
120	209	0	18	275	276	277	278	279	280	281	282	283	284	285	286	287	288	289	290	291	292	
121	210	0	21	490	491	492	493	494	495	496	497	498	499	500	501	502	503	504	505	506	507	508	509	510	
122	212	0	18	376	377	378	379	380	381	382	383	384	385	386	387	388	389	390	391	392	393	
123	216	0	1	576	
124	218	0	1	1137	
125	220	0	18	331	332	333	334	335	336	337	338	339	340	341	342	343	344	345	346	347	348	
126	221	0	1	551	
127	222	0	15	788	789	790	791	792	793	794	795	796	797	798	799	800	801	802	
128	223	0	1	1108	
129	225	0	1	985	
130	228	0	1	134	
131	232	0	9	1258	1259	1260	1261	1262	1263	1264	1265	1266	
132	234	0	21	176	177	178	179	180	181	182	183	184	185	186	187	188	189	190	191	192	193	194	195	196	
133	235	0	21	1065	1066	1067	1068	1069	1070	1071	1072	1073	1074	1075	1076	1077	1078	1079	1080	1081	1082	1083	1084	1085	
134	236	0	1	1270	
135	240	0	1	349	
136	241	0	7	1025	1026	1027	1028	1029	1030	1031	
137	242	0	9	827	828	829	830	831	832	833	834	835	
138	243	0	7	695	696	697	698	699	700	701	
139	249	0	1	758	
140	251	0	18	1139	1140	1141	1142	1143	1144	1145	1146	1147	1148	1149	1150	1151	1152	1153	1154	1155	1156	
141	252	0	24	577	578	579	580	581	582	583	584	585	586	587	588	589	590	591	592	593	594	595	596	597	598	599	600	
142	253	0	9	805	806	807	808	809	810	811	812	813	
143	256	0	1	1268	
144	258	0	21	176	177	178	179	180	181	182	183	184	185	186	187	188	189	190	191	192	193	194	195	196	
145	259	0	1	804	
146	260	0	21	448	449	450	451	452	453	454	455	456	457	458	459	460	461	462	463	464	465	466	467	468	
147	263	0	9	805	806	807	808	809	810	811	812	813	
148	264	0	1	525	
149	267	0	1	769	
150	268	0	1	371	
151	270	0	24	577	578	579	580	581	582	583	584	585	586	587	588	589	590	591	592	593	594	595	596	597	598	599	600	
152	272	0	18	1118	1119	1120	1121	1122	1123	1124	1125	1126	1127	1128	1129	1130	1131	1132	1133	1134	1135	
153	273	0	21	448	449	450	451	452	453	454	455	456	457	458	459	460	461	462	463	464	465	466	467	468	
154	274	0	3	935	936	937	
155	276	0	1	995	
156	279	0	3	358	359	360	
157	281	0	1	751	
158	282	0	1	44	
159	287	0	24	671	672	673	674	675	676	677	678	679	680	681	682	683	684	685	686	687	688	689	690	691	692	693	694	
160	288	0	1	988	
161	290	0	18	1006	1007	1008	1009	1010	1011	1012	1013	1014	1015	1016	1017	1018	1019	1020	1021	1022	1023	
162	292	0	12	436	437	438	439	440	441	442	443	444	445	446	447	
163	293	0	1	1169	
164	294	0	3	949	950	951	
165	297	0	24	671	672	673	674	675	676	677	678	679	680	681	682	683	684	685	686	687	688	689	690	691	692	693	694	
166	298	0	1	552	
167	302	0	1	149	
168	303	0	21	395	396	397	398	399	400	401	402	403	404	405	406	407	408	409	410	411	412	413	414	415	
169	304	0	21	1065	1066	1067	1068	1069	1070	1071	1072	1073	1074	1075	1076	1077	1078	1079	1080	1081	1082	1083	1084	1085	
170	306	0	3	1040	1041	1042	
171	310	0	24	47	48	49	50	51	52	53	54	55	56	57	58	59	60	61	62	63	64	65	66	67	68	69	70	
172	311	0	7	125	126	127	128	129	130	131	
173	312	0	1	1136	
174	314	0	1	897	
175	316	0	15	532	533	534	535	536	537	538	539	540	541	542	543	544	545	546	
176	318	0	1	992	
177	321	0	1	900	
178	322	0	1	909	
179	326	0	3	1096	1097	1098	
180	327	0	9	706	707	708	709	710	711	712	713	714	
181	330	0	24	199	200	201	202	203	204	205	206	207	208	209	210	211	212	213	214	215	216	217	218	219	220	221	222	
182	333	0	18	620	621	622	623	624	625	626	627	628	629	630	631	632	633	634	635	636	637	
183	336	0	1	1053	
184	338	0	18	275	276	277	278	279	280	281	282	283	284	285	286	287	288	289	290	291	292	
185	339	0	1	1237	
186	340	0	21	1065	1066	1067	1068	1069	1070	1071	1072	1073	1074	1075	1076	1077	1078	1079	1080	1081	1082	1083	1084	1085	
187	342	0	9	1203	1204	1205	1206	1207	1208	1209	1210	1211	
188	343	0	9	739	740	741	742	743	744	745	746	747	
189	346	0	24	47	48	49	50	51	52	53	54	55	56	57	58	59	60	61	62	63	64	65	66	67	68	69	70	
190	347	0	3	653	654	655	
191	351	0	3	1200	1201	1202	
192	355	0	1	884	
193	357	0	21	863	864	865	866	867	868	869	870	871	872	873	874	875	876	877	878	879	880	881	882	883	
194	358	0	21	1216	1217	1218	1219	1220	1221	1222	1223	1224	1225	1226	1227	1228	1229	1230	1231	1232	1233	1234	1235	1236	
195	359	0	1	996	
196	360	0	12	151	152	153	154	155	156	157	158	159	160	161	162	
197	361	0	1	1051	
198	362	0	1	520	
199	366	0	1	1190	
200	367	0	1	815	
201	369	0	24	2	3	4	5	6	7	8	9	10	11	12	13	14	15	16	17	18	19	20	21	22	23	24	25	
202	370	0	1	853	
203	373	0	21	913	914	915	916	917	918	919	920	921	922	923	924	925	926	927	928	929	930	931	932	933	
204	374	0	24	960	961	962	963	964	965	966	967	968	969	970	971	972	973	974	975	976	977	978	979	980	981	982	983	
205	375	0	1	993	
206	376	0	1	986	
207	379	0	1	394	
208	381	0	18	331	332	333	334	335	336	337	338	339	340	341	342	343	344	345	346	347	348	
209	383	0	1	1199	
210	386	0	3	355	356	357	
211	388	0	1	1045	
212	392	0	1	1116	
213	395	0	1	119	
214	399	0	3	754	755	756	
215	400	0	7	1238	1239	1240	1241	1242	1243	1244	
216	405	0	1	757	
217	409	0	15	638	639	640	641	642	643	644	645	646	647	648	649	650	651	652	
218	410	0	1	223	
219	411	0	7	103	104	105	106	107	108	109	
220	412	0	21	490	491	492	493	494	495	496	497	498	499	500	501	502	503	504	505	506	507	508	509	510	
221	413	0	1	488	
222	417	0	1	372	
223	421	0	1	814	
224	424	0	1	365	
225	425	0	1	771	
226	426	0	1	752	
227	427	0	24	1276	1277	1278	1279	1280	1281	1282	1283	1284	1285	1286	1287	1288	1289	1290	1291	1292	1293	1294	1295	1296	1297	1298	1299	
228	429	0	1	669	
229	430	0	3	367	368	369	
230	432	0	1	231	
231	433	0	12	137	138	139	140	141	142	143	144	145	146	147	148	
232	434	0	1	1046	
233	435	0	18	1139	1140	1141	1142	1143	1144	1145	1146	1147	1148	1149	1150	1151	1152	1153	1154	1155	1156	
234	436	0	1	934	
235	437	0	1	230	
236	440	0	12	1246	1247	1248	1249	1250	1251	1252	1253	1254	1255	1256	1257	
237	441	0	1	1213	
238	442	0	1	1215	
239	445	0	24	715	716	717	718	719	720	721	722	723	724	725	726	727	728	729	730	731	732	733	734	735	736	737	738	
240	446	0	1	124	
241	447	0	12	137	138	139	140	141	142	143	144	145	146	147	148	
242	449	0	24	671	672	673	674	675	676	677	678	679	680	681	682	683	684	685	686	687	688	689	690	691	692	693	694	
243	451	0	1	238	
244	452	0	1	373	
245	456	0	1	770	
246	457	0	1	233	
247	458	0	21	913	914	915	916	917	918	919	920	921	922	923	924	925	926	927	928	929	930	931	932	933	
248	460	0	1	1050	
249	461	0	1	78	
250	462	0	1	1300	
251	463	0	3	989	990	991	
252	465	0	1	1173	
253	468	0	12	1175	1176	1177	1178	1179	1180	1181	1182	1183	1184	1185	1186	
254	469	0	1	353	
255	471	0	24	1276	1277	1278	1279	1280	1281	1282	1283	1284	1285	1286	1287	1288	1289	1290	1291	1292	1293	1294	1295	1296	1297	1298	1299	
256	472	0	24	79	80	81	82	83	84	85	86	87	88	89	90	91	92	93	94	95	96	97	98	99	100	101	102	
257	474	0	24	79	80	81	82	83	84	85	86	87	88	89	90	91	92	93	94	95	96	97	98	99	100	101	102	
258	475	0	21	553	554	555	556	557	558	559	560	561	562	563	564	565	566	567	568	569	570	571	572	573	
259	478	0	18	1118	1119	1120	1121	1122	1123	1124	1125	1126	1127	1128	1129	1130	1131	1132	1133	1134	1135	
260	481	0	21	448	449	450	451	452	453	454	455	456	457	458	459	460	461	462	463	464	465	466	467	468	
261	484	0	1	45	
262	485	0	9	1099	1100	1101	1102	1103	1104	1105	1106	1107	
263	488	0	1	704	
264	490	0	24	243	244	245	246	247	248	249	250	251	252	253	254	255	256	257	258	259	260	261	262	263	264	265	266	
265	492	0	12	836	837	838	839	840	841	842	843	844	845	846	847	
266	495	0	1	485	
267	498	0	9	1086	1087	1088	1089	1090	1091	1092	1093	1094	
268	499	0	24	199	200	201	202	203	204	205	206	207	208	209	210	211	212	213	214	215	216	217	218	219	220	221	222	
269	501	0	1	787	
270	503	0	3	748	749	750	
271	504	0	1	114	
272	505	0	1	366	
273	507	0	7	1057	1058	1059	1060	1061	1062	1063	
274	509	0	15	314	315	316	317	318	319	320	321	322	323	324	325	326	327	328	
275	510	0	1	531	
276	511	0	12	836	837	838	839	840	841	842	843	844	845	846	847	
277	517	0	1	132	
278	519	0	9	739	740	741	742	743	744	745	746	747	
279	521	0	1	547	
280	524	0	21	863	864	865	866	867	868	869	870	871	872	873	874	875	876	877	878	879	880	881	882	883	
281	525	0	1	352	
282	526	0	18	418	419	420	421	422	423	424	425	426	427	428	429	430	431	432	433	434	435	
283	529	0	21	863	864	865	866	867	868	869	870	871	872	873	874	875	876	877	878	879	880	881	882	883	
284	530	0	18	602	603	604	605	606	607	608	609	610	611	612	613	614	615	616	617	618	619	
285	531	0	1	753	
286	532	0	1	852	
287	533	0	12	163	164	165	166	167	168	169	170	171	172	173	174	
288	534	0	1	548	
289	535	0	1	329	
290	537	0	18	296	297	298	299	300	301	302	303	304	305	306	307	308	309	310	311	312	313	
291	540	0	1	1138	
292	541	0	21	176	177	178	179	180	181	182	183	184	185	186	187	188	189	190	191	192	193	194	195	196	
293	544	0	1	1271	
294	545	0	1	1273	
295	547	0	9	854	855	856	857	858	859	860	861	862	
296	550	0	15	788	789	790	791	792	793	794	795	796	797	798	799	800	801	802	
297	551	0	1	948	
298	552	0	9	1099	1100	1101	1102	1103	1104	1105	1106	1107	
299	553	0	1	175	
300	554	0	1	1267	
301	557	0	1	1170	
302	559	0	1	803	
303	560	0	18	376	377	378	379	380	381	382	383	384	385	386	387	388	389	390	391	392	393	
304	562	0	1	46	
305	563	0	1	0	
306	565	0	21	490	491	492	493	494	495	496	497	498	499	500	501	502	503	504	505	506	507	508	509	510	
307	567	0	1	136	
308	568	0	7	267	268	269	270	271	272	273	
309	569	0	18	602	603	604	605	606	607	608	609	610	611	612	613	614	615	616	617	618	619	
310	570	0	3	116	117	118	
311	574	0	1	330	
312	576	0	9	1258	1259	1260	1261	1262	1263	1264	1265	1266	
313	577	0	1	987	
314	578	0	1	511	
315	579	0	1	1109	
316	582	0	1	375	
317	583	0	1	374	
318	587	0	15	532	533	534	535	536	537	538	539	540	541	542	543	544	545	546	
319	589	0	1	27	
320	590	0	21	553	554	555	556	557	558	559	560	561	562	563	564	565	566	567	568	569	570	571	572	573	
321	591	0	7	941	942	943	944	945	946	947	
322	593	0	3	234	235	236	
323	594	0	21	395	396	397	398	399	400	401	402	403	404	405	406	407	408	409	410	411	412	413	414	415	
324	596	0	18	418	419	420	421	422	423	424	425	426	427	428	429	430	431	432	433	434	435	
325	598	0	7	71	72	73	74	75	76	77	
326	599	0	24	199	200	201	202	203	204	205	206	207	208	209	210	211	212	213	214	215	216	217	218	219	220	221	222	
327	600	0	3	1054	1055	1056	
328	601	0	1	826	
329	602	0	24	243	244	245	246	247	248	249	250	251	252	253	254	255	256	257	258	259	260	261	262	263	264	265	266	
330	609	0	1	1174	
331	612	0	15	470	471	472	473	474	475	476	477	478	479	480	481	482	483	484	
332	613	0	1	135	
333	615	0	18	1006	1007	1008	1009	1010	1011	1012	1013	1014	1015	1016	1017	1018	1019	1020	1021	1022	1023	
334	616	0	15	470	471	472	473	474	475	476	477	478	479	480	481	482	483	484	
335	618	0	1	227	
336	619	0	1	984	
337	620	0	1	574	
338	622	0	3	362	363	364	
339	626	0	9	997	998	999	1000	1001	1002	1003	1004	1005	
340	629	0	12	657	658	659	660	661	662	663	664	665	666	667	668	
341	632	0	24	1276	1277	1278	1279	1280	1281	1282	1283	1284	1285	1286	1287	1288	1289	1290	1291	1292	1293	1294	1295	1296	1297	1298	1299	
342	633	0	24	2	3	4	5	6	7	8	9	10	11	12	13	14	15	16	17	18	19	20	21	22	23	24	25	
343	634	0	1	1275	
344	636	0	1	361	
345	638	0	1	1117	
346	639	0	1	1043	
347	640	0	1	703	
348	647	0	1	416	
349	649	0	1	905	
350	650	0	3	1113	1114	1115	
351	652	0	1	911	
352	653	0	18	1139	1140	1141	1142	1143	1144	1145	1146	1147	1148	1149	1150	1151	1152	1153	1154	1155	1156	
353	655	0	24	577	578	579	580	581	582	583	584	585	586	587	588	589	590	591	592	593	594	595	596	597	598	599	600	
354	656	0	1	1214	
355	657	0	1	899	
356	661	0	1	519	
357	663	0	9	997	998	999	1000	1001	1002	1003	1004	1005	
358	664	0	1	670	
359	665	0	1	1048	
360	666	0	21	863	864	865	866	867	868	869	870	871	872	873	874	875	876	877	878	879	880	881	882	883	
361	667	0	1	1245	
362	668	0	1	123	
363	669	0	1	903	
364	671	0	1	1212	
365	672	0	3	110	111	112	
366	673	0	15	470	471	472	473	474	475	476	477	478	479	480	481	482	483	484	
367	674	0	21	1065	1066	1067	1068	1069	1070	1071	1072	1073	1074	1075	1076	1077	1078	1079	1080	1081	1082	1083	1084	1085	
368	675	0	1	113	
369	676	0	1	901	
370	679	0	21	176	177	178	179	180	181	182	183	184	185	186	187	188	189	190	191	192	193	194	195	196	
371	680	0	1	1064	
372	681	0	1	1272	
373	682	0	1	893	
374	683	0	18	1006	1007	1008	1009	1010	1011	1012	1013	1014	1015	1016	1017	1018	1019	1020	1021	1022	1023	
375	684	0	1	825	
376	685	0	24	715	716	717	718	719	720	721	722	723	724	725	726	727	728	729	730	731	732	733	734	735	736	737	738	
377	686	0	7	762	763	764	765	766	767	768	
378	687	0	3	240	241	242	
379	689	0	3	938	939	940	
380	694	0	15	788	789	790	791	792	793	794	795	796	797	798	799	800	801	802	
381	697	0	1	28	
382	699	0	1	892	
383	702	0	3	293	294	295	
384	704	0	1	1095	
385	706	0	1	1191	
386	709	0	12	1246	1247	1248	1249	1250	1251	1252	1253	1254	1255	1256	1257	
387	710	0	24	243	244	245	246	247	248	249	250	251	252	253	254	255	256	257	258	259	260	261	262	263	264	265	266	
388	714	0	1	1047	
389	717	0	24	79	80	81	82	83	84	85	86	87	88	89	90	91	92	93	94	95	96	97	98	99	100	101	102	
390	719	0	7	1192	1193	1194	1195	1196	1197	1198	
391	721	0	9	827	828	829	830	831	832	833	834	835	
392	722	0	1	823	
393	723	0	1	133	
394	724	0	1	761	
395	725	0	3	521	522	523	
396	733	0	7	816	817	818	819	820	821	822	
397	734	0	1	851	
398	735	0	1	1111	
399	737	0	7	774	775	776	777	778	779	780	
400	739	0	21	1216	1217	1218	1219	1220	1221	1222	1223	1224	1225	1226	1227	1228	1229	1230	1231	1232	1233	1234	1235	1236	
401	740	0	15	314	315	316	317	318	319	320	321	322	323	324	325	326	327	328	
402	741	0	15	638	639	640	641	642	643	644	645	646	647	648	649	650	651	652	
403	744	0	1	705	
404	747	0	1	417	
405	748	0	1	781	
