415
0	1	0	9	1203	1204	1205	1206	1207	1208	1209	1210	1211	
1	2	0	1	473	
2	3	0	7	625	626	627	628	629	630	631	
3	4	0	18	693	694	695	696	697	698	699	700	701	702	703	704	705	706	707	708	709	710	
4	6	0	1	1141	
5	8	0	3	669	670	671	
6	9	0	9	1203	1204	1205	1206	1207	1208	1209	1210	1211	
7	10	0	24	1327	1328	1329	1330	1331	1332	1333	1334	1335	1336	1337	1338	1339	1340	1341	1342	1343	1344	1345	1346	1347	1348	1349	1350	
8	11	0	21	765	766	767	768	769	770	771	772	773	774	775	776	777	778	779	780	781	782	783	784	785	
9	12	0	7	1402	1403	1404	1405	1406	1407	1408	
10	15	0	1	941	
11	18	0	1	1450	
12	20	0	7	117	118	119	120	121	122	123	
13	21	0	1	901	
14	22	0	9	349	350	351	352	353	354	355	356	357	
15	23	0	1	725	
16	24	0	15	88	89	90	91	92	93	94	95	96	97	98	99	100	101	102	
17	28	0	3	991	992	993	
18	29	0	15	1452	1453	1454	1455	1456	1457	1458	1459	1460	1461	1462	1463	1464	1465	1466	
19	30	0	1	1140	
20	31	0	1	39	
21	33	0	15	445	446	447	448	449	450	451	452	453	454	455	456	457	458	459	
22	34	0	15	1157	1158	1159	1160	1161	1162	1163	1164	1165	1166	1167	1168	1169	1170	1171	
23	35	0	7	379	380	381	382	383	384	385	
24	39	0	12	910	911	912	913	914	915	916	917	918	919	920	921	
25	40	0	3	470	471	472	
26	41	0	1	1351	
27	42	0	15	445	446	447	448	449	450	451	452	453	454	455	456	457	458	459	
28	43	0	9	108	109	110	111	112	113	114	115	116	
29	45	0	7	342	343	344	345	346	347	348	
30	47	0	9	847	848	849	850	851	852	853	854	855	
31	50	0	1	909	
32	51	0	18	726	727	728	729	730	731	732	733	734	735	736	737	738	739	740	741	742	743	
33	52	0	18	726	727	728	729	730	731	732	733	734	735	736	737	738	739	740	741	742	743	
34	54	0	1	1031	
35	57	0	15	524	525	526	527	528	529	530	531	532	533	534	535	536	537	538	
36	60	0	18	475	476	477	478	479	480	481	482	483	484	485	486	487	488	489	490	491	492	
37	62	0	1	1070	
38	63	0	1	936	
39	64	0	21	317	318	319	320	321	322	323	324	325	326	327	328	329	330	331	332	333	334	335	336	337	
40	65	0	1	1155	
41	68	0	12	1104	1105	1106	1107	1108	1109	1110	1111	1112	1113	1114	1115	
42	71	0	1	5	
43	72	0	1	358	
44	75	0	1	1388	
45	76	0	1	1032	
46	78	0	1	1278	
47	79	0	21	820	821	822	823	824	825	826	827	828	829	830	831	832	833	834	835	836	837	838	839	840	
48	85	0	15	54	55	56	57	58	59	60	61	62	63	64	65	66	67	68	
49	87	0	24	571	572	573	574	575	576	577	578	579	580	581	582	583	584	585	586	587	588	589	590	591	592	593	594	
50	88	0	21	1429	1430	1431	1432	1433	1434	1435	1436	1437	1438	1439	1440	1441	1442	1443	1444	1445	1446	1447	1448	1449	
51	89	0	1	1066	
52	90	0	3	35	36	37	
53	94	0	1	390	
54	95	0	21	1119	1120	1121	1122	1123	1124	1125	1126	1127	1128	1129	1130	1131	1132	1133	1134	1135	1136	1137	1138	1139	
55	98	0	1	1319	
56	104	0	1	107	
57	110	0	1	640	
58	111	0	1	932	
59	112	0	24	1042	1043	1044	1045	1046	1047	1048	1049	1050	1051	1052	1053	1054	1055	1056	1057	1058	1059	1060	1061	1062	1063	1064	1065	
60	113	0	21	1119	1120	1121	1122	1123	1124	1125	1126	1127	1128	1129	1130	1131	1132	1133	1134	1135	1136	1137	1138	1139	
61	114	0	15	149	150	151	152	153	154	155	156	157	158	159	160	161	162	163	
62	115	0	1	1468	
63	116	0	24	1071	1072	1073	1074	1075	1076	1077	1078	1079	1080	1081	1082	1083	1084	1085	1086	1087	1088	1089	1090	1091	1092	1093	1094	
64	117	0	3	938	939	940	
65	118	0	1	1172	
66	123	0	9	308	309	310	311	312	313	314	315	316	
67	129	0	21	994	995	996	997	998	999	1000	1001	1002	1003	1004	1005	1006	1007	1008	1009	1010	1011	1012	1013	1014	
68	130	0	1	893	
69	131	0	12	1104	1105	1106	1107	1108	1109	1110	1111	1112	1113	1114	1115	
70	133	0	1	1156	
71	134	0	18	391	392	393	394	395	396	397	398	399	400	401	402	403	404	405	406	407	408	
72	136	0	7	1142	1143	1144	1145	1146	1147	1148	
73	142	0	1	1391	
74	145	0	24	645	646	647	648	649	650	651	652	653	654	655	656	657	658	659	660	661	662	663	664	665	666	667	668	
75	147	0	1	6	
76	149	0	3	641	642	643	
77	151	0	24	1284	1285	1286	1287	1288	1289	1290	1291	1292	1293	1294	1295	1296	1297	1298	1299	1300	1301	1302	1303	1304	1305	1306	1307	
78	156	0	1	307	
79	157	0	1	340	
80	158	0	1	1418	
81	160	0	12	789	790	791	792	793	794	795	796	797	798	799	800	
82	161	0	3	1067	1068	1069	
83	163	0	15	221	222	223	224	225	226	227	228	229	230	231	232	233	234	235	
84	166	0	3	79	80	81	
85	170	0	1	1353	
86	171	0	3	125	126	127	
87	172	0	7	364	365	366	367	368	369	370	
88	175	0	3	690	691	692	
89	176	0	7	1033	1034	1035	1036	1037	1038	1039	
90	177	0	1	41	
91	178	0	1	1358	
92	182	0	9	108	109	110	111	112	113	114	115	116	
93	185	0	3	238	239	240	
94	186	0	1	241	
95	187	0	18	391	392	393	394	395	396	397	398	399	400	401	402	403	404	405	406	407	408	
96	188	0	1	922	
97	189	0	18	726	727	728	729	730	731	732	733	734	735	736	737	738	739	740	741	742	743	
98	190	0	21	188	189	190	191	192	193	194	195	196	197	198	199	200	201	202	203	204	205	206	207	208	
99	192	0	24	1327	1328	1329	1330	1331	1332	1333	1334	1335	1336	1337	1338	1339	1340	1341	1342	1343	1344	1345	1346	1347	1348	1349	1350	
100	194	0	1	1400	
101	197	0	24	868	869	870	871	872	873	874	875	876	877	878	879	880	881	882	883	884	885	886	887	888	889	890	891	
102	198	0	21	277	278	279	280	281	282	283	284	285	286	287	288	289	290	291	292	293	294	295	296	297	
103	199	0	3	687	688	689	
104	201	0	1	416	
105	202	0	1	1151	
106	204	0	9	298	299	300	301	302	303	304	305	306	
107	207	0	7	429	430	431	432	433	434	435	
108	208	0	1	1386	
109	210	0	1	1311	
110	212	0	7	1220	1221	1222	1223	1224	1225	1226	
111	214	0	7	902	903	904	905	906	907	908	
112	215	0	9	69	70	71	72	73	74	75	76	77	
113	217	0	21	548	549	550	551	552	553	554	555	556	557	558	559	560	561	562	563	564	565	566	567	568	
114	219	0	1	420	
115	222	0	15	149	150	151	152	153	154	155	156	157	158	159	160	161	162	163	
116	223	0	24	943	944	945	946	947	948	949	950	951	952	953	954	955	956	957	958	959	960	961	962	963	964	965	966	
117	225	0	1	1387	
118	226	0	24	601	602	603	604	605	606	607	608	609	610	611	612	613	614	615	616	617	618	619	620	621	622	623	624	
119	227	0	7	436	437	438	439	440	441	442	
120	228	0	24	943	944	945	946	947	948	949	950	951	952	953	954	955	956	957	958	959	960	961	962	963	964	965	966	
121	231	0	15	173	174	175	176	177	178	179	180	181	182	183	184	185	186	187	
122	233	0	1	388	
123	234	0	1	1467	
124	235	0	1	47	
125	237	0	1	842	
126	238	0	24	1042	1043	1044	1045	1046	1047	1048	1049	1050	1051	1052	1053	1054	1055	1056	1057	1058	1059	1060	1061	1062	1063	1064	1065	
127	241	0	1	87	
128	242	0	1	1040	
129	243	0	12	500	501	502	503	504	505	506	507	508	509	510	511	
130	244	0	24	1228	1229	1230	1231	1232	1233	1234	1235	1236	1237	1238	1239	1240	1241	1242	1243	1244	1245	1246	1247	1248	1249	1250	1251	
131	246	0	15	969	970	971	972	973	974	975	976	977	978	979	980	981	982	983	
132	247	0	9	8	9	10	11	12	13	14	15	16	
133	251	0	1	1041	
134	253	0	1	686	
135	254	0	21	1119	1120	1121	1122	1123	1124	1125	1126	1127	1128	1129	1130	1131	1132	1133	1134	1135	1136	1137	1138	1139	
136	257	0	1	935	
137	260	0	24	1228	1229	1230	1231	1232	1233	1234	1235	1236	1237	1238	1239	1240	1241	1242	1243	1244	1245	1246	1247	1248	1249	1250	1251	
138	261	0	1	460	
139	269	0	24	601	602	603	604	605	606	607	608	609	610	611	612	613	614	615	616	617	618	619	620	621	622	623	624	
140	272	0	7	861	862	863	864	865	866	867	
141	274	0	1	900	
142	277	0	1	1469	
143	280	0	1	569	
144	281	0	24	1284	1285	1286	1287	1288	1289	1290	1291	1292	1293	1294	1295	1296	1297	1298	1299	1300	1301	1302	1303	1304	1305	1306	1307	
145	284	0	1	419	
146	285	0	15	969	970	971	972	973	974	975	976	977	978	979	980	981	982	983	
147	286	0	7	923	924	925	926	927	928	929	
148	287	0	1	444	
149	288	0	7	421	422	423	424	425	426	427	
150	291	0	24	1071	1072	1073	1074	1075	1076	1077	1078	1079	1080	1081	1082	1083	1084	1085	1086	1087	1088	1089	1090	1091	1092	1093	1094	
151	294	0	9	164	165	166	167	168	169	170	171	172	
152	296	0	1	632	
153	297	0	1	1366	
154	298	0	7	984	985	986	987	988	989	990	
155	299	0	1	124	
156	301	0	1	786	
157	302	0	15	445	446	447	448	449	450	451	452	453	454	455	456	457	458	459	
158	306	0	3	1415	1416	1417	
159	308	0	15	54	55	56	57	58	59	60	61	62	63	64	65	66	67	68	
160	309	0	1	242	
161	310	0	1	27	
162	312	0	3	844	845	846	
163	316	0	1	859	
164	317	0	18	1173	1174	1175	1176	1177	1178	1179	1180	1181	1182	1183	1184	1185	1186	1187	1188	1189	1190	
165	320	0	18	475	476	477	478	479	480	481	482	483	484	485	486	487	488	489	490	491	492	
166	321	0	1	1308	
167	322	0	24	645	646	647	648	649	650	651	652	653	654	655	656	657	658	659	660	661	662	663	664	665	666	667	668	
168	323	0	24	645	646	647	648	649	650	651	652	653	654	655	656	657	658	659	660	661	662	663	664	665	666	667	668	
169	324	0	1	1191	
170	325	0	1	711	
171	327	0	21	277	278	279	280	281	282	283	284	285	286	287	288	289	290	291	292	293	294	295	296	297	
172	329	0	21	765	766	767	768	769	770	771	772	773	774	775	776	777	778	779	780	781	782	783	784	785	
173	332	0	18	1173	1174	1175	1176	1177	1178	1179	1180	1181	1182	1183	1184	1185	1186	1187	1188	1189	1190	
174	333	0	1	1367	
175	334	0	1	389	
176	336	0	1	1281	
177	337	0	12	808	809	810	811	812	813	814	815	816	817	818	819	
178	339	0	3	1412	1413	1414	
179	340	0	15	524	525	526	527	528	529	530	531	532	533	534	535	536	537	538	
180	342	0	1	895	
181	343	0	7	633	634	635	636	637	638	639	
182	345	0	1	212	
183	346	0	24	1252	1253	1254	1255	1256	1257	1258	1259	1260	1261	1262	1263	1264	1265	1266	1267	1268	1269	1270	1271	1272	1273	1274	1275	
184	348	0	12	789	790	791	792	793	794	795	796	797	798	799	800	
185	349	0	1	1279	
186	351	0	1	1420	
187	352	0	12	713	714	715	716	717	718	719	720	721	722	723	724	
188	353	0	1	787	
189	354	0	24	571	572	573	574	575	576	577	578	579	580	581	582	583	584	585	586	587	588	589	590	591	592	593	594	
190	356	0	1	1309	
191	359	0	1	1377	
192	360	0	1	103	
193	362	0	18	693	694	695	696	697	698	699	700	701	702	703	704	705	706	707	708	709	710	
194	363	0	24	1327	1328	1329	1330	1331	1332	1333	1334	1335	1336	1337	1338	1339	1340	1341	1342	1343	1344	1345	1346	1347	1348	1349	1350	
195	365	0	12	243	244	245	246	247	248	249	250	251	252	253	254	
196	366	0	1	359	
197	369	0	3	896	897	898	
198	371	0	3	1116	1117	1118	
199	374	0	7	1320	1321	1322	1323	1324	1325	1326	
200	375	0	3	1199	1200	1201	
201	376	0	1	1202	
202	377	0	24	1042	1043	1044	1045	1046	1047	1048	1049	1050	1051	1052	1053	1054	1055	1056	1057	1058	1059	1060	1061	1062	1063	1064	1065	
203	379	0	1	942	
204	380	0	21	1429	1430	1431	1432	1433	1434	1435	1436	1437	1438	1439	1440	1441	1442	1443	1444	1445	1446	1447	1448	1449	
205	381	0	1	418	
206	383	0	3	361	362	363	
207	385	0	21	188	189	190	191	192	193	194	195	196	197	198	199	200	201	202	203	204	205	206	207	208	
208	386	0	21	994	995	996	997	998	999	1000	1001	1002	1003	1004	1005	1006	1007	1008	1009	1010	1011	1012	1013	1014	
209	387	0	9	744	745	746	747	748	749	750	751	752	
210	388	0	1	570	
211	389	0	18	258	259	260	261	262	263	264	265	266	267	268	269	270	271	272	273	274	275	
212	390	0	12	243	244	245	246	247	248	249	250	251	252	253	254	
213	391	0	18	475	476	477	478	479	480	481	482	483	484	485	486	487	488	489	490	491	492	
214	392	0	7	1017	1018	1019	1020	1021	1022	1023	
215	396	0	7	1379	1380	1381	1382	1383	1384	1385	
216	397	0	1	257	
217	401	0	1	1421	
218	402	0	1	934	
219	407	0	7	1024	1025	1026	1027	1028	1029	1030	
220	408	0	1	1399	
221	409	0	1	788	
222	410	0	1	1283	
223	411	0	1	1368	
224	414	0	7	1359	1360	1361	1362	1363	1364	1365	
225	415	0	1	38	
226	416	0	1	209	
227	417	0	18	258	259	260	261	262	263	264	265	266	267	268	269	270	271	272	273	274	275	
228	419	0	9	461	462	463	464	465	466	467	468	469	
229	420	0	12	713	714	715	716	717	718	719	720	721	722	723	724	
230	421	0	1	967	
231	422	0	3	83	84	85	
232	423	0	1	341	
233	424	0	24	1284	1285	1286	1287	1288	1289	1290	1291	1292	1293	1294	1295	1296	1297	1298	1299	1300	1301	1302	1303	1304	1305	1306	1307	
234	425	0	1	1310	
235	427	0	1	18	
236	428	0	9	308	309	310	311	312	313	314	315	316	
237	429	0	9	744	745	746	747	748	749	750	751	752	
238	431	0	1	937	
239	432	0	12	500	501	502	503	504	505	506	507	508	509	510	511	
240	435	0	1	1378	
241	437	0	1	843	
242	438	0	9	461	462	463	464	465	466	467	468	469	
243	439	0	15	969	970	971	972	973	974	975	976	977	978	979	980	981	982	983	
244	441	0	1	378	
245	443	0	1	644	
246	445	0	21	548	549	550	551	552	553	554	555	556	557	558	559	560	561	562	563	564	565	566	567	568	
247	446	0	21	1119	1120	1121	1122	1123	1124	1125	1126	1127	1128	1129	1130	1131	1132	1133	1134	1135	1136	1137	1138	1139	
248	447	0	1	51	
249	448	0	7	19	20	21	22	23	24	25	
250	449	0	9	1095	1096	1097	1098	1099	1100	1101	1102	1103	
251	451	0	1	40	
252	452	0	3	856	857	858	
253	453	0	1	42	
254	454	0	7	679	680	681	682	683	684	685	
255	457	0	7	1370	1371	1372	1373	1374	1375	1376	
256	463	0	7	801	802	803	804	805	806	807	
257	466	0	15	173	174	175	176	177	178	179	180	181	182	183	184	185	186	187	
258	467	0	21	317	318	319	320	321	322	323	324	325	326	327	328	329	330	331	332	333	334	335	336	337	
259	469	0	24	571	572	573	574	575	576	577	578	579	580	581	582	583	584	585	586	587	588	589	590	591	592	593	594	
260	471	0	9	8	9	10	11	12	13	14	15	16	
261	474	0	1	339	
262	478	0	1	1280	
263	483	0	7	672	673	674	675	676	677	678	
264	484	0	7	515	516	517	518	519	520	521	
265	487	0	7	1192	1193	1194	1195	1196	1197	1198	
266	489	0	1	1390	
267	491	0	1	1	
268	492	0	24	1228	1229	1230	1231	1232	1233	1234	1235	1236	1237	1238	1239	1240	1241	1242	1243	1244	1245	1246	1247	1248	1249	1250	1251	
269	498	0	21	317	318	319	320	321	322	323	324	325	326	327	328	329	330	331	332	333	334	335	336	337	
270	500	0	18	693	694	695	696	697	698	699	700	701	702	703	704	705	706	707	708	709	710	
271	502	0	1	386	
272	504	0	3	1355	1356	1357	
273	505	0	1	428	
274	506	0	21	765	766	767	768	769	770	771	772	773	774	775	776	777	778	779	780	781	782	783	784	785	
275	509	0	18	1173	1174	1175	1176	1177	1178	1179	1180	1181	1182	1183	1184	1185	1186	1187	1188	1189	1190	
276	511	0	1	213	
277	512	0	1	1419	
278	513	0	1	256	
279	515	0	24	601	602	603	604	605	606	607	608	609	610	611	612	613	614	615	616	617	618	619	620	621	622	623	624	
280	516	0	1	931	
281	517	0	1	387	
282	520	0	21	277	278	279	280	281	282	283	284	285	286	287	288	289	290	291	292	293	294	295	296	297	
283	523	0	7	1312	1313	1314	1315	1316	1317	1318	
284	525	0	1	1451	
285	527	0	24	1252	1253	1254	1255	1256	1257	1258	1259	1260	1261	1262	1263	1264	1265	1266	1267	1268	1269	1270	1271	1272	1273	1274	1275	
286	529	0	15	173	174	175	176	177	178	179	180	181	182	183	184	185	186	187	
287	531	0	21	820	821	822	823	824	825	826	827	828	829	830	831	832	833	834	835	836	837	838	839	840	
288	532	0	12	753	754	755	756	757	758	759	760	761	762	763	764	
289	534	0	1	930	
290	536	0	24	1228	1229	1230	1231	1232	1233	1234	1235	1236	1237	1238	1239	1240	1241	1242	1243	1244	1245	1246	1247	1248	1249	1250	1251	
291	537	0	12	808	809	810	811	812	813	814	815	816	817	818	819	
292	538	0	15	1452	1453	1454	1455	1456	1457	1458	1459	1460	1461	1462	1463	1464	1465	1466	
293	542	0	24	1252	1253	1254	1255	1256	1257	1258	1259	1260	1261	1262	1263	1264	1265	1266	1267	1268	1269	1270	1271	1272	1273	1274	1275	
294	543	0	21	128	129	130	131	132	133	134	135	136	137	138	139	140	141	142	143	144	145	146	147	148	
295	544	0	15	88	89	90	91	92	93	94	95	96	97	98	99	100	101	102	
296	546	0	1	968	
297	549	0	12	910	911	912	913	914	915	916	917	918	919	920	921	
298	551	0	1	255	
299	552	0	1	1354	
300	553	0	12	753	754	755	756	757	758	759	760	761	762	763	764	
301	554	0	1	53	
302	555	0	24	1327	1328	1329	1330	1331	1332	1333	1334	1335	1336	1337	1338	1339	1340	1341	1342	1343	1344	1345	1346	1347	1348	1349	1350	
303	557	0	1	1470	
304	560	0	1	43	
305	566	0	24	1071	1072	1073	1074	1075	1076	1077	1078	1079	1080	1081	1082	1083	1084	1085	1086	1087	1088	1089	1090	1091	1092	1093	1094	
306	568	0	7	1212	1213	1214	1215	1216	1217	1218	
307	570	0	1	1389	
308	571	0	7	409	410	411	412	413	414	415	
309	576	0	7	371	372	373	374	375	376	377	
310	577	0	1	443	
311	578	0	1	1227	
312	581	0	1	892	
313	582	0	1	1015	
314	584	0	1	17	
315	587	0	21	994	995	996	997	998	999	1000	1001	1002	1003	1004	1005	1006	1007	1008	1009	1010	1011	1012	1013	1014	
316	588	0	1	712	
317	589	0	3	48	49	50	
318	590	0	1	7	
319	591	0	15	1157	1158	1159	1160	1161	1162	1163	1164	1165	1166	1167	1168	1169	1170	1171	
320	594	0	3	2	3	4	
321	595	0	1	1277	
322	596	0	1	513	
323	598	0	7	214	215	216	217	218	219	220	
324	599	0	1	86	
325	600	0	24	868	869	870	871	872	873	874	875	876	877	878	879	880	881	882	883	884	885	886	887	888	889	890	891	
326	601	0	1	78	
327	602	0	18	258	259	260	261	262	263	264	265	266	267	268	269	270	271	272	273	274	275	
328	603	0	1	933	
329	604	0	24	1071	1072	1073	1074	1075	1076	1077	1078	1079	1080	1081	1082	1083	1084	1085	1086	1087	1088	1089	1090	1091	1092	1093	1094	
330	610	0	1	522	
331	613	0	3	1409	1410	1411	
332	614	0	1	899	
333	615	0	21	188	189	190	191	192	193	194	195	196	197	198	199	200	201	202	203	204	205	206	207	208	
334	616	0	21	765	766	767	768	769	770	771	772	773	774	775	776	777	778	779	780	781	782	783	784	785	
335	617	0	24	601	602	603	604	605	606	607	608	609	610	611	612	613	614	615	616	617	618	619	620	621	622	623	624	
336	618	0	3	44	45	46	
337	619	0	21	128	129	130	131	132	133	134	135	136	137	138	139	140	141	142	143	144	145	146	147	148	
338	621	0	1	338	
339	623	0	1	236	
340	624	0	24	943	944	945	946	947	948	949	950	951	952	953	954	955	956	957	958	959	960	961	962	963	964	965	966	
341	626	0	24	645	646	647	648	649	650	651	652	653	654	655	656	657	658	659	660	661	662	663	664	665	666	667	668	
342	627	0	15	1452	1453	1454	1455	1456	1457	1458	1459	1460	1461	1462	1463	1464	1465	1466	
343	628	0	21	188	189	190	191	192	193	194	195	196	197	198	199	200	201	202	203	204	205	206	207	208	
344	629	0	9	298	299	300	301	302	303	304	305	306	
345	630	0	1	82	
346	631	0	1	360	
347	632	0	1	106	
348	633	0	1	860	
349	636	0	7	28	29	30	31	32	33	34	
350	637	0	1	1150	
351	639	0	3	598	599	600	
352	640	0	7	541	542	543	544	545	546	547	
353	641	0	1	523	
354	643	0	1	237	
355	645	0	15	149	150	151	152	153	154	155	156	157	158	159	160	161	162	163	
356	646	0	1	1352	
357	647	0	1	52	
358	648	0	24	1284	1285	1286	1287	1288	1289	1290	1291	1292	1293	1294	1295	1296	1297	1298	1299	1300	1301	1302	1303	1304	1305	1306	1307	
359	650	0	21	548	549	550	551	552	553	554	555	556	557	558	559	560	561	562	563	564	565	566	567	568	
360	654	0	21	820	821	822	823	824	825	826	827	828	829	830	831	832	833	834	835	836	837	838	839	840	
361	655	0	3	595	596	597	
362	659	0	24	571	572	573	574	575	576	577	578	579	580	581	582	583	584	585	586	587	588	589	590	591	592	593	594	
363	660	0	24	943	944	945	946	947	948	949	950	951	952	953	954	955	956	957	958	959	960	961	962	963	964	965	966	
364	661	0	1	539	
365	662	0	1	1149	
366	663	0	15	524	525	526	527	528	529	530	531	532	533	534	535	536	537	538	
367	664	0	1	894	
368	665	0	1	104	
369	666	0	1	1282	
370	667	0	21	128	129	130	131	132	133	134	135	136	137	138	139	140	141	142	143	144	145	146	147	148	
371	668	0	1	1369	
372	670	0	9	69	70	71	72	73	74	75	76	77	
373	671	0	15	221	222	223	224	225	226	227	228	229	230	231	232	233	234	235	
374	672	0	15	1157	1158	1159	1160	1161	1162	1163	1164	1165	1166	1167	1168	1169	1170	1171	
375	674	0	21	1429	1430	1431	1432	1433	1434	1435	1436	1437	1438	1439	1440	1441	1442	1443	1444	1445	1446	1447	1448	1449	
376	677	0	24	1252	1253	1254	1255	1256	1257	1258	1259	1260	1261	1262	1263	1264	1265	1266	1267	1268	1269	1270	1271	1272	1273	1274	1275	
377	678	0	1	1401	
378	679	0	1	512	
379	681	0	1	211	
380	682	0	1	276	
381	683	0	9	1095	1096	1097	1098	1099	1100	1101	1102	1103	
382	684	0	9	349	350	351	352	353	354	355	356	357	
383	687	0	1	841	
384	688	0	15	54	55	56	57	58	59	60	61	62	63	64	65	66	67	68	
385	690	0	21	1429	1430	1431	1432	1433	1434	1435	1436	1437	1438	1439	1440	1441	1442	1443	1444	1445	1446	1447	1448	1449	
386	694	0	1	540	
387	700	0	1	514	
388	702	0	1	474	
389	703	0	21	277	278	279	280	281	282	283	284	285	286	287	288	289	290	291	292	293	294	295	296	297	
390	706	0	24	868	869	870	871	872	873	874	875	876	877	878	879	880	881	882	883	884	885	886	887	888	889	890	891	
391	708	0	9	164	165	166	167	168	169	170	171	172	
392	711	0	15	88	89	90	91	92	93	94	95	96	97	98	99	100	101	102	
393	715	0	7	1422	1423	1424	1425	1426	1427	1428	
394	716	0	7	493	494	495	496	497	498	499	
395	717	0	21	548	549	550	551	552	553	554	555	556	557	558	559	560	561	562	563	564	565	566	567	568	
396	721	0	1	210	
397	723	0	1	1016	
398	724	0	21	994	995	996	997	998	999	1000	1001	1002	1003	1004	1005	1006	1007	1008	1009	1010	1011	1012	1013	1014	
399	725	0	3	1152	1153	1154	
400	726	0	21	317	318	319	320	321	322	323	324	325	326	327	328	329	330	331	332	333	334	335	336	337	
401	728	0	24	868	869	870	871	872	873	874	875	876	877	878	879	880	881	882	883	884	885	886	887	888	889	890	891	
402	730	0	18	391	392	393	394	395	396	397	398	399	400	401	402	403	404	405	406	407	408	
403	731	0	1	26	
404	734	0	24	1042	1043	1044	1045	1046	1047	1048	1049	1050	1051	1052	1053	1054	1055	1056	1057	1058	1059	1060	1061	1062	1063	1064	1065	
405	735	0	15	221	222	223	224	225	226	227	228	229	230	231	232	233	234	235	
406	736	0	1	1276	
407	738	0	1	1219	
408	739	0	9	847	848	849	850	851	852	853	854	855	
409	740	0	1	417	
410	743	0	21	128	129	130	131	132	133	134	135	136	137	138	139	140	141	142	143	144	145	146	147	148	
411	744	0	21	820	821	822	823	824	825	826	827	828	829	830	831	832	833	834	835	836	837	838	839	840	
412	745	0	1	0	
413	746	0	7	1392	1393	1394	1395	1396	1397	1398	
414	749	0	1	105	
