388
0	0	0	1	551	
1	2	0	3	1160	1161	1162	
2	3	0	1	1042	
3	4	0	1	129	
4	7	0	1	798	
5	8	0	1	363	
6	10	0	24	476	477	478	479	480	481	482	483	484	485	486	487	488	489	490	491	492	493	494	495	496	497	498	499	
7	11	0	15	536	537	538	539	540	541	542	543	544	545	546	547	548	549	550	
8	13	0	3	410	411	412	
9	14	0	1	260	
10	16	0	1	769	
11	22	0	15	391	392	393	394	395	396	397	398	399	400	401	402	403	404	405	
12	25	0	1	1006	
13	26	0	1	79	
14	28	0	1	48	
15	29	0	21	1082	1083	1084	1085	1086	1087	1088	1089	1090	1091	1092	1093	1094	1095	1096	1097	1098	1099	1100	1101	1102	
16	32	0	1	1147	
17	40	0	15	1008	1009	1010	1011	1012	1013	1014	1015	1016	1017	1018	1019	1020	1021	1022	
18	43	0	15	1008	1009	1010	1011	1012	1013	1014	1015	1016	1017	1018	1019	1020	1021	1022	
19	44	0	24	476	477	478	479	480	481	482	483	484	485	486	487	488	489	490	491	492	493	494	495	496	497	498	499	
20	49	0	1	377	
21	50	0	24	235	236	237	238	239	240	241	242	243	244	245	246	247	248	249	250	251	252	253	254	255	256	257	258	
22	53	0	1	387	
23	59	0	1	309	
24	60	0	1	788	
25	63	0	1	415	
26	64	0	1	24	
27	65	0	1	531	
28	66	0	1	128	
29	70	0	3	177	178	179	
30	72	0	1	783	
31	74	0	7	563	564	565	566	567	568	569	
32	75	0	21	1082	1083	1084	1085	1086	1087	1088	1089	1090	1091	1092	1093	1094	1095	1096	1097	1098	1099	1100	1101	1102	
33	76	0	3	527	528	529	
34	77	0	1	1148	
35	80	0	1	768	
36	84	0	1	678	
37	86	0	1	951	
38	87	0	15	704	705	706	707	708	709	710	711	712	713	714	715	716	717	718	
39	88	0	18	4	5	6	7	8	9	10	11	12	13	14	15	16	17	18	19	20	21	
40	91	0	24	501	502	503	504	505	506	507	508	509	510	511	512	513	514	515	516	517	518	519	520	521	522	523	524	
41	92	0	1	414	
42	94	0	24	476	477	478	479	480	481	482	483	484	485	486	487	488	489	490	491	492	493	494	495	496	497	498	499	
43	95	0	18	278	279	280	281	282	283	284	285	286	287	288	289	290	291	292	293	294	295	
44	99	0	1	1074	
45	100	0	1	310	
46	101	0	24	679	680	681	682	683	684	685	686	687	688	689	690	691	692	693	694	695	696	697	698	699	700	701	702	
47	103	0	1	836	
48	104	0	7	987	988	989	990	991	992	993	
49	107	0	1	1151	
50	111	0	3	342	343	344	
51	113	0	7	1043	1044	1045	1046	1047	1048	1049	
52	115	0	1	532	
53	116	0	24	130	131	132	133	134	135	136	137	138	139	140	141	142	143	144	145	146	147	148	149	150	151	152	153	
54	118	0	1	533	
55	119	0	18	964	965	966	967	968	969	970	971	972	973	974	975	976	977	978	979	980	981	
56	122	0	24	679	680	681	682	683	684	685	686	687	688	689	690	691	692	693	694	695	696	697	698	699	700	701	702	
57	123	0	21	645	646	647	648	649	650	651	652	653	654	655	656	657	658	659	660	661	662	663	664	665	
58	124	0	3	552	553	554	
59	125	0	1	409	
60	126	0	1	837	
61	128	0	1	838	
62	131	0	21	1050	1051	1052	1053	1054	1055	1056	1057	1058	1059	1060	1061	1062	1063	1064	1065	1066	1067	1068	1069	1070	
63	132	0	21	58	59	60	61	62	63	64	65	66	67	68	69	70	71	72	73	74	75	76	77	78	
64	135	0	1	123	
65	136	0	18	438	439	440	441	442	443	444	445	446	447	448	449	450	451	452	453	454	455	
66	137	0	1	1023	
67	138	0	1	811	
68	144	0	1	458	
69	146	0	7	570	571	572	573	574	575	576	
70	150	0	3	801	802	803	
71	154	0	1	887	
72	155	0	21	1050	1051	1052	1053	1054	1055	1056	1057	1058	1059	1060	1061	1062	1063	1064	1065	1066	1067	1068	1069	1070	
73	156	0	1	630	
74	159	0	1	1079	
75	160	0	1	30	
76	161	0	1	1033	
77	164	0	21	922	923	924	925	926	927	928	929	930	931	932	933	934	935	936	937	938	939	940	941	942	
78	170	0	21	1050	1051	1052	1053	1054	1055	1056	1057	1058	1059	1060	1061	1062	1063	1064	1065	1066	1067	1068	1069	1070	
79	171	0	7	302	303	304	305	306	307	308	
80	172	0	1	2	
81	173	0	1	813	
82	174	0	1	176	
83	175	0	1	107	
84	180	0	1	1114	
85	181	0	24	721	722	723	724	725	726	727	728	729	730	731	732	733	734	735	736	737	738	739	740	741	742	743	744	
86	182	0	7	804	805	806	807	808	809	810	
87	183	0	3	1035	1036	1037	
88	184	0	1	800	
89	186	0	1	390	
90	190	0	1	1040	
91	191	0	12	327	328	329	330	331	332	333	334	335	336	337	338	
92	192	0	1	525	
93	193	0	12	609	610	611	612	613	614	615	616	617	618	619	620	
94	194	0	1	341	
95	195	0	1	961	
96	196	0	24	501	502	503	504	505	506	507	508	509	510	511	512	513	514	515	516	517	518	519	520	521	522	523	524	
97	197	0	24	235	236	237	238	239	240	241	242	243	244	245	246	247	248	249	250	251	252	253	254	255	256	257	258	
98	199	0	1	1155	
99	200	0	24	1123	1124	1125	1126	1127	1128	1129	1130	1131	1132	1133	1134	1135	1136	1137	1138	1139	1140	1141	1142	1143	1144	1145	1146	
100	202	0	24	501	502	503	504	505	506	507	508	509	510	511	512	513	514	515	516	517	518	519	520	521	522	523	524	
101	205	0	1	52	
102	206	0	1	1103	
103	207	0	1	51	
104	209	0	15	311	312	313	314	315	316	317	318	319	320	321	322	323	324	325	
105	210	0	1	641	
106	215	0	7	756	757	758	759	760	761	762	
107	216	0	1	999	
108	217	0	1	435	
109	219	0	24	721	722	723	724	725	726	727	728	729	730	731	732	733	734	735	736	737	738	739	740	741	742	743	744	
110	220	0	7	380	381	382	383	384	385	386	
111	221	0	1	339	
112	225	0	7	954	955	956	957	958	959	960	
113	226	0	1	47	
114	228	0	15	185	186	187	188	189	190	191	192	193	194	195	196	197	198	199	
115	229	0	15	814	815	816	817	818	819	820	821	822	823	824	825	826	827	828	
116	232	0	1	766	
117	234	0	1	1039	
118	235	0	1	326	
119	237	0	1	1159	
120	238	0	24	721	722	723	724	725	726	727	728	729	730	731	732	733	734	735	736	737	738	739	740	741	742	743	744	
121	242	0	3	896	897	898	
122	243	0	21	154	155	156	157	158	159	160	161	162	163	164	165	166	167	168	169	170	171	172	173	174	
123	244	0	7	829	830	831	832	833	834	835	
124	247	0	1	127	
125	248	0	18	417	418	419	420	421	422	423	424	425	426	427	428	429	430	431	432	433	434	
126	249	0	18	200	201	202	203	204	205	206	207	208	209	210	211	212	213	214	215	216	217	
127	251	0	1	46	
128	252	0	1	350	
129	254	0	15	31	32	33	34	35	36	37	38	39	40	41	42	43	44	45	
130	255	0	1	1004	
131	256	0	24	235	236	237	238	239	240	241	242	243	244	245	246	247	248	249	250	251	252	253	254	255	256	257	258	
132	257	0	21	85	86	87	88	89	90	91	92	93	94	95	96	97	98	99	100	101	102	103	104	105	
133	259	0	1	1005	
134	261	0	18	4	5	6	7	8	9	10	11	12	13	14	15	16	17	18	19	20	21	
135	262	0	24	679	680	681	682	683	684	685	686	687	688	689	690	691	692	693	694	695	696	697	698	699	700	701	702	
136	263	0	1	1075	
137	264	0	1	1150	
138	265	0	1	986	
139	266	0	1	108	
140	267	0	1	106	
141	268	0	24	130	131	132	133	134	135	136	137	138	139	140	141	142	143	144	145	146	147	148	149	150	151	152	153	
142	269	0	1	894	
143	271	0	1	49	
144	273	0	1	475	
145	274	0	1	963	
146	275	0	1	640	
147	277	0	1	436	
148	279	0	15	907	908	909	910	911	912	913	914	915	916	917	918	919	920	921	
149	283	0	1	184	
150	284	0	1	348	
151	287	0	1	1000	
152	288	0	1	906	
153	289	0	1	1156	
154	292	0	1	629	
155	294	0	1	124	
156	296	0	3	1001	1002	1003	
157	297	0	18	200	201	202	203	204	205	206	207	208	209	210	211	212	213	214	215	216	217	
158	298	0	3	622	623	624	
159	302	0	1	1073	
160	305	0	1	29	
161	306	0	1	109	
162	307	0	18	964	965	966	967	968	969	970	971	972	973	974	975	976	977	978	979	980	981	
163	310	0	1	535	
164	313	0	3	890	891	892	
165	314	0	1	1157	
166	318	0	1	57	
167	319	0	1	796	
168	321	0	1	642	
169	323	0	1	785	
170	324	0	1	1	
171	325	0	21	645	646	647	648	649	650	651	652	653	654	655	656	657	658	659	660	661	662	663	664	665	
172	326	0	1	1163	
173	327	0	15	907	908	909	910	911	912	913	914	915	916	917	918	919	920	921	
174	330	0	3	587	588	589	
175	337	0	24	1123	1124	1125	1126	1127	1128	1129	1130	1131	1132	1133	1134	1135	1136	1137	1138	1139	1140	1141	1142	1143	1144	1145	1146	
176	338	0	21	1082	1083	1084	1085	1086	1087	1088	1089	1090	1091	1092	1093	1094	1095	1096	1097	1098	1099	1100	1101	1102	
177	339	0	12	111	112	113	114	115	116	117	118	119	120	121	122	
178	344	0	12	771	772	773	774	775	776	777	778	779	780	781	782	
179	346	0	24	1123	1124	1125	1126	1127	1128	1129	1130	1131	1132	1133	1134	1135	1136	1137	1138	1139	1140	1141	1142	1143	1144	1145	1146	
180	349	0	24	130	131	132	133	134	135	136	137	138	139	140	141	142	143	144	145	146	147	148	149	150	151	152	153	
181	350	0	1	183	
182	352	0	24	1123	1124	1125	1126	1127	1128	1129	1130	1131	1132	1133	1134	1135	1136	1137	1138	1139	1140	1141	1142	1143	1144	1145	1146	
183	353	0	18	590	591	592	593	594	595	596	597	598	599	600	601	602	603	604	605	606	607	
184	354	0	1	799	
185	356	0	24	679	680	681	682	683	684	685	686	687	688	689	690	691	692	693	694	695	696	697	698	699	700	701	702	
186	358	0	1	764	
187	359	0	1	180	
188	362	0	1	998	
189	364	0	9	667	668	669	670	671	672	673	674	675	
190	365	0	7	1024	1025	1026	1027	1028	1029	1030	
191	366	0	1	631	
192	367	0	12	365	366	367	368	369	370	371	372	373	374	375	376	
193	369	0	3	994	995	996	
194	371	0	1	720	
195	373	0	12	327	328	329	330	331	332	333	334	335	336	337	338	
196	374	0	1	457	
197	375	0	21	866	867	868	869	870	871	872	873	874	875	876	877	878	879	880	881	882	883	884	885	886	
198	376	0	1	277	
199	378	0	18	4	5	6	7	8	9	10	11	12	13	14	15	16	17	18	19	20	21	
200	380	0	1	1122	
201	381	0	1	182	
202	383	0	18	438	439	440	441	442	443	444	445	446	447	448	449	450	451	452	453	454	455	
203	385	0	1	644	
204	388	0	1	233	
205	389	0	1	763	
206	391	0	21	58	59	60	61	62	63	64	65	66	67	68	69	70	71	72	73	74	75	76	77	78	
207	392	0	1	301	
208	393	0	12	365	366	367	368	369	370	371	372	373	374	375	376	
209	394	0	1	632	
210	395	0	1	1104	
211	396	0	18	848	849	850	851	852	853	854	855	856	857	858	859	860	861	862	863	864	865	
212	397	0	21	1082	1083	1084	1085	1086	1087	1088	1089	1090	1091	1092	1093	1094	1095	1096	1097	1098	1099	1100	1101	1102	
213	399	0	1	500	
214	402	0	1	416	
215	404	0	1	1038	
216	406	0	1	839	
217	408	0	1	1076	
218	409	0	7	1115	1116	1117	1118	1119	1120	1121	
219	411	0	1	950	
220	413	0	18	200	201	202	203	204	205	206	207	208	209	210	211	212	213	214	215	216	217	
221	416	0	1	56	
222	417	0	21	58	59	60	61	62	63	64	65	66	67	68	69	70	71	72	73	74	75	76	77	78	
223	418	0	1	23	
224	420	0	15	391	392	393	394	395	396	397	398	399	400	401	402	403	404	405	
225	422	0	3	753	754	755	
226	423	0	21	58	59	60	61	62	63	64	65	66	67	68	69	70	71	72	73	74	75	76	77	78	
227	426	0	1	358	
228	428	0	24	721	722	723	724	725	726	727	728	729	730	731	732	733	734	735	736	737	738	739	740	741	742	743	744	
229	434	0	7	899	900	901	902	903	904	905	
230	437	0	3	626	627	628	
231	438	0	1	962	
232	440	0	15	814	815	816	817	818	819	820	821	822	823	824	825	826	827	828	
233	441	0	18	848	849	850	851	852	853	854	855	856	857	858	859	860	861	862	863	864	865	
234	443	0	18	417	418	419	420	421	422	423	424	425	426	427	428	429	430	431	432	433	434	
235	450	0	21	1050	1051	1052	1053	1054	1055	1056	1057	1058	1059	1060	1061	1062	1063	1064	1065	1066	1067	1068	1069	1070	
236	452	0	1	234	
237	453	0	18	438	439	440	441	442	443	444	445	446	447	448	449	450	451	452	453	454	455	
238	457	0	1	1041	
239	458	0	1	389	
240	459	0	15	311	312	313	314	315	316	317	318	319	320	321	322	323	324	325	
241	460	0	1	0	
242	461	0	7	468	469	470	471	472	473	474	
243	466	0	21	922	923	924	925	926	927	928	929	930	931	932	933	934	935	936	937	938	939	940	941	942	
244	469	0	1	621	
245	470	0	1	379	
246	471	0	1	349	
247	472	0	1	456	
248	473	0	1	786	
249	474	0	18	964	965	966	967	968	969	970	971	972	973	974	975	976	977	978	979	980	981	
250	476	0	21	85	86	87	88	89	90	91	92	93	94	95	96	97	98	99	100	101	102	103	104	105	
251	478	0	1	340	
252	479	0	12	111	112	113	114	115	116	117	118	119	120	121	122	
253	480	0	1	719	
254	481	0	1	530	
255	482	0	18	278	279	280	281	282	283	284	285	286	287	288	289	290	291	292	293	294	295	
256	485	0	1	84	
257	486	0	1	346	
258	487	0	18	278	279	280	281	282	283	284	285	286	287	288	289	290	291	292	293	294	295	
259	488	0	1	676	
260	494	0	15	536	537	538	539	540	541	542	543	544	545	546	547	548	549	550	
261	498	0	1	847	
262	499	0	7	556	557	558	559	560	561	562	
263	502	0	15	31	32	33	34	35	36	37	38	39	40	41	42	43	44	45	
264	503	0	1	787	
265	508	0	1	534	
266	509	0	1	1007	
267	514	0	1	299	
268	515	0	1	1149	
269	516	0	7	261	262	263	264	265	266	267	
270	520	0	15	1008	1009	1010	1011	1012	1013	1014	1015	1016	1017	1018	1019	1020	1021	1022	
271	521	0	24	476	477	478	479	480	481	482	483	484	485	486	487	488	489	490	491	492	493	494	495	496	497	498	499	
272	522	0	1	1105	
273	525	0	21	922	923	924	925	926	927	928	929	930	931	932	933	934	935	936	937	938	939	940	941	942	
274	526	0	1	413	
275	529	0	1	1153	
276	534	0	18	590	591	592	593	594	595	596	597	598	599	600	601	602	603	604	605	606	607	
277	536	0	3	406	407	408	
278	540	0	1	25	
279	542	0	21	645	646	647	648	649	650	651	652	653	654	655	656	657	658	659	660	661	662	663	664	665	
280	544	0	24	235	236	237	238	239	240	241	242	243	244	245	246	247	248	249	250	251	252	253	254	255	256	257	258	
281	550	0	21	922	923	924	925	926	927	928	929	930	931	932	933	934	935	936	937	938	939	940	941	942	
282	551	0	7	633	634	635	636	637	638	639	
283	553	0	1	459	
284	556	0	1	125	
285	557	0	1	1071	
286	560	0	15	218	219	220	221	222	223	224	225	226	227	228	229	230	231	232	
287	562	0	21	154	155	156	157	158	159	160	161	162	163	164	165	166	167	168	169	170	171	172	173	174	
288	563	0	3	26	27	28	
289	566	0	12	771	772	773	774	775	776	777	778	779	780	781	782	
290	569	0	24	130	131	132	133	134	135	136	137	138	139	140	141	142	143	144	145	146	147	148	149	150	151	152	153	
291	570	0	7	840	841	842	843	844	845	846	
292	571	0	1	175	
293	572	0	1	888	
294	573	0	1	1077	
295	576	0	15	536	537	538	539	540	541	542	543	544	545	546	547	548	549	550	
296	577	0	1	608	
297	579	0	1	1080	
298	582	0	1	577	
299	583	0	1	1072	
300	585	0	1	765	
301	586	0	21	866	867	868	869	870	871	872	873	874	875	876	877	878	879	880	881	882	883	884	885	886	
302	587	0	1	259	
303	589	0	1	625	
304	590	0	1	1158	
305	591	0	15	218	219	220	221	222	223	224	225	226	227	228	229	230	231	232	
306	594	0	1	362	
307	599	0	1	1152	
308	600	0	1	1031	
309	603	0	15	185	186	187	188	189	190	191	192	193	194	195	196	197	198	199	
310	604	0	1	677	
311	605	0	1	703	
312	606	0	1	388	
313	607	0	1	345	
314	608	0	1	83	
315	609	0	1	895	
316	610	0	3	296	297	298	
317	612	0	3	359	360	361	
318	616	0	1	784	
319	619	0	7	1107	1108	1109	1110	1111	1112	1113	
320	621	0	15	185	186	187	188	189	190	191	192	193	194	195	196	197	198	199	
321	625	0	1	953	
322	626	0	15	218	219	220	221	222	223	224	225	226	227	228	229	230	231	232	
323	627	0	1	889	
324	629	0	3	982	983	984	
325	633	0	9	268	269	270	271	272	273	274	275	276	
326	634	0	1	767	
327	636	0	1	526	
328	641	0	12	609	610	611	612	613	614	615	616	617	618	619	620	
329	643	0	7	461	462	463	464	465	466	467	
330	644	0	1	1032	
331	648	0	9	268	269	270	271	272	273	274	275	276	
332	649	0	7	578	579	580	581	582	583	584	
333	653	0	15	907	908	909	910	911	912	913	914	915	916	917	918	919	920	921	
334	654	0	9	667	668	669	670	671	672	673	674	675	
335	656	0	15	391	392	393	394	395	396	397	398	399	400	401	402	403	404	405	
336	657	0	1	22	
337	658	0	18	417	418	419	420	421	422	423	424	425	426	427	428	429	430	431	432	433	434	
338	661	0	7	351	352	353	354	355	356	357	
339	662	0	1	126	
340	665	0	1	770	
341	666	0	1	752	
342	667	0	1	3	
343	669	0	1	643	
344	670	0	15	814	815	816	817	818	819	820	821	822	823	824	825	826	827	828	
345	671	0	1	364	
346	672	0	1	1106	
347	674	0	1	1034	
348	678	0	7	745	746	747	748	749	750	751	
349	680	0	21	866	867	868	869	870	871	872	873	874	875	876	877	878	879	880	881	882	883	884	885	886	
350	683	0	1	437	
351	685	0	1	797	
352	686	0	21	154	155	156	157	158	159	160	161	162	163	164	165	166	167	168	169	170	171	172	173	174	
353	688	0	1	181	
354	691	0	1	952	
355	692	0	24	501	502	503	504	505	506	507	508	509	510	511	512	513	514	515	516	517	518	519	520	521	522	523	524	
356	694	0	1	1154	
357	695	0	1	586	
358	699	0	1	300	
359	701	0	7	789	790	791	792	793	794	795	
360	703	0	21	645	646	647	648	649	650	651	652	653	654	655	656	657	658	659	660	661	662	663	664	665	
361	705	0	1	666	
362	706	0	1	812	
363	707	0	1	347	
364	708	0	18	848	849	850	851	852	853	854	855	856	857	858	859	860	861	862	863	864	865	
365	712	0	1	893	
366	714	0	1	110	
367	715	0	3	80	81	82	
368	717	0	1	1081	
369	719	0	21	85	86	87	88	89	90	91	92	93	94	95	96	97	98	99	100	101	102	103	104	105	
370	720	0	15	31	32	33	34	35	36	37	38	39	40	41	42	43	44	45	
371	721	0	1	1078	
372	722	0	1	460	
373	723	0	1	997	
374	726	0	18	590	591	592	593	594	595	596	597	598	599	600	601	602	603	604	605	606	607	
375	727	0	1	555	
376	728	0	1	50	
377	731	0	15	311	312	313	314	315	316	317	318	319	320	321	322	323	324	325	
378	732	0	21	866	867	868	869	870	871	872	873	874	875	876	877	878	879	880	881	882	883	884	885	886	
379	733	0	15	704	705	706	707	708	709	710	711	712	713	714	715	716	717	718	
380	736	0	1	378	
381	737	0	1	585	
382	739	0	3	53	54	55	
383	743	0	7	943	944	945	946	947	948	949	
384	744	0	1	985	
385	745	0	21	154	155	156	157	158	159	160	161	162	163	164	165	166	167	168	169	170	171	172	173	174	
386	748	0	21	85	86	87	88	89	90	91	92	93	94	95	96	97	98	99	100	101	102	103	104	105	
387	749	0	15	704	705	706	707	708	709	710	711	712	713	714	715	716	717	718	
