392
0	0	0	24	790	791	792	793	794	795	796	797	798	799	800	801	802	803	804	805	806	807	808	809	810	811	812	813	
1	2	0	15	72	73	74	75	76	77	78	79	80	81	82	83	84	85	86	
2	4	0	18	724	725	726	727	728	729	730	731	732	733	734	735	736	737	738	739	740	741	
3	5	0	1	275	
4	6	0	1	163	
5	8	0	1	1085	
6	11	0	12	945	946	947	948	949	950	951	952	953	954	955	956	
7	12	0	3	328	329	330	
8	13	0	24	1153	1154	1155	1156	1157	1158	1159	1160	1161	1162	1163	1164	1165	1166	1167	1168	1169	1170	1171	1172	1173	1174	1175	1176	
9	14	0	1	111	
10	15	0	15	121	122	123	124	125	126	127	128	129	130	131	132	133	134	135	
11	19	0	7	536	537	538	539	540	541	542	
12	20	0	18	724	725	726	727	728	729	730	731	732	733	734	735	736	737	738	739	740	741	
13	21	0	1	146	
14	23	0	1	336	
15	25	0	7	563	564	565	566	567	568	569	
16	26	0	18	667	668	669	670	671	672	673	674	675	676	677	678	679	680	681	682	683	684	
17	28	0	21	365	366	367	368	369	370	371	372	373	374	375	376	377	378	379	380	381	382	383	384	385	
18	29	0	15	448	449	450	451	452	453	454	455	456	457	458	459	460	461	462	
19	30	0	3	816	817	818	
20	31	0	1	1195	
21	32	0	7	863	864	865	866	867	868	869	
22	34	0	24	790	791	792	793	794	795	796	797	798	799	800	801	802	803	804	805	806	807	808	809	810	811	812	813	
23	37	0	7	1178	1179	1180	1181	1182	1183	1184	
24	42	0	1	273	
25	43	0	1	1105	
26	45	0	9	1185	1186	1187	1188	1189	1190	1191	1192	1193	
27	48	0	15	209	210	211	212	213	214	215	216	217	218	219	220	221	222	223	
28	49	0	1	860	
29	50	0	1	745	
30	52	0	1	1224	
31	53	0	1	397	
32	54	0	1	1201	
33	55	0	1	958	
34	59	0	24	914	915	916	917	918	919	920	921	922	923	924	925	926	927	928	929	930	931	932	933	934	935	936	937	
35	60	0	12	410	411	412	413	414	415	416	417	418	419	420	421	
36	62	0	15	1065	1066	1067	1068	1069	1070	1071	1072	1073	1074	1075	1076	1077	1078	1079	
37	64	0	3	1047	1048	1049	
38	66	0	1	423	
39	67	0	9	714	715	716	717	718	719	720	721	722	
40	70	0	1	246	
41	72	0	1	1152	
42	73	0	1	957	
43	75	0	1	162	
44	77	0	1	276	
45	78	0	1	403	
46	81	0	1	395	
47	82	0	1	723	
48	84	0	1	333	
49	86	0	1	422	
50	87	0	1	1	
51	89	0	3	89	90	91	
52	94	0	1	1212	
53	100	0	1	1149	
54	104	0	1	1104	
55	105	0	24	180	181	182	183	184	185	186	187	188	189	190	191	192	193	194	195	196	197	198	199	200	201	202	203	
56	106	0	1	323	
57	109	0	1	110	
58	110	0	7	905	906	907	908	909	910	911	
59	112	0	18	724	725	726	727	728	729	730	731	732	733	734	735	736	737	738	739	740	741	
60	114	0	21	693	694	695	696	697	698	699	700	701	702	703	704	705	706	707	708	709	710	711	712	713	
61	115	0	1	405	
62	117	0	1	558	
63	118	0	3	306	307	308	
64	120	0	1	349	
65	121	0	1	47	
66	123	0	15	1065	1066	1067	1068	1069	1070	1071	1072	1073	1074	1075	1076	1077	1078	1079	
67	125	0	12	410	411	412	413	414	415	416	417	418	419	420	421	
68	126	0	24	494	495	496	497	498	499	500	501	502	503	504	505	506	507	508	509	510	511	512	513	514	515	516	517	
69	128	0	1	425	
70	132	0	1	284	
71	133	0	1	335	
72	136	0	1	338	
73	138	0	1	545	
74	142	0	21	365	366	367	368	369	370	371	372	373	374	375	376	377	378	379	380	381	382	383	384	385	
75	143	0	24	1153	1154	1155	1156	1157	1158	1159	1160	1161	1162	1163	1164	1165	1166	1167	1168	1169	1170	1171	1172	1173	1174	1175	1176	
76	144	0	12	59	60	61	62	63	64	65	66	67	68	69	70	
77	145	0	1	577	
78	146	0	1	206	
79	147	0	12	546	547	548	549	550	551	552	553	554	555	556	557	
80	149	0	1	757	
81	150	0	1	765	
82	152	0	15	638	639	640	641	642	643	644	645	646	647	648	649	650	651	652	
83	153	0	7	1138	1139	1140	1141	1142	1143	1144	
84	154	0	7	465	466	467	468	469	470	471	
85	157	0	7	438	439	440	441	442	443	444	
86	160	0	1	1080	
87	162	0	12	25	26	27	28	29	30	31	32	33	34	35	36	
88	165	0	1	1202	
89	167	0	18	226	227	228	229	230	231	232	233	234	235	236	237	238	239	240	241	242	243	
90	168	0	1	437	
91	170	0	1	424	
92	171	0	1	1148	
93	172	0	15	1050	1051	1052	1053	1054	1055	1056	1057	1058	1059	1060	1061	1062	1063	1064	
94	173	0	1	164	
95	174	0	24	1014	1015	1016	1017	1018	1019	1020	1021	1022	1023	1024	1025	1026	1027	1028	1029	1030	1031	1032	1033	1034	1035	1036	1037	
96	177	0	15	598	599	600	601	602	603	604	605	606	607	608	609	610	611	612	
97	180	0	21	365	366	367	368	369	370	371	372	373	374	375	376	377	378	379	380	381	382	383	384	385	
98	181	0	18	518	519	520	521	522	523	524	525	526	527	528	529	530	531	532	533	534	535	
99	182	0	1	596	
100	184	0	1	120	
101	186	0	18	226	227	228	229	230	231	232	233	234	235	236	237	238	239	240	241	242	243	
102	188	0	21	823	824	825	826	827	828	829	830	831	832	833	834	835	836	837	838	839	840	841	842	843	
103	190	0	1	145	
104	191	0	7	154	155	156	157	158	159	160	
105	193	0	1	845	
106	194	0	7	136	137	138	139	140	141	142	
107	195	0	1	1207	
108	199	0	24	914	915	916	917	918	919	920	921	922	923	924	925	926	927	928	929	930	931	932	933	934	935	936	937	
109	200	0	9	289	290	291	292	293	294	295	296	297	
110	206	0	7	938	939	940	941	942	943	944	
111	207	0	1	327	
112	210	0	21	472	473	474	475	476	477	478	479	480	481	482	483	484	485	486	487	488	489	490	491	492	
113	211	0	7	1131	1132	1133	1134	1135	1136	1137	
114	212	0	24	1107	1108	1109	1110	1111	1112	1113	1114	1115	1116	1117	1118	1119	1120	1121	1122	1123	1124	1125	1126	1127	1128	1129	1130	
115	213	0	1	993	
116	214	0	9	340	341	342	343	344	345	346	347	348	
117	215	0	1	692	
118	216	0	3	311	312	313	
119	219	0	12	546	547	548	549	550	551	552	553	554	555	556	557	
120	221	0	9	614	615	616	617	618	619	620	621	622	
121	222	0	1	966	
122	226	0	1	686	
123	228	0	1	435	
124	229	0	24	1107	1108	1109	1110	1111	1112	1113	1114	1115	1116	1117	1118	1119	1120	1121	1122	1123	1124	1125	1126	1127	1128	1129	1130	
125	232	0	1	298	
126	233	0	1	144	
127	239	0	21	823	824	825	826	827	828	829	830	831	832	833	834	835	836	837	838	839	840	841	842	843	
128	241	0	1	305	
129	242	0	1	595	
130	244	0	24	914	915	916	917	918	919	920	921	922	923	924	925	926	927	928	929	930	931	932	933	934	935	936	937	
131	245	0	9	386	387	388	389	390	391	392	393	394	
132	247	0	15	890	891	892	893	894	895	896	897	898	899	900	901	902	903	904	
133	248	0	1	404	
134	251	0	24	1014	1015	1016	1017	1018	1019	1020	1021	1022	1023	1024	1025	1026	1027	1028	1029	1030	1031	1032	1033	1034	1035	1036	1037	
135	252	0	15	890	891	892	893	894	895	896	897	898	899	900	901	902	903	904	
136	253	0	1	244	
137	254	0	15	579	580	581	582	583	584	585	586	587	588	589	590	591	592	593	
138	255	0	7	758	759	760	761	762	763	764	
139	257	0	1	913	
140	259	0	1	562	
141	260	0	1	785	
142	261	0	1	119	
143	262	0	9	386	387	388	389	390	391	392	393	394	
144	263	0	1	281	
145	265	0	15	209	210	211	212	213	214	215	216	217	218	219	220	221	222	223	
146	272	0	1	92	
147	273	0	21	693	694	695	696	697	698	699	700	701	702	703	704	705	706	707	708	709	710	711	712	713	
148	274	0	15	623	624	625	626	627	628	629	630	631	632	633	634	635	636	637	
149	276	0	7	315	316	317	318	319	320	321	
150	278	0	1	224	
151	279	0	1	464	
152	280	0	7	766	767	768	769	770	771	772	
153	282	0	1	225	
154	283	0	7	428	429	430	431	432	433	434	
155	285	0	24	180	181	182	183	184	185	186	187	188	189	190	191	192	193	194	195	196	197	198	199	200	201	202	203	
156	286	0	9	748	749	750	751	752	753	754	755	756	
157	289	0	21	693	694	695	696	697	698	699	700	701	702	703	704	705	706	707	708	709	710	711	712	713	
158	290	0	1	208	
159	293	0	1	143	
160	294	0	1	994	
161	296	0	24	494	495	496	497	498	499	500	501	502	503	504	505	506	507	508	509	510	511	512	513	514	515	516	517	
162	298	0	12	247	248	249	250	251	252	253	254	255	256	257	258	
163	299	0	12	25	26	27	28	29	30	31	32	33	34	35	36	
164	300	0	1	844	
165	301	0	1	690	
166	302	0	1	179	
167	303	0	15	350	351	352	353	354	355	356	357	358	359	360	361	362	363	364	
168	305	0	1	613	
169	306	0	7	997	998	999	1000	1001	1002	1003	
170	307	0	24	914	915	916	917	918	919	920	921	922	923	924	925	926	927	928	929	930	931	932	933	934	935	936	937	
171	309	0	24	494	495	496	497	498	499	500	501	502	503	504	505	506	507	508	509	510	511	512	513	514	515	516	517	
172	310	0	1	277	
173	311	0	1	48	
174	313	0	21	472	473	474	475	476	477	478	479	480	481	482	483	484	485	486	487	488	489	490	491	492	
175	314	0	15	1050	1051	1052	1053	1054	1055	1056	1057	1058	1059	1060	1061	1062	1063	1064	
176	316	0	1	407	
177	317	0	12	260	261	262	263	264	265	266	267	268	269	270	271	
178	320	0	1	1145	
179	321	0	7	1225	1226	1227	1228	1229	1230	1231	
180	322	0	3	787	788	789	
181	323	0	1	332	
182	324	0	18	870	871	872	873	874	875	876	877	878	879	880	881	882	883	884	885	886	887	
183	325	0	1	1151	
184	327	0	1	691	
185	330	0	1	408	
186	333	0	1	309	
187	335	0	1	1150	
188	337	0	3	853	854	855	
189	340	0	9	714	715	716	717	718	719	720	721	722	
190	343	0	15	448	449	450	451	452	453	454	455	456	457	458	459	460	461	462	
191	344	0	1	559	
192	347	0	24	180	181	182	183	184	185	186	187	188	189	190	191	192	193	194	195	196	197	198	199	200	201	202	203	
193	348	0	1	427	
194	351	0	1	1211	
195	355	0	15	350	351	352	353	354	355	356	357	358	359	360	361	362	363	364	
196	357	0	1	781	
197	360	0	3	1208	1209	1210	
198	361	0	3	324	325	326	
199	362	0	1	746	
200	364	0	1	426	
201	365	0	1	24	
202	367	0	3	856	857	858	
203	368	0	1	1206	
204	372	0	12	59	60	61	62	63	64	65	66	67	68	69	70	
205	373	0	1	304	
206	375	0	3	445	446	447	
207	376	0	1	493	
208	378	0	1	576	
209	380	0	1	996	
210	381	0	1	178	
211	384	0	1	280	
212	385	0	18	226	227	228	229	230	231	232	233	234	235	236	237	238	239	240	241	242	243	
213	387	0	21	823	824	825	826	827	828	829	830	831	832	833	834	835	836	837	838	839	840	841	842	843	
214	389	0	9	340	341	342	343	344	345	346	347	348	
215	391	0	1	322	
216	395	0	1	205	
217	396	0	1	58	
218	397	0	1	436	
219	400	0	1	859	
220	401	0	1	560	
221	406	0	1	1203	
222	407	0	1	1106	
223	408	0	18	518	519	520	521	522	523	524	525	526	527	528	529	530	531	532	533	534	535	
224	409	0	1	786	
225	410	0	1	272	
226	411	0	7	147	148	149	150	151	152	153	
227	412	0	1	339	
228	413	0	1	279	
229	417	0	15	598	599	600	601	602	603	604	605	606	607	608	609	610	611	612	
230	418	0	1	37	
231	419	0	1	331	
232	421	0	1	1204	
233	424	0	24	1014	1015	1016	1017	1018	1019	1020	1021	1022	1023	1024	1025	1026	1027	1028	1029	1030	1031	1032	1033	1034	1035	1036	1037	
234	425	0	1	398	
235	426	0	7	1007	1008	1009	1010	1011	1012	1013	
236	427	0	1	1146	
237	429	0	1	1214	
238	432	0	1	862	
239	433	0	1	399	
240	435	0	7	660	661	662	663	664	665	666	
241	437	0	1	112	
242	438	0	3	107	108	109	
243	439	0	1	687	
244	440	0	1	302	
245	441	0	1	259	
246	443	0	3	400	401	402	
247	444	0	3	819	820	821	
248	446	0	1	113	
249	448	0	1	1215	
250	451	0	1	406	
251	453	0	1	0	
252	455	0	1	87	
253	457	0	24	790	791	792	793	794	795	796	797	798	799	800	801	802	803	804	805	806	807	808	809	810	811	812	813	
254	459	0	9	38	39	40	41	42	43	44	45	46	
255	461	0	3	742	743	744	
256	462	0	1	575	
257	463	0	1	118	
258	464	0	1	463	
259	467	0	3	286	287	288	
260	468	0	24	1153	1154	1155	1156	1157	1158	1159	1160	1161	1162	1163	1164	1165	1166	1167	1168	1169	1170	1171	1172	1173	1174	1175	1176	
261	469	0	21	472	473	474	475	476	477	478	479	480	481	482	483	484	485	486	487	488	489	490	491	492	
262	473	0	9	614	615	616	617	618	619	620	621	622	
263	474	0	9	169	170	171	172	173	174	175	176	177	
264	476	0	7	846	847	848	849	850	851	852	
265	477	0	15	579	580	581	582	583	584	585	586	587	588	589	590	591	592	593	
266	479	0	7	959	960	961	962	963	964	965	
267	482	0	15	638	639	640	641	642	643	644	645	646	647	648	649	650	651	652	
268	483	0	24	1107	1108	1109	1110	1111	1112	1113	1114	1115	1116	1117	1118	1119	1120	1121	1122	1123	1124	1125	1126	1127	1128	1129	1130	
269	488	0	3	166	167	168	
270	492	0	1	995	
271	495	0	15	579	580	581	582	583	584	585	586	587	588	589	590	591	592	593	
272	497	0	1	1223	
273	498	0	1	283	
274	499	0	3	1081	1082	1083	
275	501	0	1	23	
276	502	0	18	1086	1087	1088	1089	1090	1091	1092	1093	1094	1095	1096	1097	1098	1099	1100	1101	1102	1103	
277	504	0	7	1216	1217	1218	1219	1220	1221	1222	
278	506	0	1	815	
279	508	0	1	88	
280	510	0	1	301	
281	511	0	1	57	
282	513	0	1	544	
283	514	0	1	207	
284	515	0	18	967	968	969	970	971	972	973	974	975	976	977	978	979	980	981	982	983	984	
285	516	0	1	543	
286	517	0	1	688	
287	518	0	1	689	
288	519	0	24	1107	1108	1109	1110	1111	1112	1113	1114	1115	1116	1117	1118	1119	1120	1121	1122	1123	1124	1125	1126	1127	1128	1129	1130	
289	523	0	1	299	
290	527	0	21	2	3	4	5	6	7	8	9	10	11	12	13	14	15	16	17	18	19	20	21	22	
291	528	0	3	570	571	572	
292	530	0	1	574	
293	532	0	9	1038	1039	1040	1041	1042	1043	1044	1045	1046	
294	537	0	12	260	261	262	263	264	265	266	267	268	269	270	271	
295	539	0	18	667	668	669	670	671	672	673	674	675	676	677	678	679	680	681	682	683	684	
296	541	0	3	115	116	117	
297	542	0	24	1153	1154	1155	1156	1157	1158	1159	1160	1161	1162	1163	1164	1165	1166	1167	1168	1169	1170	1171	1172	1173	1174	1175	1176	
298	545	0	3	782	783	784	
299	546	0	1	992	
300	548	0	12	95	96	97	98	99	100	101	102	103	104	105	106	
301	551	0	1	1200	
302	552	0	1	861	
303	554	0	7	50	51	52	53	54	55	56	
304	556	0	15	209	210	211	212	213	214	215	216	217	218	219	220	221	222	223	
305	558	0	1	573	
306	562	0	21	2	3	4	5	6	7	8	9	10	11	12	13	14	15	16	17	18	19	20	21	22	
307	565	0	1	597	
308	567	0	15	598	599	600	601	602	603	604	605	606	607	608	609	610	611	612	
309	571	0	18	870	871	872	873	874	875	876	877	878	879	880	881	882	883	884	885	886	887	
310	573	0	1	773	
311	574	0	15	638	639	640	641	642	643	644	645	646	647	648	649	650	651	652	
312	577	0	15	623	624	625	626	627	628	629	630	631	632	633	634	635	636	637	
313	580	0	1	594	
314	581	0	1	49	
315	582	0	18	967	968	969	970	971	972	973	974	975	976	977	978	979	980	981	982	983	984	
316	585	0	1	1194	
317	591	0	7	985	986	987	988	989	990	991	
318	592	0	9	1038	1039	1040	1041	1042	1043	1044	1045	1046	
319	594	0	15	121	122	123	124	125	126	127	128	129	130	131	132	133	134	135	
320	595	0	3	1004	1005	1006	
321	598	0	1	94	
322	599	0	18	518	519	520	521	522	523	524	525	526	527	528	529	530	531	532	533	534	535	
323	602	0	15	350	351	352	353	354	355	356	357	358	359	360	361	362	363	364	
324	605	0	1	1205	
325	606	0	9	1185	1186	1187	1188	1189	1190	1191	1192	1193	
326	608	0	1	245	
327	611	0	1	409	
328	612	0	1	1199	
329	615	0	24	1014	1015	1016	1017	1018	1019	1020	1021	1022	1023	1024	1025	1026	1027	1028	1029	1030	1031	1032	1033	1034	1035	1036	1037	
330	618	0	1	822	
331	619	0	18	1086	1087	1088	1089	1090	1091	1092	1093	1094	1095	1096	1097	1098	1099	1100	1101	1102	1103	
332	620	0	1	561	
333	621	0	18	870	871	872	873	874	875	876	877	878	879	880	881	882	883	884	885	886	887	
334	622	0	1	1177	
335	623	0	1	337	
336	627	0	18	1086	1087	1088	1089	1090	1091	1092	1093	1094	1095	1096	1097	1098	1099	1100	1101	1102	1103	
337	632	0	1	1213	
338	634	0	1	300	
339	635	0	1	912	
340	641	0	18	667	668	669	670	671	672	673	674	675	676	677	678	679	680	681	682	683	684	
341	645	0	9	169	170	171	172	173	174	175	176	177	
342	647	0	15	121	122	123	124	125	126	127	128	129	130	131	132	133	134	135	
343	652	0	9	38	39	40	41	42	43	44	45	46	
344	653	0	12	95	96	97	98	99	100	101	102	103	104	105	106	
345	655	0	1	303	
346	656	0	1	685	
347	661	0	1	888	
348	664	0	7	774	775	776	777	778	779	780	
349	665	0	15	623	624	625	626	627	628	629	630	631	632	633	634	635	636	637	
350	666	0	15	1065	1066	1067	1068	1069	1070	1071	1072	1073	1074	1075	1076	1077	1078	1079	
351	667	0	15	72	73	74	75	76	77	78	79	80	81	82	83	84	85	86	
352	670	0	3	1196	1197	1198	
353	671	0	1	334	
354	672	0	1	285	
355	676	0	1	889	
356	680	0	1	274	
357	681	0	12	945	946	947	948	949	950	951	952	953	954	955	956	
358	682	0	12	247	248	249	250	251	252	253	254	255	256	257	258	
359	683	0	24	790	791	792	793	794	795	796	797	798	799	800	801	802	803	804	805	806	807	808	809	810	811	812	813	
360	684	0	18	967	968	969	970	971	972	973	974	975	976	977	978	979	980	981	982	983	984	
361	685	0	1	578	
362	686	0	21	823	824	825	826	827	828	829	830	831	832	833	834	835	836	837	838	839	840	841	842	843	
363	687	0	1	165	
364	688	0	21	2	3	4	5	6	7	8	9	10	11	12	13	14	15	16	17	18	19	20	21	22	
365	691	0	1	204	
366	692	0	1	161	
367	693	0	1	278	
368	696	0	1	1147	
369	697	0	1	814	
370	698	0	24	180	181	182	183	184	185	186	187	188	189	190	191	192	193	194	195	196	197	198	199	200	201	202	203	
371	700	0	24	494	495	496	497	498	499	500	501	502	503	504	505	506	507	508	509	510	511	512	513	514	515	516	517	
372	703	0	9	289	290	291	292	293	294	295	296	297	
373	704	0	15	1050	1051	1052	1053	1054	1055	1056	1057	1058	1059	1060	1061	1062	1063	1064	
374	706	0	7	653	654	655	656	657	658	659	
375	707	0	15	890	891	892	893	894	895	896	897	898	899	900	901	902	903	904	
376	708	0	1	396	
377	709	0	15	72	73	74	75	76	77	78	79	80	81	82	83	84	85	86	
378	712	0	1	747	
379	715	0	21	2	3	4	5	6	7	8	9	10	11	12	13	14	15	16	17	18	19	20	21	22	
380	721	0	21	693	694	695	696	697	698	699	700	701	702	703	704	705	706	707	708	709	710	711	712	713	
381	722	0	21	365	366	367	368	369	370	371	372	373	374	375	376	377	378	379	380	381	382	383	384	385	
382	729	0	1	93	
383	730	0	9	748	749	750	751	752	753	754	755	756	
384	732	0	1	310	
385	733	0	1	114	
386	738	0	1	314	
387	744	0	1	1084	
388	745	0	1	71	
389	746	0	21	472	473	474	475	476	477	478	479	480	481	482	483	484	485	486	487	488	489	490	491	492	
390	747	0	15	448	449	450	451	452	453	454	455	456	457	458	459	460	461	462	
391	748	0	1	282	
