408
0	0	0	1	1299	
1	3	0	15	29	30	31	32	33	34	35	36	37	38	39	40	41	42	43	
2	4	0	1	831	
3	5	0	21	107	108	109	110	111	112	113	114	115	116	117	118	119	120	121	122	123	124	125	126	127	
4	6	0	7	915	916	917	918	919	920	921	
5	10	0	24	922	923	924	925	926	927	928	929	930	931	932	933	934	935	936	937	938	939	940	941	942	943	944	945	
6	12	0	1	849	
7	14	0	1	1257	
8	18	0	1	1085	
9	19	0	1	319	
10	20	0	1	454	
11	21	0	3	640	641	642	
12	24	0	1	220	
13	25	0	15	888	889	890	891	892	893	894	895	896	897	898	899	900	901	902	
14	26	0	12	1040	1041	1042	1043	1044	1045	1046	1047	1048	1049	1050	1051	
15	28	0	1	128	
16	30	0	24	1175	1176	1177	1178	1179	1180	1181	1182	1183	1184	1185	1186	1187	1188	1189	1190	1191	1192	1193	1194	1195	1196	1197	1198	
17	31	0	1	588	
18	32	0	18	725	726	727	728	729	730	731	732	733	734	735	736	737	738	739	740	741	742	
19	33	0	24	402	403	404	405	406	407	408	409	410	411	412	413	414	415	416	417	418	419	420	421	422	423	424	425	
20	34	0	1	156	
21	35	0	1	322	
22	37	0	1	708	
23	38	0	9	9	10	11	12	13	14	15	16	17	
24	40	0	24	743	744	745	746	747	748	749	750	751	752	753	754	755	756	757	758	759	760	761	762	763	764	765	766	
25	41	0	1	837	
26	46	0	24	1175	1176	1177	1178	1179	1180	1181	1182	1183	1184	1185	1186	1187	1188	1189	1190	1191	1192	1193	1194	1195	1196	1197	1198	
27	48	0	1	778	
28	51	0	24	483	484	485	486	487	488	489	490	491	492	493	494	495	496	497	498	499	500	501	502	503	504	505	506	
29	52	0	1	129	
30	53	0	24	1120	1121	1122	1123	1124	1125	1126	1127	1128	1129	1130	1131	1132	1133	1134	1135	1136	1137	1138	1139	1140	1141	1142	1143	
31	54	0	15	56	57	58	59	60	61	62	63	64	65	66	67	68	69	70	
32	56	0	9	338	339	340	341	342	343	344	345	346	
33	57	0	24	1230	1231	1232	1233	1234	1235	1236	1237	1238	1239	1240	1241	1242	1243	1244	1245	1246	1247	1248	1249	1250	1251	1252	1253	
34	58	0	21	236	237	238	239	240	241	242	243	244	245	246	247	248	249	250	251	252	253	254	255	256	
35	59	0	7	1271	1272	1273	1274	1275	1276	1277	
36	60	0	1	674	
37	61	0	7	581	582	583	584	585	586	587	
38	64	0	1	321	
39	65	0	1	27	
40	67	0	1	105	
41	68	0	12	867	868	869	870	871	872	873	874	875	876	877	878	
42	69	0	24	947	948	949	950	951	952	953	954	955	956	957	958	959	960	961	962	963	964	965	966	967	968	969	970	
43	70	0	1	638	
44	71	0	1	836	
45	72	0	1	169	
46	77	0	7	905	906	907	908	909	910	911	
47	79	0	1	397	
48	83	0	1	846	
49	85	0	24	743	744	745	746	747	748	749	750	751	752	753	754	755	756	757	758	759	760	761	762	763	764	765	766	
50	88	0	21	1152	1153	1154	1155	1156	1157	1158	1159	1160	1161	1162	1163	1164	1165	1166	1167	1168	1169	1170	1171	1172	
51	89	0	24	257	258	259	260	261	262	263	264	265	266	267	268	269	270	271	272	273	274	275	276	277	278	279	280	
52	90	0	1	362	
53	92	0	15	1010	1011	1012	1013	1014	1015	1016	1017	1018	1019	1020	1021	1022	1023	1024	
54	93	0	3	509	510	511	
55	98	0	24	801	802	803	804	805	806	807	808	809	810	811	812	813	814	815	816	817	818	819	820	821	822	823	824	
56	99	0	21	364	365	366	367	368	369	370	371	372	373	374	375	376	377	378	379	380	381	382	383	384	
57	102	0	1	675	
58	103	0	21	1360	1361	1362	1363	1364	1365	1366	1367	1368	1369	1370	1371	1372	1373	1374	1375	1376	1377	1378	1379	1380	
59	104	0	9	227	228	229	230	231	232	233	234	235	
60	106	0	1	515	
61	108	0	1	946	
62	111	0	3	825	826	827	
63	112	0	1	1087	
64	115	0	15	550	551	552	553	554	555	556	557	558	559	560	561	562	563	564	
65	120	0	1	1278	
66	121	0	1	636	
67	124	0	3	1061	1062	1063	
68	125	0	3	45	46	47	
69	129	0	1	971	
70	130	0	1	1313	
71	131	0	12	442	443	444	445	446	447	448	449	450	451	452	453	
72	132	0	15	1010	1011	1012	1013	1014	1015	1016	1017	1018	1019	1020	1021	1022	1023	1024	
73	133	0	15	780	781	782	783	784	785	786	787	788	789	790	791	792	793	794	
74	134	0	7	543	544	545	546	547	548	549	
75	136	0	3	398	399	400	
76	138	0	21	236	237	238	239	240	241	242	243	244	245	246	247	248	249	250	251	252	253	254	255	256	
77	139	0	1	137	
78	140	0	24	1199	1200	1201	1202	1203	1204	1205	1206	1207	1208	1209	1210	1211	1212	1213	1214	1215	1216	1217	1218	1219	1220	1221	1222	
79	142	0	24	947	948	949	950	951	952	953	954	955	956	957	958	959	960	961	962	963	964	965	966	967	968	969	970	
80	143	0	15	550	551	552	553	554	555	556	557	558	559	560	561	562	563	564	
81	145	0	1	1086	
82	149	0	1	673	
83	150	0	3	222	223	224	
84	152	0	21	1360	1361	1362	1363	1364	1365	1366	1367	1368	1369	1370	1371	1372	1373	1374	1375	1376	1377	1378	1379	1380	
85	154	0	1	834	
86	155	0	1	862	
87	156	0	21	107	108	109	110	111	112	113	114	115	116	117	118	119	120	121	122	123	124	125	126	127	
88	159	0	1	600	
89	161	0	1	1173	
90	163	0	7	698	699	700	701	702	703	704	
91	165	0	3	658	659	660	
92	168	0	7	572	573	574	575	576	577	578	
93	169	0	24	517	518	519	520	521	522	523	524	525	526	527	528	529	530	531	532	533	534	535	536	537	538	539	540	
94	170	0	1	639	
95	173	0	24	1175	1176	1177	1178	1179	1180	1181	1182	1183	1184	1185	1186	1187	1188	1189	1190	1191	1192	1193	1194	1195	1196	1197	1198	
96	174	0	15	709	710	711	712	713	714	715	716	717	718	719	720	721	722	723	
97	178	0	15	709	710	711	712	713	714	715	716	717	718	719	720	721	722	723	
98	179	0	7	767	768	769	770	771	772	773	
99	181	0	1	1293	
100	182	0	1	567	
101	183	0	1	354	
102	185	0	1	669	
103	189	0	18	178	179	180	181	182	183	184	185	186	187	188	189	190	191	192	193	194	195	
104	191	0	1	861	
105	192	0	18	86	87	88	89	90	91	92	93	94	95	96	97	98	99	100	101	102	103	
106	197	0	1	694	
107	199	0	15	888	889	890	891	892	893	894	895	896	897	898	899	900	901	902	
108	201	0	1	593	
109	204	0	1	1270	
110	205	0	3	1280	1281	1282	
111	208	0	1	598	
112	209	0	1	516	
113	211	0	1	904	
114	212	0	3	1	2	3	
115	214	0	3	610	611	612	
116	217	0	3	568	569	570	
117	218	0	24	801	802	803	804	805	806	807	808	809	810	811	812	813	814	815	816	817	818	819	820	821	822	823	824	
118	219	0	15	709	710	711	712	713	714	715	716	717	718	719	720	721	722	723	
119	220	0	24	947	948	949	950	951	952	953	954	955	956	957	958	959	960	961	962	963	964	965	966	967	968	969	970	
120	223	0	15	1321	1322	1323	1324	1325	1326	1327	1328	1329	1330	1331	1332	1333	1334	1335	
121	225	0	3	202	203	204	
122	230	0	21	1152	1153	1154	1155	1156	1157	1158	1159	1160	1161	1162	1163	1164	1165	1166	1167	1168	1169	1170	1171	1172	
123	231	0	21	107	108	109	110	111	112	113	114	115	116	117	118	119	120	121	122	123	124	125	126	127	
124	233	0	1	724	
125	234	0	1	1337	
126	235	0	7	601	602	603	604	605	606	607	
127	237	0	1	201	
128	238	0	1	589	
129	239	0	1	1338	
130	241	0	9	227	228	229	230	231	232	233	234	235	
131	242	0	1	300	
132	244	0	7	1223	1224	1225	1226	1227	1228	1229	
133	245	0	24	922	923	924	925	926	927	928	929	930	931	932	933	934	935	936	937	938	939	940	941	942	943	944	945	
134	247	0	1	1095	
135	249	0	1	138	
136	252	0	15	71	72	73	74	75	76	77	78	79	80	81	82	83	84	85	
137	253	0	12	1027	1028	1029	1030	1031	1032	1033	1034	1035	1036	1037	1038	
138	254	0	1	1025	
139	255	0	12	428	429	430	431	432	433	434	435	436	437	438	439	
140	256	0	1	657	
141	257	0	1	6	
142	258	0	18	992	993	994	995	996	997	998	999	1000	1001	1002	1003	1004	1005	1006	1007	1008	1009	
143	259	0	7	147	148	149	150	151	152	153	
144	260	0	7	205	206	207	208	209	210	211	
145	263	0	7	1088	1089	1090	1091	1092	1093	1094	
146	266	0	1	695	
147	267	0	1	0	
148	268	0	24	457	458	459	460	461	462	463	464	465	466	467	468	469	470	471	472	473	474	475	476	477	478	479	480	
149	271	0	1	385	
150	272	0	1	1292	
151	274	0	1	221	
152	277	0	1	55	
153	280	0	1	571	
154	281	0	18	618	619	620	621	622	623	624	625	626	627	628	629	630	631	632	633	634	635	
155	283	0	9	387	388	389	390	391	392	393	394	395	
156	284	0	1	991	
157	285	0	1	880	
158	286	0	3	828	829	830	
159	288	0	9	338	339	340	341	342	343	344	345	346	
160	289	0	1	617	
161	290	0	21	107	108	109	110	111	112	113	114	115	116	117	118	119	120	121	122	123	124	125	126	127	
162	297	0	1	676	
163	300	0	24	1230	1231	1232	1233	1234	1235	1236	1237	1238	1239	1240	1241	1242	1243	1244	1245	1246	1247	1248	1249	1250	1251	1252	1253	
164	302	0	15	972	973	974	975	976	977	978	979	980	981	982	983	984	985	986	
165	303	0	1	104	
166	304	0	3	590	591	592	
167	305	0	1	835	
168	306	0	21	1360	1361	1362	1363	1364	1365	1366	1367	1368	1369	1370	1371	1372	1373	1374	1375	1376	1377	1378	1379	1380	
169	307	0	18	618	619	620	621	622	623	624	625	626	627	628	629	630	631	632	633	634	635	
170	311	0	1	847	
171	312	0	7	881	882	883	884	885	886	887	
172	313	0	15	29	30	31	32	33	34	35	36	37	38	39	40	41	42	43	
173	314	0	7	140	141	142	143	144	145	146	
174	315	0	1	7	
175	318	0	1	860	
176	320	0	3	594	595	596	
177	322	0	1	226	
178	327	0	1	1039	
179	328	0	1	608	
180	331	0	18	618	619	620	621	622	623	624	625	626	627	628	629	630	631	632	633	634	635	
181	332	0	15	780	781	782	783	784	785	786	787	788	789	790	791	792	793	794	
182	334	0	3	614	615	616	
183	335	0	18	725	726	727	728	729	730	731	732	733	734	735	736	737	738	739	740	741	742	
184	339	0	24	1175	1176	1177	1178	1179	1180	1181	1182	1183	1184	1185	1186	1187	1188	1189	1190	1191	1192	1193	1194	1195	1196	1197	1198	
185	341	0	24	743	744	745	746	747	748	749	750	751	752	753	754	755	756	757	758	759	760	761	762	763	764	765	766	
186	342	0	1	281	
187	343	0	15	1321	1322	1323	1324	1325	1326	1327	1328	1329	1330	1331	1332	1333	1334	1335	
188	344	0	15	323	324	325	326	327	328	329	330	331	332	333	334	335	336	337	
189	349	0	15	56	57	58	59	60	61	62	63	64	65	66	67	68	69	70	
190	350	0	7	355	356	357	358	359	360	361	
191	354	0	3	798	799	800	
192	364	0	21	1099	1100	1101	1102	1103	1104	1105	1106	1107	1108	1109	1110	1111	1112	1113	1114	1115	1116	1117	1118	1119	
193	369	0	1	455	
194	371	0	3	316	317	318	
195	372	0	24	457	458	459	460	461	462	463	464	465	466	467	468	469	470	471	472	473	474	475	476	477	478	479	480	
196	373	0	1	644	
197	375	0	1	1294	
198	377	0	1	1336	
199	378	0	18	1339	1340	1341	1342	1343	1344	1345	1346	1347	1348	1349	1350	1351	1352	1353	1354	1355	1356	
200	381	0	7	687	688	689	690	691	692	693	
201	384	0	24	257	258	259	260	261	262	263	264	265	266	267	268	269	270	271	272	273	274	275	276	277	278	279	280	
202	385	0	1	508	
203	390	0	18	86	87	88	89	90	91	92	93	94	95	96	97	98	99	100	101	102	103	
204	392	0	7	18	19	20	21	22	23	24	
205	394	0	1	50	
206	395	0	24	517	518	519	520	521	522	523	524	525	526	527	528	529	530	531	532	533	534	535	536	537	538	539	540	
207	397	0	24	457	458	459	460	461	462	463	464	465	466	467	468	469	470	471	472	473	474	475	476	477	478	479	480	
208	399	0	24	1230	1231	1232	1233	1234	1235	1236	1237	1238	1239	1240	1241	1242	1243	1244	1245	1246	1247	1248	1249	1250	1251	1252	1253	
209	400	0	3	705	706	707	
210	401	0	12	1027	1028	1029	1030	1031	1032	1033	1034	1035	1036	1037	1038	
211	404	0	15	323	324	325	326	327	328	329	330	331	332	333	334	335	336	337	
212	405	0	3	512	513	514	
213	406	0	1	363	
214	407	0	1	832	
215	408	0	18	992	993	994	995	996	997	998	999	1000	1001	1002	1003	1004	1005	1006	1007	1008	1009	
216	409	0	12	1258	1259	1260	1261	1262	1263	1264	1265	1266	1267	1268	1269	
217	411	0	3	912	913	914	
218	412	0	1	200	
219	415	0	18	1339	1340	1341	1342	1343	1344	1345	1346	1347	1348	1349	1350	1351	1352	1353	1354	1355	1356	
220	417	0	1	481	
221	419	0	9	9	10	11	12	13	14	15	16	17	
222	420	0	1	54	
223	421	0	1	579	
224	422	0	12	428	429	430	431	432	433	434	435	436	437	438	439	
225	423	0	1	903	
226	424	0	3	987	988	989	
227	425	0	1	396	
228	427	0	24	402	403	404	405	406	407	408	409	410	411	412	413	414	415	416	417	418	419	420	421	422	423	424	425	
229	431	0	7	212	213	214	215	216	217	218	
230	432	0	24	801	802	803	804	805	806	807	808	809	810	811	812	813	814	815	816	817	818	819	820	821	822	823	824	
231	433	0	21	236	237	238	239	240	241	242	243	244	245	246	247	248	249	250	251	252	253	254	255	256	
232	434	0	3	654	655	656	
233	435	0	3	840	841	842	
234	436	0	24	801	802	803	804	805	806	807	808	809	810	811	812	813	814	815	816	817	818	819	820	821	822	823	824	
235	437	0	1	661	
236	438	0	1	1174	
237	439	0	24	517	518	519	520	521	522	523	524	525	526	527	528	529	530	531	532	533	534	535	536	537	538	539	540	
238	440	0	24	922	923	924	925	926	927	928	929	930	931	932	933	934	935	936	937	938	939	940	941	942	943	944	945	
239	441	0	1	1255	
240	442	0	1	197	
241	444	0	1	441	
242	447	0	3	850	851	852	
243	452	0	18	992	993	994	995	996	997	998	999	1000	1001	1002	1003	1004	1005	1006	1007	1008	1009	
244	453	0	7	645	646	647	648	649	650	651	
245	456	0	1	848	
246	457	0	1	879	
247	458	0	15	550	551	552	553	554	555	556	557	558	559	560	561	562	563	564	
248	459	0	21	1360	1361	1362	1363	1364	1365	1366	1367	1368	1369	1370	1371	1372	1373	1374	1375	1376	1377	1378	1379	1380	
249	460	0	24	1120	1121	1122	1123	1124	1125	1126	1127	1128	1129	1130	1131	1132	1133	1134	1135	1136	1137	1138	1139	1140	1141	1142	1143	
250	461	0	7	677	678	679	680	681	682	683	
251	462	0	24	1230	1231	1232	1233	1234	1235	1236	1237	1238	1239	1240	1241	1242	1243	1244	1245	1246	1247	1248	1249	1250	1251	1252	1253	
252	466	0	1	507	
253	467	0	24	257	258	259	260	261	262	263	264	265	266	267	268	269	270	271	272	273	274	275	276	277	278	279	280	
254	468	0	15	780	781	782	783	784	785	786	787	788	789	790	791	792	793	794	
255	471	0	1	542	
256	472	0	1	1298	
257	473	0	24	1120	1121	1122	1123	1124	1125	1126	1127	1128	1129	1130	1131	1132	1133	1134	1135	1136	1137	1138	1139	1140	1141	1142	1143	
258	475	0	1	196	
259	476	0	18	178	179	180	181	182	183	184	185	186	187	188	189	190	191	192	193	194	195	
260	477	0	1	1283	
261	478	0	1	8	
262	480	0	18	282	283	284	285	286	287	288	289	290	291	292	293	294	295	296	297	298	299	
263	482	0	3	51	52	53	
264	484	0	18	178	179	180	181	182	183	184	185	186	187	188	189	190	191	192	193	194	195	
265	486	0	1	1359	
266	488	0	21	1064	1065	1066	1067	1068	1069	1070	1071	1072	1073	1074	1075	1076	1077	1078	1079	1080	1081	1082	1083	1084	
267	489	0	1	863	
268	492	0	24	402	403	404	405	406	407	408	409	410	411	412	413	414	415	416	417	418	419	420	421	422	423	424	425	
269	493	0	18	1339	1340	1341	1342	1343	1344	1345	1346	1347	1348	1349	1350	1351	1352	1353	1354	1355	1356	
270	494	0	1	199	
271	495	0	1	856	
272	497	0	1	653	
273	505	0	21	1064	1065	1066	1067	1068	1069	1070	1071	1072	1073	1074	1075	1076	1077	1078	1079	1080	1081	1082	1083	1084	
274	506	0	1	1297	
275	507	0	3	857	858	859	
276	508	0	1	1279	
277	509	0	1	779	
278	511	0	24	1199	1200	1201	1202	1203	1204	1205	1206	1207	1208	1209	1210	1211	1212	1213	1214	1215	1216	1217	1218	1219	1220	1221	1222	
279	515	0	24	1199	1200	1201	1202	1203	1204	1205	1206	1207	1208	1209	1210	1211	1212	1213	1214	1215	1216	1217	1218	1219	1220	1221	1222	
280	517	0	1	796	
281	518	0	1	637	
282	520	0	1	401	
283	521	0	1	843	
284	522	0	24	743	744	745	746	747	748	749	750	751	752	753	754	755	756	757	758	759	760	761	762	763	764	765	766	
285	523	0	24	1199	1200	1201	1202	1203	1204	1205	1206	1207	1208	1209	1210	1211	1212	1213	1214	1215	1216	1217	1218	1219	1220	1221	1222	
286	526	0	1	106	
287	531	0	1	177	
288	535	0	15	29	30	31	32	33	34	35	36	37	38	39	40	41	42	43	
289	536	0	1	774	
290	537	0	24	517	518	519	520	521	522	523	524	525	526	527	528	529	530	531	532	533	534	535	536	537	538	539	540	
291	539	0	18	282	283	284	285	286	287	288	289	290	291	292	293	294	295	296	297	298	299	
292	544	0	1	845	
293	545	0	1	155	
294	546	0	1	597	
295	550	0	15	323	324	325	326	327	328	329	330	331	332	333	334	335	336	337	
296	551	0	21	1099	1100	1101	1102	1103	1104	1105	1106	1107	1108	1109	1110	1111	1112	1113	1114	1115	1116	1117	1118	1119	
297	553	0	1	613	
298	555	0	1	1026	
299	557	0	3	864	865	866	
300	558	0	3	775	776	777	
301	564	0	1	795	
302	566	0	15	888	889	890	891	892	893	894	895	896	897	898	899	900	901	902	
303	571	0	1	671	
304	572	0	1	315	
305	574	0	1	386	
306	575	0	12	442	443	444	445	446	447	448	449	450	451	452	453	
307	576	0	1	609	
308	577	0	1	49	
309	579	0	12	867	868	869	870	871	872	873	874	875	876	877	878	
310	581	0	1	697	
311	585	0	24	483	484	485	486	487	488	489	490	491	492	493	494	495	496	497	498	499	500	501	502	503	504	505	506	
312	587	0	21	1152	1153	1154	1155	1156	1157	1158	1159	1160	1161	1162	1163	1164	1165	1166	1167	1168	1169	1170	1171	1172	
313	588	0	9	387	388	389	390	391	392	393	394	395	
314	589	0	1	541	
315	590	0	7	301	302	303	304	305	306	307	
316	593	0	1	219	
317	594	0	15	972	973	974	975	976	977	978	979	980	981	982	983	984	985	986	
318	595	0	21	1152	1153	1154	1155	1156	1157	1158	1159	1160	1161	1162	1163	1164	1165	1166	1167	1168	1169	1170	1171	1172	
319	596	0	21	1064	1065	1066	1067	1068	1069	1070	1071	1072	1073	1074	1075	1076	1077	1078	1079	1080	1081	1082	1083	1084	
320	597	0	18	725	726	727	728	729	730	731	732	733	734	735	736	737	738	739	740	741	742	
321	598	0	12	1301	1302	1303	1304	1305	1306	1307	1308	1309	1310	1311	1312	
322	599	0	7	170	171	172	173	174	175	176	
323	600	0	1	482	
324	602	0	15	1010	1011	1012	1013	1014	1015	1016	1017	1018	1019	1020	1021	1022	1023	1024	
325	603	0	1	1144	
326	608	0	21	1099	1100	1101	1102	1103	1104	1105	1106	1107	1108	1109	1110	1111	1112	1113	1114	1115	1116	1117	1118	1119	
327	609	0	1	320	
328	610	0	18	86	87	88	89	90	91	92	93	94	95	96	97	98	99	100	101	102	103	
329	611	0	1	225	
330	613	0	24	1120	1121	1122	1123	1124	1125	1126	1127	1128	1129	1130	1131	1132	1133	1134	1135	1136	1137	1138	1139	1140	1141	1142	1143	
331	615	0	1	797	
332	616	0	1	139	
333	620	0	24	483	484	485	486	487	488	489	490	491	492	493	494	495	496	497	498	499	500	501	502	503	504	505	506	
334	621	0	1	853	
335	622	0	24	483	484	485	486	487	488	489	490	491	492	493	494	495	496	497	498	499	500	501	502	503	504	505	506	
336	624	0	7	1285	1286	1287	1288	1289	1290	1291	
337	627	0	15	71	72	73	74	75	76	77	78	79	80	81	82	83	84	85	
338	630	0	12	1040	1041	1042	1043	1044	1045	1046	1047	1048	1049	1050	1051	
339	632	0	7	1314	1315	1316	1317	1318	1319	1320	
340	636	0	18	282	283	284	285	286	287	288	289	290	291	292	293	294	295	296	297	298	299	
341	637	0	3	1096	1097	1098	
342	638	0	24	257	258	259	260	261	262	263	264	265	266	267	268	269	270	271	272	273	274	275	276	277	278	279	280	
343	643	0	1	844	
344	644	0	1	580	
345	648	0	1	198	
346	651	0	1	838	
347	653	0	21	1099	1100	1101	1102	1103	1104	1105	1106	1107	1108	1109	1110	1111	1112	1113	1114	1115	1116	1117	1118	1119	
348	654	0	12	157	158	159	160	161	162	163	164	165	166	167	168	
349	656	0	1	1358	
350	657	0	1	25	
351	658	0	1	565	
352	659	0	7	308	309	310	311	312	313	314	
353	661	0	1	855	
354	664	0	21	236	237	238	239	240	241	242	243	244	245	246	247	248	249	250	251	252	253	254	255	256	
355	665	0	1	1256	
356	666	0	24	457	458	459	460	461	462	463	464	465	466	467	468	469	470	471	472	473	474	475	476	477	478	479	480	
357	668	0	15	71	72	73	74	75	76	77	78	79	80	81	82	83	84	85	
358	669	0	24	922	923	924	925	926	927	928	929	930	931	932	933	934	935	936	937	938	939	940	941	942	943	944	945	
359	672	0	1	26	
360	674	0	1	426	
361	675	0	1	854	
362	676	0	1	670	
363	677	0	12	1301	1302	1303	1304	1305	1306	1307	1308	1309	1310	1311	1312	
364	684	0	7	1381	1382	1383	1384	1385	1386	1387	
365	685	0	1	839	
366	686	0	15	1321	1322	1323	1324	1325	1326	1327	1328	1329	1330	1331	1332	1333	1334	1335	
367	687	0	12	1258	1259	1260	1261	1262	1263	1264	1265	1266	1267	1268	1269	
368	691	0	24	947	948	949	950	951	952	953	954	955	956	957	958	959	960	961	962	963	964	965	966	967	968	969	970	
369	693	0	1	1296	
370	696	0	1	696	
371	697	0	7	662	663	664	665	666	667	668	
372	698	0	7	130	131	132	133	134	135	136	
373	699	0	24	402	403	404	405	406	407	408	409	410	411	412	413	414	415	416	417	418	419	420	421	422	423	424	425	
374	701	0	1	652	
375	702	0	21	364	365	366	367	368	369	370	371	372	373	374	375	376	377	378	379	380	381	382	383	384	
376	703	0	7	1054	1055	1056	1057	1058	1059	1060	
377	704	0	21	1064	1065	1066	1067	1068	1069	1070	1071	1072	1073	1074	1075	1076	1077	1078	1079	1080	1081	1082	1083	1084	
378	705	0	1	599	
379	706	0	3	684	685	686	
380	708	0	1	1300	
381	709	0	1	440	
382	711	0	1	427	
383	712	0	15	56	57	58	59	60	61	62	63	64	65	66	67	68	69	70	
384	714	0	1	44	
385	715	0	15	972	973	974	975	976	977	978	979	980	981	982	983	984	985	986	
386	716	0	1	643	
387	717	0	7	347	348	349	350	351	352	353	
388	718	0	1	990	
389	719	0	1	566	
390	721	0	1	1052	
391	722	0	1	4	
392	723	0	1	28	
393	724	0	1	48	
394	725	0	1	833	
395	726	0	1	672	
396	730	0	1	1357	
397	732	0	12	157	158	159	160	161	162	163	164	165	166	167	168	
398	733	0	1	456	
399	735	0	1	154	
400	736	0	1	5	
401	741	0	1	1284	
402	742	0	1	1254	
403	744	0	1	1295	
404	745	0	7	1145	1146	1147	1148	1149	1150	1151	
405	747	0	21	364	365	366	367	368	369	370	371	372	373	374	375	376	377	378	379	380	381	382	383	384	
406	748	0	1	1053	
407	749	0	21	364	365	366	367	368	369	370	371	372	373	374	375	376	377	378	379	380	381	382	383	384	
