1181	635	546
0
0 	 0 	 0 	 10 	 2 	 7 	 8 	 6 	 59 	 69 	 79 	 89 	 99 	 109
1 	 1 	 0 	 5 	 4 	 8 	 9 	 10 	 11 	 11 	 1 	 6 	 11 	 16 	 21 	 26 	 31 	 36 	 41 	 46 	 51
2 	 2 	 0 	 2 	 2 	 4 	 5 	 5 	 9 	 19 	 29 	 39 	 49
3 	 3 	 0 	 2 	 2 	 11 	 12 	 5 	 64 	 74 	 84 	 94 	 104
4 	 4 	 0 	 4 	 2 	 5 	 6 	 11 	 4 	 9 	 14 	 19 	 24 	 29 	 34 	 39 	 44 	 49 	 54
5 	 4 	 0 	 9 	 4 	 12 	 13 	 14 	 15 	 11 	 1 	 6 	 11 	 16 	 21 	 26 	 31 	 36 	 41 	 46 	 51
6 	 5 	 0 	 9 	 2 	 13 	 14 	 11 	 0 	 5 	 10 	 15 	 20 	 25 	 30 	 35 	 40 	 45 	 50
7 	 6 	 0 	 5 	 4 	 4 	 5 	 6 	 7 	 5 	 6 	 16 	 26 	 36 	 46
8 	 7 	 0 	 9 	 2 	 14 	 15 	 11 	 3 	 8 	 13 	 18 	 23 	 28 	 33 	 38 	 43 	 48 	 53
9 	 8 	 0 	 1 	 2 	 12 	 13 	 6 	 56 	 66 	 76 	 86 	 96 	 106
10 	 9 	 0 	 4 	 2 	 6 	 7 	 5 	 61 	 71 	 81 	 91 	 101
11 	 9 	 0 	 10 	 2 	 8 	 9 	 5 	 61 	 71 	 81 	 91 	 101
12 	 9 	 0 	 9 	 2 	 10 	 11 	 5 	 61 	 71 	 81 	 91 	 101
13 	 9 	 0 	 9 	 2 	 12 	 13 	 5 	 61 	 71 	 81 	 91 	 101
14 	 9 	 0 	 10 	 2 	 14 	 15 	 5 	 61 	 71 	 81 	 91 	 101
15 	 9 	 0 	 4 	 2 	 16 	 17 	 5 	 61 	 71 	 81 	 91 	 101
16 	 10 	 0 	 4 	 4 	 4 	 5 	 6 	 7 	 11 	 2 	 7 	 12 	 17 	 22 	 27 	 32 	 37 	 42 	 47 	 52
17 	 10 	 0 	 4 	 2 	 0 	 1 	 11 	 0 	 5 	 10 	 15 	 20 	 25 	 30 	 35 	 40 	 45 	 50
18 	 10 	 0 	 9 	 2 	 6 	 7 	 11 	 3 	 8 	 13 	 18 	 23 	 28 	 33 	 38 	 43 	 48 	 53
19 	 11 	 0 	 2 	 2 	 8 	 9 	 6 	 1 	 11 	 21 	 31 	 41 	 51
20 	 12 	 0 	 8 	 2 	 4 	 5 	 11 	 4 	 9 	 14 	 19 	 24 	 29 	 34 	 39 	 44 	 49 	 54
21 	 12 	 0 	 8 	 2 	 6 	 7 	 11 	 4 	 9 	 14 	 19 	 24 	 29 	 34 	 39 	 44 	 49 	 54
22 	 12 	 0 	 10 	 2 	 8 	 9 	 11 	 4 	 9 	 14 	 19 	 24 	 29 	 34 	 39 	 44 	 49 	 54
23 	 12 	 0 	 1 	 2 	 10 	 11 	 11 	 4 	 9 	 14 	 19 	 24 	 29 	 34 	 39 	 44 	 49 	 54
24 	 12 	 0 	 8 	 2 	 12 	 13 	 11 	 4 	 9 	 14 	 19 	 24 	 29 	 34 	 39 	 44 	 49 	 54
25 	 13 	 0 	 3 	 2 	 3 	 4 	 5 	 7 	 17 	 27 	 37 	 47
26 	 14 	 0 	 1 	 2 	 9 	 10 	 6 	 3 	 13 	 23 	 33 	 43 	 53
27 	 14 	 0 	 5 	 4 	 14 	 15 	 16 	 17 	 6 	 2 	 12 	 22 	 32 	 42 	 52
28 	 14 	 0 	 2 	 2 	 6 	 7 	 6 	 0 	 10 	 20 	 30 	 40 	 50
29 	 15 	 0 	 5 	 4 	 7 	 8 	 9 	 10 	 11 	 58 	 63 	 68 	 73 	 78 	 83 	 88 	 93 	 98 	 103 	 108
30 	 16 	 0 	 10 	 2 	 12 	 13 	 6 	 55 	 65 	 75 	 85 	 95 	 105
31 	 17 	 0 	 6 	 2 	 7 	 8 	 5 	 60 	 70 	 80 	 90 	 100
32 	 18 	 0 	 5 	 2 	 15 	 16 	 6 	 4 	 14 	 24 	 34 	 44 	 54
33 	 19 	 0 	 1 	 2 	 13 	 14 	 6 	 0 	 10 	 20 	 30 	 40 	 50
34 	 19 	 0 	 3 	 2 	 8 	 9 	 6 	 3 	 13 	 23 	 33 	 43 	 53
35 	 19 	 0 	 3 	 4 	 1 	 2 	 3 	 4 	 6 	 1 	 11 	 21 	 31 	 41 	 51
36 	 20 	 0 	 7 	 4 	 5 	 6 	 7 	 8 	 6 	 2 	 12 	 22 	 32 	 42 	 52
37 	 21 	 0 	 3 	 2 	 0 	 1 	 5 	 5 	 15 	 25 	 35 	 45
38 	 21 	 0 	 1 	 2 	 2 	 3 	 5 	 5 	 15 	 25 	 35 	 45
39 	 21 	 0 	 8 	 2 	 4 	 5 	 5 	 5 	 15 	 25 	 35 	 45
40 	 21 	 0 	 9 	 2 	 6 	 7 	 5 	 5 	 15 	 25 	 35 	 45
41 	 21 	 0 	 4 	 2 	 8 	 9 	 5 	 5 	 15 	 25 	 35 	 45
42 	 21 	 0 	 3 	 2 	 10 	 11 	 5 	 5 	 15 	 25 	 35 	 45
43 	 21 	 0 	 7 	 2 	 12 	 13 	 5 	 5 	 15 	 25 	 35 	 45
44 	 21 	 0 	 2 	 2 	 14 	 15 	 5 	 5 	 15 	 25 	 35 	 45
45 	 21 	 0 	 5 	 2 	 16 	 17 	 5 	 5 	 15 	 25 	 35 	 45
46 	 22 	 0 	 8 	 2 	 1 	 2 	 6 	 1 	 11 	 21 	 31 	 41 	 51
47 	 23 	 0 	 4 	 2 	 7 	 8 	 11 	 2 	 7 	 12 	 17 	 22 	 27 	 32 	 37 	 42 	 47 	 52
48 	 24 	 0 	 6 	 2 	 16 	 17 	 5 	 8 	 18 	 28 	 38 	 48
49 	 25 	 0 	 2 	 4 	 0 	 1 	 2 	 3 	 6 	 58 	 68 	 78 	 88 	 98 	 108
50 	 26 	 0 	 1 	 2 	 0 	 1 	 11 	 2 	 7 	 12 	 17 	 22 	 27 	 32 	 37 	 42 	 47 	 52
51 	 26 	 0 	 9 	 2 	 2 	 3 	 11 	 2 	 7 	 12 	 17 	 22 	 27 	 32 	 37 	 42 	 47 	 52
52 	 26 	 0 	 4 	 2 	 4 	 5 	 11 	 2 	 7 	 12 	 17 	 22 	 27 	 32 	 37 	 42 	 47 	 52
53 	 26 	 0 	 9 	 2 	 6 	 7 	 11 	 2 	 7 	 12 	 17 	 22 	 27 	 32 	 37 	 42 	 47 	 52
54 	 26 	 0 	 9 	 2 	 8 	 9 	 11 	 2 	 7 	 12 	 17 	 22 	 27 	 32 	 37 	 42 	 47 	 52
55 	 26 	 0 	 10 	 2 	 10 	 11 	 11 	 2 	 7 	 12 	 17 	 22 	 27 	 32 	 37 	 42 	 47 	 52
56 	 26 	 0 	 9 	 2 	 12 	 13 	 11 	 2 	 7 	 12 	 17 	 22 	 27 	 32 	 37 	 42 	 47 	 52
57 	 26 	 0 	 7 	 2 	 14 	 15 	 11 	 2 	 7 	 12 	 17 	 22 	 27 	 32 	 37 	 42 	 47 	 52
58 	 26 	 0 	 7 	 2 	 16 	 17 	 11 	 2 	 7 	 12 	 17 	 22 	 27 	 32 	 37 	 42 	 47 	 52
59 	 27 	 0 	 2 	 2 	 1 	 2 	 6 	 55 	 65 	 75 	 85 	 95 	 105
60 	 28 	 0 	 5 	 2 	 4 	 5 	 6 	 56 	 66 	 76 	 86 	 96 	 106
61 	 28 	 0 	 2 	 2 	 8 	 9 	 6 	 58 	 68 	 78 	 88 	 98 	 108
62 	 29 	 0 	 10 	 2 	 5 	 6 	 5 	 64 	 74 	 84 	 94 	 104
63 	 29 	 0 	 10 	 2 	 7 	 8 	 5 	 64 	 74 	 84 	 94 	 104
64 	 29 	 0 	 8 	 2 	 9 	 10 	 5 	 64 	 74 	 84 	 94 	 104
65 	 29 	 0 	 2 	 2 	 11 	 12 	 5 	 64 	 74 	 84 	 94 	 104
66 	 29 	 0 	 8 	 2 	 13 	 14 	 5 	 64 	 74 	 84 	 94 	 104
67 	 29 	 0 	 10 	 2 	 15 	 16 	 5 	 64 	 74 	 84 	 94 	 104
68 	 30 	 0 	 10 	 2 	 14 	 15 	 11 	 2 	 7 	 12 	 17 	 22 	 27 	 32 	 37 	 42 	 47 	 52
69 	 31 	 0 	 6 	 2 	 5 	 6 	 6 	 58 	 68 	 78 	 88 	 98 	 108
70 	 31 	 0 	 4 	 2 	 1 	 2 	 6 	 59 	 69 	 79 	 89 	 99 	 109
71 	 31 	 0 	 2 	 2 	 4 	 5 	 6 	 57 	 67 	 77 	 87 	 97 	 107
72 	 32 	 0 	 5 	 2 	 12 	 13 	 6 	 4 	 14 	 24 	 34 	 44 	 54
73 	 32 	 0 	 7 	 2 	 1 	 2 	 6 	 2 	 12 	 22 	 32 	 42 	 52
74 	 33 	 0 	 5 	 2 	 6 	 7 	 6 	 55 	 65 	 75 	 85 	 95 	 105
75 	 34 	 0 	 9 	 4 	 8 	 9 	 10 	 11 	 5 	 62 	 72 	 82 	 92 	 102
76 	 35 	 0 	 5 	 2 	 3 	 4 	 5 	 8 	 18 	 28 	 38 	 48
77 	 35 	 0 	 1 	 4 	 11 	 12 	 13 	 14 	 5 	 7 	 17 	 27 	 37 	 47
78 	 35 	 0 	 1 	 2 	 1 	 2 	 5 	 5 	 15 	 25 	 35 	 45
79 	 36 	 0 	 4 	 2 	 4 	 5 	 5 	 64 	 74 	 84 	 94 	 104
80 	 36 	 0 	 2 	 4 	 14 	 15 	 16 	 17 	 5 	 60 	 70 	 80 	 90 	 100
81 	 37 	 0 	 8 	 4 	 7 	 8 	 9 	 10 	 6 	 2 	 12 	 22 	 32 	 42 	 52
82 	 37 	 0 	 8 	 2 	 0 	 1 	 6 	 4 	 14 	 24 	 34 	 44 	 54
83 	 38 	 0 	 5 	 2 	 16 	 17 	 11 	 1 	 6 	 11 	 16 	 21 	 26 	 31 	 36 	 41 	 46 	 51
84 	 38 	 0 	 8 	 2 	 12 	 13 	 11 	 0 	 5 	 10 	 15 	 20 	 25 	 30 	 35 	 40 	 45 	 50
85 	 39 	 0 	 4 	 4 	 0 	 1 	 2 	 3 	 6 	 57 	 67 	 77 	 87 	 97 	 107
86 	 40 	 0 	 1 	 2 	 9 	 10 	 11 	 1 	 6 	 11 	 16 	 21 	 26 	 31 	 36 	 41 	 46 	 51
87 	 41 	 0 	 4 	 2 	 2 	 3 	 5 	 7 	 17 	 27 	 37 	 47
88 	 42 	 0 	 8 	 2 	 14 	 15 	 5 	 64 	 74 	 84 	 94 	 104
89 	 43 	 0 	 6 	 4 	 4 	 5 	 6 	 7 	 5 	 8 	 18 	 28 	 38 	 48
90 	 44 	 0 	 2 	 2 	 3 	 4 	 5 	 63 	 73 	 83 	 93 	 103
91 	 45 	 0 	 7 	 2 	 12 	 13 	 11 	 56 	 61 	 66 	 71 	 76 	 81 	 86 	 91 	 96 	 101 	 106
92 	 46 	 0 	 4 	 2 	 8 	 9 	 6 	 4 	 14 	 24 	 34 	 44 	 54
93 	 47 	 0 	 8 	 2 	 0 	 1 	 6 	 58 	 68 	 78 	 88 	 98 	 108
94 	 47 	 0 	 9 	 2 	 2 	 3 	 6 	 58 	 68 	 78 	 88 	 98 	 108
95 	 47 	 0 	 10 	 2 	 4 	 5 	 6 	 58 	 68 	 78 	 88 	 98 	 108
96 	 47 	 0 	 5 	 2 	 6 	 7 	 6 	 58 	 68 	 78 	 88 	 98 	 108
97 	 47 	 0 	 6 	 2 	 8 	 9 	 6 	 58 	 68 	 78 	 88 	 98 	 108
98 	 47 	 0 	 1 	 2 	 10 	 11 	 6 	 58 	 68 	 78 	 88 	 98 	 108
99 	 48 	 0 	 10 	 2 	 0 	 1 	 5 	 61 	 71 	 81 	 91 	 101
100 	 48 	 0 	 9 	 2 	 2 	 3 	 5 	 61 	 71 	 81 	 91 	 101
101 	 48 	 0 	 6 	 2 	 4 	 5 	 5 	 61 	 71 	 81 	 91 	 101
102 	 48 	 0 	 10 	 2 	 6 	 7 	 5 	 61 	 71 	 81 	 91 	 101
103 	 48 	 0 	 6 	 2 	 8 	 9 	 5 	 61 	 71 	 81 	 91 	 101
104 	 48 	 0 	 5 	 2 	 10 	 11 	 5 	 61 	 71 	 81 	 91 	 101
105 	 48 	 0 	 1 	 2 	 12 	 13 	 5 	 61 	 71 	 81 	 91 	 101
106 	 48 	 0 	 2 	 2 	 14 	 15 	 5 	 61 	 71 	 81 	 91 	 101
107 	 48 	 0 	 6 	 2 	 16 	 17 	 5 	 61 	 71 	 81 	 91 	 101
108 	 49 	 0 	 3 	 2 	 11 	 12 	 6 	 55 	 65 	 75 	 85 	 95 	 105
109 	 50 	 0 	 2 	 2 	 10 	 11 	 11 	 4 	 9 	 14 	 19 	 24 	 29 	 34 	 39 	 44 	 49 	 54
110 	 50 	 0 	 7 	 2 	 16 	 17 	 11 	 2 	 7 	 12 	 17 	 22 	 27 	 32 	 37 	 42 	 47 	 52
111 	 51 	 0 	 1 	 4 	 2 	 3 	 4 	 5 	 5 	 8 	 18 	 28 	 38 	 48
112 	 52 	 0 	 5 	 4 	 3 	 4 	 5 	 6 	 6 	 59 	 69 	 79 	 89 	 99 	 109
113 	 53 	 0 	 8 	 2 	 2 	 3 	 5 	 60 	 70 	 80 	 90 	 100
114 	 53 	 0 	 10 	 4 	 9 	 10 	 11 	 12 	 5 	 62 	 72 	 82 	 92 	 102
115 	 53 	 0 	 7 	 4 	 4 	 5 	 6 	 7 	 5 	 63 	 73 	 83 	 93 	 103
116 	 54 	 0 	 2 	 2 	 11 	 12 	 11 	 3 	 8 	 13 	 18 	 23 	 28 	 33 	 38 	 43 	 48 	 53
117 	 54 	 0 	 2 	 2 	 4 	 5 	 11 	 4 	 9 	 14 	 19 	 24 	 29 	 34 	 39 	 44 	 49 	 54
118 	 54 	 0 	 2 	 2 	 0 	 1 	 11 	 2 	 7 	 12 	 17 	 22 	 27 	 32 	 37 	 42 	 47 	 52
119 	 55 	 0 	 9 	 2 	 15 	 16 	 5 	 8 	 18 	 28 	 38 	 48
120 	 56 	 0 	 10 	 2 	 13 	 14 	 6 	 3 	 13 	 23 	 33 	 43 	 53
121 	 57 	 0 	 8 	 4 	 0 	 1 	 2 	 3 	 6 	 3 	 13 	 23 	 33 	 43 	 53
122 	 58 	 0 	 5 	 2 	 9 	 10 	 5 	 5 	 15 	 25 	 35 	 45
123 	 59 	 0 	 9 	 2 	 15 	 16 	 6 	 56 	 66 	 76 	 86 	 96 	 106
124 	 59 	 0 	 4 	 4 	 6 	 7 	 8 	 9 	 6 	 58 	 68 	 78 	 88 	 98 	 108
125 	 60 	 0 	 8 	 2 	 11 	 12 	 5 	 7 	 17 	 27 	 37 	 47
126 	 61 	 0 	 10 	 2 	 13 	 14 	 6 	 0 	 10 	 20 	 30 	 40 	 50
127 	 62 	 0 	 9 	 2 	 13 	 14 	 6 	 2 	 12 	 22 	 32 	 42 	 52
128 	 63 	 0 	 3 	 4 	 0 	 1 	 2 	 3 	 11 	 55 	 60 	 65 	 70 	 75 	 80 	 85 	 90 	 95 	 100 	 105
129 	 64 	 0 	 8 	 2 	 11 	 12 	 6 	 57 	 67 	 77 	 87 	 97 	 107
130 	 64 	 0 	 4 	 2 	 12 	 13 	 6 	 58 	 68 	 78 	 88 	 98 	 108
131 	 65 	 0 	 6 	 2 	 16 	 17 	 11 	 4 	 9 	 14 	 19 	 24 	 29 	 34 	 39 	 44 	 49 	 54
132 	 66 	 0 	 9 	 4 	 3 	 4 	 5 	 6 	 6 	 4 	 14 	 24 	 34 	 44 	 54
133 	 67 	 0 	 6 	 2 	 6 	 7 	 6 	 1 	 11 	 21 	 31 	 41 	 51
134 	 68 	 0 	 9 	 2 	 0 	 1 	 6 	 4 	 14 	 24 	 34 	 44 	 54
135 	 68 	 0 	 4 	 2 	 2 	 3 	 6 	 4 	 14 	 24 	 34 	 44 	 54
136 	 68 	 0 	 10 	 2 	 4 	 5 	 6 	 4 	 14 	 24 	 34 	 44 	 54
137 	 68 	 0 	 8 	 2 	 6 	 7 	 6 	 4 	 14 	 24 	 34 	 44 	 54
138 	 68 	 0 	 9 	 2 	 8 	 9 	 6 	 4 	 14 	 24 	 34 	 44 	 54
139 	 68 	 0 	 7 	 2 	 10 	 11 	 6 	 4 	 14 	 24 	 34 	 44 	 54
140 	 68 	 0 	 5 	 2 	 12 	 13 	 6 	 4 	 14 	 24 	 34 	 44 	 54
141 	 68 	 0 	 7 	 2 	 14 	 15 	 6 	 4 	 14 	 24 	 34 	 44 	 54
142 	 69 	 0 	 2 	 2 	 4 	 5 	 11 	 59 	 64 	 69 	 74 	 79 	 84 	 89 	 94 	 99 	 104 	 109
143 	 69 	 0 	 8 	 2 	 6 	 7 	 11 	 59 	 64 	 69 	 74 	 79 	 84 	 89 	 94 	 99 	 104 	 109
144 	 69 	 0 	 3 	 2 	 8 	 9 	 11 	 59 	 64 	 69 	 74 	 79 	 84 	 89 	 94 	 99 	 104 	 109
145 	 69 	 0 	 4 	 2 	 10 	 11 	 11 	 59 	 64 	 69 	 74 	 79 	 84 	 89 	 94 	 99 	 104 	 109
146 	 70 	 0 	 9 	 2 	 4 	 5 	 5 	 62 	 72 	 82 	 92 	 102
147 	 71 	 0 	 1 	 4 	 8 	 9 	 10 	 11 	 11 	 55 	 60 	 65 	 70 	 75 	 80 	 85 	 90 	 95 	 100 	 105
148 	 71 	 0 	 3 	 2 	 16 	 17 	 11 	 59 	 64 	 69 	 74 	 79 	 84 	 89 	 94 	 99 	 104 	 109
149 	 71 	 0 	 4 	 2 	 3 	 4 	 11 	 58 	 63 	 68 	 73 	 78 	 83 	 88 	 93 	 98 	 103 	 108
150 	 72 	 0 	 8 	 2 	 14 	 15 	 5 	 63 	 73 	 83 	 93 	 103
151 	 73 	 0 	 5 	 6 	 0 	 1 	 2 	 3 	 4 	 5 	 5 	 63 	 73 	 83 	 93 	 103
152 	 73 	 0 	 9 	 2 	 11 	 12 	 5 	 64 	 74 	 84 	 94 	 104
153 	 74 	 0 	 5 	 2 	 11 	 12 	 5 	 7 	 17 	 27 	 37 	 47
154 	 74 	 0 	 6 	 2 	 9 	 10 	 5 	 9 	 19 	 29 	 39 	 49
155 	 75 	 0 	 10 	 2 	 6 	 7 	 6 	 2 	 12 	 22 	 32 	 42 	 52
156 	 76 	 0 	 5 	 2 	 11 	 12 	 11 	 57 	 62 	 67 	 72 	 77 	 82 	 87 	 92 	 97 	 102 	 107
157 	 76 	 0 	 8 	 4 	 2 	 3 	 4 	 5 	 11 	 56 	 61 	 66 	 71 	 76 	 81 	 86 	 91 	 96 	 101 	 106
158 	 77 	 0 	 7 	 2 	 3 	 4 	 5 	 60 	 70 	 80 	 90 	 100
159 	 77 	 0 	 6 	 2 	 5 	 6 	 5 	 60 	 70 	 80 	 90 	 100
160 	 77 	 0 	 2 	 2 	 7 	 8 	 5 	 60 	 70 	 80 	 90 	 100
161 	 77 	 0 	 7 	 2 	 9 	 10 	 5 	 60 	 70 	 80 	 90 	 100
162 	 77 	 0 	 2 	 2 	 11 	 12 	 5 	 60 	 70 	 80 	 90 	 100
163 	 77 	 0 	 7 	 2 	 13 	 14 	 5 	 60 	 70 	 80 	 90 	 100
164 	 77 	 0 	 7 	 2 	 15 	 16 	 5 	 60 	 70 	 80 	 90 	 100
165 	 78 	 0 	 3 	 4 	 14 	 15 	 16 	 17 	 11 	 59 	 64 	 69 	 74 	 79 	 84 	 89 	 94 	 99 	 104 	 109
166 	 79 	 0 	 3 	 2 	 2 	 3 	 11 	 1 	 6 	 11 	 16 	 21 	 26 	 31 	 36 	 41 	 46 	 51
167 	 79 	 0 	 6 	 2 	 4 	 5 	 11 	 0 	 5 	 10 	 15 	 20 	 25 	 30 	 35 	 40 	 45 	 50
168 	 79 	 0 	 5 	 2 	 14 	 15 	 11 	 4 	 9 	 14 	 19 	 24 	 29 	 34 	 39 	 44 	 49 	 54
169 	 80 	 0 	 4 	 2 	 4 	 5 	 11 	 3 	 8 	 13 	 18 	 23 	 28 	 33 	 38 	 43 	 48 	 53
170 	 81 	 0 	 9 	 2 	 2 	 3 	 11 	 59 	 64 	 69 	 74 	 79 	 84 	 89 	 94 	 99 	 104 	 109
171 	 82 	 0 	 2 	 2 	 1 	 2 	 11 	 57 	 62 	 67 	 72 	 77 	 82 	 87 	 92 	 97 	 102 	 107
172 	 82 	 0 	 1 	 4 	 10 	 11 	 12 	 13 	 11 	 56 	 61 	 66 	 71 	 76 	 81 	 86 	 91 	 96 	 101 	 106
173 	 82 	 0 	 10 	 2 	 14 	 15 	 11 	 59 	 64 	 69 	 74 	 79 	 84 	 89 	 94 	 99 	 104 	 109
174 	 83 	 0 	 8 	 2 	 9 	 10 	 6 	 0 	 10 	 20 	 30 	 40 	 50
175 	 84 	 0 	 10 	 2 	 9 	 10 	 6 	 0 	 10 	 20 	 30 	 40 	 50
176 	 85 	 0 	 2 	 2 	 3 	 4 	 5 	 60 	 70 	 80 	 90 	 100
177 	 85 	 0 	 1 	 2 	 15 	 16 	 5 	 64 	 74 	 84 	 94 	 104
178 	 86 	 0 	 4 	 4 	 10 	 11 	 12 	 13 	 11 	 56 	 61 	 66 	 71 	 76 	 81 	 86 	 91 	 96 	 101 	 106
179 	 86 	 0 	 5 	 4 	 2 	 3 	 4 	 5 	 11 	 55 	 60 	 65 	 70 	 75 	 80 	 85 	 90 	 95 	 100 	 105
180 	 87 	 1 	 2 	 2 	 1 	 2 	 6 	 56 	 66 	 76 	 86 	 96 	 106
181 	 88 	 0 	 1 	 2 	 4 	 5 	 5 	 62 	 72 	 82 	 92 	 102
182 	 88 	 0 	 6 	 2 	 6 	 7 	 5 	 62 	 72 	 82 	 92 	 102
183 	 88 	 0 	 10 	 2 	 8 	 9 	 5 	 62 	 72 	 82 	 92 	 102
184 	 88 	 0 	 9 	 2 	 10 	 11 	 5 	 62 	 72 	 82 	 92 	 102
185 	 88 	 0 	 3 	 2 	 12 	 13 	 5 	 62 	 72 	 82 	 92 	 102
186 	 89 	 0 	 8 	 2 	 13 	 14 	 6 	 3 	 13 	 23 	 33 	 43 	 53
187 	 90 	 0 	 7 	 2 	 7 	 8 	 6 	 0 	 10 	 20 	 30 	 40 	 50
188 	 91 	 0 	 9 	 2 	 11 	 12 	 11 	 57 	 62 	 67 	 72 	 77 	 82 	 87 	 92 	 97 	 102 	 107
189 	 92 	 1 	 2 	 2 	 9 	 10 	 6 	 3 	 13 	 23 	 33 	 43 	 53
190 	 93 	 0 	 9 	 2 	 1 	 2 	 11 	 55 	 60 	 65 	 70 	 75 	 80 	 85 	 90 	 95 	 100 	 105
191 	 93 	 0 	 8 	 2 	 3 	 4 	 11 	 55 	 60 	 65 	 70 	 75 	 80 	 85 	 90 	 95 	 100 	 105
192 	 93 	 0 	 10 	 2 	 5 	 6 	 11 	 55 	 60 	 65 	 70 	 75 	 80 	 85 	 90 	 95 	 100 	 105
193 	 93 	 0 	 4 	 2 	 7 	 8 	 11 	 55 	 60 	 65 	 70 	 75 	 80 	 85 	 90 	 95 	 100 	 105
194 	 93 	 0 	 3 	 2 	 9 	 10 	 11 	 55 	 60 	 65 	 70 	 75 	 80 	 85 	 90 	 95 	 100 	 105
195 	 93 	 0 	 8 	 2 	 11 	 12 	 11 	 55 	 60 	 65 	 70 	 75 	 80 	 85 	 90 	 95 	 100 	 105
196 	 93 	 0 	 7 	 2 	 13 	 14 	 11 	 55 	 60 	 65 	 70 	 75 	 80 	 85 	 90 	 95 	 100 	 105
197 	 94 	 0 	 8 	 2 	 3 	 4 	 11 	 3 	 8 	 13 	 18 	 23 	 28 	 33 	 38 	 43 	 48 	 53
198 	 95 	 0 	 9 	 2 	 8 	 9 	 6 	 1 	 11 	 21 	 31 	 41 	 51
199 	 96 	 0 	 1 	 2 	 10 	 11 	 11 	 1 	 6 	 11 	 16 	 21 	 26 	 31 	 36 	 41 	 46 	 51
200 	 97 	 0 	 2 	 2 	 9 	 10 	 11 	 59 	 64 	 69 	 74 	 79 	 84 	 89 	 94 	 99 	 104 	 109
201 	 98 	 0 	 4 	 2 	 13 	 14 	 6 	 1 	 11 	 21 	 31 	 41 	 51
202 	 99 	 0 	 8 	 2 	 2 	 3 	 11 	 55 	 60 	 65 	 70 	 75 	 80 	 85 	 90 	 95 	 100 	 105
203 	 100 	 0 	 4 	 2 	 0 	 1 	 6 	 55 	 65 	 75 	 85 	 95 	 105
204 	 100 	 0 	 3 	 2 	 2 	 3 	 6 	 55 	 65 	 75 	 85 	 95 	 105
205 	 100 	 0 	 8 	 2 	 4 	 5 	 6 	 55 	 65 	 75 	 85 	 95 	 105
206 	 100 	 0 	 10 	 2 	 6 	 7 	 6 	 55 	 65 	 75 	 85 	 95 	 105
207 	 100 	 0 	 3 	 2 	 8 	 9 	 6 	 55 	 65 	 75 	 85 	 95 	 105
208 	 101 	 0 	 4 	 2 	 9 	 10 	 6 	 58 	 68 	 78 	 88 	 98 	 108
209 	 102 	 0 	 10 	 2 	 7 	 8 	 6 	 1 	 11 	 21 	 31 	 41 	 51
210 	 103 	 0 	 1 	 4 	 1 	 2 	 3 	 4 	 11 	 57 	 62 	 67 	 72 	 77 	 82 	 87 	 92 	 97 	 102 	 107
211 	 104 	 0 	 1 	 2 	 3 	 4 	 5 	 62 	 72 	 82 	 92 	 102
212 	 105 	 0 	 6 	 4 	 2 	 3 	 4 	 5 	 5 	 63 	 73 	 83 	 93 	 103
213 	 106 	 0 	 6 	 2 	 14 	 15 	 11 	 55 	 60 	 65 	 70 	 75 	 80 	 85 	 90 	 95 	 100 	 105
214 	 106 	 0 	 1 	 4 	 12 	 13 	 14 	 15 	 11 	 57 	 62 	 67 	 72 	 77 	 82 	 87 	 92 	 97 	 102 	 107
215 	 107 	 1 	 3 	 2 	 4 	 5 	 5 	 9 	 19 	 29 	 39 	 49
216 	 107 	 1 	 10 	 2 	 6 	 7 	 5 	 9 	 19 	 29 	 39 	 49
217 	 107 	 1 	 10 	 2 	 8 	 9 	 5 	 9 	 19 	 29 	 39 	 49
218 	 107 	 1 	 1 	 2 	 10 	 11 	 5 	 9 	 19 	 29 	 39 	 49
219 	 108 	 0 	 1 	 2 	 0 	 1 	 6 	 0 	 10 	 20 	 30 	 40 	 50
220 	 108 	 0 	 9 	 2 	 2 	 3 	 6 	 0 	 10 	 20 	 30 	 40 	 50
221 	 108 	 0 	 10 	 2 	 4 	 5 	 6 	 0 	 10 	 20 	 30 	 40 	 50
222 	 108 	 0 	 1 	 2 	 6 	 7 	 6 	 0 	 10 	 20 	 30 	 40 	 50
223 	 108 	 0 	 5 	 2 	 8 	 9 	 6 	 0 	 10 	 20 	 30 	 40 	 50
224 	 108 	 0 	 7 	 2 	 10 	 11 	 6 	 0 	 10 	 20 	 30 	 40 	 50
225 	 108 	 0 	 1 	 2 	 12 	 13 	 6 	 0 	 10 	 20 	 30 	 40 	 50
226 	 109 	 1 	 9 	 2 	 5 	 6 	 11 	 2 	 7 	 12 	 17 	 22 	 27 	 32 	 37 	 42 	 47 	 52
227 	 109 	 1 	 1 	 2 	 7 	 8 	 11 	 2 	 7 	 12 	 17 	 22 	 27 	 32 	 37 	 42 	 47 	 52
228 	 109 	 1 	 5 	 2 	 9 	 10 	 11 	 2 	 7 	 12 	 17 	 22 	 27 	 32 	 37 	 42 	 47 	 52
229 	 109 	 1 	 8 	 2 	 11 	 12 	 11 	 2 	 7 	 12 	 17 	 22 	 27 	 32 	 37 	 42 	 47 	 52
230 	 109 	 1 	 8 	 2 	 13 	 14 	 11 	 2 	 7 	 12 	 17 	 22 	 27 	 32 	 37 	 42 	 47 	 52
231 	 109 	 1 	 8 	 2 	 15 	 16 	 11 	 2 	 7 	 12 	 17 	 22 	 27 	 32 	 37 	 42 	 47 	 52
232 	 110 	 0 	 9 	 2 	 15 	 16 	 11 	 58 	 63 	 68 	 73 	 78 	 83 	 88 	 93 	 98 	 103 	 108
233 	 111 	 0 	 9 	 2 	 12 	 13 	 11 	 4 	 9 	 14 	 19 	 24 	 29 	 34 	 39 	 44 	 49 	 54
234 	 112 	 0 	 6 	 4 	 6 	 7 	 8 	 9 	 11 	 59 	 64 	 69 	 74 	 79 	 84 	 89 	 94 	 99 	 104 	 109
235 	 113 	 0 	 5 	 2 	 0 	 1 	 5 	 8 	 18 	 28 	 38 	 48
236 	 113 	 0 	 9 	 2 	 2 	 3 	 5 	 8 	 18 	 28 	 38 	 48
237 	 113 	 0 	 6 	 2 	 4 	 5 	 5 	 8 	 18 	 28 	 38 	 48
238 	 113 	 0 	 7 	 2 	 6 	 7 	 5 	 8 	 18 	 28 	 38 	 48
239 	 113 	 0 	 3 	 2 	 8 	 9 	 5 	 8 	 18 	 28 	 38 	 48
240 	 114 	 0 	 7 	 2 	 10 	 11 	 5 	 8 	 18 	 28 	 38 	 48
241 	 115 	 0 	 5 	 2 	 10 	 11 	 6 	 57 	 67 	 77 	 87 	 97 	 107
242 	 116 	 0 	 3 	 2 	 16 	 17 	 6 	 59 	 69 	 79 	 89 	 99 	 109
243 	 116 	 0 	 10 	 2 	 10 	 11 	 6 	 57 	 67 	 77 	 87 	 97 	 107
244 	 116 	 0 	 1 	 2 	 12 	 13 	 6 	 56 	 66 	 76 	 86 	 96 	 106
245 	 117 	 0 	 9 	 2 	 4 	 5 	 5 	 64 	 74 	 84 	 94 	 104
246 	 117 	 0 	 7 	 2 	 6 	 7 	 5 	 64 	 74 	 84 	 94 	 104
247 	 117 	 0 	 8 	 2 	 8 	 9 	 5 	 64 	 74 	 84 	 94 	 104
248 	 117 	 0 	 9 	 2 	 10 	 11 	 5 	 64 	 74 	 84 	 94 	 104
249 	 118 	 0 	 2 	 2 	 6 	 7 	 5 	 5 	 15 	 25 	 35 	 45
250 	 118 	 0 	 2 	 2 	 4 	 5 	 5 	 7 	 17 	 27 	 37 	 47
251 	 118 	 0 	 6 	 4 	 0 	 1 	 2 	 3 	 5 	 8 	 18 	 28 	 38 	 48
252 	 119 	 0 	 4 	 2 	 13 	 14 	 5 	 62 	 72 	 82 	 92 	 102
253 	 120 	 0 	 1 	 2 	 14 	 15 	 5 	 63 	 73 	 83 	 93 	 103
254 	 121 	 0 	 5 	 2 	 13 	 14 	 6 	 4 	 14 	 24 	 34 	 44 	 54
255 	 122 	 1 	 5 	 2 	 0 	 1 	 11 	 3 	 8 	 13 	 18 	 23 	 28 	 33 	 38 	 43 	 48 	 53
256 	 123 	 0 	 10 	 2 	 6 	 7 	 5 	 8 	 18 	 28 	 38 	 48
257 	 124 	 1 	 10 	 4 	 14 	 15 	 16 	 17 	 5 	 60 	 70 	 80 	 90 	 100
258 	 125 	 0 	 10 	 2 	 5 	 6 	 5 	 60 	 70 	 80 	 90 	 100
259 	 125 	 0 	 2 	 2 	 7 	 8 	 5 	 60 	 70 	 80 	 90 	 100
260 	 125 	 0 	 2 	 2 	 9 	 10 	 5 	 60 	 70 	 80 	 90 	 100
261 	 125 	 0 	 5 	 2 	 11 	 12 	 5 	 60 	 70 	 80 	 90 	 100
262 	 126 	 0 	 6 	 2 	 5 	 6 	 5 	 7 	 17 	 27 	 37 	 47
263 	 126 	 0 	 6 	 2 	 7 	 8 	 5 	 7 	 17 	 27 	 37 	 47
264 	 126 	 0 	 9 	 2 	 9 	 10 	 5 	 7 	 17 	 27 	 37 	 47
265 	 126 	 0 	 5 	 2 	 11 	 12 	 5 	 7 	 17 	 27 	 37 	 47
266 	 126 	 0 	 1 	 2 	 13 	 14 	 5 	 7 	 17 	 27 	 37 	 47
267 	 127 	 0 	 5 	 2 	 6 	 7 	 5 	 60 	 70 	 80 	 90 	 100
268 	 128 	 1 	 5 	 2 	 1 	 2 	 6 	 1 	 11 	 21 	 31 	 41 	 51
269 	 129 	 0 	 6 	 2 	 6 	 7 	 11 	 56 	 61 	 66 	 71 	 76 	 81 	 86 	 91 	 96 	 101 	 106
270 	 130 	 0 	 10 	 2 	 1 	 2 	 5 	 5 	 15 	 25 	 35 	 45
271 	 130 	 0 	 10 	 2 	 3 	 4 	 5 	 5 	 15 	 25 	 35 	 45
272 	 130 	 0 	 2 	 2 	 5 	 6 	 5 	 5 	 15 	 25 	 35 	 45
273 	 130 	 0 	 1 	 2 	 7 	 8 	 5 	 5 	 15 	 25 	 35 	 45
274 	 130 	 0 	 5 	 2 	 9 	 10 	 5 	 5 	 15 	 25 	 35 	 45
275 	 130 	 0 	 9 	 2 	 11 	 12 	 5 	 5 	 15 	 25 	 35 	 45
276 	 130 	 0 	 7 	 2 	 13 	 14 	 5 	 5 	 15 	 25 	 35 	 45
277 	 131 	 0 	 2 	 4 	 7 	 8 	 9 	 10 	 6 	 59 	 69 	 79 	 89 	 99 	 109
278 	 132 	 0 	 2 	 2 	 2 	 3 	 5 	 62 	 72 	 82 	 92 	 102
279 	 133 	 0 	 7 	 2 	 6 	 7 	 5 	 60 	 70 	 80 	 90 	 100
280 	 134 	 0 	 7 	 4 	 13 	 14 	 15 	 16 	 5 	 9 	 19 	 29 	 39 	 49
281 	 135 	 0 	 10 	 2 	 3 	 4 	 6 	 1 	 11 	 21 	 31 	 41 	 51
282 	 135 	 0 	 9 	 2 	 7 	 8 	 6 	 4 	 14 	 24 	 34 	 44 	 54
283 	 135 	 0 	 3 	 2 	 8 	 9 	 6 	 3 	 13 	 23 	 33 	 43 	 53
284 	 136 	 0 	 3 	 2 	 8 	 9 	 5 	 60 	 70 	 80 	 90 	 100
285 	 137 	 0 	 2 	 2 	 1 	 2 	 5 	 6 	 16 	 26 	 36 	 46
286 	 137 	 0 	 7 	 2 	 3 	 4 	 5 	 6 	 16 	 26 	 36 	 46
287 	 137 	 0 	 2 	 2 	 5 	 6 	 5 	 6 	 16 	 26 	 36 	 46
288 	 137 	 0 	 5 	 2 	 7 	 8 	 5 	 6 	 16 	 26 	 36 	 46
289 	 137 	 0 	 6 	 2 	 9 	 10 	 5 	 6 	 16 	 26 	 36 	 46
290 	 137 	 0 	 2 	 2 	 11 	 12 	 5 	 6 	 16 	 26 	 36 	 46
291 	 137 	 0 	 1 	 2 	 13 	 14 	 5 	 6 	 16 	 26 	 36 	 46
292 	 137 	 0 	 7 	 2 	 15 	 16 	 5 	 6 	 16 	 26 	 36 	 46
293 	 138 	 0 	 7 	 4 	 10 	 11 	 12 	 13 	 11 	 55 	 60 	 65 	 70 	 75 	 80 	 85 	 90 	 95 	 100 	 105
294 	 139 	 0 	 5 	 4 	 12 	 13 	 14 	 15 	 5 	 8 	 18 	 28 	 38 	 48
295 	 139 	 0 	 9 	 2 	 3 	 4 	 5 	 9 	 19 	 29 	 39 	 49
296 	 140 	 0 	 5 	 2 	 0 	 1 	 11 	 59 	 64 	 69 	 74 	 79 	 84 	 89 	 94 	 99 	 104 	 109
297 	 140 	 0 	 7 	 2 	 2 	 3 	 11 	 59 	 64 	 69 	 74 	 79 	 84 	 89 	 94 	 99 	 104 	 109
298 	 140 	 0 	 7 	 2 	 4 	 5 	 11 	 59 	 64 	 69 	 74 	 79 	 84 	 89 	 94 	 99 	 104 	 109
299 	 140 	 0 	 8 	 2 	 6 	 7 	 11 	 59 	 64 	 69 	 74 	 79 	 84 	 89 	 94 	 99 	 104 	 109
300 	 140 	 0 	 10 	 2 	 8 	 9 	 11 	 59 	 64 	 69 	 74 	 79 	 84 	 89 	 94 	 99 	 104 	 109
301 	 140 	 0 	 6 	 2 	 10 	 11 	 11 	 59 	 64 	 69 	 74 	 79 	 84 	 89 	 94 	 99 	 104 	 109
302 	 140 	 0 	 5 	 2 	 12 	 13 	 11 	 59 	 64 	 69 	 74 	 79 	 84 	 89 	 94 	 99 	 104 	 109
303 	 140 	 0 	 2 	 2 	 14 	 15 	 11 	 59 	 64 	 69 	 74 	 79 	 84 	 89 	 94 	 99 	 104 	 109
304 	 141 	 1 	 5 	 4 	 2 	 3 	 4 	 5 	 11 	 55 	 60 	 65 	 70 	 75 	 80 	 85 	 90 	 95 	 100 	 105
305 	 141 	 1 	 5 	 2 	 13 	 14 	 11 	 56 	 61 	 66 	 71 	 76 	 81 	 86 	 91 	 96 	 101 	 106
306 	 141 	 1 	 7 	 2 	 5 	 6 	 11 	 57 	 62 	 67 	 72 	 77 	 82 	 87 	 92 	 97 	 102 	 107
307 	 142 	 0 	 1 	 2 	 12 	 13 	 6 	 57 	 67 	 77 	 87 	 97 	 107
308 	 143 	 0 	 1 	 2 	 8 	 9 	 6 	 1 	 11 	 21 	 31 	 41 	 51
309 	 144 	 0 	 6 	 2 	 5 	 6 	 11 	 3 	 8 	 13 	 18 	 23 	 28 	 33 	 38 	 43 	 48 	 53
310 	 144 	 0 	 1 	 2 	 7 	 8 	 11 	 1 	 6 	 11 	 16 	 21 	 26 	 31 	 36 	 41 	 46 	 51
311 	 144 	 0 	 2 	 2 	 7 	 8 	 11 	 4 	 9 	 14 	 19 	 24 	 29 	 34 	 39 	 44 	 49 	 54
312 	 145 	 0 	 7 	 2 	 1 	 2 	 5 	 61 	 71 	 81 	 91 	 101
313 	 146 	 0 	 10 	 2 	 12 	 13 	 11 	 0 	 5 	 10 	 15 	 20 	 25 	 30 	 35 	 40 	 45 	 50
314 	 147 	 0 	 8 	 2 	 10 	 11 	 5 	 64 	 74 	 84 	 94 	 104
315 	 148 	 0 	 7 	 2 	 13 	 14 	 11 	 59 	 64 	 69 	 74 	 79 	 84 	 89 	 94 	 99 	 104 	 109
316 	 149 	 0 	 10 	 2 	 13 	 14 	 11 	 0 	 5 	 10 	 15 	 20 	 25 	 30 	 35 	 40 	 45 	 50
317 	 149 	 0 	 2 	 4 	 14 	 15 	 16 	 17 	 11 	 2 	 7 	 12 	 17 	 22 	 27 	 32 	 37 	 42 	 47 	 52
318 	 150 	 0 	 9 	 2 	 7 	 8 	 5 	 8 	 18 	 28 	 38 	 48
319 	 150 	 0 	 9 	 2 	 9 	 10 	 5 	 8 	 18 	 28 	 38 	 48
320 	 150 	 0 	 5 	 2 	 11 	 12 	 5 	 8 	 18 	 28 	 38 	 48
321 	 150 	 0 	 6 	 2 	 13 	 14 	 5 	 8 	 18 	 28 	 38 	 48
322 	 151 	 1 	 5 	 2 	 10 	 11 	 5 	 9 	 19 	 29 	 39 	 49
323 	 152 	 0 	 4 	 2 	 0 	 1 	 6 	 1 	 11 	 21 	 31 	 41 	 51
324 	 153 	 0 	 3 	 2 	 5 	 6 	 11 	 59 	 64 	 69 	 74 	 79 	 84 	 89 	 94 	 99 	 104 	 109
325 	 154 	 0 	 3 	 2 	 1 	 2 	 11 	 58 	 63 	 68 	 73 	 78 	 83 	 88 	 93 	 98 	 103 	 108
326 	 154 	 0 	 6 	 2 	 3 	 4 	 11 	 58 	 63 	 68 	 73 	 78 	 83 	 88 	 93 	 98 	 103 	 108
327 	 154 	 0 	 6 	 2 	 5 	 6 	 11 	 58 	 63 	 68 	 73 	 78 	 83 	 88 	 93 	 98 	 103 	 108
328 	 154 	 0 	 1 	 2 	 7 	 8 	 11 	 58 	 63 	 68 	 73 	 78 	 83 	 88 	 93 	 98 	 103 	 108
329 	 154 	 0 	 3 	 2 	 9 	 10 	 11 	 58 	 63 	 68 	 73 	 78 	 83 	 88 	 93 	 98 	 103 	 108
330 	 154 	 0 	 2 	 2 	 11 	 12 	 11 	 58 	 63 	 68 	 73 	 78 	 83 	 88 	 93 	 98 	 103 	 108
331 	 154 	 0 	 9 	 2 	 13 	 14 	 11 	 58 	 63 	 68 	 73 	 78 	 83 	 88 	 93 	 98 	 103 	 108
332 	 154 	 0 	 7 	 2 	 15 	 16 	 11 	 58 	 63 	 68 	 73 	 78 	 83 	 88 	 93 	 98 	 103 	 108
333 	 155 	 0 	 4 	 2 	 10 	 11 	 5 	 64 	 74 	 84 	 94 	 104
334 	 155 	 0 	 9 	 4 	 3 	 4 	 5 	 6 	 5 	 60 	 70 	 80 	 90 	 100
335 	 156 	 0 	 2 	 4 	 2 	 3 	 4 	 5 	 11 	 2 	 7 	 12 	 17 	 22 	 27 	 32 	 37 	 42 	 47 	 52
336 	 157 	 0 	 1 	 2 	 2 	 3 	 11 	 1 	 6 	 11 	 16 	 21 	 26 	 31 	 36 	 41 	 46 	 51
337 	 157 	 0 	 8 	 4 	 9 	 10 	 11 	 12 	 11 	 2 	 7 	 12 	 17 	 22 	 27 	 32 	 37 	 42 	 47 	 52
338 	 158 	 0 	 8 	 4 	 5 	 6 	 7 	 8 	 6 	 1 	 11 	 21 	 31 	 41 	 51
339 	 159 	 0 	 6 	 2 	 0 	 1 	 5 	 6 	 16 	 26 	 36 	 46
340 	 160 	 0 	 10 	 2 	 15 	 16 	 6 	 2 	 12 	 22 	 32 	 42 	 52
341 	 160 	 0 	 4 	 2 	 3 	 4 	 6 	 4 	 14 	 24 	 34 	 44 	 54
342 	 160 	 0 	 3 	 2 	 1 	 2 	 6 	 3 	 13 	 23 	 33 	 43 	 53
343 	 161 	 0 	 3 	 2 	 10 	 11 	 5 	 62 	 72 	 82 	 92 	 102
344 	 161 	 0 	 1 	 2 	 12 	 13 	 5 	 62 	 72 	 82 	 92 	 102
345 	 161 	 0 	 8 	 2 	 14 	 15 	 5 	 62 	 72 	 82 	 92 	 102
346 	 161 	 0 	 4 	 2 	 16 	 17 	 5 	 62 	 72 	 82 	 92 	 102
347 	 162 	 0 	 5 	 2 	 6 	 7 	 5 	 9 	 19 	 29 	 39 	 49
348 	 162 	 0 	 10 	 2 	 8 	 9 	 5 	 9 	 19 	 29 	 39 	 49
349 	 162 	 0 	 10 	 2 	 10 	 11 	 5 	 9 	 19 	 29 	 39 	 49
350 	 162 	 0 	 8 	 2 	 12 	 13 	 5 	 9 	 19 	 29 	 39 	 49
351 	 162 	 0 	 3 	 2 	 14 	 15 	 5 	 9 	 19 	 29 	 39 	 49
352 	 163 	 0 	 6 	 2 	 1 	 2 	 6 	 2 	 12 	 22 	 32 	 42 	 52
353 	 164 	 0 	 10 	 2 	 8 	 9 	 5 	 64 	 74 	 84 	 94 	 104
354 	 165 	 0 	 2 	 2 	 9 	 10 	 5 	 64 	 74 	 84 	 94 	 104
355 	 166 	 0 	 3 	 2 	 13 	 14 	 5 	 61 	 71 	 81 	 91 	 101
356 	 167 	 0 	 9 	 2 	 0 	 1 	 6 	 4 	 14 	 24 	 34 	 44 	 54
357 	 168 	 0 	 7 	 2 	 6 	 7 	 6 	 4 	 14 	 24 	 34 	 44 	 54
358 	 168 	 0 	 9 	 2 	 15 	 16 	 6 	 2 	 12 	 22 	 32 	 42 	 52
359 	 169 	 0 	 6 	 2 	 2 	 3 	 11 	 57 	 62 	 67 	 72 	 77 	 82 	 87 	 92 	 97 	 102 	 107
360 	 170 	 0 	 1 	 4 	 11 	 12 	 13 	 14 	 6 	 57 	 67 	 77 	 87 	 97 	 107
361 	 170 	 0 	 10 	 2 	 6 	 7 	 6 	 59 	 69 	 79 	 89 	 99 	 109
362 	 170 	 0 	 4 	 4 	 10 	 11 	 12 	 13 	 6 	 58 	 68 	 78 	 88 	 98 	 108
363 	 171 	 0 	 9 	 2 	 11 	 12 	 5 	 6 	 16 	 26 	 36 	 46
364 	 172 	 0 	 2 	 2 	 3 	 4 	 11 	 2 	 7 	 12 	 17 	 22 	 27 	 32 	 37 	 42 	 47 	 52
365 	 173 	 0 	 3 	 2 	 4 	 5 	 5 	 5 	 15 	 25 	 35 	 45
366 	 174 	 0 	 1 	 2 	 0 	 1 	 6 	 2 	 12 	 22 	 32 	 42 	 52
367 	 174 	 0 	 8 	 2 	 2 	 3 	 6 	 2 	 12 	 22 	 32 	 42 	 52
368 	 174 	 0 	 10 	 2 	 4 	 5 	 6 	 2 	 12 	 22 	 32 	 42 	 52
369 	 174 	 0 	 3 	 2 	 6 	 7 	 6 	 2 	 12 	 22 	 32 	 42 	 52
370 	 174 	 0 	 10 	 2 	 8 	 9 	 6 	 2 	 12 	 22 	 32 	 42 	 52
371 	 174 	 0 	 6 	 2 	 10 	 11 	 6 	 2 	 12 	 22 	 32 	 42 	 52
372 	 175 	 0 	 2 	 4 	 3 	 4 	 5 	 6 	 5 	 60 	 70 	 80 	 90 	 100
373 	 176 	 0 	 7 	 2 	 13 	 14 	 5 	 5 	 15 	 25 	 35 	 45
374 	 177 	 0 	 1 	 4 	 11 	 12 	 13 	 14 	 5 	 5 	 15 	 25 	 35 	 45
375 	 177 	 0 	 4 	 2 	 13 	 14 	 5 	 7 	 17 	 27 	 37 	 47
376 	 178 	 0 	 4 	 2 	 6 	 7 	 5 	 64 	 74 	 84 	 94 	 104
377 	 178 	 0 	 4 	 2 	 12 	 13 	 5 	 62 	 72 	 82 	 92 	 102
378 	 178 	 0 	 7 	 2 	 4 	 5 	 5 	 60 	 70 	 80 	 90 	 100
379 	 179 	 0 	 7 	 4 	 6 	 7 	 8 	 9 	 6 	 0 	 10 	 20 	 30 	 40 	 50
380 	 180 	 0 	 3 	 2 	 1 	 2 	 6 	 4 	 14 	 24 	 34 	 44 	 54
381 	 181 	 0 	 4 	 2 	 0 	 1 	 11 	 3 	 8 	 13 	 18 	 23 	 28 	 33 	 38 	 43 	 48 	 53
382 	 181 	 0 	 9 	 2 	 2 	 3 	 11 	 3 	 8 	 13 	 18 	 23 	 28 	 33 	 38 	 43 	 48 	 53
383 	 181 	 0 	 3 	 2 	 4 	 5 	 11 	 3 	 8 	 13 	 18 	 23 	 28 	 33 	 38 	 43 	 48 	 53
384 	 181 	 0 	 9 	 2 	 6 	 7 	 11 	 3 	 8 	 13 	 18 	 23 	 28 	 33 	 38 	 43 	 48 	 53
385 	 181 	 0 	 5 	 2 	 8 	 9 	 11 	 3 	 8 	 13 	 18 	 23 	 28 	 33 	 38 	 43 	 48 	 53
386 	 181 	 0 	 4 	 2 	 10 	 11 	 11 	 3 	 8 	 13 	 18 	 23 	 28 	 33 	 38 	 43 	 48 	 53
387 	 181 	 0 	 5 	 2 	 12 	 13 	 11 	 3 	 8 	 13 	 18 	 23 	 28 	 33 	 38 	 43 	 48 	 53
388 	 181 	 0 	 9 	 2 	 14 	 15 	 11 	 3 	 8 	 13 	 18 	 23 	 28 	 33 	 38 	 43 	 48 	 53
389 	 181 	 0 	 10 	 2 	 16 	 17 	 11 	 3 	 8 	 13 	 18 	 23 	 28 	 33 	 38 	 43 	 48 	 53
390 	 182 	 0 	 1 	 2 	 7 	 8 	 11 	 59 	 64 	 69 	 74 	 79 	 84 	 89 	 94 	 99 	 104 	 109
391 	 183 	 0 	 1 	 4 	 10 	 11 	 12 	 13 	 6 	 55 	 65 	 75 	 85 	 95 	 105
392 	 183 	 0 	 8 	 2 	 3 	 4 	 6 	 56 	 66 	 76 	 86 	 96 	 106
393 	 184 	 0 	 10 	 4 	 8 	 9 	 10 	 11 	 6 	 1 	 11 	 21 	 31 	 41 	 51
394 	 185 	 0 	 1 	 2 	 0 	 1 	 6 	 3 	 13 	 23 	 33 	 43 	 53
395 	 185 	 0 	 5 	 2 	 2 	 3 	 6 	 3 	 13 	 23 	 33 	 43 	 53
396 	 185 	 0 	 4 	 2 	 4 	 5 	 6 	 3 	 13 	 23 	 33 	 43 	 53
397 	 185 	 0 	 5 	 2 	 6 	 7 	 6 	 3 	 13 	 23 	 33 	 43 	 53
398 	 185 	 0 	 7 	 2 	 8 	 9 	 6 	 3 	 13 	 23 	 33 	 43 	 53
399 	 185 	 0 	 1 	 2 	 10 	 11 	 6 	 3 	 13 	 23 	 33 	 43 	 53
400 	 185 	 0 	 6 	 2 	 12 	 13 	 6 	 3 	 13 	 23 	 33 	 43 	 53
401 	 186 	 0 	 1 	 2 	 0 	 1 	 5 	 60 	 70 	 80 	 90 	 100
402 	 186 	 0 	 3 	 4 	 13 	 14 	 15 	 16 	 5 	 62 	 72 	 82 	 92 	 102
403 	 186 	 0 	 8 	 2 	 3 	 4 	 5 	 64 	 74 	 84 	 94 	 104
404 	 187 	 0 	 6 	 2 	 9 	 10 	 5 	 8 	 18 	 28 	 38 	 48
405 	 187 	 0 	 10 	 2 	 11 	 12 	 5 	 5 	 15 	 25 	 35 	 45
406 	 187 	 0 	 10 	 2 	 9 	 10 	 5 	 7 	 17 	 27 	 37 	 47
407 	 188 	 0 	 10 	 2 	 15 	 16 	 6 	 3 	 13 	 23 	 33 	 43 	 53
408 	 189 	 0 	 8 	 2 	 2 	 3 	 11 	 58 	 63 	 68 	 73 	 78 	 83 	 88 	 93 	 98 	 103 	 108
409 	 190 	 0 	 8 	 4 	 1 	 2 	 3 	 4 	 5 	 63 	 73 	 83 	 93 	 103
410 	 190 	 0 	 10 	 2 	 4 	 5 	 5 	 64 	 74 	 84 	 94 	 104
411 	 191 	 0 	 6 	 4 	 7 	 8 	 9 	 10 	 5 	 64 	 74 	 84 	 94 	 104
412 	 191 	 0 	 10 	 2 	 12 	 13 	 5 	 62 	 72 	 82 	 92 	 102
413 	 191 	 0 	 7 	 2 	 4 	 5 	 5 	 63 	 73 	 83 	 93 	 103
414 	 192 	 0 	 1 	 2 	 4 	 5 	 6 	 0 	 10 	 20 	 30 	 40 	 50
415 	 193 	 0 	 10 	 2 	 4 	 5 	 5 	 62 	 72 	 82 	 92 	 102
416 	 194 	 0 	 3 	 2 	 14 	 15 	 11 	 4 	 9 	 14 	 19 	 24 	 29 	 34 	 39 	 44 	 49 	 54
417 	 195 	 0 	 9 	 4 	 6 	 7 	 8 	 9 	 11 	 0 	 5 	 10 	 15 	 20 	 25 	 30 	 35 	 40 	 45 	 50
418 	 195 	 0 	 10 	 2 	 3 	 4 	 11 	 3 	 8 	 13 	 18 	 23 	 28 	 33 	 38 	 43 	 48 	 53
419 	 195 	 0 	 9 	 2 	 16 	 17 	 11 	 4 	 9 	 14 	 19 	 24 	 29 	 34 	 39 	 44 	 49 	 54
420 	 196 	 0 	 9 	 4 	 11 	 12 	 13 	 14 	 6 	 58 	 68 	 78 	 88 	 98 	 108
421 	 197 	 0 	 5 	 2 	 3 	 4 	 5 	 6 	 16 	 26 	 36 	 46
422 	 198 	 0 	 7 	 2 	 11 	 12 	 6 	 3 	 13 	 23 	 33 	 43 	 53
423 	 199 	 0 	 2 	 4 	 4 	 5 	 6 	 7 	 5 	 7 	 17 	 27 	 37 	 47
424 	 200 	 0 	 8 	 4 	 0 	 1 	 2 	 3 	 6 	 58 	 68 	 78 	 88 	 98 	 108
425 	 201 	 0 	 2 	 4 	 14 	 15 	 16 	 17 	 6 	 56 	 66 	 76 	 86 	 96 	 106
426 	 202 	 1 	 1 	 4 	 6 	 7 	 8 	 9 	 11 	 59 	 64 	 69 	 74 	 79 	 84 	 89 	 94 	 99 	 104 	 109
427 	 202 	 1 	 7 	 2 	 12 	 13 	 11 	 56 	 61 	 66 	 71 	 76 	 81 	 86 	 91 	 96 	 101 	 106
428 	 202 	 1 	 10 	 2 	 9 	 10 	 11 	 55 	 60 	 65 	 70 	 75 	 80 	 85 	 90 	 95 	 100 	 105
429 	 203 	 0 	 7 	 2 	 15 	 16 	 5 	 64 	 74 	 84 	 94 	 104
430 	 203 	 0 	 5 	 2 	 8 	 9 	 5 	 60 	 70 	 80 	 90 	 100
431 	 203 	 0 	 1 	 2 	 0 	 1 	 5 	 62 	 72 	 82 	 92 	 102
432 	 204 	 0 	 1 	 2 	 11 	 12 	 11 	 58 	 63 	 68 	 73 	 78 	 83 	 88 	 93 	 98 	 103 	 108
433 	 205 	 0 	 10 	 2 	 6 	 7 	 11 	 1 	 6 	 11 	 16 	 21 	 26 	 31 	 36 	 41 	 46 	 51
434 	 205 	 0 	 6 	 2 	 8 	 9 	 11 	 1 	 6 	 11 	 16 	 21 	 26 	 31 	 36 	 41 	 46 	 51
435 	 205 	 0 	 8 	 2 	 10 	 11 	 11 	 1 	 6 	 11 	 16 	 21 	 26 	 31 	 36 	 41 	 46 	 51
436 	 205 	 0 	 8 	 2 	 12 	 13 	 11 	 1 	 6 	 11 	 16 	 21 	 26 	 31 	 36 	 41 	 46 	 51
437 	 205 	 0 	 1 	 2 	 14 	 15 	 11 	 1 	 6 	 11 	 16 	 21 	 26 	 31 	 36 	 41 	 46 	 51
438 	 205 	 0 	 5 	 2 	 16 	 17 	 11 	 1 	 6 	 11 	 16 	 21 	 26 	 31 	 36 	 41 	 46 	 51
439 	 206 	 0 	 4 	 2 	 0 	 1 	 11 	 3 	 8 	 13 	 18 	 23 	 28 	 33 	 38 	 43 	 48 	 53
440 	 206 	 0 	 3 	 2 	 2 	 3 	 11 	 3 	 8 	 13 	 18 	 23 	 28 	 33 	 38 	 43 	 48 	 53
441 	 206 	 0 	 9 	 2 	 4 	 5 	 11 	 3 	 8 	 13 	 18 	 23 	 28 	 33 	 38 	 43 	 48 	 53
442 	 206 	 0 	 9 	 2 	 6 	 7 	 11 	 3 	 8 	 13 	 18 	 23 	 28 	 33 	 38 	 43 	 48 	 53
443 	 206 	 0 	 3 	 2 	 8 	 9 	 11 	 3 	 8 	 13 	 18 	 23 	 28 	 33 	 38 	 43 	 48 	 53
444 	 206 	 0 	 7 	 2 	 10 	 11 	 11 	 3 	 8 	 13 	 18 	 23 	 28 	 33 	 38 	 43 	 48 	 53
445 	 206 	 0 	 7 	 2 	 12 	 13 	 11 	 3 	 8 	 13 	 18 	 23 	 28 	 33 	 38 	 43 	 48 	 53
446 	 206 	 0 	 3 	 2 	 14 	 15 	 11 	 3 	 8 	 13 	 18 	 23 	 28 	 33 	 38 	 43 	 48 	 53
447 	 207 	 0 	 7 	 2 	 0 	 1 	 5 	 8 	 18 	 28 	 38 	 48
448 	 208 	 0 	 7 	 2 	 7 	 8 	 11 	 0 	 5 	 10 	 15 	 20 	 25 	 30 	 35 	 40 	 45 	 50
449 	 209 	 0 	 7 	 2 	 4 	 5 	 5 	 64 	 74 	 84 	 94 	 104
450 	 210 	 0 	 9 	 2 	 2 	 3 	 11 	 57 	 62 	 67 	 72 	 77 	 82 	 87 	 92 	 97 	 102 	 107
451 	 211 	 0 	 4 	 2 	 13 	 14 	 5 	 7 	 17 	 27 	 37 	 47
452 	 212 	 0 	 9 	 2 	 13 	 14 	 6 	 3 	 13 	 23 	 33 	 43 	 53
453 	 213 	 0 	 6 	 2 	 11 	 12 	 5 	 8 	 18 	 28 	 38 	 48
454 	 214 	 0 	 10 	 2 	 1 	 2 	 5 	 5 	 15 	 25 	 35 	 45
455 	 214 	 0 	 7 	 4 	 14 	 15 	 16 	 17 	 5 	 9 	 19 	 29 	 39 	 49
456 	 214 	 0 	 1 	 4 	 7 	 8 	 9 	 10 	 5 	 7 	 17 	 27 	 37 	 47
457 	 215 	 0 	 10 	 4 	 5 	 6 	 7 	 8 	 5 	 61 	 71 	 81 	 91 	 101
458 	 216 	 0 	 1 	 2 	 10 	 11 	 11 	 3 	 8 	 13 	 18 	 23 	 28 	 33 	 38 	 43 	 48 	 53
459 	 217 	 0 	 4 	 2 	 2 	 3 	 11 	 58 	 63 	 68 	 73 	 78 	 83 	 88 	 93 	 98 	 103 	 108
460 	 217 	 0 	 7 	 4 	 13 	 14 	 15 	 16 	 11 	 59 	 64 	 69 	 74 	 79 	 84 	 89 	 94 	 99 	 104 	 109
461 	 217 	 0 	 2 	 2 	 15 	 16 	 11 	 56 	 61 	 66 	 71 	 76 	 81 	 86 	 91 	 96 	 101 	 106
462 	 218 	 1 	 6 	 4 	 9 	 10 	 11 	 12 	 6 	 2 	 12 	 22 	 32 	 42 	 52
463 	 219 	 0 	 2 	 2 	 0 	 1 	 5 	 8 	 18 	 28 	 38 	 48
464 	 219 	 0 	 10 	 2 	 2 	 3 	 5 	 8 	 18 	 28 	 38 	 48
465 	 219 	 0 	 8 	 2 	 4 	 5 	 5 	 8 	 18 	 28 	 38 	 48
466 	 219 	 0 	 9 	 2 	 6 	 7 	 5 	 8 	 18 	 28 	 38 	 48
467 	 219 	 0 	 3 	 2 	 8 	 9 	 5 	 8 	 18 	 28 	 38 	 48
468 	 219 	 0 	 7 	 2 	 10 	 11 	 5 	 8 	 18 	 28 	 38 	 48
469 	 219 	 0 	 3 	 2 	 12 	 13 	 5 	 8 	 18 	 28 	 38 	 48
470 	 220 	 0 	 8 	 2 	 13 	 14 	 6 	 4 	 14 	 24 	 34 	 44 	 54
471 	 220 	 0 	 1 	 4 	 4 	 5 	 6 	 7 	 6 	 1 	 11 	 21 	 31 	 41 	 51
472 	 221 	 0 	 5 	 2 	 4 	 5 	 11 	 57 	 62 	 67 	 72 	 77 	 82 	 87 	 92 	 97 	 102 	 107
473 	 221 	 0 	 2 	 2 	 13 	 14 	 11 	 56 	 61 	 66 	 71 	 76 	 81 	 86 	 91 	 96 	 101 	 106
474 	 222 	 0 	 2 	 2 	 12 	 13 	 11 	 4 	 9 	 14 	 19 	 24 	 29 	 34 	 39 	 44 	 49 	 54
475 	 223 	 0 	 1 	 2 	 6 	 7 	 6 	 4 	 14 	 24 	 34 	 44 	 54
476 	 223 	 0 	 3 	 2 	 13 	 14 	 6 	 0 	 10 	 20 	 30 	 40 	 50
477 	 223 	 0 	 10 	 2 	 13 	 14 	 6 	 3 	 13 	 23 	 33 	 43 	 53
478 	 224 	 0 	 9 	 2 	 0 	 1 	 5 	 6 	 16 	 26 	 36 	 46
479 	 224 	 0 	 4 	 4 	 1 	 2 	 3 	 4 	 5 	 7 	 17 	 27 	 37 	 47
480 	 224 	 0 	 7 	 2 	 10 	 11 	 5 	 9 	 19 	 29 	 39 	 49
481 	 225 	 0 	 8 	 2 	 11 	 12 	 5 	 5 	 15 	 25 	 35 	 45
482 	 225 	 0 	 8 	 2 	 2 	 3 	 5 	 9 	 19 	 29 	 39 	 49
483 	 226 	 1 	 4 	 2 	 1 	 2 	 6 	 59 	 69 	 79 	 89 	 99 	 109
484 	 226 	 1 	 7 	 2 	 3 	 4 	 6 	 59 	 69 	 79 	 89 	 99 	 109
485 	 226 	 1 	 8 	 2 	 5 	 6 	 6 	 59 	 69 	 79 	 89 	 99 	 109
486 	 226 	 1 	 5 	 2 	 7 	 8 	 6 	 59 	 69 	 79 	 89 	 99 	 109
487 	 226 	 1 	 5 	 2 	 9 	 10 	 6 	 59 	 69 	 79 	 89 	 99 	 109
488 	 226 	 1 	 7 	 2 	 11 	 12 	 6 	 59 	 69 	 79 	 89 	 99 	 109
489 	 226 	 1 	 1 	 2 	 13 	 14 	 6 	 59 	 69 	 79 	 89 	 99 	 109
490 	 227 	 0 	 2 	 2 	 10 	 11 	 6 	 4 	 14 	 24 	 34 	 44 	 54
491 	 228 	 0 	 5 	 2 	 2 	 3 	 5 	 60 	 70 	 80 	 90 	 100
492 	 228 	 0 	 3 	 2 	 4 	 5 	 5 	 60 	 70 	 80 	 90 	 100
493 	 228 	 0 	 6 	 2 	 6 	 7 	 5 	 60 	 70 	 80 	 90 	 100
494 	 228 	 0 	 7 	 2 	 8 	 9 	 5 	 60 	 70 	 80 	 90 	 100
495 	 228 	 0 	 6 	 2 	 10 	 11 	 5 	 60 	 70 	 80 	 90 	 100
496 	 228 	 0 	 3 	 2 	 12 	 13 	 5 	 60 	 70 	 80 	 90 	 100
497 	 228 	 0 	 10 	 2 	 14 	 15 	 5 	 60 	 70 	 80 	 90 	 100
498 	 228 	 0 	 10 	 2 	 16 	 17 	 5 	 60 	 70 	 80 	 90 	 100
499 	 229 	 0 	 9 	 2 	 4 	 5 	 6 	 58 	 68 	 78 	 88 	 98 	 108
500 	 230 	 0 	 1 	 2 	 0 	 1 	 11 	 56 	 61 	 66 	 71 	 76 	 81 	 86 	 91 	 96 	 101 	 106
501 	 230 	 0 	 1 	 2 	 2 	 3 	 11 	 56 	 61 	 66 	 71 	 76 	 81 	 86 	 91 	 96 	 101 	 106
502 	 230 	 0 	 8 	 2 	 4 	 5 	 11 	 56 	 61 	 66 	 71 	 76 	 81 	 86 	 91 	 96 	 101 	 106
503 	 230 	 0 	 5 	 2 	 6 	 7 	 11 	 56 	 61 	 66 	 71 	 76 	 81 	 86 	 91 	 96 	 101 	 106
504 	 230 	 0 	 5 	 2 	 8 	 9 	 11 	 56 	 61 	 66 	 71 	 76 	 81 	 86 	 91 	 96 	 101 	 106
505 	 230 	 0 	 3 	 2 	 10 	 11 	 11 	 56 	 61 	 66 	 71 	 76 	 81 	 86 	 91 	 96 	 101 	 106
506 	 230 	 0 	 2 	 2 	 12 	 13 	 11 	 56 	 61 	 66 	 71 	 76 	 81 	 86 	 91 	 96 	 101 	 106
507 	 231 	 0 	 6 	 2 	 8 	 9 	 11 	 55 	 60 	 65 	 70 	 75 	 80 	 85 	 90 	 95 	 100 	 105
508 	 232 	 0 	 3 	 4 	 8 	 9 	 10 	 11 	 5 	 7 	 17 	 27 	 37 	 47
509 	 232 	 0 	 7 	 2 	 8 	 9 	 5 	 9 	 19 	 29 	 39 	 49
510 	 232 	 0 	 2 	 4 	 4 	 5 	 6 	 7 	 5 	 8 	 18 	 28 	 38 	 48
511 	 233 	 0 	 5 	 2 	 15 	 16 	 6 	 56 	 66 	 76 	 86 	 96 	 106
512 	 234 	 0 	 8 	 2 	 7 	 8 	 5 	 61 	 71 	 81 	 91 	 101
513 	 234 	 0 	 7 	 4 	 7 	 8 	 9 	 10 	 5 	 60 	 70 	 80 	 90 	 100
514 	 234 	 0 	 3 	 2 	 0 	 1 	 5 	 63 	 73 	 83 	 93 	 103
515 	 235 	 0 	 2 	 4 	 8 	 9 	 10 	 11 	 6 	 56 	 66 	 76 	 86 	 96 	 106
516 	 236 	 0 	 4 	 2 	 0 	 1 	 6 	 59 	 69 	 79 	 89 	 99 	 109
517 	 237 	 0 	 10 	 2 	 0 	 1 	 5 	 7 	 17 	 27 	 37 	 47
518 	 238 	 0 	 7 	 2 	 3 	 4 	 5 	 63 	 73 	 83 	 93 	 103
519 	 239 	 0 	 1 	 4 	 5 	 6 	 7 	 8 	 11 	 2 	 7 	 12 	 17 	 22 	 27 	 32 	 37 	 42 	 47 	 52
520 	 240 	 0 	 8 	 2 	 2 	 3 	 11 	 58 	 63 	 68 	 73 	 78 	 83 	 88 	 93 	 98 	 103 	 108
521 	 241 	 0 	 9 	 2 	 14 	 15 	 6 	 2 	 12 	 22 	 32 	 42 	 52
522 	 242 	 0 	 2 	 2 	 13 	 14 	 11 	 0 	 5 	 10 	 15 	 20 	 25 	 30 	 35 	 40 	 45 	 50
523 	 243 	 0 	 1 	 2 	 8 	 9 	 11 	 2 	 7 	 12 	 17 	 22 	 27 	 32 	 37 	 42 	 47 	 52
524 	 243 	 0 	 1 	 2 	 10 	 11 	 11 	 2 	 7 	 12 	 17 	 22 	 27 	 32 	 37 	 42 	 47 	 52
525 	 243 	 0 	 3 	 2 	 12 	 13 	 11 	 2 	 7 	 12 	 17 	 22 	 27 	 32 	 37 	 42 	 47 	 52
526 	 243 	 0 	 1 	 2 	 14 	 15 	 11 	 2 	 7 	 12 	 17 	 22 	 27 	 32 	 37 	 42 	 47 	 52
527 	 243 	 0 	 7 	 2 	 16 	 17 	 11 	 2 	 7 	 12 	 17 	 22 	 27 	 32 	 37 	 42 	 47 	 52
528 	 244 	 0 	 1 	 2 	 11 	 12 	 11 	 1 	 6 	 11 	 16 	 21 	 26 	 31 	 36 	 41 	 46 	 51
529 	 244 	 0 	 6 	 4 	 11 	 12 	 13 	 14 	 11 	 4 	 9 	 14 	 19 	 24 	 29 	 34 	 39 	 44 	 49 	 54
530 	 245 	 0 	 2 	 2 	 8 	 9 	 6 	 3 	 13 	 23 	 33 	 43 	 53
531 	 246 	 0 	 2 	 4 	 4 	 5 	 6 	 7 	 11 	 59 	 64 	 69 	 74 	 79 	 84 	 89 	 94 	 99 	 104 	 109
532 	 247 	 0 	 7 	 4 	 4 	 5 	 6 	 7 	 6 	 55 	 65 	 75 	 85 	 95 	 105
533 	 248 	 0 	 4 	 2 	 9 	 10 	 5 	 64 	 74 	 84 	 94 	 104
534 	 248 	 0 	 10 	 2 	 16 	 17 	 5 	 63 	 73 	 83 	 93 	 103
535 	 249 	 0 	 2 	 2 	 4 	 5 	 11 	 56 	 61 	 66 	 71 	 76 	 81 	 86 	 91 	 96 	 101 	 106
536 	 249 	 0 	 6 	 2 	 6 	 7 	 11 	 56 	 61 	 66 	 71 	 76 	 81 	 86 	 91 	 96 	 101 	 106
537 	 249 	 0 	 3 	 2 	 8 	 9 	 11 	 56 	 61 	 66 	 71 	 76 	 81 	 86 	 91 	 96 	 101 	 106
538 	 249 	 0 	 3 	 2 	 10 	 11 	 11 	 56 	 61 	 66 	 71 	 76 	 81 	 86 	 91 	 96 	 101 	 106
539 	 249 	 0 	 3 	 2 	 12 	 13 	 11 	 56 	 61 	 66 	 71 	 76 	 81 	 86 	 91 	 96 	 101 	 106
540 	 250 	 0 	 2 	 2 	 0 	 1 	 6 	 58 	 68 	 78 	 88 	 98 	 108
541 	 250 	 0 	 8 	 2 	 8 	 9 	 6 	 56 	 66 	 76 	 86 	 96 	 106
542 	 251 	 0 	 1 	 4 	 7 	 8 	 9 	 10 	 6 	 58 	 68 	 78 	 88 	 98 	 108
543 	 252 	 0 	 5 	 4 	 11 	 12 	 13 	 14 	 11 	 4 	 9 	 14 	 19 	 24 	 29 	 34 	 39 	 44 	 49 	 54
544 	 252 	 0 	 7 	 4 	 1 	 2 	 3 	 4 	 11 	 3 	 8 	 13 	 18 	 23 	 28 	 33 	 38 	 43 	 48 	 53
545 	 252 	 0 	 1 	 4 	 10 	 11 	 12 	 13 	 11 	 1 	 6 	 11 	 16 	 21 	 26 	 31 	 36 	 41 	 46 	 51
546 	 253 	 0 	 8 	 2 	 13 	 14 	 5 	 61 	 71 	 81 	 91 	 101
547 	 254 	 0 	 5 	 2 	 0 	 1 	 11 	 4 	 9 	 14 	 19 	 24 	 29 	 34 	 39 	 44 	 49 	 54
548 	 254 	 0 	 2 	 2 	 3 	 4 	 11 	 2 	 7 	 12 	 17 	 22 	 27 	 32 	 37 	 42 	 47 	 52
549 	 254 	 0 	 1 	 2 	 6 	 7 	 11 	 3 	 8 	 13 	 18 	 23 	 28 	 33 	 38 	 43 	 48 	 53
550 	 255 	 0 	 4 	 2 	 3 	 4 	 5 	 64 	 74 	 84 	 94 	 104
551 	 255 	 0 	 10 	 2 	 5 	 6 	 5 	 64 	 74 	 84 	 94 	 104
552 	 255 	 0 	 6 	 2 	 7 	 8 	 5 	 64 	 74 	 84 	 94 	 104
553 	 255 	 0 	 6 	 2 	 9 	 10 	 5 	 64 	 74 	 84 	 94 	 104
554 	 256 	 0 	 9 	 2 	 14 	 15 	 6 	 57 	 67 	 77 	 87 	 97 	 107
555 	 257 	 0 	 6 	 2 	 13 	 14 	 5 	 61 	 71 	 81 	 91 	 101
556 	 258 	 0 	 2 	 2 	 4 	 5 	 11 	 55 	 60 	 65 	 70 	 75 	 80 	 85 	 90 	 95 	 100 	 105
557 	 258 	 0 	 2 	 2 	 15 	 16 	 11 	 57 	 62 	 67 	 72 	 77 	 82 	 87 	 92 	 97 	 102 	 107
558 	 258 	 0 	 6 	 4 	 3 	 4 	 5 	 6 	 11 	 59 	 64 	 69 	 74 	 79 	 84 	 89 	 94 	 99 	 104 	 109
559 	 259 	 0 	 8 	 4 	 2 	 3 	 4 	 5 	 11 	 57 	 62 	 67 	 72 	 77 	 82 	 87 	 92 	 97 	 102 	 107
560 	 260 	 0 	 8 	 2 	 13 	 14 	 11 	 2 	 7 	 12 	 17 	 22 	 27 	 32 	 37 	 42 	 47 	 52
561 	 260 	 0 	 5 	 2 	 5 	 6 	 11 	 4 	 9 	 14 	 19 	 24 	 29 	 34 	 39 	 44 	 49 	 54
562 	 260 	 0 	 5 	 2 	 0 	 1 	 11 	 0 	 5 	 10 	 15 	 20 	 25 	 30 	 35 	 40 	 45 	 50
563 	 261 	 0 	 6 	 2 	 2 	 3 	 11 	 59 	 64 	 69 	 74 	 79 	 84 	 89 	 94 	 99 	 104 	 109
564 	 262 	 0 	 10 	 2 	 7 	 8 	 5 	 60 	 70 	 80 	 90 	 100
565 	 263 	 0 	 3 	 2 	 5 	 6 	 5 	 62 	 72 	 82 	 92 	 102
566 	 264 	 0 	 9 	 2 	 15 	 16 	 5 	 61 	 71 	 81 	 91 	 101
567 	 265 	 0 	 6 	 2 	 1 	 2 	 11 	 57 	 62 	 67 	 72 	 77 	 82 	 87 	 92 	 97 	 102 	 107
568 	 266 	 0 	 7 	 2 	 2 	 3 	 6 	 55 	 65 	 75 	 85 	 95 	 105
569 	 267 	 0 	 6 	 2 	 8 	 9 	 6 	 2 	 12 	 22 	 32 	 42 	 52
570 	 267 	 0 	 6 	 2 	 10 	 11 	 6 	 2 	 12 	 22 	 32 	 42 	 52
571 	 267 	 0 	 9 	 2 	 12 	 13 	 6 	 2 	 12 	 22 	 32 	 42 	 52
572 	 267 	 0 	 7 	 2 	 14 	 15 	 6 	 2 	 12 	 22 	 32 	 42 	 52
573 	 268 	 0 	 9 	 2 	 10 	 11 	 5 	 8 	 18 	 28 	 38 	 48
574 	 268 	 0 	 7 	 2 	 0 	 1 	 5 	 7 	 17 	 27 	 37 	 47
575 	 269 	 0 	 5 	 2 	 12 	 13 	 5 	 6 	 16 	 26 	 36 	 46
576 	 269 	 0 	 1 	 2 	 3 	 4 	 5 	 7 	 17 	 27 	 37 	 47
577 	 270 	 0 	 5 	 2 	 14 	 15 	 5 	 61 	 71 	 81 	 91 	 101
578 	 271 	 0 	 10 	 4 	 5 	 6 	 7 	 8 	 6 	 4 	 14 	 24 	 34 	 44 	 54
579 	 272 	 0 	 2 	 2 	 0 	 1 	 5 	 63 	 73 	 83 	 93 	 103
580 	 273 	 0 	 9 	 4 	 5 	 6 	 7 	 8 	 11 	 2 	 7 	 12 	 17 	 22 	 27 	 32 	 37 	 42 	 47 	 52
581 	 274 	 0 	 7 	 4 	 2 	 3 	 4 	 5 	 6 	 56 	 66 	 76 	 86 	 96 	 106
582 	 275 	 0 	 1 	 2 	 9 	 10 	 5 	 64 	 74 	 84 	 94 	 104
583 	 276 	 0 	 4 	 2 	 3 	 4 	 11 	 3 	 8 	 13 	 18 	 23 	 28 	 33 	 38 	 43 	 48 	 53
584 	 276 	 0 	 3 	 2 	 5 	 6 	 11 	 3 	 8 	 13 	 18 	 23 	 28 	 33 	 38 	 43 	 48 	 53
585 	 276 	 0 	 10 	 2 	 7 	 8 	 11 	 3 	 8 	 13 	 18 	 23 	 28 	 33 	 38 	 43 	 48 	 53
586 	 276 	 0 	 5 	 2 	 9 	 10 	 11 	 3 	 8 	 13 	 18 	 23 	 28 	 33 	 38 	 43 	 48 	 53
587 	 276 	 0 	 10 	 2 	 11 	 12 	 11 	 3 	 8 	 13 	 18 	 23 	 28 	 33 	 38 	 43 	 48 	 53
588 	 276 	 0 	 4 	 2 	 13 	 14 	 11 	 3 	 8 	 13 	 18 	 23 	 28 	 33 	 38 	 43 	 48 	 53
589 	 277 	 0 	 5 	 2 	 11 	 12 	 11 	 3 	 8 	 13 	 18 	 23 	 28 	 33 	 38 	 43 	 48 	 53
590 	 278 	 0 	 9 	 2 	 1 	 2 	 11 	 0 	 5 	 10 	 15 	 20 	 25 	 30 	 35 	 40 	 45 	 50
591 	 278 	 0 	 8 	 2 	 3 	 4 	 11 	 0 	 5 	 10 	 15 	 20 	 25 	 30 	 35 	 40 	 45 	 50
592 	 278 	 0 	 6 	 2 	 5 	 6 	 11 	 0 	 5 	 10 	 15 	 20 	 25 	 30 	 35 	 40 	 45 	 50
593 	 278 	 0 	 8 	 2 	 7 	 8 	 11 	 0 	 5 	 10 	 15 	 20 	 25 	 30 	 35 	 40 	 45 	 50
594 	 278 	 0 	 6 	 2 	 9 	 10 	 11 	 0 	 5 	 10 	 15 	 20 	 25 	 30 	 35 	 40 	 45 	 50
595 	 278 	 0 	 10 	 2 	 11 	 12 	 11 	 0 	 5 	 10 	 15 	 20 	 25 	 30 	 35 	 40 	 45 	 50
596 	 279 	 0 	 10 	 2 	 1 	 2 	 11 	 55 	 60 	 65 	 70 	 75 	 80 	 85 	 90 	 95 	 100 	 105
597 	 279 	 0 	 6 	 4 	 13 	 14 	 15 	 16 	 11 	 57 	 62 	 67 	 72 	 77 	 82 	 87 	 92 	 97 	 102 	 107
598 	 279 	 0 	 8 	 2 	 11 	 12 	 11 	 59 	 64 	 69 	 74 	 79 	 84 	 89 	 94 	 99 	 104 	 109
599 	 280 	 0 	 4 	 4 	 7 	 8 	 9 	 10 	 5 	 62 	 72 	 82 	 92 	 102
600 	 281 	 0 	 9 	 2 	 15 	 16 	 11 	 56 	 61 	 66 	 71 	 76 	 81 	 86 	 91 	 96 	 101 	 106
601 	 281 	 0 	 8 	 2 	 13 	 14 	 11 	 59 	 64 	 69 	 74 	 79 	 84 	 89 	 94 	 99 	 104 	 109
602 	 281 	 0 	 2 	 2 	 11 	 12 	 11 	 57 	 62 	 67 	 72 	 77 	 82 	 87 	 92 	 97 	 102 	 107
603 	 282 	 0 	 7 	 2 	 5 	 6 	 11 	 58 	 63 	 68 	 73 	 78 	 83 	 88 	 93 	 98 	 103 	 108
604 	 283 	 1 	 3 	 2 	 13 	 14 	 6 	 2 	 12 	 22 	 32 	 42 	 52
605 	 284 	 0 	 5 	 2 	 9 	 10 	 6 	 57 	 67 	 77 	 87 	 97 	 107
606 	 285 	 0 	 3 	 4 	 8 	 9 	 10 	 11 	 5 	 62 	 72 	 82 	 92 	 102
607 	 286 	 0 	 5 	 4 	 4 	 5 	 6 	 7 	 6 	 58 	 68 	 78 	 88 	 98 	 108
608 	 287 	 0 	 10 	 2 	 8 	 9 	 5 	 9 	 19 	 29 	 39 	 49
609 	 288 	 0 	 4 	 2 	 8 	 9 	 5 	 8 	 18 	 28 	 38 	 48
610 	 289 	 0 	 7 	 4 	 3 	 4 	 5 	 6 	 6 	 55 	 65 	 75 	 85 	 95 	 105
611 	 290 	 0 	 10 	 2 	 5 	 6 	 5 	 8 	 18 	 28 	 38 	 48
612 	 291 	 0 	 3 	 2 	 11 	 12 	 6 	 4 	 14 	 24 	 34 	 44 	 54
613 	 292 	 0 	 10 	 2 	 4 	 5 	 11 	 1 	 6 	 11 	 16 	 21 	 26 	 31 	 36 	 41 	 46 	 51
614 	 292 	 0 	 10 	 2 	 9 	 10 	 11 	 0 	 5 	 10 	 15 	 20 	 25 	 30 	 35 	 40 	 45 	 50
615 	 293 	 0 	 6 	 2 	 15 	 16 	 11 	 59 	 64 	 69 	 74 	 79 	 84 	 89 	 94 	 99 	 104 	 109
616 	 294 	 0 	 3 	 2 	 0 	 1 	 6 	 0 	 10 	 20 	 30 	 40 	 50
617 	 295 	 0 	 6 	 2 	 0 	 1 	 5 	 64 	 74 	 84 	 94 	 104
618 	 295 	 0 	 10 	 2 	 2 	 3 	 5 	 64 	 74 	 84 	 94 	 104
619 	 295 	 0 	 10 	 2 	 4 	 5 	 5 	 64 	 74 	 84 	 94 	 104
620 	 295 	 0 	 10 	 2 	 6 	 7 	 5 	 64 	 74 	 84 	 94 	 104
621 	 295 	 0 	 3 	 2 	 8 	 9 	 5 	 64 	 74 	 84 	 94 	 104
622 	 295 	 0 	 7 	 2 	 10 	 11 	 5 	 64 	 74 	 84 	 94 	 104
623 	 295 	 0 	 3 	 2 	 12 	 13 	 5 	 64 	 74 	 84 	 94 	 104
624 	 295 	 0 	 9 	 2 	 14 	 15 	 5 	 64 	 74 	 84 	 94 	 104
625 	 295 	 0 	 2 	 2 	 16 	 17 	 5 	 64 	 74 	 84 	 94 	 104
626 	 296 	 0 	 2 	 4 	 4 	 5 	 6 	 7 	 6 	 59 	 69 	 79 	 89 	 99 	 109
627 	 297 	 0 	 4 	 4 	 9 	 10 	 11 	 12 	 11 	 3 	 8 	 13 	 18 	 23 	 28 	 33 	 38 	 43 	 48 	 53
628 	 297 	 0 	 5 	 2 	 1 	 2 	 11 	 1 	 6 	 11 	 16 	 21 	 26 	 31 	 36 	 41 	 46 	 51
629 	 297 	 0 	 8 	 4 	 11 	 12 	 13 	 14 	 11 	 4 	 9 	 14 	 19 	 24 	 29 	 34 	 39 	 44 	 49 	 54
630 	 298 	 0 	 9 	 2 	 1 	 2 	 5 	 63 	 73 	 83 	 93 	 103
631 	 298 	 0 	 9 	 2 	 3 	 4 	 5 	 63 	 73 	 83 	 93 	 103
632 	 298 	 0 	 2 	 2 	 5 	 6 	 5 	 63 	 73 	 83 	 93 	 103
633 	 298 	 0 	 1 	 2 	 7 	 8 	 5 	 63 	 73 	 83 	 93 	 103
634 	 299 	 0 	 3 	 2 	 3 	 4 	 6 	 3 	 13 	 23 	 33 	 43 	 53
635	0	0	0	2	11	12	6	58	68	78	88	98	108	
636	0	0	0	2	2	3	6	57	67	77	87	97	107	
637	1	0	0	2	2	3	11	2	7	12	17	22	27	32	37	42	47	52	
638	1	0	0	4	2	3	4	5	11	4	9	14	19	24	29	34	39	44	49	54	
639	2	0	0	4	2	3	4	5	5	6	16	26	36	46	
640	3	0	0	4	8	9	10	11	5	63	73	83	93	103	
641	4	0	0	4	8	9	10	11	11	2	7	12	17	22	27	32	37	42	47	52	
642	4	0	0	4	3	4	5	6	11	3	8	13	18	23	28	33	38	43	48	53	
643	5	0	0	4	4	5	6	7	11	2	7	12	17	22	27	32	37	42	47	52	
644	6	0	0	2	10	11	5	5	15	25	35	45	
645	6	0	0	2	1	2	5	8	18	28	38	48	
646	7	0	0	4	10	11	12	13	11	0	5	10	15	20	25	30	35	40	45	50	
647	8	0	0	4	9	10	11	12	6	57	67	77	87	97	107	
648	9	0	0	4	3	4	5	6	5	60	70	80	90	100	
649	9	0	0	2	8	9	5	62	72	82	92	102	
650	9	0	0	4	1	2	3	4	5	64	74	84	94	104	
651	9	0	0	2	16	17	5	63	73	83	93	103	
652	10	0	0	4	8	9	10	11	11	4	9	14	19	24	29	34	39	44	49	54	
653	10	0	0	4	11	12	13	14	11	1	6	11	16	21	26	31	36	41	46	51	
654	11	0	0	4	1	2	3	4	6	0	10	20	30	40	50	
655	12	0	0	2	14	15	11	2	7	12	17	22	27	32	37	42	47	52	
656	12	0	0	4	0	1	2	3	11	3	8	13	18	23	28	33	38	43	48	53	
657	12	0	0	2	6	7	11	0	5	10	15	20	25	30	35	40	45	50	
658	13	0	0	4	10	11	12	13	5	8	18	28	38	48	
659	13	0	0	2	2	3	5	9	19	29	39	49	
660	14	0	0	4	7	8	9	10	6	1	11	21	31	41	51	
661	14	0	0	2	14	15	6	4	14	24	34	44	54	
662	15	0	0	4	12	13	14	15	11	55	60	65	70	75	80	85	90	95	100	105	
663	16	0	0	2	8	9	6	59	69	79	89	99	109	
664	16	0	0	4	0	1	2	3	6	58	68	78	88	98	108	
665	17	0	0	4	12	13	14	15	5	61	71	81	91	101	
666	17	0	0	2	12	13	5	62	72	82	92	102	
667	18	0	0	2	2	3	6	3	13	23	33	43	53	
668	19	0	0	2	15	16	6	2	12	22	32	42	52	
669	19	0	0	4	4	5	6	7	6	4	14	24	34	44	54	
670	20	0	0	2	14	15	6	0	10	20	30	40	50	
671	20	0	0	2	9	10	6	3	13	23	33	43	53	
672	21	0	0	2	9	10	5	7	17	27	37	47	
673	21	0	0	2	16	17	5	8	18	28	38	48	
674	21	0	0	4	5	6	7	8	5	9	19	29	39	49	
675	21	0	0	2	14	15	5	6	16	26	36	46	
676	22	0	0	4	11	12	13	14	6	3	13	23	33	43	53	
677	23	0	0	4	5	6	7	8	11	1	6	11	16	21	26	31	36	41	46	51	
678	24	0	0	4	14	15	16	17	5	9	19	29	39	49	
679	24	0	0	4	9	10	11	12	5	6	16	26	36	46	
680	25	0	0	4	14	15	16	17	6	59	69	79	89	99	109	
681	26	0	0	2	14	15	11	0	5	10	15	20	25	30	35	40	45	50	
682	26	0	0	4	9	10	11	12	11	3	8	13	18	23	28	33	38	43	48	53	
683	26	0	0	2	0	1	11	4	9	14	19	24	29	34	39	44	49	54	
684	26	0	0	2	6	7	11	1	6	11	16	21	26	31	36	41	46	51	
685	27	0	0	2	2	3	6	58	68	78	88	98	108	
686	27	0	0	2	8	9	6	57	67	77	87	97	107	
687	28	0	0	4	3	4	5	6	6	55	65	75	85	95	105	
688	28	0	0	4	6	7	8	9	6	59	69	79	89	99	109	
689	29	0	0	4	12	13	14	15	5	60	70	80	90	100	
690	29	0	0	2	13	14	5	63	73	83	93	103	
691	29	0	0	4	0	1	2	3	5	62	72	82	92	102	
692	29	0	0	4	3	4	5	6	5	61	71	81	91	101	
693	30	0	0	2	12	13	11	3	8	13	18	23	28	33	38	43	48	53	
694	31	0	0	4	9	10	11	12	6	55	65	75	85	95	105	
695	32	0	0	2	13	14	6	3	13	23	33	43	53	
696	32	0	0	4	11	12	13	14	6	0	10	20	30	40	50	
697	33	0	0	4	13	14	15	16	6	58	68	78	88	98	108	
698	34	0	0	4	10	11	12	13	5	61	71	81	91	101	
699	35	0	0	2	10	11	5	9	19	29	39	49	
700	36	0	0	2	3	4	5	63	73	83	93	103	
701	36	0	0	4	4	5	6	7	5	61	71	81	91	101	
702	37	0	0	4	5	6	7	8	6	1	11	21	31	41	51	
703	38	0	0	2	8	9	11	3	8	13	18	23	28	33	38	43	48	53	
704	38	0	0	2	6	7	11	4	9	14	19	24	29	34	39	44	49	54	
705	39	0	0	2	6	7	6	55	65	75	85	95	105	
706	40	0	0	2	14	15	11	3	8	13	18	23	28	33	38	43	48	53	
707	40	0	0	2	9	10	11	2	7	12	17	22	27	32	37	42	47	52	
708	41	0	0	2	10	11	5	8	18	28	38	48	
709	42	0	0	2	2	3	5	61	71	81	91	101	
710	43	0	0	4	4	5	6	7	5	5	15	25	35	45	
711	43	0	0	2	13	14	5	9	19	29	39	49	
712	44	0	0	2	11	12	5	60	70	80	90	100	
713	44	0	0	4	13	14	15	16	5	64	74	84	94	104	
714	45	0	0	4	13	14	15	16	11	58	63	68	73	78	83	88	93	98	103	108	
715	45	0	0	2	10	11	11	59	64	69	74	79	84	89	94	99	104	109	
716	46	0	0	2	8	9	6	2	12	22	32	42	52	
717	47	0	0	4	12	13	14	15	6	55	65	75	85	95	105	
718	47	0	0	2	2	3	6	59	69	79	89	99	109	
719	47	0	0	2	16	17	6	56	66	76	86	96	106	
720	48	0	0	4	9	10	11	12	5	63	73	83	93	103	
721	48	0	0	4	1	2	3	4	5	62	72	82	92	102	
722	48	0	0	4	8	9	10	11	5	64	74	84	94	104	
723	48	0	0	2	7	8	5	60	70	80	90	100	
724	49	0	0	2	2	3	6	59	69	79	89	99	109	
725	49	0	0	4	10	11	12	13	6	58	68	78	88	98	108	
726	50	0	0	2	15	16	11	3	8	13	18	23	28	33	38	43	48	53	
727	50	0	0	4	8	9	10	11	11	1	6	11	16	21	26	31	36	41	46	51	
728	51	0	0	4	1	2	3	4	5	7	17	27	37	47	
729	52	0	0	4	10	11	12	13	6	57	67	77	87	97	107	
730	52	0	0	4	8	9	10	11	6	55	65	75	85	95	105	
731	53	0	0	4	5	6	7	8	5	64	74	84	94	104	
732	54	0	0	4	14	15	16	17	11	0	5	10	15	20	25	30	35	40	45	50	
733	54	0	0	4	12	13	14	15	11	1	6	11	16	21	26	31	36	41	46	51	
734	55	0	0	2	16	17	5	5	15	25	35	45	
735	55	0	0	2	4	5	5	9	19	29	39	49	
736	56	0	0	4	13	14	15	16	6	1	11	21	31	41	51	
737	57	0	0	4	3	4	5	6	6	4	14	24	34	44	54	
738	57	0	0	2	3	4	6	0	10	20	30	40	50	
739	58	0	0	4	9	10	11	12	5	8	18	28	38	48	
740	58	0	0	4	0	1	2	3	5	6	16	26	36	46	
741	59	0	0	2	6	7	6	55	65	75	85	95	105	
742	60	0	0	2	15	16	5	6	16	26	36	46	
743	60	0	0	2	5	6	5	9	19	29	39	49	
744	61	0	0	2	7	8	6	3	13	23	33	43	53	
745	61	0	0	2	4	5	6	1	11	21	31	41	51	
746	62	0	0	4	1	2	3	4	6	0	10	20	30	40	50	
747	63	0	0	2	14	15	11	59	64	69	74	79	84	89	94	99	104	109	
748	63	0	0	4	11	12	13	14	11	58	63	68	73	78	83	88	93	98	103	108	
749	64	0	0	4	0	1	2	3	6	56	66	76	86	96	106	
750	65	0	0	4	3	4	5	6	11	2	7	12	17	22	27	32	37	42	47	52	
751	65	0	0	2	0	1	11	3	8	13	18	23	28	33	38	43	48	53	
752	66	0	0	4	1	2	3	4	6	2	12	22	32	42	52	
753	66	0	0	2	2	3	6	1	11	21	31	41	51	
754	67	0	0	2	15	16	6	0	10	20	30	40	50	
755	68	0	0	2	15	16	6	1	11	21	31	41	51	
756	68	0	0	4	12	13	14	15	6	2	12	22	32	42	52	
757	68	0	0	2	6	7	6	3	13	23	33	43	53	
758	69	0	0	2	12	13	11	56	61	66	71	76	81	86	91	96	101	106	
759	69	0	0	4	10	11	12	13	11	57	62	67	72	77	82	87	92	97	102	107	
760	69	0	0	2	7	8	11	55	60	65	70	75	80	85	90	95	100	105	
761	70	0	0	2	12	13	5	63	73	83	93	103	
762	71	0	0	2	6	7	11	57	62	67	72	77	82	87	92	97	102	107	
763	72	0	0	4	7	8	9	10	5	61	71	81	91	101	
764	72	0	0	2	1	2	5	62	72	82	92	102	
765	73	0	0	2	14	15	5	62	72	82	92	102	
766	73	0	0	4	0	1	2	3	5	61	71	81	91	101	
767	74	0	0	4	14	15	16	17	5	6	16	26	36	46	
768	75	0	0	2	7	8	6	1	11	21	31	41	51	
769	75	0	0	4	3	4	5	6	6	4	14	24	34	44	54	
770	76	0	0	2	13	14	11	55	60	65	70	75	80	85	90	95	100	105	
771	76	0	0	2	10	11	11	58	63	68	73	78	83	88	93	98	103	108	
772	77	0	0	2	5	6	5	64	74	84	94	104	
773	77	0	0	4	8	9	10	11	5	61	71	81	91	101	
774	77	0	0	2	4	5	5	63	73	83	93	103	
775	77	0	0	2	1	2	5	62	72	82	92	102	
776	78	0	0	2	3	4	11	55	60	65	70	75	80	85	90	95	100	105	
777	79	0	0	2	10	11	11	3	8	13	18	23	28	33	38	43	48	53	
778	80	0	0	2	16	17	11	0	5	10	15	20	25	30	35	40	45	50	
779	81	0	0	4	14	15	16	17	11	58	63	68	73	78	83	88	93	98	103	108	
780	81	0	0	2	10	11	11	55	60	65	70	75	80	85	90	95	100	105	
781	82	0	0	2	12	13	11	58	63	68	73	78	83	88	93	98	103	108	
782	83	0	0	4	5	6	7	8	6	2	12	22	32	42	52	
783	83	0	0	2	8	9	6	3	13	23	33	43	53	
784	84	0	0	2	11	12	6	3	13	23	33	43	53	
785	84	0	0	4	10	11	12	13	6	4	14	24	34	44	54	
786	85	0	0	4	7	8	9	10	5	61	71	81	91	101	
787	85	0	0	2	5	6	5	63	73	83	93	103	
788	86	0	0	4	11	12	13	14	11	59	64	69	74	79	84	89	94	99	104	109	
789	87	1	0	2	6	7	6	58	68	78	88	98	108	
790	88	0	0	4	7	8	9	10	5	61	71	81	91	101	
791	88	0	0	2	5	6	5	64	74	84	94	104	
792	88	0	0	4	10	11	12	13	5	63	73	83	93	103	
793	88	0	0	2	7	8	5	60	70	80	90	100	
794	89	0	0	4	7	8	9	10	6	2	12	22	32	42	52	
795	90	0	0	2	9	10	6	3	13	23	33	43	53	
796	90	0	0	4	7	8	9	10	6	4	14	24	34	44	54	
797	91	0	0	2	13	14	11	56	61	66	71	76	81	86	91	96	101	106	
798	91	0	0	2	2	3	11	59	64	69	74	79	84	89	94	99	104	109	
799	92	1	0	2	2	3	6	1	11	21	31	41	51	
800	92	1	0	4	6	7	8	9	6	0	10	20	30	40	50	
801	93	0	0	4	6	7	8	9	11	56	61	66	71	76	81	86	91	96	101	106	
802	93	0	0	2	10	11	11	57	62	67	72	77	82	87	92	97	102	107	
803	93	0	0	4	3	4	5	6	11	58	63	68	73	78	83	88	93	98	103	108	
804	94	0	0	2	10	11	11	1	6	11	16	21	26	31	36	41	46	51	
805	94	0	0	4	5	6	7	8	11	2	7	12	17	22	27	32	37	42	47	52	
806	95	0	0	4	9	10	11	12	6	0	10	20	30	40	50	
807	95	0	0	4	7	8	9	10	6	4	14	24	34	44	54	
808	96	0	0	4	9	10	11	12	11	2	7	12	17	22	27	32	37	42	47	52	
809	96	0	0	4	6	7	8	9	11	0	5	10	15	20	25	30	35	40	45	50	
810	97	0	0	2	1	2	11	56	61	66	71	76	81	86	91	96	101	106	
811	97	0	0	4	2	3	4	5	11	58	63	68	73	78	83	88	93	98	103	108	
812	98	0	0	4	9	10	11	12	6	3	13	23	33	43	53	
813	99	0	0	2	2	3	11	58	63	68	73	78	83	88	93	98	103	108	
814	100	0	0	2	11	12	6	59	69	79	89	99	109	
815	100	0	0	4	1	2	3	4	6	57	67	77	87	97	107	
816	100	0	0	2	2	3	6	56	66	76	86	96	106	
817	100	0	0	2	4	5	6	58	68	78	88	98	108	
818	101	0	0	4	6	7	8	9	6	56	66	76	86	96	106	
819	101	0	0	4	8	9	10	11	6	59	69	79	89	99	109	
820	102	0	0	2	1	2	6	3	13	23	33	43	53	
821	103	0	0	2	7	8	11	59	64	69	74	79	84	89	94	99	104	109	
822	104	0	0	4	13	14	15	16	5	64	74	84	94	104	
823	105	0	0	4	12	13	14	15	5	64	74	84	94	104	
824	106	0	0	4	12	13	14	15	11	56	61	66	71	76	81	86	91	96	101	106	
825	107	1	0	2	16	17	5	5	15	25	35	45	
826	107	1	0	4	10	11	12	13	5	6	16	26	36	46	
827	107	1	0	2	13	14	5	8	18	28	38	48	
828	108	0	0	4	2	3	4	5	6	1	11	21	31	41	51	
829	108	0	0	4	4	5	6	7	6	4	14	24	34	44	54	
830	108	0	0	4	5	6	7	8	6	3	13	23	33	43	53	
831	109	1	0	4	6	7	8	9	11	1	6	11	16	21	26	31	36	41	46	51	
832	109	1	0	4	14	15	16	17	11	3	8	13	18	23	28	33	38	43	48	53	
833	109	1	0	4	8	9	10	11	11	0	5	10	15	20	25	30	35	40	45	50	
834	110	0	0	2	16	17	11	55	60	65	70	75	80	85	90	95	100	105	
835	111	0	0	4	9	10	11	12	11	0	5	10	15	20	25	30	35	40	45	50	
836	112	0	0	4	5	6	7	8	11	56	61	66	71	76	81	86	91	96	101	106	
837	113	0	0	4	12	13	14	15	5	9	19	29	39	49	
838	113	0	0	4	12	13	14	15	5	5	15	25	35	45	
839	113	0	0	2	3	4	5	7	17	27	37	47	
840	113	0	0	2	14	15	5	6	16	26	36	46	
841	114	0	0	2	12	13	5	5	15	25	35	45	
842	114	0	0	4	9	10	11	12	5	6	16	26	36	46	
843	115	0	0	2	2	3	6	55	65	75	85	95	105	
844	116	0	0	4	8	9	10	11	6	55	65	75	85	95	105	
845	116	0	0	4	3	4	5	6	6	58	68	78	88	98	108	
846	117	0	0	2	16	17	5	60	70	80	90	100	
847	117	0	0	2	16	17	5	63	73	83	93	103	
848	117	0	0	2	12	13	5	61	71	81	91	101	
849	117	0	0	4	3	4	5	6	5	62	72	82	92	102	
850	118	0	0	2	3	4	5	9	19	29	39	49	
851	118	0	0	4	10	11	12	13	5	6	16	26	36	46	
852	119	0	0	4	13	14	15	16	5	61	71	81	91	101	
853	119	0	0	4	3	4	5	6	5	60	70	80	90	100	
854	120	0	0	2	2	3	5	62	72	82	92	102	
855	121	0	0	2	2	3	6	2	12	22	32	42	52	
856	122	1	0	4	3	4	5	6	11	4	9	14	19	24	29	34	39	44	49	54	
857	123	0	0	4	14	15	16	17	5	5	15	25	35	45	
858	124	1	0	2	11	12	5	61	71	81	91	101	
859	125	0	0	2	9	10	5	62	72	82	92	102	
860	125	0	0	4	2	3	4	5	5	63	73	83	93	103	
861	125	0	0	2	6	7	5	64	74	84	94	104	
862	125	0	0	4	6	7	8	9	5	61	71	81	91	101	
863	126	0	0	4	10	11	12	13	5	5	15	25	35	45	
864	126	0	0	4	10	11	12	13	5	8	18	28	38	48	
865	126	0	0	4	11	12	13	14	5	6	16	26	36	46	
866	127	0	0	2	0	1	5	64	74	84	94	104	
867	127	0	0	2	12	13	5	62	72	82	92	102	
868	128	1	0	4	3	4	5	6	6	3	13	23	33	43	53	
869	129	0	0	2	4	5	11	59	64	69	74	79	84	89	94	99	104	109	
870	130	0	0	2	1	2	5	8	18	28	38	48	
871	130	0	0	4	9	10	11	12	5	6	16	26	36	46	
872	130	0	0	2	7	8	5	7	17	27	37	47	
873	131	0	0	2	3	4	6	56	66	76	86	96	106	
874	132	0	0	4	10	11	12	13	5	63	73	83	93	103	
875	132	0	0	2	14	15	5	61	71	81	91	101	
876	133	0	0	2	15	16	5	64	74	84	94	104	
877	133	0	0	2	13	14	5	62	72	82	92	102	
878	134	0	0	2	7	8	5	5	15	25	35	45	
879	134	0	0	2	16	17	5	8	18	28	38	48	
880	135	0	0	4	5	6	7	8	6	2	12	22	32	42	52	
881	136	0	0	4	3	4	5	6	5	63	73	83	93	103	
882	136	0	0	4	10	11	12	13	5	61	71	81	91	101	
883	137	0	0	4	12	13	14	15	5	8	18	28	38	48	
884	137	0	0	2	12	13	5	9	19	29	39	49	
885	137	0	0	2	1	2	5	7	17	27	37	47	
886	138	0	0	2	15	16	11	56	61	66	71	76	81	86	91	96	101	106	
887	139	0	0	4	10	11	12	13	5	5	15	25	35	45	
888	140	0	0	4	1	2	3	4	11	56	61	66	71	76	81	86	91	96	101	106	
889	140	0	0	2	2	3	11	55	60	65	70	75	80	85	90	95	100	105	
890	140	0	0	2	10	11	11	58	63	68	73	78	83	88	93	98	103	108	
891	141	1	0	2	5	6	11	59	64	69	74	79	84	89	94	99	104	109	
892	141	1	0	2	0	1	11	58	63	68	73	78	83	88	93	98	103	108	
893	142	0	0	4	5	6	7	8	6	55	65	75	85	95	105	
894	142	0	0	2	6	7	6	56	66	76	86	96	106	
895	143	0	0	2	8	9	6	0	10	20	30	40	50	
896	143	0	0	2	11	12	6	3	13	23	33	43	53	
897	144	0	0	2	4	5	11	2	7	12	17	22	27	32	37	42	47	52	
898	144	0	0	4	11	12	13	14	11	0	5	10	15	20	25	30	35	40	45	50	
899	145	0	0	2	10	11	5	60	70	80	90	100	
900	146	0	0	4	0	1	2	3	11	2	7	12	17	22	27	32	37	42	47	52	
901	146	0	0	4	14	15	16	17	11	3	8	13	18	23	28	33	38	43	48	53	
902	147	0	0	4	0	1	2	3	5	62	72	82	92	102	
903	147	0	0	2	14	15	5	63	73	83	93	103	
904	148	0	0	2	5	6	11	55	60	65	70	75	80	85	90	95	100	105	
905	148	0	0	2	15	16	11	56	61	66	71	76	81	86	91	96	101	106	
906	149	0	0	4	7	8	9	10	11	3	8	13	18	23	28	33	38	43	48	53	
907	149	0	0	4	12	13	14	15	11	1	6	11	16	21	26	31	36	41	46	51	
908	150	0	0	2	13	14	5	7	17	27	37	47	
909	150	0	0	2	14	15	5	6	16	26	36	46	
910	150	0	0	2	1	2	5	5	15	25	35	45	
911	151	1	0	2	3	4	5	6	16	26	36	46	
912	151	1	0	2	7	8	5	5	15	25	35	45	
913	152	0	0	4	10	11	12	13	6	2	12	22	32	42	52	
914	153	0	0	4	10	11	12	13	11	55	60	65	70	75	80	85	90	95	100	105	
915	153	0	0	2	4	5	11	57	62	67	72	77	82	87	92	97	102	107	
916	154	0	0	4	8	9	10	11	11	55	60	65	70	75	80	85	90	95	100	105	
917	154	0	0	4	14	15	16	17	11	57	62	67	72	77	82	87	92	97	102	107	
918	154	0	0	2	11	12	11	59	64	69	74	79	84	89	94	99	104	109	
919	155	0	0	2	16	17	5	61	71	81	91	101	
920	155	0	0	4	6	7	8	9	5	63	73	83	93	103	
921	156	0	0	4	0	1	2	3	11	4	9	14	19	24	29	34	39	44	49	54	
922	156	0	0	2	11	12	11	1	6	11	16	21	26	31	36	41	46	51	
923	157	0	0	2	3	4	11	3	8	13	18	23	28	33	38	43	48	53	
924	157	0	0	4	8	9	10	11	11	0	5	10	15	20	25	30	35	40	45	50	
925	158	0	0	2	12	13	6	3	13	23	33	43	53	
926	159	0	0	4	1	2	3	4	5	8	18	28	38	48	
927	160	0	0	4	4	5	6	7	6	1	11	21	31	41	51	
928	161	0	0	2	3	4	5	64	74	84	94	104	
929	161	0	0	2	3	4	5	61	71	81	91	101	
930	161	0	0	4	4	5	6	7	5	60	70	80	90	100	
931	161	0	0	4	0	1	2	3	5	63	73	83	93	103	
932	162	0	0	2	13	14	5	5	15	25	35	45	
933	162	0	0	2	1	2	5	8	18	28	38	48	
934	162	0	0	4	11	12	13	14	5	6	16	26	36	46	
935	163	0	0	2	11	12	6	4	14	24	34	44	54	
936	163	0	0	2	14	15	6	1	11	21	31	41	51	
937	164	0	0	4	3	4	5	6	5	63	73	83	93	103	
938	165	0	0	2	10	11	5	63	73	83	93	103	
939	165	0	0	4	9	10	11	12	5	62	72	82	92	102	
940	166	0	0	4	12	13	14	15	5	63	73	83	93	103	
941	166	0	0	2	15	16	5	64	74	84	94	104	
942	167	0	0	2	0	1	6	3	13	23	33	43	53	
943	168	0	0	2	7	8	6	3	13	23	33	43	53	
944	169	0	0	4	3	4	5	6	11	58	63	68	73	78	83	88	93	98	103	108	
945	170	0	0	2	8	9	6	55	65	75	85	95	105	
946	170	0	0	2	5	6	6	56	66	76	86	96	106	
947	171	0	0	2	14	15	5	8	18	28	38	48	
948	171	0	0	2	14	15	5	7	17	27	37	47	
949	172	0	0	4	10	11	12	13	11	0	5	10	15	20	25	30	35	40	45	50	
950	173	0	0	2	9	10	5	9	19	29	39	49	
951	174	0	0	4	7	8	9	10	6	1	11	21	31	41	51	
952	174	0	0	4	12	13	14	15	6	3	13	23	33	43	53	
953	174	0	0	2	9	10	6	4	14	24	34	44	54	
954	175	0	0	2	16	17	5	62	72	82	92	102	
955	175	0	0	4	14	15	16	17	5	61	71	81	91	101	
956	176	0	0	2	11	12	5	7	17	27	37	47	
957	176	0	0	2	13	14	5	8	18	28	38	48	
958	177	0	0	4	3	4	5	6	5	9	19	29	39	49	
959	178	0	0	4	9	10	11	12	5	63	73	83	93	103	
960	178	0	0	2	8	9	5	61	71	81	91	101	
961	179	0	0	2	13	14	6	1	11	21	31	41	51	
962	180	0	0	2	15	16	6	1	11	21	31	41	51	
963	181	0	0	4	1	2	3	4	11	4	9	14	19	24	29	34	39	44	49	54	
964	181	0	0	2	7	8	11	2	7	12	17	22	27	32	37	42	47	52	
965	181	0	0	2	10	11	11	1	6	11	16	21	26	31	36	41	46	51	
966	181	0	0	4	14	15	16	17	11	0	5	10	15	20	25	30	35	40	45	50	
967	182	0	0	4	7	8	9	10	11	56	61	66	71	76	81	86	91	96	101	106	
968	182	0	0	4	13	14	15	16	11	57	62	67	72	77	82	87	92	97	102	107	
969	183	0	0	4	6	7	8	9	6	57	67	77	87	97	107	
970	183	0	0	4	8	9	10	11	6	58	68	78	88	98	108	
971	184	0	0	4	8	9	10	11	6	4	14	24	34	44	54	
972	185	0	0	4	9	10	11	12	6	4	14	24	34	44	54	
973	185	0	0	4	5	6	7	8	6	1	11	21	31	41	51	
974	185	0	0	2	1	2	6	2	12	22	32	42	52	
975	185	0	0	4	3	4	5	6	6	0	10	20	30	40	50	
976	186	0	0	4	8	9	10	11	5	63	73	83	93	103	
977	186	0	0	4	4	5	6	7	5	61	71	81	91	101	
978	187	0	0	2	15	16	5	6	16	26	36	46	
979	188	0	0	4	7	8	9	10	6	0	10	20	30	40	50	
980	189	0	0	4	4	5	6	7	11	57	62	67	72	77	82	87	92	97	102	107	
981	189	0	0	4	13	14	15	16	11	59	64	69	74	79	84	89	94	99	104	109	
982	190	0	0	2	7	8	5	62	72	82	92	102	
983	191	0	0	4	13	14	15	16	5	60	70	80	90	100	
984	191	0	0	4	2	3	4	5	5	61	71	81	91	101	
985	192	0	0	4	4	5	6	7	6	3	13	23	33	43	53	
986	192	0	0	2	4	5	6	2	12	22	32	42	52	
987	193	0	0	4	7	8	9	10	5	63	73	83	93	103	
988	194	0	0	4	2	3	4	5	11	2	7	12	17	22	27	32	37	42	47	52	
989	194	0	0	4	1	2	3	4	11	0	5	10	15	20	25	30	35	40	45	50	
990	195	0	0	2	2	3	11	1	6	11	16	21	26	31	36	41	46	51	
991	195	0	0	4	4	5	6	7	11	2	7	12	17	22	27	32	37	42	47	52	
992	196	0	0	4	11	12	13	14	6	55	65	75	85	95	105	
993	196	0	0	4	0	1	2	3	6	57	67	77	87	97	107	
994	197	0	0	4	3	4	5	6	5	7	17	27	37	47	
995	198	0	0	4	8	9	10	11	6	1	11	21	31	41	51	
996	199	0	0	2	5	6	5	6	16	26	36	46	
997	199	0	0	2	12	13	5	5	15	25	35	45	
998	200	0	0	2	12	13	6	55	65	75	85	95	105	
999	200	0	0	4	14	15	16	17	6	59	69	79	89	99	109	
1000	201	0	0	2	6	7	6	59	69	79	89	99	109	
1001	201	0	0	2	13	14	6	58	68	78	88	98	108	
1002	202	1	0	2	11	12	11	58	63	68	73	78	83	88	93	98	103	108	
1003	202	1	0	4	7	8	9	10	11	57	62	67	72	77	82	87	92	97	102	107	
1004	203	0	0	2	3	4	5	63	73	83	93	103	
1005	203	0	0	2	13	14	5	61	71	81	91	101	
1006	204	0	0	2	16	17	11	59	64	69	74	79	84	89	94	99	104	109	
1007	204	0	0	2	7	8	11	57	62	67	72	77	82	87	92	97	102	107	
1008	205	0	0	2	16	17	11	4	9	14	19	24	29	34	39	44	49	54	
1009	205	0	0	4	4	5	6	7	11	0	5	10	15	20	25	30	35	40	45	50	
1010	205	0	0	4	4	5	6	7	11	3	8	13	18	23	28	33	38	43	48	53	
1011	205	0	0	4	0	1	2	3	11	2	7	12	17	22	27	32	37	42	47	52	
1012	206	0	0	2	5	6	11	2	7	12	17	22	27	32	37	42	47	52	
1013	206	0	0	4	2	3	4	5	11	1	6	11	16	21	26	31	36	41	46	51	
1014	206	0	0	4	7	8	9	10	11	0	5	10	15	20	25	30	35	40	45	50	
1015	207	0	0	4	11	12	13	14	5	9	19	29	39	49	
1016	207	0	0	4	11	12	13	14	5	7	17	27	37	47	
1017	208	0	0	4	14	15	16	17	11	3	8	13	18	23	28	33	38	43	48	53	
1018	208	0	0	2	14	15	11	4	9	14	19	24	29	34	39	44	49	54	
1019	209	0	0	4	3	4	5	6	5	60	70	80	90	100	
1020	209	0	0	4	12	13	14	15	5	63	73	83	93	103	
1021	210	0	0	2	0	1	11	56	61	66	71	76	81	86	91	96	101	106	
1022	211	0	0	4	7	8	9	10	5	6	16	26	36	46	
1023	212	0	0	4	1	2	3	4	6	4	14	24	34	44	54	
1024	212	0	0	4	2	3	4	5	6	2	12	22	32	42	52	
1025	213	0	0	2	12	13	5	9	19	29	39	49	
1026	213	0	0	4	4	5	6	7	5	5	15	25	35	45	
1027	214	0	0	4	9	10	11	12	5	8	18	28	38	48	
1028	214	0	0	2	10	11	5	6	16	26	36	46	
1029	215	0	0	2	1	2	5	62	72	82	92	102	
1030	215	0	0	4	3	4	5	6	5	64	74	84	94	104	
1031	216	0	0	4	0	1	2	3	11	1	6	11	16	21	26	31	36	41	46	51	
1032	216	0	0	4	9	10	11	12	11	4	9	14	19	24	29	34	39	44	49	54	
1033	217	0	0	2	6	7	11	57	62	67	72	77	82	87	92	97	102	107	
1034	218	1	0	2	14	15	6	4	14	24	34	44	54	
1035	218	1	0	4	13	14	15	16	6	0	10	20	30	40	50	
1036	219	0	0	4	14	15	16	17	5	9	19	29	39	49	
1037	219	0	0	2	11	12	5	6	16	26	36	46	
1038	219	0	0	2	16	17	5	7	17	27	37	47	
1039	220	0	0	2	15	16	6	0	10	20	30	40	50	
1040	221	0	0	2	2	3	11	58	63	68	73	78	83	88	93	98	103	108	
1041	222	0	0	2	8	9	11	3	8	13	18	23	28	33	38	43	48	53	
1042	223	0	0	2	2	3	6	1	11	21	31	41	51	
1043	224	0	0	2	16	17	5	5	15	25	35	45	
1044	224	0	0	4	9	10	11	12	5	8	18	28	38	48	
1045	225	0	0	2	0	1	5	8	18	28	38	48	
1046	226	1	0	4	1	2	3	4	6	55	65	75	85	95	105	
1047	226	1	0	4	14	15	16	17	6	57	67	77	87	97	107	
1048	226	1	0	4	0	1	2	3	6	56	66	76	86	96	106	
1049	226	1	0	4	5	6	7	8	6	58	68	78	88	98	108	
1050	227	0	0	4	7	8	9	10	6	0	10	20	30	40	50	
1051	227	0	0	4	12	13	14	15	6	2	12	22	32	42	52	
1052	228	0	0	4	11	12	13	14	5	64	74	84	94	104	
1053	228	0	0	2	11	12	5	62	72	82	92	102	
1054	228	0	0	4	9	10	11	12	5	61	71	81	91	101	
1055	229	0	0	4	7	8	9	10	6	57	67	77	87	97	107	
1056	229	0	0	2	10	11	6	59	69	79	89	99	109	
1057	230	0	0	4	11	12	13	14	11	58	63	68	73	78	83	88	93	98	103	108	
1058	230	0	0	2	3	4	11	59	64	69	74	79	84	89	94	99	104	109	
1059	230	0	0	2	4	5	11	57	62	67	72	77	82	87	92	97	102	107	
1060	231	0	0	4	7	8	9	10	11	57	62	67	72	77	82	87	92	97	102	107	
1061	231	0	0	2	7	8	11	58	63	68	73	78	83	88	93	98	103	108	
1062	232	0	0	4	13	14	15	16	5	5	15	25	35	45	
1063	233	0	0	4	13	14	15	16	6	57	67	77	87	97	107	
1064	233	0	0	4	10	11	12	13	6	59	69	79	89	99	109	
1065	234	0	0	4	14	15	16	17	5	64	74	84	94	104	
1066	235	0	0	4	6	7	8	9	6	55	65	75	85	95	105	
1067	236	0	0	4	10	11	12	13	6	55	65	75	85	95	105	
1068	236	0	0	2	16	17	6	58	68	78	88	98	108	
1069	237	0	0	2	11	12	5	8	18	28	38	48	
1070	237	0	0	4	10	11	12	13	5	5	15	25	35	45	
1071	238	0	0	2	6	7	5	60	70	80	90	100	
1072	238	0	0	2	12	13	5	64	74	84	94	104	
1073	239	0	0	4	11	12	13	14	11	1	6	11	16	21	26	31	36	41	46	51	
1074	239	0	0	4	6	7	8	9	11	0	5	10	15	20	25	30	35	40	45	50	
1075	240	0	0	4	3	4	5	6	11	57	62	67	72	77	82	87	92	97	102	107	
1076	241	0	0	4	5	6	7	8	6	1	11	21	31	41	51	
1077	241	0	0	2	0	1	6	3	13	23	33	43	53	
1078	242	0	0	4	2	3	4	5	11	1	6	11	16	21	26	31	36	41	46	51	
1079	242	0	0	2	9	10	11	4	9	14	19	24	29	34	39	44	49	54	
1080	243	0	0	4	11	12	13	14	11	3	8	13	18	23	28	33	38	43	48	53	
1081	243	0	0	4	11	12	13	14	11	1	6	11	16	21	26	31	36	41	46	51	
1082	243	0	0	2	13	14	11	0	5	10	15	20	25	30	35	40	45	50	
1083	244	0	0	2	10	11	11	2	7	12	17	22	27	32	37	42	47	52	
1084	244	0	0	4	9	10	11	12	11	3	8	13	18	23	28	33	38	43	48	53	
1085	245	0	0	4	9	10	11	12	6	0	10	20	30	40	50	
1086	246	0	0	4	6	7	8	9	11	56	61	66	71	76	81	86	91	96	101	106	
1087	246	0	0	2	0	1	11	57	62	67	72	77	82	87	92	97	102	107	
1088	247	0	0	4	1	2	3	4	6	59	69	79	89	99	109	
1089	248	0	0	4	9	10	11	12	5	61	71	81	91	101	
1090	248	0	0	2	13	14	5	60	70	80	90	100	
1091	249	0	0	2	6	7	11	58	63	68	73	78	83	88	93	98	103	108	
1092	249	0	0	2	5	6	11	57	62	67	72	77	82	87	92	97	102	107	
1093	249	0	0	4	12	13	14	15	11	59	64	69	74	79	84	89	94	99	104	109	
1094	250	0	0	4	2	3	4	5	6	59	69	79	89	99	109	
1095	251	0	0	2	11	12	6	57	67	77	87	97	107	
1096	252	0	0	2	14	15	11	0	5	10	15	20	25	30	35	40	45	50	
1097	253	0	0	4	0	1	2	3	5	63	73	83	93	103	
1098	254	0	0	2	8	9	11	1	6	11	16	21	26	31	36	41	46	51	
1099	254	0	0	4	7	8	9	10	11	0	5	10	15	20	25	30	35	40	45	50	
1100	255	0	0	4	12	13	14	15	5	60	70	80	90	100	
1101	255	0	0	4	0	1	2	3	5	62	72	82	92	102	
1102	255	0	0	4	7	8	9	10	5	63	73	83	93	103	
1103	256	0	0	2	14	15	6	56	66	76	86	96	106	
1104	257	0	0	4	7	8	9	10	5	60	70	80	90	100	
1105	257	0	0	4	10	11	12	13	5	63	73	83	93	103	
1106	258	0	0	4	10	11	12	13	11	58	63	68	73	78	83	88	93	98	103	108	
1107	259	0	0	4	11	12	13	14	11	58	63	68	73	78	83	88	93	98	103	108	
1108	260	0	0	4	1	2	3	4	11	1	6	11	16	21	26	31	36	41	46	51	
1109	260	0	0	4	2	3	4	5	11	3	8	13	18	23	28	33	38	43	48	53	
1110	261	0	0	2	6	7	11	58	63	68	73	78	83	88	93	98	103	108	
1111	262	0	0	4	6	7	8	9	5	62	72	82	92	102	
1112	263	0	0	2	2	3	5	63	73	83	93	103	
1113	264	0	0	2	2	3	5	60	70	80	90	100	
1114	264	0	0	4	2	3	4	5	5	62	72	82	92	102	
1115	265	0	0	2	11	12	11	59	64	69	74	79	84	89	94	99	104	109	
1116	265	0	0	4	6	7	8	9	11	58	63	68	73	78	83	88	93	98	103	108	
1117	266	0	0	2	10	11	6	58	68	78	88	98	108	
1118	267	0	0	4	9	10	11	12	6	4	14	24	34	44	54	
1119	267	0	0	2	6	7	6	0	10	20	30	40	50	
1120	267	0	0	4	0	1	2	3	6	3	13	23	33	43	53	
1121	268	0	0	2	1	2	5	6	16	26	36	46	
1122	268	0	0	2	4	5	5	5	15	25	35	45	
1123	269	0	0	4	3	4	5	6	5	8	18	28	38	48	
1124	269	0	0	4	8	9	10	11	5	5	15	25	35	45	
1125	270	0	0	2	1	2	5	60	70	80	90	100	
1126	271	0	0	2	16	17	6	3	13	23	33	43	53	
1127	271	0	0	4	9	10	11	12	6	2	12	22	32	42	52	
1128	272	0	0	4	11	12	13	14	5	64	74	84	94	104	
1129	272	0	0	2	3	4	5	62	72	82	92	102	
1130	273	0	0	2	12	13	11	1	6	11	16	21	26	31	36	41	46	51	
1131	274	0	0	4	5	6	7	8	6	59	69	79	89	99	109	
1132	274	0	0	4	11	12	13	14	6	58	68	78	88	98	108	
1133	275	0	0	2	16	17	5	60	70	80	90	100	
1134	276	0	0	4	12	13	14	15	11	1	6	11	16	21	26	31	36	41	46	51	
1135	276	0	0	4	6	7	8	9	11	4	9	14	19	24	29	34	39	44	49	54	
1136	276	0	0	4	12	13	14	15	11	2	7	12	17	22	27	32	37	42	47	52	
1137	277	0	0	2	10	11	11	1	6	11	16	21	26	31	36	41	46	51	
1138	277	0	0	2	2	3	11	4	9	14	19	24	29	34	39	44	49	54	
1139	278	0	0	2	11	12	11	4	9	14	19	24	29	34	39	44	49	54	
1140	278	0	0	2	8	9	11	2	7	12	17	22	27	32	37	42	47	52	
1141	278	0	0	4	9	10	11	12	11	3	8	13	18	23	28	33	38	43	48	53	
1142	279	0	0	4	1	2	3	4	11	58	63	68	73	78	83	88	93	98	103	108	
1143	279	0	0	2	13	14	11	56	61	66	71	76	81	86	91	96	101	106	
1144	280	0	0	4	5	6	7	8	5	61	71	81	91	101	
1145	280	0	0	2	16	17	5	64	74	84	94	104	
1146	281	0	0	4	10	11	12	13	11	58	63	68	73	78	83	88	93	98	103	108	
1147	281	0	0	4	9	10	11	12	11	55	60	65	70	75	80	85	90	95	100	105	
1148	282	0	0	4	10	11	12	13	11	55	60	65	70	75	80	85	90	95	100	105	
1149	283	1	0	4	12	13	14	15	6	3	13	23	33	43	53	
1150	283	1	0	4	8	9	10	11	6	0	10	20	30	40	50	
1151	284	0	0	2	14	15	6	59	69	79	89	99	109	
1152	284	0	0	4	12	13	14	15	6	55	65	75	85	95	105	
1153	285	0	0	4	6	7	8	9	5	64	74	84	94	104	
1154	286	0	0	4	10	11	12	13	6	57	67	77	87	97	107	
1155	287	0	0	2	14	15	5	8	18	28	38	48	
1156	287	0	0	4	7	8	9	10	5	7	17	27	37	47	
1157	288	0	0	4	1	2	3	4	5	9	19	29	39	49	
1158	288	0	0	2	12	13	5	5	15	25	35	45	
1159	289	0	0	4	10	11	12	13	6	56	66	76	86	96	106	
1160	290	0	0	2	2	3	5	5	15	25	35	45	
1161	290	0	0	4	3	4	5	6	5	7	17	27	37	47	
1162	291	0	0	2	13	14	6	1	11	21	31	41	51	
1163	291	0	0	4	3	4	5	6	6	3	13	23	33	43	53	
1164	292	0	0	2	6	7	11	2	7	12	17	22	27	32	37	42	47	52	
1165	292	0	0	2	11	12	11	3	8	13	18	23	28	33	38	43	48	53	
1166	293	0	0	4	3	4	5	6	11	58	63	68	73	78	83	88	93	98	103	108	
1167	294	0	0	2	5	6	6	1	11	21	31	41	51	
1168	294	0	0	2	2	3	6	2	12	22	32	42	52	
1169	295	0	0	4	3	4	5	6	5	63	73	83	93	103	
1170	295	0	0	4	7	8	9	10	5	60	70	80	90	100	
1171	295	0	0	2	10	11	5	62	72	82	92	102	
1172	295	0	0	2	12	13	5	61	71	81	91	101	
1173	296	0	0	4	4	5	6	7	6	57	67	77	87	97	107	
1174	297	0	0	4	5	6	7	8	11	2	7	12	17	22	27	32	37	42	47	52	
1175	298	0	0	2	12	13	5	62	72	82	92	102	
1176	298	0	0	2	12	13	5	61	71	81	91	101	
1177	298	0	0	4	6	7	8	9	5	64	74	84	94	104	
1178	298	0	0	4	0	1	2	3	5	60	70	80	90	100	
1179	299	0	0	4	1	2	3	4	6	1	11	21	31	41	51	
1180	299	0	0	2	4	5	6	2	12	22	32	42	52	

