392
0	0	0	1	685	
1	1	0	1	111	
2	3	0	1	47	
3	4	0	1	1150	
4	6	0	1	422	
5	9	0	15	638	639	640	641	642	643	644	645	646	647	648	649	650	651	652	
6	10	0	1	560	
7	12	0	24	1153	1154	1155	1156	1157	1158	1159	1160	1161	1162	1163	1164	1165	1166	1167	1168	1169	1170	1171	1172	1173	1174	1175	1176	
8	13	0	3	787	788	789	
9	14	0	1	93	
10	15	0	7	1131	1132	1133	1134	1135	1136	1137	
11	16	0	24	1107	1108	1109	1110	1111	1112	1113	1114	1115	1116	1117	1118	1119	1120	1121	1122	1123	1124	1125	1126	1127	1128	1129	1130	
12	17	0	1	1201	
13	18	0	7	315	316	317	318	319	320	321	
14	19	0	7	1007	1008	1009	1010	1011	1012	1013	
15	20	0	18	518	519	520	521	522	523	524	525	526	527	528	529	530	531	532	533	534	535	
16	24	0	1	747	
17	26	0	18	1086	1087	1088	1089	1090	1091	1092	1093	1094	1095	1096	1097	1098	1099	1100	1101	1102	1103	
18	27	0	1	280	
19	28	0	3	1081	1082	1083	
20	30	0	1	575	
21	32	0	9	748	749	750	751	752	753	754	755	756	
22	34	0	1	745	
23	35	0	1	114	
24	36	0	1	822	
25	37	0	7	863	864	865	866	867	868	869	
26	38	0	1	1177	
27	41	0	18	967	968	969	970	971	972	973	974	975	976	977	978	979	980	981	982	983	984	
28	44	0	1	300	
29	48	0	9	714	715	716	717	718	719	720	721	722	
30	49	0	21	693	694	695	696	697	698	699	700	701	702	703	704	705	706	707	708	709	710	711	712	713	
31	51	0	3	324	325	326	
32	52	0	1	303	
33	59	0	1	333	
34	60	0	1	323	
35	64	0	15	121	122	123	124	125	126	127	128	129	130	131	132	133	134	135	
36	65	0	1	408	
37	67	0	9	1185	1186	1187	1188	1189	1190	1191	1192	1193	
38	69	0	1	1104	
39	72	0	9	614	615	616	617	618	619	620	621	622	
40	73	0	1	399	
41	75	0	1	335	
42	76	0	1	765	
43	78	0	15	890	891	892	893	894	895	896	897	898	899	900	901	902	903	904	
44	79	0	18	226	227	228	229	230	231	232	233	234	235	236	237	238	239	240	241	242	243	
45	81	0	1	746	
46	82	0	1	844	
47	86	0	15	890	891	892	893	894	895	896	897	898	899	900	901	902	903	904	
48	87	0	24	1107	1108	1109	1110	1111	1112	1113	1114	1115	1116	1117	1118	1119	1120	1121	1122	1123	1124	1125	1126	1127	1128	1129	1130	
49	90	0	1	1	
50	93	0	1	1105	
51	95	0	12	95	96	97	98	99	100	101	102	103	104	105	106	
52	96	0	9	38	39	40	41	42	43	44	45	46	
53	99	0	18	724	725	726	727	728	729	730	731	732	733	734	735	736	737	738	739	740	741	
54	105	0	1	88	
55	107	0	15	1050	1051	1052	1053	1054	1055	1056	1057	1058	1059	1060	1061	1062	1063	1064	
56	111	0	1	405	
57	112	0	21	693	694	695	696	697	698	699	700	701	702	703	704	705	706	707	708	709	710	711	712	713	
58	113	0	15	638	639	640	641	642	643	644	645	646	647	648	649	650	651	652	
59	114	0	1	144	
60	115	0	1	314	
61	116	0	1	993	
62	119	0	7	938	939	940	941	942	943	944	
63	121	0	24	1014	1015	1016	1017	1018	1019	1020	1021	1022	1023	1024	1025	1026	1027	1028	1029	1030	1031	1032	1033	1034	1035	1036	1037	
64	123	0	1	545	
65	125	0	3	1004	1005	1006	
66	126	0	1	781	
67	127	0	1	208	
68	136	0	1	562	
69	137	0	1	861	
70	140	0	21	2	3	4	5	6	7	8	9	10	11	12	13	14	15	16	17	18	19	20	21	22	
71	141	0	12	95	96	97	98	99	100	101	102	103	104	105	106	
72	142	0	1	992	
73	144	0	12	945	946	947	948	949	950	951	952	953	954	955	956	
74	145	0	1	994	
75	146	0	18	1086	1087	1088	1089	1090	1091	1092	1093	1094	1095	1096	1097	1098	1099	1100	1101	1102	1103	
76	147	0	15	623	624	625	626	627	628	629	630	631	632	633	634	635	636	637	
77	148	0	1	112	
78	150	0	1	1223	
79	153	0	1	595	
80	154	0	1	276	
81	155	0	1	574	
82	156	0	1	1151	
83	157	0	1	577	
84	162	0	15	72	73	74	75	76	77	78	79	80	81	82	83	84	85	86	
85	164	0	18	870	871	872	873	874	875	876	877	878	879	880	881	882	883	884	885	886	887	
86	165	0	18	724	725	726	727	728	729	730	731	732	733	734	735	736	737	738	739	740	741	
87	166	0	1	1149	
88	167	0	1	23	
89	168	0	1	207	
90	169	0	1	1203	
91	170	0	7	905	906	907	908	909	910	911	
92	171	0	1	691	
93	173	0	24	494	495	496	497	498	499	500	501	502	503	504	505	506	507	508	509	510	511	512	513	514	515	516	517	
94	174	0	1	37	
95	175	0	1	396	
96	177	0	1	406	
97	181	0	1	395	
98	182	0	1	785	
99	184	0	15	209	210	211	212	213	214	215	216	217	218	219	220	221	222	223	
100	185	0	1	1214	
101	187	0	1	277	
102	188	0	24	790	791	792	793	794	795	796	797	798	799	800	801	802	803	804	805	806	807	808	809	810	811	812	813	
103	189	0	1	273	
104	191	0	7	846	847	848	849	850	851	852	
105	193	0	1	259	
106	195	0	1	275	
107	197	0	1	57	
108	198	0	1	436	
109	200	0	21	693	694	695	696	697	698	699	700	701	702	703	704	705	706	707	708	709	710	711	712	713	
110	201	0	24	914	915	916	917	918	919	920	921	922	923	924	925	926	927	928	929	930	931	932	933	934	935	936	937	
111	204	0	9	340	341	342	343	344	345	346	347	348	
112	205	0	24	1153	1154	1155	1156	1157	1158	1159	1160	1161	1162	1163	1164	1165	1166	1167	1168	1169	1170	1171	1172	1173	1174	1175	1176	
113	206	0	9	614	615	616	617	618	619	620	621	622	
114	210	0	1	689	
115	211	0	1	559	
116	215	0	1	146	
117	217	0	12	247	248	249	250	251	252	253	254	255	256	257	258	
118	219	0	7	959	960	961	962	963	964	965	
119	221	0	15	623	624	625	626	627	628	629	630	631	632	633	634	635	636	637	
120	222	0	15	890	891	892	893	894	895	896	897	898	899	900	901	902	903	904	
121	223	0	1	958	
122	224	0	3	1047	1048	1049	
123	227	0	1	119	
124	231	0	1	283	
125	234	0	15	350	351	352	353	354	355	356	357	358	359	360	361	362	363	364	
126	235	0	12	260	261	262	263	264	265	266	267	268	269	270	271	
127	236	0	12	247	248	249	250	251	252	253	254	255	256	257	258	
128	237	0	21	823	824	825	826	827	828	829	830	831	832	833	834	835	836	837	838	839	840	841	842	843	
129	240	0	24	180	181	182	183	184	185	186	187	188	189	190	191	192	193	194	195	196	197	198	199	200	201	202	203	
130	244	0	7	438	439	440	441	442	443	444	
131	248	0	21	823	824	825	826	827	828	829	830	831	832	833	834	835	836	837	838	839	840	841	842	843	
132	249	0	24	914	915	916	917	918	919	920	921	922	923	924	925	926	927	928	929	930	931	932	933	934	935	936	937	
133	250	0	1	94	
134	251	0	1	282	
135	252	0	15	579	580	581	582	583	584	585	586	587	588	589	590	591	592	593	
136	253	0	1	178	
137	257	0	1	299	
138	258	0	12	260	261	262	263	264	265	266	267	268	269	270	271	
139	259	0	12	945	946	947	948	949	950	951	952	953	954	955	956	
140	260	0	7	766	767	768	769	770	771	772	
141	263	0	1	995	
142	266	0	1	332	
143	268	0	1	87	
144	275	0	21	365	366	367	368	369	370	371	372	373	374	375	376	377	378	379	380	381	382	383	384	385	
145	276	0	1	435	
146	278	0	1	179	
147	280	0	1	1206	
148	286	0	1	0	
149	287	0	1	686	
150	288	0	18	870	871	872	873	874	875	876	877	878	879	880	881	882	883	884	885	886	887	
151	289	0	1	278	
152	291	0	1	1205	
153	292	0	3	816	817	818	
154	294	0	12	410	411	412	413	414	415	416	417	418	419	420	421	
155	297	0	7	563	564	565	566	567	568	569	
156	300	0	1	272	
157	301	0	21	2	3	4	5	6	7	8	9	10	11	12	13	14	15	16	17	18	19	20	21	22	
158	304	0	1	888	
159	305	0	1	1195	
160	307	0	15	1050	1051	1052	1053	1054	1055	1056	1057	1058	1059	1060	1061	1062	1063	1064	
161	309	0	7	653	654	655	656	657	658	659	
162	311	0	1	302	
163	312	0	15	598	599	600	601	602	603	604	605	606	607	608	609	610	611	612	
164	314	0	9	748	749	750	751	752	753	754	755	756	
165	315	0	21	2	3	4	5	6	7	8	9	10	11	12	13	14	15	16	17	18	19	20	21	22	
166	317	0	1	71	
167	318	0	21	472	473	474	475	476	477	478	479	480	481	482	483	484	485	486	487	488	489	490	491	492	
168	321	0	12	59	60	61	62	63	64	65	66	67	68	69	70	
169	323	0	1	1152	
170	324	0	9	1038	1039	1040	1041	1042	1043	1044	1045	1046	
171	326	0	12	546	547	548	549	550	551	552	553	554	555	556	557	
172	330	0	24	914	915	916	917	918	919	920	921	922	923	924	925	926	927	928	929	930	931	932	933	934	935	936	937	
173	331	0	7	147	148	149	150	151	152	153	
174	332	0	7	154	155	156	157	158	159	160	
175	333	0	1	423	
176	336	0	1	305	
177	337	0	1	145	
178	339	0	1	862	
179	340	0	15	579	580	581	582	583	584	585	586	587	588	589	590	591	592	593	
180	341	0	15	121	122	123	124	125	126	127	128	129	130	131	132	133	134	135	
181	342	0	1	913	
182	343	0	15	448	449	450	451	452	453	454	455	456	457	458	459	460	461	462	
183	346	0	1	48	
184	347	0	3	856	857	858	
185	349	0	1	966	
186	351	0	24	1153	1154	1155	1156	1157	1158	1159	1160	1161	1162	1163	1164	1165	1166	1167	1168	1169	1170	1171	1172	1173	1174	1175	1176	
187	354	0	3	742	743	744	
188	357	0	1	244	
189	358	0	1	281	
190	364	0	7	1225	1226	1227	1228	1229	1230	1231	
191	365	0	1	692	
192	367	0	1	120	
193	369	0	18	226	227	228	229	230	231	232	233	234	235	236	237	238	239	240	241	242	243	
194	371	0	18	518	519	520	521	522	523	524	525	526	527	528	529	530	531	532	533	534	535	
195	373	0	3	853	854	855	
196	375	0	24	1107	1108	1109	1110	1111	1112	1113	1114	1115	1116	1117	1118	1119	1120	1121	1122	1123	1124	1125	1126	1127	1128	1129	1130	
197	378	0	9	1038	1039	1040	1041	1042	1043	1044	1045	1046	
198	380	0	24	1014	1015	1016	1017	1018	1019	1020	1021	1022	1023	1024	1025	1026	1027	1028	1029	1030	1031	1032	1033	1034	1035	1036	1037	
199	381	0	1	723	
200	386	0	1	543	
201	387	0	1	757	
202	388	0	1	205	
203	392	0	12	410	411	412	413	414	415	416	417	418	419	420	421	
204	393	0	1	274	
205	394	0	1	349	
206	395	0	3	311	312	313	
207	397	0	1	544	
208	398	0	1	427	
209	399	0	7	660	661	662	663	664	665	666	
210	401	0	24	790	791	792	793	794	795	796	797	798	799	800	801	802	803	804	805	806	807	808	809	810	811	812	813	
211	402	0	1	118	
212	403	0	18	667	668	669	670	671	672	673	674	675	676	677	678	679	680	681	682	683	684	
213	408	0	1	576	
214	409	0	1	92	
215	410	0	15	579	580	581	582	583	584	585	586	587	588	589	590	591	592	593	
216	411	0	1	339	
217	413	0	1	912	
218	415	0	3	286	287	288	
219	417	0	18	967	968	969	970	971	972	973	974	975	976	977	978	979	980	981	982	983	984	
220	418	0	15	72	73	74	75	76	77	78	79	80	81	82	83	84	85	86	
221	419	0	15	209	210	211	212	213	214	215	216	217	218	219	220	221	222	223	
222	420	0	1	285	
223	427	0	1	113	
224	428	0	1	338	
225	430	0	1	310	
226	431	0	1	859	
227	432	0	24	790	791	792	793	794	795	796	797	798	799	800	801	802	803	804	805	806	807	808	809	810	811	812	813	
228	433	0	12	25	26	27	28	29	30	31	32	33	34	35	36	
229	434	0	1	1224	
230	438	0	1	426	
231	439	0	3	570	571	572	
232	440	0	3	445	446	447	
233	442	0	1	24	
234	443	0	9	1185	1186	1187	1188	1189	1190	1191	1192	1193	
235	445	0	1	1213	
236	446	0	3	89	90	91	
237	447	0	21	472	473	474	475	476	477	478	479	480	481	482	483	484	485	486	487	488	489	490	491	492	
238	448	0	1	425	
239	451	0	3	1208	1209	1210	
240	453	0	18	967	968	969	970	971	972	973	974	975	976	977	978	979	980	981	982	983	984	
241	454	0	1	143	
242	455	0	1	204	
243	457	0	1	1106	
244	459	0	1	334	
245	461	0	7	1178	1179	1180	1181	1182	1183	1184	
246	463	0	21	365	366	367	368	369	370	371	372	373	374	375	376	377	378	379	380	381	382	383	384	385	
247	464	0	18	1086	1087	1088	1089	1090	1091	1092	1093	1094	1095	1096	1097	1098	1099	1100	1101	1102	1103	
248	465	0	21	2	3	4	5	6	7	8	9	10	11	12	13	14	15	16	17	18	19	20	21	22	
249	466	0	3	306	307	308	
250	467	0	24	494	495	496	497	498	499	500	501	502	503	504	505	506	507	508	509	510	511	512	513	514	515	516	517	
251	469	0	7	536	537	538	539	540	541	542	
252	471	0	9	386	387	388	389	390	391	392	393	394	
253	473	0	1	1145	
254	476	0	24	180	181	182	183	184	185	186	187	188	189	190	191	192	193	194	195	196	197	198	199	200	201	202	203	
255	479	0	1	1204	
256	480	0	1	1215	
257	483	0	3	115	116	117	
258	485	0	24	1014	1015	1016	1017	1018	1019	1020	1021	1022	1023	1024	1025	1026	1027	1028	1029	1030	1031	1032	1033	1034	1035	1036	1037	
259	487	0	1	164	
260	488	0	1	1199	
261	491	0	1	594	
262	492	0	7	465	466	467	468	469	470	471	
263	493	0	18	518	519	520	521	522	523	524	525	526	527	528	529	530	531	532	533	534	535	
264	495	0	1	1148	
265	496	0	12	59	60	61	62	63	64	65	66	67	68	69	70	
266	497	0	7	428	429	430	431	432	433	434	
267	501	0	1	309	
268	502	0	15	72	73	74	75	76	77	78	79	80	81	82	83	84	85	86	
269	505	0	1	1211	
270	508	0	24	1153	1154	1155	1156	1157	1158	1159	1160	1161	1162	1163	1164	1165	1166	1167	1168	1169	1170	1171	1172	1173	1174	1175	1176	
271	509	0	1	304	
272	510	0	24	1014	1015	1016	1017	1018	1019	1020	1021	1022	1023	1024	1025	1026	1027	1028	1029	1030	1031	1032	1033	1034	1035	1036	1037	
273	511	0	3	782	783	784	
274	514	0	1	1207	
275	515	0	18	724	725	726	727	728	729	730	731	732	733	734	735	736	737	738	739	740	741	
276	516	0	1	493	
277	517	0	9	714	715	716	717	718	719	720	721	722	
278	518	0	1	957	
279	519	0	21	472	473	474	475	476	477	478	479	480	481	482	483	484	485	486	487	488	489	490	491	492	
280	520	0	12	546	547	548	549	550	551	552	553	554	555	556	557	
281	523	0	1	1085	
282	525	0	24	914	915	916	917	918	919	920	921	922	923	924	925	926	927	928	929	930	931	932	933	934	935	936	937	
283	527	0	3	107	108	109	
284	530	0	1	845	
285	531	0	1	596	
286	533	0	7	1138	1139	1140	1141	1142	1143	1144	
287	534	0	24	1107	1108	1109	1110	1111	1112	1113	1114	1115	1116	1117	1118	1119	1120	1121	1122	1123	1124	1125	1126	1127	1128	1129	1130	
288	535	0	1	225	
289	537	0	15	121	122	123	124	125	126	127	128	129	130	131	132	133	134	135	
290	540	0	1	161	
291	541	0	1	1194	
292	542	0	1	464	
293	543	0	1	245	
294	545	0	1	327	
295	549	0	15	1065	1066	1067	1068	1069	1070	1071	1072	1073	1074	1075	1076	1077	1078	1079	
296	550	0	1	1080	
297	557	0	24	494	495	496	497	498	499	500	501	502	503	504	505	506	507	508	509	510	511	512	513	514	515	516	517	
298	561	0	15	350	351	352	353	354	355	356	357	358	359	360	361	362	363	364	
299	562	0	1	49	
300	563	0	1	397	
301	564	0	1	773	
302	568	0	7	774	775	776	777	778	779	780	
303	570	0	1	578	
304	574	0	18	870	871	872	873	874	875	876	877	878	879	880	881	882	883	884	885	886	887	
305	575	0	9	289	290	291	292	293	294	295	296	297	
306	577	0	7	1216	1217	1218	1219	1220	1221	1222	
307	578	0	1	690	
308	580	0	18	226	227	228	229	230	231	232	233	234	235	236	237	238	239	240	241	242	243	
309	583	0	15	1065	1066	1067	1068	1069	1070	1071	1072	1073	1074	1075	1076	1077	1078	1079	
310	590	0	15	1065	1066	1067	1068	1069	1070	1071	1072	1073	1074	1075	1076	1077	1078	1079	
311	592	0	3	400	401	402	
312	593	0	1	860	
313	595	0	1	561	
314	597	0	1	815	
315	599	0	1	206	
316	600	0	9	169	170	171	172	173	174	175	176	177	
317	601	0	24	494	495	496	497	498	499	500	501	502	503	504	505	506	507	508	509	510	511	512	513	514	515	516	517	
318	602	0	1	322	
319	604	0	1	224	
320	606	0	18	667	668	669	670	671	672	673	674	675	676	677	678	679	680	681	682	683	684	
321	607	0	1	404	
322	611	0	24	790	791	792	793	794	795	796	797	798	799	800	801	802	803	804	805	806	807	808	809	810	811	812	813	
323	612	0	7	997	998	999	1000	1001	1002	1003	
324	614	0	1	1212	
325	616	0	1	246	
326	618	0	1	1200	
327	621	0	7	136	137	138	139	140	141	142	
328	623	0	12	25	26	27	28	29	30	31	32	33	34	35	36	
329	625	0	1	336	
330	626	0	1	597	
331	627	0	15	209	210	211	212	213	214	215	216	217	218	219	220	221	222	223	
332	628	0	3	819	820	821	
333	629	0	15	1050	1051	1052	1053	1054	1055	1056	1057	1058	1059	1060	1061	1062	1063	1064	
334	632	0	1	573	
335	634	0	1	1146	
336	638	0	3	166	167	168	
337	639	0	3	328	329	330	
338	642	0	21	365	366	367	368	369	370	371	372	373	374	375	376	377	378	379	380	381	382	383	384	385	
339	646	0	9	38	39	40	41	42	43	44	45	46	
340	648	0	15	598	599	600	601	602	603	604	605	606	607	608	609	610	611	612	
341	649	0	21	823	824	825	826	827	828	829	830	831	832	833	834	835	836	837	838	839	840	841	842	843	
342	651	0	1	284	
343	652	0	1	424	
344	655	0	1	165	
345	658	0	1	1084	
346	661	0	15	448	449	450	451	452	453	454	455	456	457	458	459	460	461	462	
347	663	0	1	889	
348	666	0	1	298	
349	667	0	21	823	824	825	826	827	828	829	830	831	832	833	834	835	836	837	838	839	840	841	842	843	
350	668	0	15	448	449	450	451	452	453	454	455	456	457	458	459	460	461	462	
351	670	0	1	463	
352	673	0	1	1202	
353	674	0	1	58	
354	675	0	1	814	
355	676	0	24	180	181	182	183	184	185	186	187	188	189	190	191	192	193	194	195	196	197	198	199	200	201	202	203	
356	677	0	1	558	
357	678	0	1	337	
358	681	0	1	403	
359	683	0	3	1196	1197	1198	
360	687	0	1	688	
361	689	0	21	365	366	367	368	369	370	371	372	373	374	375	376	377	378	379	380	381	382	383	384	385	
362	694	0	9	169	170	171	172	173	174	175	176	177	
363	695	0	1	996	
364	697	0	7	985	986	987	988	989	990	991	
365	698	0	15	350	351	352	353	354	355	356	357	358	359	360	361	362	363	364	
366	699	0	15	623	624	625	626	627	628	629	630	631	632	633	634	635	636	637	
367	701	0	9	386	387	388	389	390	391	392	393	394	
368	705	0	7	50	51	52	53	54	55	56	
369	707	0	1	331	
370	708	0	24	180	181	182	183	184	185	186	187	188	189	190	191	192	193	194	195	196	197	198	199	200	201	202	203	
371	710	0	15	598	599	600	601	602	603	604	605	606	607	608	609	610	611	612	
372	711	0	1	786	
373	712	0	1	279	
374	714	0	1	301	
375	715	0	1	409	
376	716	0	1	110	
377	719	0	1	437	
378	720	0	15	638	639	640	641	642	643	644	645	646	647	648	649	650	651	652	
379	723	0	1	162	
380	724	0	7	758	759	760	761	762	763	764	
381	725	0	1	613	
382	726	0	1	687	
383	728	0	18	667	668	669	670	671	672	673	674	675	676	677	678	679	680	681	682	683	684	
384	730	0	1	407	
385	732	0	21	693	694	695	696	697	698	699	700	701	702	703	704	705	706	707	708	709	710	711	712	713	
386	734	0	1	1147	
387	735	0	1	163	
388	742	0	9	340	341	342	343	344	345	346	347	348	
389	743	0	21	472	473	474	475	476	477	478	479	480	481	482	483	484	485	486	487	488	489	490	491	492	
390	746	0	9	289	290	291	292	293	294	295	296	297	
391	748	0	1	398	
