430	241	189
0
0 	 0 	 0 	 4 	 2 	 0 	 1 	 6 	 55 	 65 	 75 	 85 	 95 	 105
1 	 1 	 0 	 1 	 2 	 3 	 4 	 11 	 55 	 60 	 65 	 70 	 75 	 80 	 85 	 90 	 95 	 100 	 105
2 	 2 	 0 	 1 	 2 	 0 	 1 	 5 	 7 	 17 	 27 	 37 	 47
3 	 2 	 0 	 6 	 2 	 2 	 3 	 5 	 7 	 17 	 27 	 37 	 47
4 	 2 	 0 	 3 	 2 	 4 	 5 	 5 	 7 	 17 	 27 	 37 	 47
5 	 2 	 0 	 4 	 2 	 6 	 7 	 5 	 7 	 17 	 27 	 37 	 47
6 	 2 	 0 	 9 	 2 	 8 	 9 	 5 	 7 	 17 	 27 	 37 	 47
7 	 2 	 0 	 4 	 2 	 10 	 11 	 5 	 7 	 17 	 27 	 37 	 47
8 	 2 	 0 	 10 	 2 	 12 	 13 	 5 	 7 	 17 	 27 	 37 	 47
9 	 2 	 0 	 6 	 2 	 14 	 15 	 5 	 7 	 17 	 27 	 37 	 47
10 	 2 	 0 	 9 	 2 	 16 	 17 	 5 	 7 	 17 	 27 	 37 	 47
11 	 3 	 0 	 10 	 2 	 1 	 2 	 6 	 58 	 68 	 78 	 88 	 98 	 108
12 	 4 	 0 	 10 	 2 	 0 	 1 	 5 	 8 	 18 	 28 	 38 	 48
13 	 4 	 0 	 6 	 2 	 2 	 3 	 5 	 8 	 18 	 28 	 38 	 48
14 	 4 	 0 	 6 	 2 	 4 	 5 	 5 	 8 	 18 	 28 	 38 	 48
15 	 4 	 0 	 8 	 2 	 6 	 7 	 5 	 8 	 18 	 28 	 38 	 48
16 	 4 	 0 	 4 	 2 	 8 	 9 	 5 	 8 	 18 	 28 	 38 	 48
17 	 4 	 0 	 9 	 2 	 10 	 11 	 5 	 8 	 18 	 28 	 38 	 48
18 	 4 	 0 	 4 	 2 	 12 	 13 	 5 	 8 	 18 	 28 	 38 	 48
19 	 4 	 0 	 6 	 2 	 14 	 15 	 5 	 8 	 18 	 28 	 38 	 48
20 	 5 	 0 	 9 	 2 	 14 	 15 	 5 	 61 	 71 	 81 	 91 	 101
21 	 5 	 0 	 5 	 2 	 2 	 3 	 5 	 64 	 74 	 84 	 94 	 104
22 	 6 	 0 	 6 	 2 	 1 	 2 	 11 	 1 	 6 	 11 	 16 	 21 	 26 	 31 	 36 	 41 	 46 	 51
23 	 6 	 0 	 3 	 2 	 3 	 4 	 11 	 1 	 6 	 11 	 16 	 21 	 26 	 31 	 36 	 41 	 46 	 51
24 	 6 	 0 	 9 	 2 	 5 	 6 	 11 	 1 	 6 	 11 	 16 	 21 	 26 	 31 	 36 	 41 	 46 	 51
25 	 6 	 0 	 1 	 2 	 7 	 8 	 11 	 1 	 6 	 11 	 16 	 21 	 26 	 31 	 36 	 41 	 46 	 51
26 	 7 	 0 	 4 	 2 	 13 	 14 	 5 	 6 	 16 	 26 	 36 	 46
27 	 8 	 0 	 4 	 2 	 12 	 13 	 5 	 5 	 15 	 25 	 35 	 45
28 	 8 	 0 	 3 	 2 	 2 	 3 	 5 	 8 	 18 	 28 	 38 	 48
29 	 8 	 0 	 4 	 2 	 5 	 6 	 5 	 6 	 16 	 26 	 36 	 46
30 	 9 	 0 	 4 	 2 	 6 	 7 	 11 	 56 	 61 	 66 	 71 	 76 	 81 	 86 	 91 	 96 	 101 	 106
31 	 9 	 0 	 9 	 2 	 5 	 6 	 11 	 58 	 63 	 68 	 73 	 78 	 83 	 88 	 93 	 98 	 103 	 108
32 	 9 	 0 	 4 	 4 	 8 	 9 	 10 	 11 	 11 	 59 	 64 	 69 	 74 	 79 	 84 	 89 	 94 	 99 	 104 	 109
33 	 10 	 0 	 6 	 2 	 10 	 11 	 6 	 0 	 10 	 20 	 30 	 40 	 50
34 	 10 	 0 	 1 	 2 	 12 	 13 	 6 	 0 	 10 	 20 	 30 	 40 	 50
35 	 10 	 0 	 6 	 2 	 14 	 15 	 6 	 0 	 10 	 20 	 30 	 40 	 50
36 	 10 	 0 	 2 	 2 	 16 	 17 	 6 	 0 	 10 	 20 	 30 	 40 	 50
37 	 11 	 0 	 9 	 2 	 2 	 3 	 5 	 7 	 17 	 27 	 37 	 47
38 	 12 	 0 	 1 	 2 	 6 	 7 	 5 	 7 	 17 	 27 	 37 	 47
39 	 12 	 0 	 9 	 2 	 8 	 9 	 5 	 7 	 17 	 27 	 37 	 47
40 	 12 	 0 	 9 	 2 	 10 	 11 	 5 	 7 	 17 	 27 	 37 	 47
41 	 12 	 0 	 1 	 2 	 12 	 13 	 5 	 7 	 17 	 27 	 37 	 47
42 	 12 	 0 	 1 	 2 	 14 	 15 	 5 	 7 	 17 	 27 	 37 	 47
43 	 12 	 0 	 5 	 2 	 16 	 17 	 5 	 7 	 17 	 27 	 37 	 47
44 	 13 	 0 	 1 	 2 	 6 	 7 	 6 	 1 	 11 	 21 	 31 	 41 	 51
45 	 14 	 0 	 5 	 2 	 11 	 12 	 11 	 1 	 6 	 11 	 16 	 21 	 26 	 31 	 36 	 41 	 46 	 51
46 	 15 	 0 	 3 	 2 	 11 	 12 	 6 	 2 	 12 	 22 	 32 	 42 	 52
47 	 16 	 0 	 8 	 4 	 12 	 13 	 14 	 15 	 11 	 4 	 9 	 14 	 19 	 24 	 29 	 34 	 39 	 44 	 49 	 54
48 	 17 	 1 	 2 	 2 	 8 	 9 	 6 	 56 	 66 	 76 	 86 	 96 	 106
49 	 18 	 0 	 10 	 2 	 8 	 9 	 11 	 55 	 60 	 65 	 70 	 75 	 80 	 85 	 90 	 95 	 100 	 105
50 	 19 	 0 	 6 	 4 	 12 	 13 	 14 	 15 	 6 	 4 	 14 	 24 	 34 	 44 	 54
51 	 19 	 0 	 1 	 4 	 3 	 4 	 5 	 6 	 6 	 1 	 11 	 21 	 31 	 41 	 51
52 	 20 	 0 	 4 	 2 	 0 	 1 	 11 	 57 	 62 	 67 	 72 	 77 	 82 	 87 	 92 	 97 	 102 	 107
53 	 20 	 0 	 3 	 2 	 2 	 3 	 11 	 57 	 62 	 67 	 72 	 77 	 82 	 87 	 92 	 97 	 102 	 107
54 	 20 	 0 	 2 	 2 	 4 	 5 	 11 	 57 	 62 	 67 	 72 	 77 	 82 	 87 	 92 	 97 	 102 	 107
55 	 20 	 0 	 6 	 2 	 6 	 7 	 11 	 57 	 62 	 67 	 72 	 77 	 82 	 87 	 92 	 97 	 102 	 107
56 	 20 	 0 	 6 	 2 	 8 	 9 	 11 	 57 	 62 	 67 	 72 	 77 	 82 	 87 	 92 	 97 	 102 	 107
57 	 20 	 0 	 3 	 2 	 10 	 11 	 11 	 57 	 62 	 67 	 72 	 77 	 82 	 87 	 92 	 97 	 102 	 107
58 	 20 	 0 	 3 	 2 	 12 	 13 	 11 	 57 	 62 	 67 	 72 	 77 	 82 	 87 	 92 	 97 	 102 	 107
59 	 20 	 0 	 10 	 2 	 14 	 15 	 11 	 57 	 62 	 67 	 72 	 77 	 82 	 87 	 92 	 97 	 102 	 107
60 	 20 	 0 	 3 	 2 	 16 	 17 	 11 	 57 	 62 	 67 	 72 	 77 	 82 	 87 	 92 	 97 	 102 	 107
61 	 21 	 0 	 8 	 2 	 3 	 4 	 11 	 58 	 63 	 68 	 73 	 78 	 83 	 88 	 93 	 98 	 103 	 108
62 	 21 	 0 	 8 	 2 	 5 	 6 	 11 	 58 	 63 	 68 	 73 	 78 	 83 	 88 	 93 	 98 	 103 	 108
63 	 21 	 0 	 8 	 2 	 7 	 8 	 11 	 58 	 63 	 68 	 73 	 78 	 83 	 88 	 93 	 98 	 103 	 108
64 	 21 	 0 	 9 	 2 	 9 	 10 	 11 	 58 	 63 	 68 	 73 	 78 	 83 	 88 	 93 	 98 	 103 	 108
65 	 21 	 0 	 9 	 2 	 11 	 12 	 11 	 58 	 63 	 68 	 73 	 78 	 83 	 88 	 93 	 98 	 103 	 108
66 	 21 	 0 	 4 	 2 	 13 	 14 	 11 	 58 	 63 	 68 	 73 	 78 	 83 	 88 	 93 	 98 	 103 	 108
67 	 22 	 0 	 7 	 2 	 3 	 4 	 11 	 55 	 60 	 65 	 70 	 75 	 80 	 85 	 90 	 95 	 100 	 105
68 	 23 	 0 	 8 	 2 	 7 	 8 	 11 	 3 	 8 	 13 	 18 	 23 	 28 	 33 	 38 	 43 	 48 	 53
69 	 24 	 0 	 5 	 2 	 14 	 15 	 6 	 56 	 66 	 76 	 86 	 96 	 106
70 	 25 	 0 	 4 	 2 	 4 	 5 	 6 	 55 	 65 	 75 	 85 	 95 	 105
71 	 25 	 0 	 10 	 2 	 6 	 7 	 6 	 55 	 65 	 75 	 85 	 95 	 105
72 	 25 	 0 	 8 	 2 	 8 	 9 	 6 	 55 	 65 	 75 	 85 	 95 	 105
73 	 25 	 0 	 10 	 2 	 10 	 11 	 6 	 55 	 65 	 75 	 85 	 95 	 105
74 	 25 	 0 	 4 	 2 	 12 	 13 	 6 	 55 	 65 	 75 	 85 	 95 	 105
75 	 25 	 0 	 10 	 2 	 14 	 15 	 6 	 55 	 65 	 75 	 85 	 95 	 105
76 	 25 	 0 	 6 	 2 	 16 	 17 	 6 	 55 	 65 	 75 	 85 	 95 	 105
77 	 26 	 0 	 7 	 2 	 1 	 2 	 11 	 0 	 5 	 10 	 15 	 20 	 25 	 30 	 35 	 40 	 45 	 50
78 	 27 	 0 	 6 	 2 	 5 	 6 	 11 	 3 	 8 	 13 	 18 	 23 	 28 	 33 	 38 	 43 	 48 	 53
79 	 28 	 0 	 9 	 2 	 12 	 13 	 6 	 3 	 13 	 23 	 33 	 43 	 53
80 	 29 	 0 	 10 	 2 	 8 	 9 	 5 	 5 	 15 	 25 	 35 	 45
81 	 30 	 0 	 2 	 2 	 0 	 1 	 6 	 59 	 69 	 79 	 89 	 99 	 109
82 	 31 	 0 	 6 	 2 	 10 	 11 	 6 	 56 	 66 	 76 	 86 	 96 	 106
83 	 31 	 0 	 3 	 2 	 0 	 1 	 6 	 55 	 65 	 75 	 85 	 95 	 105
84 	 31 	 0 	 4 	 2 	 8 	 9 	 6 	 59 	 69 	 79 	 89 	 99 	 109
85 	 32 	 0 	 3 	 2 	 2 	 3 	 11 	 59 	 64 	 69 	 74 	 79 	 84 	 89 	 94 	 99 	 104 	 109
86 	 32 	 0 	 6 	 2 	 4 	 5 	 11 	 59 	 64 	 69 	 74 	 79 	 84 	 89 	 94 	 99 	 104 	 109
87 	 32 	 0 	 4 	 2 	 6 	 7 	 11 	 59 	 64 	 69 	 74 	 79 	 84 	 89 	 94 	 99 	 104 	 109
88 	 32 	 0 	 1 	 2 	 8 	 9 	 11 	 59 	 64 	 69 	 74 	 79 	 84 	 89 	 94 	 99 	 104 	 109
89 	 33 	 0 	 5 	 4 	 5 	 6 	 7 	 8 	 5 	 61 	 71 	 81 	 91 	 101
90 	 33 	 0 	 5 	 4 	 3 	 4 	 5 	 6 	 5 	 62 	 72 	 82 	 92 	 102
91 	 34 	 0 	 6 	 2 	 6 	 7 	 11 	 56 	 61 	 66 	 71 	 76 	 81 	 86 	 91 	 96 	 101 	 106
92 	 35 	 0 	 7 	 2 	 16 	 17 	 6 	 0 	 10 	 20 	 30 	 40 	 50
93 	 35 	 0 	 2 	 4 	 0 	 1 	 2 	 3 	 6 	 3 	 13 	 23 	 33 	 43 	 53
94 	 36 	 0 	 4 	 2 	 5 	 6 	 5 	 60 	 70 	 80 	 90 	 100
95 	 36 	 0 	 10 	 2 	 7 	 8 	 5 	 60 	 70 	 80 	 90 	 100
96 	 36 	 0 	 1 	 2 	 9 	 10 	 5 	 60 	 70 	 80 	 90 	 100
97 	 36 	 0 	 7 	 2 	 11 	 12 	 5 	 60 	 70 	 80 	 90 	 100
98 	 37 	 0 	 6 	 2 	 6 	 7 	 11 	 56 	 61 	 66 	 71 	 76 	 81 	 86 	 91 	 96 	 101 	 106
99 	 37 	 0 	 8 	 2 	 8 	 9 	 11 	 56 	 61 	 66 	 71 	 76 	 81 	 86 	 91 	 96 	 101 	 106
100 	 37 	 0 	 10 	 2 	 10 	 11 	 11 	 56 	 61 	 66 	 71 	 76 	 81 	 86 	 91 	 96 	 101 	 106
101 	 37 	 0 	 6 	 2 	 12 	 13 	 11 	 56 	 61 	 66 	 71 	 76 	 81 	 86 	 91 	 96 	 101 	 106
102 	 37 	 0 	 6 	 2 	 14 	 15 	 11 	 56 	 61 	 66 	 71 	 76 	 81 	 86 	 91 	 96 	 101 	 106
103 	 38 	 0 	 7 	 4 	 11 	 12 	 13 	 14 	 5 	 9 	 19 	 29 	 39 	 49
104 	 38 	 0 	 8 	 2 	 6 	 7 	 5 	 8 	 18 	 28 	 38 	 48
105 	 39 	 0 	 10 	 4 	 11 	 12 	 13 	 14 	 6 	 58 	 68 	 78 	 88 	 98 	 108
106 	 40 	 0 	 3 	 2 	 5 	 6 	 6 	 55 	 65 	 75 	 85 	 95 	 105
107 	 41 	 0 	 10 	 2 	 0 	 1 	 5 	 9 	 19 	 29 	 39 	 49
108 	 42 	 0 	 10 	 2 	 3 	 4 	 11 	 58 	 63 	 68 	 73 	 78 	 83 	 88 	 93 	 98 	 103 	 108
109 	 43 	 0 	 9 	 2 	 2 	 3 	 11 	 58 	 63 	 68 	 73 	 78 	 83 	 88 	 93 	 98 	 103 	 108
110 	 43 	 0 	 1 	 2 	 4 	 5 	 11 	 58 	 63 	 68 	 73 	 78 	 83 	 88 	 93 	 98 	 103 	 108
111 	 43 	 0 	 1 	 2 	 6 	 7 	 11 	 58 	 63 	 68 	 73 	 78 	 83 	 88 	 93 	 98 	 103 	 108
112 	 43 	 0 	 7 	 2 	 8 	 9 	 11 	 58 	 63 	 68 	 73 	 78 	 83 	 88 	 93 	 98 	 103 	 108
113 	 43 	 0 	 3 	 2 	 10 	 11 	 11 	 58 	 63 	 68 	 73 	 78 	 83 	 88 	 93 	 98 	 103 	 108
114 	 43 	 0 	 9 	 2 	 12 	 13 	 11 	 58 	 63 	 68 	 73 	 78 	 83 	 88 	 93 	 98 	 103 	 108
115 	 44 	 0 	 9 	 2 	 15 	 16 	 6 	 3 	 13 	 23 	 33 	 43 	 53
116 	 45 	 0 	 2 	 2 	 2 	 3 	 5 	 6 	 16 	 26 	 36 	 46
117 	 46 	 0 	 5 	 2 	 8 	 9 	 11 	 58 	 63 	 68 	 73 	 78 	 83 	 88 	 93 	 98 	 103 	 108
118 	 47 	 0 	 2 	 2 	 1 	 2 	 6 	 2 	 12 	 22 	 32 	 42 	 52
119 	 48 	 0 	 9 	 2 	 1 	 2 	 11 	 3 	 8 	 13 	 18 	 23 	 28 	 33 	 38 	 43 	 48 	 53
120 	 48 	 0 	 3 	 2 	 3 	 4 	 11 	 3 	 8 	 13 	 18 	 23 	 28 	 33 	 38 	 43 	 48 	 53
121 	 48 	 0 	 4 	 2 	 5 	 6 	 11 	 3 	 8 	 13 	 18 	 23 	 28 	 33 	 38 	 43 	 48 	 53
122 	 48 	 0 	 1 	 2 	 7 	 8 	 11 	 3 	 8 	 13 	 18 	 23 	 28 	 33 	 38 	 43 	 48 	 53
123 	 48 	 0 	 3 	 2 	 9 	 10 	 11 	 3 	 8 	 13 	 18 	 23 	 28 	 33 	 38 	 43 	 48 	 53
124 	 48 	 0 	 4 	 2 	 11 	 12 	 11 	 3 	 8 	 13 	 18 	 23 	 28 	 33 	 38 	 43 	 48 	 53
125 	 49 	 0 	 7 	 2 	 4 	 5 	 6 	 0 	 10 	 20 	 30 	 40 	 50
126 	 49 	 0 	 8 	 2 	 6 	 7 	 6 	 0 	 10 	 20 	 30 	 40 	 50
127 	 49 	 0 	 3 	 2 	 8 	 9 	 6 	 0 	 10 	 20 	 30 	 40 	 50
128 	 49 	 0 	 7 	 2 	 10 	 11 	 6 	 0 	 10 	 20 	 30 	 40 	 50
129 	 49 	 0 	 5 	 2 	 12 	 13 	 6 	 0 	 10 	 20 	 30 	 40 	 50
130 	 49 	 0 	 2 	 2 	 14 	 15 	 6 	 0 	 10 	 20 	 30 	 40 	 50
131 	 49 	 0 	 3 	 2 	 16 	 17 	 6 	 0 	 10 	 20 	 30 	 40 	 50
132 	 50 	 0 	 5 	 2 	 0 	 1 	 5 	 6 	 16 	 26 	 36 	 46
133 	 51 	 2 	 6 	 2 	 0 	 1 	 11 	 4 	 9 	 14 	 19 	 24 	 29 	 34 	 39 	 44 	 49 	 54
134 	 51 	 2 	 6 	 2 	 2 	 3 	 11 	 4 	 9 	 14 	 19 	 24 	 29 	 34 	 39 	 44 	 49 	 54
135 	 51 	 2 	 5 	 2 	 4 	 5 	 11 	 4 	 9 	 14 	 19 	 24 	 29 	 34 	 39 	 44 	 49 	 54
136 	 51 	 2 	 8 	 2 	 6 	 7 	 11 	 4 	 9 	 14 	 19 	 24 	 29 	 34 	 39 	 44 	 49 	 54
137 	 51 	 2 	 2 	 2 	 8 	 9 	 11 	 4 	 9 	 14 	 19 	 24 	 29 	 34 	 39 	 44 	 49 	 54
138 	 51 	 2 	 7 	 2 	 10 	 11 	 11 	 4 	 9 	 14 	 19 	 24 	 29 	 34 	 39 	 44 	 49 	 54
139 	 51 	 2 	 10 	 2 	 12 	 13 	 11 	 4 	 9 	 14 	 19 	 24 	 29 	 34 	 39 	 44 	 49 	 54
140 	 52 	 0 	 4 	 2 	 3 	 4 	 11 	 56 	 61 	 66 	 71 	 76 	 81 	 86 	 91 	 96 	 101 	 106
141 	 52 	 0 	 10 	 2 	 6 	 7 	 11 	 55 	 60 	 65 	 70 	 75 	 80 	 85 	 90 	 95 	 100 	 105
142 	 52 	 0 	 5 	 2 	 2 	 3 	 11 	 59 	 64 	 69 	 74 	 79 	 84 	 89 	 94 	 99 	 104 	 109
143 	 53 	 0 	 7 	 4 	 10 	 11 	 12 	 13 	 11 	 57 	 62 	 67 	 72 	 77 	 82 	 87 	 92 	 97 	 102 	 107
144 	 53 	 0 	 6 	 2 	 5 	 6 	 11 	 55 	 60 	 65 	 70 	 75 	 80 	 85 	 90 	 95 	 100 	 105
145 	 53 	 0 	 8 	 2 	 5 	 6 	 11 	 56 	 61 	 66 	 71 	 76 	 81 	 86 	 91 	 96 	 101 	 106
146 	 54 	 0 	 10 	 4 	 11 	 12 	 13 	 14 	 11 	 3 	 8 	 13 	 18 	 23 	 28 	 33 	 38 	 43 	 48 	 53
147 	 55 	 2 	 4 	 2 	 2 	 3 	 11 	 4 	 9 	 14 	 19 	 24 	 29 	 34 	 39 	 44 	 49 	 54
148 	 56 	 0 	 2 	 2 	 13 	 14 	 5 	 6 	 16 	 26 	 36 	 46
149 	 57 	 0 	 5 	 2 	 0 	 1 	 5 	 6 	 16 	 26 	 36 	 46
150 	 58 	 0 	 5 	 2 	 2 	 3 	 11 	 56 	 61 	 66 	 71 	 76 	 81 	 86 	 91 	 96 	 101 	 106
151 	 58 	 0 	 2 	 2 	 4 	 5 	 11 	 56 	 61 	 66 	 71 	 76 	 81 	 86 	 91 	 96 	 101 	 106
152 	 58 	 0 	 2 	 2 	 6 	 7 	 11 	 56 	 61 	 66 	 71 	 76 	 81 	 86 	 91 	 96 	 101 	 106
153 	 58 	 0 	 7 	 2 	 8 	 9 	 11 	 56 	 61 	 66 	 71 	 76 	 81 	 86 	 91 	 96 	 101 	 106
154 	 58 	 0 	 1 	 2 	 10 	 11 	 11 	 56 	 61 	 66 	 71 	 76 	 81 	 86 	 91 	 96 	 101 	 106
155 	 58 	 0 	 7 	 2 	 12 	 13 	 11 	 56 	 61 	 66 	 71 	 76 	 81 	 86 	 91 	 96 	 101 	 106
156 	 58 	 0 	 7 	 2 	 14 	 15 	 11 	 56 	 61 	 66 	 71 	 76 	 81 	 86 	 91 	 96 	 101 	 106
157 	 59 	 0 	 4 	 2 	 14 	 15 	 5 	 5 	 15 	 25 	 35 	 45
158 	 59 	 0 	 8 	 4 	 11 	 12 	 13 	 14 	 5 	 8 	 18 	 28 	 38 	 48
159 	 59 	 0 	 3 	 6 	 6 	 7 	 8 	 9 	 10 	 11 	 5 	 9 	 19 	 29 	 39 	 49
160 	 60 	 2 	 6 	 2 	 10 	 11 	 6 	 56 	 66 	 76 	 86 	 96 	 106
161 	 60 	 2 	 8 	 2 	 3 	 4 	 6 	 57 	 67 	 77 	 87 	 97 	 107
162 	 60 	 2 	 5 	 2 	 13 	 14 	 6 	 58 	 68 	 78 	 88 	 98 	 108
163 	 61 	 0 	 9 	 2 	 0 	 1 	 6 	 4 	 14 	 24 	 34 	 44 	 54
164 	 62 	 0 	 10 	 2 	 2 	 3 	 11 	 0 	 5 	 10 	 15 	 20 	 25 	 30 	 35 	 40 	 45 	 50
165 	 63 	 0 	 2 	 4 	 7 	 8 	 9 	 10 	 11 	 56 	 61 	 66 	 71 	 76 	 81 	 86 	 91 	 96 	 101 	 106
166 	 63 	 0 	 1 	 4 	 8 	 9 	 10 	 11 	 11 	 59 	 64 	 69 	 74 	 79 	 84 	 89 	 94 	 99 	 104 	 109
167 	 63 	 0 	 2 	 2 	 2 	 3 	 11 	 55 	 60 	 65 	 70 	 75 	 80 	 85 	 90 	 95 	 100 	 105
168 	 64 	 0 	 3 	 2 	 3 	 4 	 6 	 4 	 14 	 24 	 34 	 44 	 54
169 	 65 	 0 	 1 	 2 	 6 	 7 	 11 	 57 	 62 	 67 	 72 	 77 	 82 	 87 	 92 	 97 	 102 	 107
170 	 66 	 0 	 2 	 2 	 10 	 11 	 6 	 57 	 67 	 77 	 87 	 97 	 107
171 	 67 	 0 	 8 	 2 	 16 	 17 	 11 	 2 	 7 	 12 	 17 	 22 	 27 	 32 	 37 	 42 	 47 	 52
172 	 68 	 0 	 3 	 2 	 4 	 5 	 6 	 1 	 11 	 21 	 31 	 41 	 51
173 	 69 	 0 	 9 	 2 	 3 	 4 	 11 	 3 	 8 	 13 	 18 	 23 	 28 	 33 	 38 	 43 	 48 	 53
174 	 70 	 0 	 8 	 2 	 4 	 5 	 11 	 56 	 61 	 66 	 71 	 76 	 81 	 86 	 91 	 96 	 101 	 106
175 	 71 	 0 	 7 	 2 	 6 	 7 	 6 	 58 	 68 	 78 	 88 	 98 	 108
176 	 72 	 0 	 4 	 2 	 8 	 9 	 5 	 62 	 72 	 82 	 92 	 102
177 	 73 	 0 	 2 	 2 	 0 	 1 	 11 	 4 	 9 	 14 	 19 	 24 	 29 	 34 	 39 	 44 	 49 	 54
178 	 73 	 0 	 9 	 2 	 2 	 3 	 11 	 4 	 9 	 14 	 19 	 24 	 29 	 34 	 39 	 44 	 49 	 54
179 	 73 	 0 	 4 	 2 	 4 	 5 	 11 	 4 	 9 	 14 	 19 	 24 	 29 	 34 	 39 	 44 	 49 	 54
180 	 73 	 0 	 1 	 2 	 6 	 7 	 11 	 4 	 9 	 14 	 19 	 24 	 29 	 34 	 39 	 44 	 49 	 54
181 	 73 	 0 	 2 	 2 	 8 	 9 	 11 	 4 	 9 	 14 	 19 	 24 	 29 	 34 	 39 	 44 	 49 	 54
182 	 73 	 0 	 9 	 2 	 10 	 11 	 11 	 4 	 9 	 14 	 19 	 24 	 29 	 34 	 39 	 44 	 49 	 54
183 	 74 	 0 	 3 	 2 	 2 	 3 	 11 	 4 	 9 	 14 	 19 	 24 	 29 	 34 	 39 	 44 	 49 	 54
184 	 75 	 2 	 4 	 2 	 13 	 14 	 6 	 55 	 65 	 75 	 85 	 95 	 105
185 	 76 	 0 	 4 	 2 	 2 	 3 	 11 	 2 	 7 	 12 	 17 	 22 	 27 	 32 	 37 	 42 	 47 	 52
186 	 77 	 1 	 5 	 2 	 1 	 2 	 5 	 9 	 19 	 29 	 39 	 49
187 	 78 	 0 	 10 	 2 	 10 	 11 	 11 	 55 	 60 	 65 	 70 	 75 	 80 	 85 	 90 	 95 	 100 	 105
188 	 79 	 0 	 6 	 2 	 15 	 16 	 5 	 64 	 74 	 84 	 94 	 104
189 	 79 	 0 	 10 	 2 	 11 	 12 	 5 	 62 	 72 	 82 	 92 	 102
190 	 79 	 0 	 6 	 2 	 11 	 12 	 5 	 61 	 71 	 81 	 91 	 101
191 	 80 	 0 	 9 	 2 	 13 	 14 	 6 	 57 	 67 	 77 	 87 	 97 	 107
192 	 81 	 0 	 3 	 2 	 0 	 1 	 11 	 2 	 7 	 12 	 17 	 22 	 27 	 32 	 37 	 42 	 47 	 52
193 	 81 	 0 	 4 	 2 	 2 	 3 	 11 	 2 	 7 	 12 	 17 	 22 	 27 	 32 	 37 	 42 	 47 	 52
194 	 81 	 0 	 7 	 2 	 4 	 5 	 11 	 2 	 7 	 12 	 17 	 22 	 27 	 32 	 37 	 42 	 47 	 52
195 	 81 	 0 	 9 	 2 	 6 	 7 	 11 	 2 	 7 	 12 	 17 	 22 	 27 	 32 	 37 	 42 	 47 	 52
196 	 81 	 0 	 8 	 2 	 8 	 9 	 11 	 2 	 7 	 12 	 17 	 22 	 27 	 32 	 37 	 42 	 47 	 52
197 	 81 	 0 	 7 	 2 	 10 	 11 	 11 	 2 	 7 	 12 	 17 	 22 	 27 	 32 	 37 	 42 	 47 	 52
198 	 81 	 0 	 10 	 2 	 12 	 13 	 11 	 2 	 7 	 12 	 17 	 22 	 27 	 32 	 37 	 42 	 47 	 52
199 	 82 	 0 	 3 	 2 	 0 	 1 	 11 	 56 	 61 	 66 	 71 	 76 	 81 	 86 	 91 	 96 	 101 	 106
200 	 82 	 0 	 3 	 2 	 5 	 6 	 11 	 55 	 60 	 65 	 70 	 75 	 80 	 85 	 90 	 95 	 100 	 105
201 	 82 	 0 	 2 	 2 	 5 	 6 	 11 	 57 	 62 	 67 	 72 	 77 	 82 	 87 	 92 	 97 	 102 	 107
202 	 83 	 0 	 4 	 2 	 3 	 4 	 11 	 1 	 6 	 11 	 16 	 21 	 26 	 31 	 36 	 41 	 46 	 51
203 	 83 	 0 	 3 	 2 	 5 	 6 	 11 	 1 	 6 	 11 	 16 	 21 	 26 	 31 	 36 	 41 	 46 	 51
204 	 83 	 0 	 2 	 2 	 7 	 8 	 11 	 1 	 6 	 11 	 16 	 21 	 26 	 31 	 36 	 41 	 46 	 51
205 	 83 	 0 	 8 	 2 	 9 	 10 	 11 	 1 	 6 	 11 	 16 	 21 	 26 	 31 	 36 	 41 	 46 	 51
206 	 83 	 0 	 5 	 2 	 11 	 12 	 11 	 1 	 6 	 11 	 16 	 21 	 26 	 31 	 36 	 41 	 46 	 51
207 	 84 	 0 	 5 	 2 	 10 	 11 	 11 	 1 	 6 	 11 	 16 	 21 	 26 	 31 	 36 	 41 	 46 	 51
208 	 85 	 0 	 3 	 2 	 16 	 17 	 11 	 55 	 60 	 65 	 70 	 75 	 80 	 85 	 90 	 95 	 100 	 105
209 	 85 	 0 	 1 	 2 	 5 	 6 	 11 	 56 	 61 	 66 	 71 	 76 	 81 	 86 	 91 	 96 	 101 	 106
210 	 85 	 0 	 2 	 2 	 7 	 8 	 11 	 57 	 62 	 67 	 72 	 77 	 82 	 87 	 92 	 97 	 102 	 107
211 	 86 	 0 	 4 	 4 	 8 	 9 	 10 	 11 	 6 	 56 	 66 	 76 	 86 	 96 	 106
212 	 87 	 0 	 1 	 2 	 16 	 17 	 5 	 62 	 72 	 82 	 92 	 102
213 	 87 	 0 	 7 	 2 	 14 	 15 	 5 	 64 	 74 	 84 	 94 	 104
214 	 87 	 0 	 2 	 2 	 1 	 2 	 5 	 60 	 70 	 80 	 90 	 100
215 	 88 	 0 	 4 	 2 	 10 	 11 	 5 	 9 	 19 	 29 	 39 	 49
216 	 88 	 0 	 1 	 2 	 3 	 4 	 5 	 6 	 16 	 26 	 36 	 46
217 	 88 	 0 	 9 	 2 	 7 	 8 	 5 	 5 	 15 	 25 	 35 	 45
218 	 89 	 0 	 3 	 2 	 4 	 5 	 11 	 58 	 63 	 68 	 73 	 78 	 83 	 88 	 93 	 98 	 103 	 108
219 	 90 	 1 	 4 	 4 	 1 	 2 	 3 	 4 	 6 	 1 	 11 	 21 	 31 	 41 	 51
220 	 91 	 0 	 6 	 2 	 5 	 6 	 5 	 62 	 72 	 82 	 92 	 102
221 	 92 	 0 	 3 	 2 	 4 	 5 	 11 	 1 	 6 	 11 	 16 	 21 	 26 	 31 	 36 	 41 	 46 	 51
222 	 92 	 0 	 8 	 2 	 0 	 1 	 11 	 0 	 5 	 10 	 15 	 20 	 25 	 30 	 35 	 40 	 45 	 50
223 	 92 	 0 	 10 	 2 	 0 	 1 	 11 	 3 	 8 	 13 	 18 	 23 	 28 	 33 	 38 	 43 	 48 	 53
224 	 93 	 0 	 10 	 2 	 0 	 1 	 6 	 59 	 69 	 79 	 89 	 99 	 109
225 	 93 	 0 	 8 	 2 	 2 	 3 	 6 	 59 	 69 	 79 	 89 	 99 	 109
226 	 93 	 0 	 3 	 2 	 4 	 5 	 6 	 59 	 69 	 79 	 89 	 99 	 109
227 	 93 	 0 	 5 	 2 	 6 	 7 	 6 	 59 	 69 	 79 	 89 	 99 	 109
228 	 93 	 0 	 7 	 2 	 8 	 9 	 6 	 59 	 69 	 79 	 89 	 99 	 109
229 	 93 	 0 	 6 	 2 	 10 	 11 	 6 	 59 	 69 	 79 	 89 	 99 	 109
230 	 93 	 0 	 8 	 2 	 12 	 13 	 6 	 59 	 69 	 79 	 89 	 99 	 109
231 	 93 	 0 	 3 	 2 	 14 	 15 	 6 	 59 	 69 	 79 	 89 	 99 	 109
232 	 94 	 0 	 3 	 2 	 7 	 8 	 5 	 6 	 16 	 26 	 36 	 46
233 	 95 	 0 	 3 	 2 	 10 	 11 	 6 	 3 	 13 	 23 	 33 	 43 	 53
234 	 96 	 1 	 7 	 4 	 12 	 13 	 14 	 15 	 5 	 6 	 16 	 26 	 36 	 46
235 	 97 	 0 	 10 	 2 	 2 	 3 	 6 	 2 	 12 	 22 	 32 	 42 	 52
236 	 97 	 0 	 7 	 2 	 3 	 4 	 6 	 0 	 10 	 20 	 30 	 40 	 50
237 	 97 	 0 	 4 	 4 	 10 	 11 	 12 	 13 	 6 	 1 	 11 	 21 	 31 	 41 	 51
238 	 98 	 0 	 5 	 2 	 2 	 3 	 11 	 59 	 64 	 69 	 74 	 79 	 84 	 89 	 94 	 99 	 104 	 109
239 	 98 	 0 	 10 	 2 	 6 	 7 	 11 	 58 	 63 	 68 	 73 	 78 	 83 	 88 	 93 	 98 	 103 	 108
240 	 99 	 0 	 8 	 2 	 2 	 3 	 6 	 55 	 65 	 75 	 85 	 95 	 105
241	0	0	0	4	1	2	3	4	6	56	66	76	86	96	106	
242	0	0	0	2	2	3	6	57	67	77	87	97	107	
243	1	0	0	4	2	3	4	5	11	57	62	67	72	77	82	87	92	97	102	107	
244	2	0	0	4	4	5	6	7	5	9	19	29	39	49	
245	2	0	0	2	6	7	5	5	15	25	35	45	
246	2	0	0	2	15	16	5	6	16	26	36	46	
247	2	0	0	4	6	7	8	9	5	8	18	28	38	48	
248	3	0	0	2	2	3	6	55	65	75	85	95	105	
249	4	0	0	4	0	1	2	3	5	6	16	26	36	46	
250	4	0	0	4	1	2	3	4	5	7	17	27	37	47	
251	4	0	0	4	13	14	15	16	5	5	15	25	35	45	
252	4	0	0	2	14	15	5	9	19	29	39	49	
253	5	0	0	4	2	3	4	5	5	60	70	80	90	100	
254	5	0	0	2	11	12	5	63	73	83	93	103	
255	6	0	0	4	9	10	11	12	11	4	9	14	19	24	29	34	39	44	49	54	
256	6	0	0	2	7	8	11	2	7	12	17	22	27	32	37	42	47	52	
257	6	0	0	4	14	15	16	17	11	0	5	10	15	20	25	30	35	40	45	50	
258	6	0	0	4	2	3	4	5	11	3	8	13	18	23	28	33	38	43	48	53	
259	7	0	0	4	3	4	5	6	5	9	19	29	39	49	
260	7	0	0	4	2	3	4	5	5	7	17	27	37	47	
261	8	0	0	2	13	14	5	9	19	29	39	49	
262	9	0	0	2	13	14	11	57	62	67	72	77	82	87	92	97	102	107	
263	9	0	0	4	0	1	2	3	11	55	60	65	70	75	80	85	90	95	100	105	
264	10	0	0	2	2	3	6	2	12	22	32	42	52	
265	10	0	0	4	13	14	15	16	6	4	14	24	34	44	54	
266	10	0	0	4	9	10	11	12	6	1	11	21	31	41	51	
267	11	0	0	4	2	3	4	5	5	9	19	29	39	49	
268	12	0	0	2	12	13	5	9	19	29	39	49	
269	12	0	0	2	12	13	5	8	18	28	38	48	
270	12	0	0	2	7	8	5	6	16	26	36	46	
271	12	0	0	2	5	6	5	5	15	25	35	45	
272	13	0	0	4	5	6	7	8	6	0	10	20	30	40	50	
273	14	0	0	2	0	1	11	4	9	14	19	24	29	34	39	44	49	54	
274	15	0	0	4	6	7	8	9	6	3	13	23	33	43	53	
275	15	0	0	2	5	6	6	4	14	24	34	44	54	
276	16	0	0	2	2	3	11	2	7	12	17	22	27	32	37	42	47	52	
277	17	1	0	2	12	13	6	59	69	79	89	99	109	
278	17	1	0	4	2	3	4	5	6	55	65	75	85	95	105	
279	18	0	0	4	7	8	9	10	11	56	61	66	71	76	81	86	91	96	101	106	
280	18	0	0	2	4	5	11	58	63	68	73	78	83	88	93	98	103	108	
281	19	0	0	4	10	11	12	13	6	2	12	22	32	42	52	
282	20	0	0	4	12	13	14	15	11	56	61	66	71	76	81	86	91	96	101	106	
283	20	0	0	4	8	9	10	11	11	58	63	68	73	78	83	88	93	98	103	108	
284	20	0	0	2	14	15	11	59	64	69	74	79	84	89	94	99	104	109	
285	21	0	0	4	8	9	10	11	11	55	60	65	70	75	80	85	90	95	100	105	
286	21	0	0	4	13	14	15	16	11	57	62	67	72	77	82	87	92	97	102	107	
287	21	0	0	4	5	6	7	8	11	56	61	66	71	76	81	86	91	96	101	106	
288	22	0	0	4	7	8	9	10	11	58	63	68	73	78	83	88	93	98	103	108	
289	22	0	0	4	7	8	9	10	11	56	61	66	71	76	81	86	91	96	101	106	
290	23	0	0	2	13	14	11	0	5	10	15	20	25	30	35	40	45	50	
291	24	0	0	2	5	6	6	57	67	77	87	97	107	
292	25	0	0	2	7	8	6	57	67	77	87	97	107	
293	25	0	0	2	9	10	6	56	66	76	86	96	106	
294	25	0	0	4	9	10	11	12	6	58	68	78	88	98	108	
295	26	0	0	4	1	2	3	4	11	4	9	14	19	24	29	34	39	44	49	54	
296	27	0	0	2	12	13	11	2	7	12	17	22	27	32	37	42	47	52	
297	27	0	0	2	8	9	11	0	5	10	15	20	25	30	35	40	45	50	
298	28	0	0	2	16	17	6	1	11	21	31	41	51	
299	29	0	0	2	13	14	5	9	19	29	39	49	
300	30	0	0	2	0	1	6	57	67	77	87	97	107	
301	30	0	0	2	8	9	6	58	68	78	88	98	108	
302	31	0	0	2	5	6	6	57	67	77	87	97	107	
303	32	0	0	2	10	11	11	58	63	68	73	78	83	88	93	98	103	108	
304	32	0	0	4	11	12	13	14	11	55	60	65	70	75	80	85	90	95	100	105	
305	32	0	0	2	7	8	11	57	62	67	72	77	82	87	92	97	102	107	
306	32	0	0	4	12	13	14	15	11	56	61	66	71	76	81	86	91	96	101	106	
307	33	0	0	2	9	10	5	64	74	84	94	104	
308	33	0	0	2	12	13	5	63	73	83	93	103	
309	34	0	0	4	7	8	9	10	11	59	64	69	74	79	84	89	94	99	104	109	
310	34	0	0	2	8	9	11	55	60	65	70	75	80	85	90	95	100	105	
311	35	0	0	2	1	2	6	4	14	24	34	44	54	
312	35	0	0	4	11	12	13	14	6	1	11	21	31	41	51	
313	36	0	0	4	8	9	10	11	5	63	73	83	93	103	
314	36	0	0	4	13	14	15	16	5	64	74	84	94	104	
315	36	0	0	4	0	1	2	3	5	61	71	81	91	101	
316	37	0	0	4	9	10	11	12	11	59	64	69	74	79	84	89	94	99	104	109	
317	37	0	0	2	15	16	11	58	63	68	73	78	83	88	93	98	103	108	
318	37	0	0	2	0	1	11	57	62	67	72	77	82	87	92	97	102	107	
319	37	0	0	4	14	15	16	17	11	55	60	65	70	75	80	85	90	95	100	105	
320	38	0	0	4	6	7	8	9	5	7	17	27	37	47	
321	39	0	0	2	6	7	6	55	65	75	85	95	105	
322	39	0	0	4	5	6	7	8	6	57	67	77	87	97	107	
323	40	0	0	4	6	7	8	9	6	57	67	77	87	97	107	
324	41	0	0	2	8	9	5	8	18	28	38	48	
325	42	0	0	2	8	9	11	59	64	69	74	79	84	89	94	99	104	109	
326	43	0	0	4	6	7	8	9	11	56	61	66	71	76	81	86	91	96	101	106	
327	43	0	0	4	3	4	5	6	11	57	62	67	72	77	82	87	92	97	102	107	
328	43	0	0	2	10	11	11	55	60	65	70	75	80	85	90	95	100	105	
329	44	0	0	2	5	6	6	1	11	21	31	41	51	
330	45	0	0	2	8	9	5	7	17	27	37	47	
331	45	0	0	2	7	8	5	9	19	29	39	49	
332	46	0	0	2	11	12	11	57	62	67	72	77	82	87	92	97	102	107	
333	47	0	0	2	3	4	6	4	14	24	34	44	54	
334	48	0	0	4	14	15	16	17	11	2	7	12	17	22	27	32	37	42	47	52	
335	48	0	0	4	0	1	2	3	11	0	5	10	15	20	25	30	35	40	45	50	
336	48	0	0	4	7	8	9	10	11	4	9	14	19	24	29	34	39	44	49	54	
337	48	0	0	4	2	3	4	5	11	1	6	11	16	21	26	31	36	41	46	51	
338	49	0	0	2	7	8	6	3	13	23	33	43	53	
339	49	0	0	4	11	12	13	14	6	4	14	24	34	44	54	
340	49	0	0	4	1	2	3	4	6	1	11	21	31	41	51	
341	50	0	0	4	4	5	6	7	5	9	19	29	39	49	
342	51	2	0	2	12	13	11	3	8	13	18	23	28	33	38	43	48	53	
343	51	2	0	2	10	11	11	0	5	10	15	20	25	30	35	40	45	50	
344	51	2	0	2	1	2	11	2	7	12	17	22	27	32	37	42	47	52	
345	51	2	0	4	14	15	16	17	11	1	6	11	16	21	26	31	36	41	46	51	
346	52	0	0	4	13	14	15	16	11	58	63	68	73	78	83	88	93	98	103	108	
347	52	0	0	2	8	9	11	57	62	67	72	77	82	87	92	97	102	107	
348	53	0	0	4	3	4	5	6	11	59	64	69	74	79	84	89	94	99	104	109	
349	53	0	0	4	14	15	16	17	11	58	63	68	73	78	83	88	93	98	103	108	
350	54	0	0	2	9	10	11	2	7	12	17	22	27	32	37	42	47	52	
351	54	0	0	4	6	7	8	9	11	4	9	14	19	24	29	34	39	44	49	54	
352	55	2	0	4	11	12	13	14	11	1	6	11	16	21	26	31	36	41	46	51	
353	55	2	0	4	11	12	13	14	11	0	5	10	15	20	25	30	35	40	45	50	
354	56	0	0	4	8	9	10	11	5	8	18	28	38	48	
355	57	0	0	4	3	4	5	6	5	7	17	27	37	47	
356	58	0	0	2	11	12	11	55	60	65	70	75	80	85	90	95	100	105	
357	58	0	0	2	1	2	11	58	63	68	73	78	83	88	93	98	103	108	
358	58	0	0	2	1	2	11	57	62	67	72	77	82	87	92	97	102	107	
359	59	0	0	4	12	13	14	15	5	6	16	26	36	46	
360	60	2	0	2	14	15	6	55	65	75	85	95	105	
361	60	2	0	4	9	10	11	12	6	59	69	79	89	99	109	
362	61	0	0	2	5	6	6	0	10	20	30	40	50	
363	62	0	0	4	11	12	13	14	11	1	6	11	16	21	26	31	36	41	46	51	
364	63	0	0	2	14	15	11	58	63	68	73	78	83	88	93	98	103	108	
365	63	0	0	2	14	15	11	57	62	67	72	77	82	87	92	97	102	107	
366	64	0	0	2	2	3	6	1	11	21	31	41	51	
367	64	0	0	2	4	5	6	3	13	23	33	43	53	
368	65	0	0	2	14	15	11	58	63	68	73	78	83	88	93	98	103	108	
369	65	0	0	2	8	9	11	59	64	69	74	79	84	89	94	99	104	109	
370	66	0	0	4	9	10	11	12	6	55	65	75	85	95	105	
371	66	0	0	4	0	1	2	3	6	56	66	76	86	96	106	
372	67	0	0	4	8	9	10	11	11	3	8	13	18	23	28	33	38	43	48	53	
373	67	0	0	4	1	2	3	4	11	1	6	11	16	21	26	31	36	41	46	51	
374	68	0	0	2	3	4	6	3	13	23	33	43	53	
375	68	0	0	2	10	11	6	0	10	20	30	40	50	
376	69	0	0	4	10	11	12	13	11	2	7	12	17	22	27	32	37	42	47	52	
377	70	0	0	4	13	14	15	16	11	59	64	69	74	79	84	89	94	99	104	109	
378	70	0	0	4	3	4	5	6	11	57	62	67	72	77	82	87	92	97	102	107	
379	71	0	0	2	15	16	6	59	69	79	89	99	109	
380	71	0	0	4	7	8	9	10	6	57	67	77	87	97	107	
381	72	0	0	2	6	7	5	61	71	81	91	101	
382	72	0	0	2	13	14	5	60	70	80	90	100	
383	73	0	0	2	14	15	11	2	7	12	17	22	27	32	37	42	47	52	
384	73	0	0	2	16	17	11	0	5	10	15	20	25	30	35	40	45	50	
385	73	0	0	4	14	15	16	17	11	3	8	13	18	23	28	33	38	43	48	53	
386	74	0	0	2	5	6	11	3	8	13	18	23	28	33	38	43	48	53	
387	74	0	0	2	3	4	11	0	5	10	15	20	25	30	35	40	45	50	
388	75	2	0	4	8	9	10	11	6	58	68	78	88	98	108	
389	76	0	0	2	10	11	11	4	9	14	19	24	29	34	39	44	49	54	
390	76	0	0	4	11	12	13	14	11	1	6	11	16	21	26	31	36	41	46	51	
391	77	1	0	2	16	17	5	6	16	26	36	46	
392	78	0	0	2	16	17	11	57	62	67	72	77	82	87	92	97	102	107	
393	79	0	0	4	9	10	11	12	5	60	70	80	90	100	
394	80	0	0	2	10	11	6	55	65	75	85	95	105	
395	81	0	0	2	16	17	11	0	5	10	15	20	25	30	35	40	45	50	
396	81	0	0	2	12	13	11	3	8	13	18	23	28	33	38	43	48	53	
397	81	0	0	4	8	9	10	11	11	1	6	11	16	21	26	31	36	41	46	51	
398	82	0	0	4	12	13	14	15	11	58	63	68	73	78	83	88	93	98	103	108	
399	82	0	0	2	7	8	11	59	64	69	74	79	84	89	94	99	104	109	
400	83	0	0	2	4	5	11	4	9	14	19	24	29	34	39	44	49	54	
401	83	0	0	2	7	8	11	0	5	10	15	20	25	30	35	40	45	50	
402	83	0	0	2	3	4	11	3	8	13	18	23	28	33	38	43	48	53	
403	84	0	0	4	7	8	9	10	11	4	9	14	19	24	29	34	39	44	49	54	
404	84	0	0	4	2	3	4	5	11	2	7	12	17	22	27	32	37	42	47	52	
405	85	0	0	2	7	8	11	58	63	68	73	78	83	88	93	98	103	108	
406	85	0	0	4	1	2	3	4	11	59	64	69	74	79	84	89	94	99	104	109	
407	86	0	0	2	9	10	6	55	65	75	85	95	105	
408	86	0	0	2	10	11	6	59	69	79	89	99	109	
409	87	0	0	2	14	15	5	61	71	81	91	101	
410	87	0	0	4	5	6	7	8	5	63	73	83	93	103	
411	88	0	0	4	2	3	4	5	5	7	17	27	37	47	
412	88	0	0	2	6	7	5	8	18	28	38	48	
413	89	0	0	2	14	15	11	57	62	67	72	77	82	87	92	97	102	107	
414	90	1	0	2	6	7	6	4	14	24	34	44	54	
415	91	0	0	4	3	4	5	6	5	64	74	84	94	104	
416	92	0	0	4	9	10	11	12	11	4	9	14	19	24	29	34	39	44	49	54	
417	93	0	0	2	13	14	6	56	66	76	86	96	106	
418	93	0	0	2	11	12	6	57	67	77	87	97	107	
419	93	0	0	2	14	15	6	58	68	78	88	98	108	
420	94	0	0	2	6	7	5	8	18	28	38	48	
421	94	0	0	2	3	4	5	5	15	25	35	45	
422	95	0	0	4	11	12	13	14	6	1	11	21	31	41	51	
423	95	0	0	4	2	3	4	5	6	4	14	24	34	44	54	
424	96	1	0	4	7	8	9	10	5	9	19	29	39	49	
425	97	0	0	2	10	11	6	3	13	23	33	43	53	
426	98	0	0	2	2	3	11	57	62	67	72	77	82	87	92	97	102	107	
427	98	0	0	2	12	13	11	55	60	65	70	75	80	85	90	95	100	105	
428	99	0	0	4	13	14	15	16	6	59	69	79	89	99	109	
429	99	0	0	4	0	1	2	3	6	57	67	77	87	97	107	

