356	189	167
0
0 	 0 	 1 	 2 	 2 	 10 	 11 	 11 	 56 	 61 	 66 	 71 	 76 	 81 	 86 	 91 	 96 	 101 	 106
1 	 1 	 0 	 3 	 2 	 2 	 3 	 11 	 2 	 7 	 12 	 17 	 22 	 27 	 32 	 37 	 42 	 47 	 52
2 	 1 	 0 	 5 	 2 	 2 	 3 	 11 	 4 	 9 	 14 	 19 	 24 	 29 	 34 	 39 	 44 	 49 	 54
3 	 1 	 0 	 1 	 4 	 5 	 6 	 7 	 8 	 11 	 1 	 6 	 11 	 16 	 21 	 26 	 31 	 36 	 41 	 46 	 51
4 	 2 	 2 	 6 	 2 	 12 	 13 	 6 	 0 	 10 	 20 	 30 	 40 	 50
5 	 3 	 0 	 4 	 2 	 14 	 15 	 11 	 58 	 63 	 68 	 73 	 78 	 83 	 88 	 93 	 98 	 103 	 108
6 	 4 	 0 	 7 	 4 	 6 	 7 	 8 	 9 	 11 	 57 	 62 	 67 	 72 	 77 	 82 	 87 	 92 	 97 	 102 	 107
7 	 5 	 1 	 10 	 2 	 2 	 3 	 5 	 9 	 19 	 29 	 39 	 49
8 	 6 	 0 	 2 	 2 	 6 	 7 	 5 	 8 	 18 	 28 	 38 	 48
9 	 7 	 0 	 3 	 2 	 6 	 7 	 5 	 63 	 73 	 83 	 93 	 103
10 	 7 	 0 	 7 	 2 	 8 	 9 	 5 	 63 	 73 	 83 	 93 	 103
11 	 7 	 0 	 10 	 2 	 10 	 11 	 5 	 63 	 73 	 83 	 93 	 103
12 	 7 	 0 	 2 	 2 	 12 	 13 	 5 	 63 	 73 	 83 	 93 	 103
13 	 7 	 0 	 4 	 2 	 14 	 15 	 5 	 63 	 73 	 83 	 93 	 103
14 	 8 	 0 	 9 	 2 	 9 	 10 	 5 	 61 	 71 	 81 	 91 	 101
15 	 8 	 0 	 7 	 4 	 0 	 1 	 2 	 3 	 5 	 60 	 70 	 80 	 90 	 100
16 	 8 	 0 	 2 	 2 	 16 	 17 	 5 	 63 	 73 	 83 	 93 	 103
17 	 9 	 0 	 4 	 2 	 0 	 1 	 6 	 2 	 12 	 22 	 32 	 42 	 52
18 	 10 	 2 	 4 	 2 	 12 	 13 	 5 	 8 	 18 	 28 	 38 	 48
19 	 11 	 0 	 2 	 2 	 1 	 2 	 5 	 60 	 70 	 80 	 90 	 100
20 	 12 	 0 	 9 	 4 	 11 	 12 	 13 	 14 	 11 	 0 	 5 	 10 	 15 	 20 	 25 	 30 	 35 	 40 	 45 	 50
21 	 13 	 1 	 7 	 2 	 9 	 10 	 6 	 0 	 10 	 20 	 30 	 40 	 50
22 	 14 	 0 	 9 	 2 	 16 	 17 	 6 	 57 	 67 	 77 	 87 	 97 	 107
23 	 15 	 0 	 2 	 2 	 11 	 12 	 5 	 64 	 74 	 84 	 94 	 104
24 	 16 	 2 	 8 	 2 	 0 	 1 	 6 	 59 	 69 	 79 	 89 	 99 	 109
25 	 17 	 0 	 5 	 2 	 0 	 1 	 11 	 57 	 62 	 67 	 72 	 77 	 82 	 87 	 92 	 97 	 102 	 107
26 	 18 	 0 	 3 	 2 	 1 	 2 	 11 	 56 	 61 	 66 	 71 	 76 	 81 	 86 	 91 	 96 	 101 	 106
27 	 19 	 0 	 2 	 2 	 2 	 3 	 5 	 5 	 15 	 25 	 35 	 45
28 	 20 	 1 	 2 	 2 	 0 	 1 	 6 	 2 	 12 	 22 	 32 	 42 	 52
29 	 20 	 1 	 5 	 2 	 2 	 3 	 6 	 2 	 12 	 22 	 32 	 42 	 52
30 	 20 	 1 	 8 	 2 	 4 	 5 	 6 	 2 	 12 	 22 	 32 	 42 	 52
31 	 20 	 1 	 10 	 2 	 6 	 7 	 6 	 2 	 12 	 22 	 32 	 42 	 52
32 	 20 	 1 	 6 	 2 	 8 	 9 	 6 	 2 	 12 	 22 	 32 	 42 	 52
33 	 20 	 1 	 4 	 2 	 10 	 11 	 6 	 2 	 12 	 22 	 32 	 42 	 52
34 	 20 	 1 	 1 	 2 	 12 	 13 	 6 	 2 	 12 	 22 	 32 	 42 	 52
35 	 20 	 1 	 8 	 2 	 14 	 15 	 6 	 2 	 12 	 22 	 32 	 42 	 52
36 	 20 	 1 	 2 	 2 	 16 	 17 	 6 	 2 	 12 	 22 	 32 	 42 	 52
37 	 21 	 0 	 9 	 2 	 16 	 17 	 5 	 63 	 73 	 83 	 93 	 103
38 	 22 	 0 	 3 	 2 	 1 	 2 	 5 	 64 	 74 	 84 	 94 	 104
39 	 22 	 0 	 1 	 2 	 3 	 4 	 5 	 64 	 74 	 84 	 94 	 104
40 	 22 	 0 	 3 	 2 	 5 	 6 	 5 	 64 	 74 	 84 	 94 	 104
41 	 22 	 0 	 8 	 2 	 7 	 8 	 5 	 64 	 74 	 84 	 94 	 104
42 	 23 	 0 	 2 	 2 	 16 	 17 	 5 	 61 	 71 	 81 	 91 	 101
43 	 23 	 0 	 3 	 2 	 14 	 15 	 5 	 64 	 74 	 84 	 94 	 104
44 	 24 	 2 	 4 	 2 	 14 	 15 	 6 	 4 	 14 	 24 	 34 	 44 	 54
45 	 24 	 2 	 10 	 2 	 9 	 10 	 6 	 3 	 13 	 23 	 33 	 43 	 53
46 	 25 	 0 	 3 	 4 	 2 	 3 	 4 	 5 	 11 	 3 	 8 	 13 	 18 	 23 	 28 	 33 	 38 	 43 	 48 	 53
47 	 25 	 0 	 5 	 2 	 9 	 10 	 11 	 0 	 5 	 10 	 15 	 20 	 25 	 30 	 35 	 40 	 45 	 50
48 	 26 	 0 	 2 	 2 	 6 	 7 	 5 	 61 	 71 	 81 	 91 	 101
49 	 27 	 0 	 1 	 4 	 9 	 10 	 11 	 12 	 6 	 55 	 65 	 75 	 85 	 95 	 105
50 	 28 	 0 	 2 	 2 	 5 	 6 	 5 	 7 	 17 	 27 	 37 	 47
51 	 29 	 0 	 10 	 2 	 15 	 16 	 11 	 55 	 60 	 65 	 70 	 75 	 80 	 85 	 90 	 95 	 100 	 105
52 	 30 	 1 	 3 	 2 	 9 	 10 	 6 	 4 	 14 	 24 	 34 	 44 	 54
53 	 31 	 0 	 3 	 2 	 0 	 1 	 11 	 55 	 60 	 65 	 70 	 75 	 80 	 85 	 90 	 95 	 100 	 105
54 	 31 	 0 	 7 	 2 	 2 	 3 	 11 	 55 	 60 	 65 	 70 	 75 	 80 	 85 	 90 	 95 	 100 	 105
55 	 31 	 0 	 6 	 2 	 4 	 5 	 11 	 55 	 60 	 65 	 70 	 75 	 80 	 85 	 90 	 95 	 100 	 105
56 	 31 	 0 	 9 	 2 	 6 	 7 	 11 	 55 	 60 	 65 	 70 	 75 	 80 	 85 	 90 	 95 	 100 	 105
57 	 32 	 0 	 4 	 2 	 2 	 3 	 6 	 0 	 10 	 20 	 30 	 40 	 50
58 	 32 	 0 	 9 	 2 	 4 	 5 	 6 	 0 	 10 	 20 	 30 	 40 	 50
59 	 32 	 0 	 3 	 2 	 6 	 7 	 6 	 0 	 10 	 20 	 30 	 40 	 50
60 	 32 	 0 	 3 	 2 	 8 	 9 	 6 	 0 	 10 	 20 	 30 	 40 	 50
61 	 32 	 0 	 1 	 2 	 10 	 11 	 6 	 0 	 10 	 20 	 30 	 40 	 50
62 	 32 	 0 	 5 	 2 	 12 	 13 	 6 	 0 	 10 	 20 	 30 	 40 	 50
63 	 32 	 0 	 3 	 2 	 14 	 15 	 6 	 0 	 10 	 20 	 30 	 40 	 50
64 	 33 	 0 	 1 	 2 	 6 	 7 	 5 	 63 	 73 	 83 	 93 	 103
65 	 33 	 0 	 1 	 2 	 15 	 16 	 5 	 61 	 71 	 81 	 91 	 101
66 	 33 	 0 	 7 	 2 	 15 	 16 	 5 	 60 	 70 	 80 	 90 	 100
67 	 34 	 0 	 5 	 2 	 4 	 5 	 5 	 63 	 73 	 83 	 93 	 103
68 	 34 	 0 	 8 	 2 	 6 	 7 	 5 	 63 	 73 	 83 	 93 	 103
69 	 34 	 0 	 2 	 2 	 8 	 9 	 5 	 63 	 73 	 83 	 93 	 103
70 	 34 	 0 	 10 	 2 	 10 	 11 	 5 	 63 	 73 	 83 	 93 	 103
71 	 35 	 0 	 9 	 2 	 4 	 5 	 5 	 63 	 73 	 83 	 93 	 103
72 	 36 	 1 	 5 	 2 	 5 	 6 	 5 	 61 	 71 	 81 	 91 	 101
73 	 37 	 0 	 10 	 2 	 2 	 3 	 11 	 55 	 60 	 65 	 70 	 75 	 80 	 85 	 90 	 95 	 100 	 105
74 	 38 	 0 	 3 	 2 	 15 	 16 	 5 	 60 	 70 	 80 	 90 	 100
75 	 39 	 0 	 4 	 2 	 14 	 15 	 5 	 61 	 71 	 81 	 91 	 101
76 	 40 	 1 	 9 	 2 	 8 	 9 	 5 	 64 	 74 	 84 	 94 	 104
77 	 41 	 0 	 8 	 2 	 14 	 15 	 6 	 4 	 14 	 24 	 34 	 44 	 54
78 	 42 	 0 	 5 	 4 	 7 	 8 	 9 	 10 	 11 	 1 	 6 	 11 	 16 	 21 	 26 	 31 	 36 	 41 	 46 	 51
79 	 43 	 0 	 9 	 2 	 13 	 14 	 5 	 63 	 73 	 83 	 93 	 103
80 	 44 	 0 	 4 	 4 	 4 	 5 	 6 	 7 	 6 	 4 	 14 	 24 	 34 	 44 	 54
81 	 45 	 0 	 9 	 4 	 3 	 4 	 5 	 6 	 11 	 3 	 8 	 13 	 18 	 23 	 28 	 33 	 38 	 43 	 48 	 53
82 	 46 	 0 	 8 	 2 	 12 	 13 	 11 	 58 	 63 	 68 	 73 	 78 	 83 	 88 	 93 	 98 	 103 	 108
83 	 46 	 0 	 3 	 2 	 11 	 12 	 11 	 56 	 61 	 66 	 71 	 76 	 81 	 86 	 91 	 96 	 101 	 106
84 	 46 	 0 	 5 	 2 	 3 	 4 	 11 	 59 	 64 	 69 	 74 	 79 	 84 	 89 	 94 	 99 	 104 	 109
85 	 47 	 0 	 8 	 4 	 3 	 4 	 5 	 6 	 6 	 0 	 10 	 20 	 30 	 40 	 50
86 	 47 	 0 	 2 	 4 	 10 	 11 	 12 	 13 	 6 	 4 	 14 	 24 	 34 	 44 	 54
87 	 48 	 0 	 5 	 2 	 0 	 1 	 5 	 5 	 15 	 25 	 35 	 45
88 	 49 	 0 	 3 	 2 	 2 	 3 	 5 	 8 	 18 	 28 	 38 	 48
89 	 49 	 0 	 9 	 2 	 4 	 5 	 5 	 8 	 18 	 28 	 38 	 48
90 	 49 	 0 	 7 	 2 	 6 	 7 	 5 	 8 	 18 	 28 	 38 	 48
91 	 49 	 0 	 1 	 2 	 8 	 9 	 5 	 8 	 18 	 28 	 38 	 48
92 	 49 	 0 	 3 	 2 	 10 	 11 	 5 	 8 	 18 	 28 	 38 	 48
93 	 49 	 0 	 3 	 2 	 12 	 13 	 5 	 8 	 18 	 28 	 38 	 48
94 	 49 	 0 	 6 	 2 	 14 	 15 	 5 	 8 	 18 	 28 	 38 	 48
95 	 50 	 2 	 4 	 4 	 8 	 9 	 10 	 11 	 5 	 63 	 73 	 83 	 93 	 103
96 	 51 	 0 	 1 	 2 	 8 	 9 	 11 	 0 	 5 	 10 	 15 	 20 	 25 	 30 	 35 	 40 	 45 	 50
97 	 51 	 0 	 5 	 4 	 6 	 7 	 8 	 9 	 11 	 2 	 7 	 12 	 17 	 22 	 27 	 32 	 37 	 42 	 47 	 52
98 	 51 	 0 	 4 	 2 	 7 	 8 	 11 	 4 	 9 	 14 	 19 	 24 	 29 	 34 	 39 	 44 	 49 	 54
99 	 52 	 0 	 7 	 2 	 8 	 9 	 6 	 3 	 13 	 23 	 33 	 43 	 53
100 	 53 	 0 	 4 	 2 	 16 	 17 	 5 	 61 	 71 	 81 	 91 	 101
101 	 54 	 0 	 9 	 4 	 14 	 15 	 16 	 17 	 5 	 64 	 74 	 84 	 94 	 104
102 	 55 	 0 	 4 	 4 	 7 	 8 	 9 	 10 	 5 	 61 	 71 	 81 	 91 	 101
103 	 56 	 0 	 10 	 4 	 3 	 4 	 5 	 6 	 6 	 56 	 66 	 76 	 86 	 96 	 106
104 	 57 	 0 	 8 	 4 	 12 	 13 	 14 	 15 	 11 	 59 	 64 	 69 	 74 	 79 	 84 	 89 	 94 	 99 	 104 	 109
105 	 57 	 0 	 9 	 2 	 10 	 11 	 11 	 55 	 60 	 65 	 70 	 75 	 80 	 85 	 90 	 95 	 100 	 105
106 	 57 	 0 	 3 	 2 	 16 	 17 	 11 	 58 	 63 	 68 	 73 	 78 	 83 	 88 	 93 	 98 	 103 	 108
107 	 58 	 0 	 2 	 2 	 1 	 2 	 6 	 58 	 68 	 78 	 88 	 98 	 108
108 	 59 	 0 	 2 	 2 	 8 	 9 	 6 	 56 	 66 	 76 	 86 	 96 	 106
109 	 60 	 0 	 1 	 2 	 4 	 5 	 5 	 7 	 17 	 27 	 37 	 47
110 	 60 	 0 	 9 	 2 	 6 	 7 	 5 	 7 	 17 	 27 	 37 	 47
111 	 60 	 0 	 10 	 2 	 8 	 9 	 5 	 7 	 17 	 27 	 37 	 47
112 	 60 	 0 	 9 	 2 	 10 	 11 	 5 	 7 	 17 	 27 	 37 	 47
113 	 60 	 0 	 7 	 2 	 12 	 13 	 5 	 7 	 17 	 27 	 37 	 47
114 	 60 	 0 	 2 	 2 	 14 	 15 	 5 	 7 	 17 	 27 	 37 	 47
115 	 61 	 1 	 5 	 4 	 11 	 12 	 13 	 14 	 5 	 63 	 73 	 83 	 93 	 103
116 	 62 	 0 	 10 	 4 	 2 	 3 	 4 	 5 	 6 	 0 	 10 	 20 	 30 	 40 	 50
117 	 63 	 0 	 3 	 2 	 2 	 3 	 6 	 2 	 12 	 22 	 32 	 42 	 52
118 	 63 	 0 	 4 	 2 	 4 	 5 	 6 	 2 	 12 	 22 	 32 	 42 	 52
119 	 63 	 0 	 6 	 2 	 6 	 7 	 6 	 2 	 12 	 22 	 32 	 42 	 52
120 	 63 	 0 	 6 	 2 	 8 	 9 	 6 	 2 	 12 	 22 	 32 	 42 	 52
121 	 63 	 0 	 10 	 2 	 10 	 11 	 6 	 2 	 12 	 22 	 32 	 42 	 52
122 	 63 	 0 	 8 	 2 	 12 	 13 	 6 	 2 	 12 	 22 	 32 	 42 	 52
123 	 63 	 0 	 7 	 2 	 14 	 15 	 6 	 2 	 12 	 22 	 32 	 42 	 52
124 	 63 	 0 	 4 	 2 	 16 	 17 	 6 	 2 	 12 	 22 	 32 	 42 	 52
125 	 64 	 0 	 2 	 2 	 1 	 2 	 6 	 3 	 13 	 23 	 33 	 43 	 53
126 	 65 	 0 	 5 	 4 	 13 	 14 	 15 	 16 	 5 	 6 	 16 	 26 	 36 	 46
127 	 65 	 0 	 5 	 4 	 8 	 9 	 10 	 11 	 5 	 9 	 19 	 29 	 39 	 49
128 	 66 	 0 	 9 	 4 	 9 	 10 	 11 	 12 	 5 	 62 	 72 	 82 	 92 	 102
129 	 66 	 0 	 7 	 2 	 12 	 13 	 5 	 64 	 74 	 84 	 94 	 104
130 	 67 	 0 	 5 	 2 	 11 	 12 	 5 	 9 	 19 	 29 	 39 	 49
131 	 68 	 0 	 1 	 2 	 15 	 16 	 5 	 61 	 71 	 81 	 91 	 101
132 	 69 	 0 	 6 	 2 	 9 	 10 	 5 	 63 	 73 	 83 	 93 	 103
133 	 70 	 0 	 1 	 2 	 8 	 9 	 6 	 58 	 68 	 78 	 88 	 98 	 108
134 	 71 	 1 	 3 	 2 	 12 	 13 	 6 	 56 	 66 	 76 	 86 	 96 	 106
135 	 72 	 0 	 5 	 2 	 16 	 17 	 6 	 55 	 65 	 75 	 85 	 95 	 105
136 	 73 	 0 	 2 	 4 	 5 	 6 	 7 	 8 	 5 	 63 	 73 	 83 	 93 	 103
137 	 74 	 0 	 8 	 2 	 6 	 7 	 6 	 56 	 66 	 76 	 86 	 96 	 106
138 	 74 	 0 	 6 	 2 	 8 	 9 	 6 	 56 	 66 	 76 	 86 	 96 	 106
139 	 74 	 0 	 4 	 2 	 10 	 11 	 6 	 56 	 66 	 76 	 86 	 96 	 106
140 	 74 	 0 	 2 	 2 	 12 	 13 	 6 	 56 	 66 	 76 	 86 	 96 	 106
141 	 74 	 0 	 9 	 2 	 14 	 15 	 6 	 56 	 66 	 76 	 86 	 96 	 106
142 	 74 	 0 	 8 	 2 	 16 	 17 	 6 	 56 	 66 	 76 	 86 	 96 	 106
143 	 75 	 0 	 3 	 4 	 11 	 12 	 13 	 14 	 11 	 3 	 8 	 13 	 18 	 23 	 28 	 33 	 38 	 43 	 48 	 53
144 	 75 	 0 	 5 	 2 	 11 	 12 	 11 	 0 	 5 	 10 	 15 	 20 	 25 	 30 	 35 	 40 	 45 	 50
145 	 76 	 0 	 1 	 2 	 8 	 9 	 6 	 55 	 65 	 75 	 85 	 95 	 105
146 	 77 	 2 	 7 	 4 	 7 	 8 	 9 	 10 	 6 	 2 	 12 	 22 	 32 	 42 	 52
147 	 78 	 0 	 5 	 2 	 5 	 6 	 5 	 60 	 70 	 80 	 90 	 100
148 	 79 	 1 	 3 	 2 	 14 	 15 	 5 	 9 	 19 	 29 	 39 	 49
149 	 79 	 1 	 5 	 2 	 3 	 4 	 5 	 7 	 17 	 27 	 37 	 47
150 	 79 	 1 	 6 	 2 	 14 	 15 	 5 	 5 	 15 	 25 	 35 	 45
151 	 80 	 0 	 7 	 2 	 0 	 1 	 11 	 59 	 64 	 69 	 74 	 79 	 84 	 89 	 94 	 99 	 104 	 109
152 	 80 	 0 	 2 	 2 	 2 	 3 	 11 	 59 	 64 	 69 	 74 	 79 	 84 	 89 	 94 	 99 	 104 	 109
153 	 80 	 0 	 9 	 2 	 4 	 5 	 11 	 59 	 64 	 69 	 74 	 79 	 84 	 89 	 94 	 99 	 104 	 109
154 	 80 	 0 	 10 	 2 	 6 	 7 	 11 	 59 	 64 	 69 	 74 	 79 	 84 	 89 	 94 	 99 	 104 	 109
155 	 80 	 0 	 10 	 2 	 8 	 9 	 11 	 59 	 64 	 69 	 74 	 79 	 84 	 89 	 94 	 99 	 104 	 109
156 	 81 	 0 	 7 	 2 	 4 	 5 	 5 	 61 	 71 	 81 	 91 	 101
157 	 82 	 0 	 7 	 2 	 12 	 13 	 5 	 64 	 74 	 84 	 94 	 104
158 	 83 	 0 	 4 	 2 	 0 	 1 	 6 	 58 	 68 	 78 	 88 	 98 	 108
159 	 84 	 0 	 8 	 2 	 10 	 11 	 5 	 9 	 19 	 29 	 39 	 49
160 	 85 	 0 	 7 	 4 	 1 	 2 	 3 	 4 	 6 	 59 	 69 	 79 	 89 	 99 	 109
161 	 86 	 0 	 3 	 2 	 12 	 13 	 5 	 5 	 15 	 25 	 35 	 45
162 	 86 	 0 	 3 	 2 	 14 	 15 	 5 	 7 	 17 	 27 	 37 	 47
163 	 86 	 0 	 2 	 2 	 13 	 14 	 5 	 6 	 16 	 26 	 36 	 46
164 	 87 	 0 	 2 	 2 	 7 	 8 	 6 	 59 	 69 	 79 	 89 	 99 	 109
165 	 88 	 0 	 10 	 4 	 5 	 6 	 7 	 8 	 5 	 60 	 70 	 80 	 90 	 100
166 	 88 	 0 	 3 	 4 	 7 	 8 	 9 	 10 	 5 	 63 	 73 	 83 	 93 	 103
167 	 89 	 0 	 2 	 4 	 4 	 5 	 6 	 7 	 11 	 2 	 7 	 12 	 17 	 22 	 27 	 32 	 37 	 42 	 47 	 52
168 	 90 	 0 	 10 	 2 	 6 	 7 	 5 	 9 	 19 	 29 	 39 	 49
169 	 91 	 0 	 4 	 4 	 0 	 1 	 2 	 3 	 5 	 62 	 72 	 82 	 92 	 102
170 	 92 	 0 	 7 	 4 	 14 	 15 	 16 	 17 	 5 	 8 	 18 	 28 	 38 	 48
171 	 93 	 0 	 3 	 2 	 16 	 17 	 5 	 64 	 74 	 84 	 94 	 104
172 	 94 	 0 	 4 	 2 	 5 	 6 	 6 	 56 	 66 	 76 	 86 	 96 	 106
173 	 95 	 0 	 5 	 4 	 3 	 4 	 5 	 6 	 6 	 3 	 13 	 23 	 33 	 43 	 53
174 	 96 	 0 	 4 	 2 	 12 	 13 	 5 	 63 	 73 	 83 	 93 	 103
175 	 96 	 0 	 9 	 2 	 4 	 5 	 5 	 61 	 71 	 81 	 91 	 101
176 	 96 	 0 	 10 	 4 	 3 	 4 	 5 	 6 	 5 	 60 	 70 	 80 	 90 	 100
177 	 97 	 0 	 9 	 4 	 1 	 2 	 3 	 4 	 5 	 63 	 73 	 83 	 93 	 103
178 	 97 	 0 	 3 	 2 	 8 	 9 	 5 	 64 	 74 	 84 	 94 	 104
179 	 98 	 0 	 9 	 4 	 6 	 7 	 8 	 9 	 11 	 0 	 5 	 10 	 15 	 20 	 25 	 30 	 35 	 40 	 45 	 50
180 	 98 	 0 	 5 	 2 	 1 	 2 	 11 	 1 	 6 	 11 	 16 	 21 	 26 	 31 	 36 	 41 	 46 	 51
181 	 98 	 0 	 3 	 2 	 9 	 10 	 11 	 2 	 7 	 12 	 17 	 22 	 27 	 32 	 37 	 42 	 47 	 52
182 	 99 	 0 	 6 	 2 	 2 	 3 	 6 	 3 	 13 	 23 	 33 	 43 	 53
183 	 99 	 0 	 10 	 2 	 4 	 5 	 6 	 3 	 13 	 23 	 33 	 43 	 53
184 	 99 	 0 	 4 	 2 	 6 	 7 	 6 	 3 	 13 	 23 	 33 	 43 	 53
185 	 99 	 0 	 2 	 2 	 8 	 9 	 6 	 3 	 13 	 23 	 33 	 43 	 53
186 	 99 	 0 	 8 	 2 	 10 	 11 	 6 	 3 	 13 	 23 	 33 	 43 	 53
187 	 99 	 0 	 2 	 2 	 12 	 13 	 6 	 3 	 13 	 23 	 33 	 43 	 53
188 	 99 	 0 	 9 	 2 	 14 	 15 	 6 	 3 	 13 	 23 	 33 	 43 	 53
189	0	1	0	2	16	17	11	55	60	65	70	75	80	85	90	95	100	105	
190	1	0	0	4	4	5	6	7	11	0	5	10	15	20	25	30	35	40	45	50	
191	1	0	0	4	9	10	11	12	11	3	8	13	18	23	28	33	38	43	48	53	
192	2	2	0	4	6	7	8	9	6	1	11	21	31	41	51	
193	2	2	0	4	2	3	4	5	6	3	13	23	33	43	53	
194	3	0	0	4	12	13	14	15	11	57	62	67	72	77	82	87	92	97	102	107	
195	4	0	0	2	8	9	11	58	63	68	73	78	83	88	93	98	103	108	
196	4	0	0	2	11	12	11	56	61	66	71	76	81	86	91	96	101	106	
197	5	1	0	4	3	4	5	6	5	6	16	26	36	46	
198	6	0	0	2	12	13	5	7	17	27	37	47	
199	7	0	0	2	10	11	5	61	71	81	91	101	
200	7	0	0	2	1	2	5	60	70	80	90	100	
201	7	0	0	4	8	9	10	11	5	62	72	82	92	102	
202	8	0	0	4	9	10	11	12	5	64	74	84	94	104	
203	8	0	0	2	2	3	5	62	72	82	92	102	
204	9	0	0	4	2	3	4	5	6	3	13	23	33	43	53	
205	10	2	0	4	5	6	7	8	5	7	17	27	37	47	
206	11	0	0	2	16	17	5	62	72	82	92	102	
207	12	0	0	4	14	15	16	17	11	4	9	14	19	24	29	34	39	44	49	54	
208	13	1	0	2	12	13	6	2	12	22	32	42	52	
209	14	0	0	4	10	11	12	13	6	56	66	76	86	96	106	
210	14	0	0	4	7	8	9	10	6	58	68	78	88	98	108	
211	15	0	0	4	10	11	12	13	5	62	72	82	92	102	
212	15	0	0	2	16	17	5	60	70	80	90	100	
213	16	2	0	4	14	15	16	17	6	56	66	76	86	96	106	
214	17	0	0	4	1	2	3	4	11	55	60	65	70	75	80	85	90	95	100	105	
215	18	0	0	2	16	17	11	57	62	67	72	77	82	87	92	97	102	107	
216	19	0	0	4	10	11	12	13	5	7	17	27	37	47	
217	20	1	0	2	1	2	6	3	13	23	33	43	53	
218	20	1	0	4	8	9	10	11	6	0	10	20	30	40	50	
219	20	1	0	2	4	5	6	4	14	24	34	44	54	
220	21	0	0	4	13	14	15	16	5	64	74	84	94	104	
221	21	0	0	2	14	15	5	61	71	81	91	101	
222	22	0	0	2	11	12	5	60	70	80	90	100	
223	22	0	0	4	5	6	7	8	5	63	73	83	93	103	
224	22	0	0	4	9	10	11	12	5	62	72	82	92	102	
225	22	0	0	4	11	12	13	14	5	61	71	81	91	101	
226	23	0	0	4	3	4	5	6	5	63	73	83	93	103	
227	24	2	0	4	6	7	8	9	6	1	11	21	31	41	51	
228	25	0	0	2	8	9	11	4	9	14	19	24	29	34	39	44	49	54	
229	26	0	0	2	15	16	5	60	70	80	90	100	
230	27	0	0	4	10	11	12	13	6	57	67	77	87	97	107	
231	28	0	0	2	0	1	5	8	18	28	38	48	
232	28	0	0	2	14	15	5	5	15	25	35	45	
233	29	0	0	2	1	2	11	59	64	69	74	79	84	89	94	99	104	109	
234	29	0	0	2	5	6	11	56	61	66	71	76	81	86	91	96	101	106	
235	30	1	0	4	11	12	13	14	6	0	10	20	30	40	50	
236	31	0	0	4	6	7	8	9	11	59	64	69	74	79	84	89	94	99	104	109	
237	31	0	0	2	2	3	11	56	61	66	71	76	81	86	91	96	101	106	
238	31	0	0	4	2	3	4	5	11	58	63	68	73	78	83	88	93	98	103	108	
239	32	0	0	2	2	3	6	1	11	21	31	41	51	
240	32	0	0	2	13	14	6	2	12	22	32	42	52	
241	32	0	0	2	9	10	6	3	13	23	33	43	53	
242	32	0	0	2	4	5	6	4	14	24	34	44	54	
243	33	0	0	2	10	11	5	62	72	82	92	102	
244	33	0	0	2	11	12	5	64	74	84	94	104	
245	34	0	0	4	14	15	16	17	5	60	70	80	90	100	
246	34	0	0	2	12	13	5	61	71	81	91	101	
247	34	0	0	4	6	7	8	9	5	64	74	84	94	104	
248	34	0	0	4	14	15	16	17	5	62	72	82	92	102	
249	35	0	0	2	8	9	5	62	72	82	92	102	
250	36	1	0	4	1	2	3	4	5	62	72	82	92	102	
251	37	0	0	4	4	5	6	7	11	59	64	69	74	79	84	89	94	99	104	109	
252	37	0	0	2	1	2	11	58	63	68	73	78	83	88	93	98	103	108	
253	38	0	0	4	6	7	8	9	5	62	72	82	92	102	
254	38	0	0	4	5	6	7	8	5	64	74	84	94	104	
255	39	0	0	4	8	9	10	11	5	60	70	80	90	100	
256	39	0	0	4	10	11	12	13	5	62	72	82	92	102	
257	40	1	0	2	3	4	5	63	73	83	93	103	
258	41	0	0	2	10	11	6	1	11	21	31	41	51	
259	41	0	0	2	11	12	6	2	12	22	32	42	52	
260	42	0	0	4	12	13	14	15	11	2	7	12	17	22	27	32	37	42	47	52	
261	43	0	0	2	6	7	5	62	72	82	92	102	
262	43	0	0	4	7	8	9	10	5	64	74	84	94	104	
263	44	0	0	2	15	16	6	2	12	22	32	42	52	
264	45	0	0	2	6	7	11	4	9	14	19	24	29	34	39	44	49	54	
265	46	0	0	4	4	5	6	7	11	57	62	67	72	77	82	87	92	97	102	107	
266	46	0	0	2	15	16	11	55	60	65	70	75	80	85	90	95	100	105	
267	47	0	0	2	4	5	6	3	13	23	33	43	53	
268	47	0	0	4	12	13	14	15	6	1	11	21	31	41	51	
269	48	0	0	4	14	15	16	17	5	8	18	28	38	48	
270	49	0	0	2	16	17	5	6	16	26	36	46	
271	49	0	0	4	12	13	14	15	5	5	15	25	35	45	
272	49	0	0	4	3	4	5	6	5	7	17	27	37	47	
273	49	0	0	2	9	10	5	9	19	29	39	49	
274	50	2	0	2	1	2	5	60	70	80	90	100	
275	50	2	0	2	13	14	5	62	72	82	92	102	
276	51	0	0	4	5	6	7	8	11	3	8	13	18	23	28	33	38	43	48	53	
277	52	0	0	2	9	10	6	0	10	20	30	40	50	
278	53	0	0	4	11	12	13	14	5	60	70	80	90	100	
279	54	0	0	4	3	4	5	6	5	62	72	82	92	102	
280	55	0	0	4	9	10	11	12	5	63	73	83	93	103	
281	56	0	0	2	11	12	6	57	67	77	87	97	107	
282	56	0	0	2	9	10	6	55	65	75	85	95	105	
283	57	0	0	2	3	4	11	57	62	67	72	77	82	87	92	97	102	107	
284	57	0	0	4	0	1	2	3	11	56	61	66	71	76	81	86	91	96	101	106	
285	58	0	0	2	4	5	6	57	67	77	87	97	107	
286	58	0	0	4	14	15	16	17	6	56	66	76	86	96	106	
287	59	0	0	4	14	15	16	17	6	57	67	77	87	97	107	
288	60	0	0	4	1	2	3	4	5	9	19	29	39	49	
289	60	0	0	4	1	2	3	4	5	6	16	26	36	46	
290	60	0	0	2	4	5	5	5	15	25	35	45	
291	61	1	0	2	3	4	5	64	74	84	94	104	
292	62	0	0	4	5	6	7	8	6	1	11	21	31	41	51	
293	63	0	0	4	0	1	2	3	6	4	14	24	34	44	54	
294	63	0	0	2	0	1	6	1	11	21	31	41	51	
295	63	0	0	4	9	10	11	12	6	3	13	23	33	43	53	
296	63	0	0	4	5	6	7	8	6	0	10	20	30	40	50	
297	64	0	0	2	9	10	6	1	11	21	31	41	51	
298	65	0	0	2	15	16	5	5	15	25	35	45	
299	65	0	0	4	2	3	4	5	5	8	18	28	38	48	
300	66	0	0	4	2	3	4	5	5	61	71	81	91	101	
301	66	0	0	2	16	17	5	60	70	80	90	100	
302	67	0	0	2	1	2	5	5	15	25	35	45	
303	68	0	0	4	7	8	9	10	5	63	73	83	93	103	
304	68	0	0	4	7	8	9	10	5	62	72	82	92	102	
305	69	0	0	2	4	5	5	62	72	82	92	102	
306	70	0	0	4	9	10	11	12	6	57	67	77	87	97	107	
307	71	1	0	2	8	9	6	57	67	77	87	97	107	
308	72	0	0	2	7	8	6	56	66	76	86	96	106	
309	73	0	0	4	0	1	2	3	5	60	70	80	90	100	
310	73	0	0	2	8	9	5	64	74	84	94	104	
311	74	0	0	2	12	13	6	55	65	75	85	95	105	
312	74	0	0	4	0	1	2	3	6	58	68	78	88	98	108	
313	74	0	0	2	5	6	6	59	69	79	89	99	109	
314	75	0	0	2	6	7	11	1	6	11	16	21	26	31	36	41	46	51	
315	76	0	0	4	9	10	11	12	6	58	68	78	88	98	108	
316	76	0	0	2	6	7	6	59	69	79	89	99	109	
317	77	2	0	2	5	6	6	3	13	23	33	43	53	
318	77	2	0	2	11	12	6	0	10	20	30	40	50	
319	78	0	0	4	1	2	3	4	5	61	71	81	91	101	
320	78	0	0	2	1	2	5	63	73	83	93	103	
321	79	1	0	2	4	5	5	8	18	28	38	48	
322	80	0	0	2	7	8	11	55	60	65	70	75	80	85	90	95	100	105	
323	80	0	0	4	5	6	7	8	11	56	61	66	71	76	81	86	91	96	101	106	
324	80	0	0	4	2	3	4	5	11	58	63	68	73	78	83	88	93	98	103	108	
325	81	0	0	2	9	10	5	63	73	83	93	103	
326	81	0	0	4	1	2	3	4	5	60	70	80	90	100	
327	82	0	0	4	6	7	8	9	5	60	70	80	90	100	
328	83	0	0	2	3	4	6	57	67	77	87	97	107	
329	83	0	0	4	9	10	11	12	6	56	66	76	86	96	106	
330	84	0	0	2	6	7	5	7	17	27	37	47	
331	85	0	0	4	5	6	7	8	6	57	67	77	87	97	107	
332	86	0	0	2	10	11	5	9	19	29	39	49	
333	87	0	0	2	13	14	6	57	67	77	87	97	107	
334	88	0	0	4	5	6	7	8	5	61	71	81	91	101	
335	89	0	0	2	6	7	11	3	8	13	18	23	28	33	38	43	48	53	
336	89	0	0	2	2	3	11	0	5	10	15	20	25	30	35	40	45	50	
337	90	0	0	2	9	10	5	5	15	25	35	45	
338	91	0	0	2	6	7	5	64	74	84	94	104	
339	91	0	0	4	13	14	15	16	5	60	70	80	90	100	
340	92	0	0	4	10	11	12	13	5	5	15	25	35	45	
341	93	0	0	2	10	11	5	62	72	82	92	102	
342	93	0	0	4	11	12	13	14	5	61	71	81	91	101	
343	94	0	0	4	2	3	4	5	6	55	65	75	85	95	105	
344	94	0	0	4	9	10	11	12	6	59	69	79	89	99	109	
345	95	0	0	2	11	12	6	2	12	22	32	42	52	
346	95	0	0	2	15	16	6	0	10	20	30	40	50	
347	96	0	0	2	11	12	5	64	74	84	94	104	
348	97	0	0	2	8	9	5	62	72	82	92	102	
349	97	0	0	2	0	1	5	61	71	81	91	101	
350	98	0	0	4	8	9	10	11	11	4	9	14	19	24	29	34	39	44	49	54	
351	98	0	0	4	12	13	14	15	11	3	8	13	18	23	28	33	38	43	48	53	
352	99	0	0	2	4	5	6	4	14	24	34	44	54	
353	99	0	0	4	14	15	16	17	6	2	12	22	32	42	52	
354	99	0	0	2	16	17	6	1	11	21	31	41	51	
355	99	0	0	4	12	13	14	15	6	0	10	20	30	40	50	

