357	189	168
0
0 	 0 	 0 	 3 	 2 	 3 	 4 	 6 	 3 	 13 	 23 	 33 	 43 	 53
1 	 1 	 0 	 1 	 2 	 5 	 6 	 5 	 5 	 15 	 25 	 35 	 45
2 	 2 	 0 	 4 	 4 	 8 	 9 	 10 	 11 	 6 	 1 	 11 	 21 	 31 	 41 	 51
3 	 2 	 0 	 4 	 2 	 12 	 13 	 6 	 0 	 10 	 20 	 30 	 40 	 50
4 	 2 	 0 	 1 	 2 	 4 	 5 	 6 	 2 	 12 	 22 	 32 	 42 	 52
5 	 3 	 2 	 5 	 2 	 10 	 11 	 6 	 55 	 65 	 75 	 85 	 95 	 105
6 	 3 	 2 	 4 	 2 	 15 	 16 	 6 	 59 	 69 	 79 	 89 	 99 	 109
7 	 4 	 0 	 8 	 4 	 13 	 14 	 15 	 16 	 11 	 4 	 9 	 14 	 19 	 24 	 29 	 34 	 39 	 44 	 49 	 54
8 	 5 	 0 	 6 	 2 	 13 	 14 	 5 	 7 	 17 	 27 	 37 	 47
9 	 6 	 0 	 9 	 2 	 4 	 5 	 6 	 55 	 65 	 75 	 85 	 95 	 105
10 	 6 	 0 	 3 	 2 	 6 	 7 	 6 	 55 	 65 	 75 	 85 	 95 	 105
11 	 6 	 0 	 4 	 2 	 8 	 9 	 6 	 55 	 65 	 75 	 85 	 95 	 105
12 	 6 	 0 	 8 	 2 	 10 	 11 	 6 	 55 	 65 	 75 	 85 	 95 	 105
13 	 6 	 0 	 9 	 2 	 12 	 13 	 6 	 55 	 65 	 75 	 85 	 95 	 105
14 	 6 	 0 	 2 	 2 	 14 	 15 	 6 	 55 	 65 	 75 	 85 	 95 	 105
15 	 7 	 0 	 10 	 4 	 13 	 14 	 15 	 16 	 11 	 4 	 9 	 14 	 19 	 24 	 29 	 34 	 39 	 44 	 49 	 54
16 	 8 	 0 	 6 	 2 	 14 	 15 	 11 	 59 	 64 	 69 	 74 	 79 	 84 	 89 	 94 	 99 	 104 	 109
17 	 9 	 0 	 10 	 2 	 15 	 16 	 6 	 0 	 10 	 20 	 30 	 40 	 50
18 	 9 	 0 	 3 	 2 	 16 	 17 	 6 	 4 	 14 	 24 	 34 	 44 	 54
19 	 10 	 0 	 8 	 4 	 4 	 5 	 6 	 7 	 5 	 64 	 74 	 84 	 94 	 104
20 	 11 	 0 	 9 	 2 	 4 	 5 	 11 	 56 	 61 	 66 	 71 	 76 	 81 	 86 	 91 	 96 	 101 	 106
21 	 11 	 0 	 1 	 4 	 9 	 10 	 11 	 12 	 11 	 59 	 64 	 69 	 74 	 79 	 84 	 89 	 94 	 99 	 104 	 109
22 	 11 	 0 	 4 	 2 	 15 	 16 	 11 	 58 	 63 	 68 	 73 	 78 	 83 	 88 	 93 	 98 	 103 	 108
23 	 12 	 0 	 10 	 2 	 8 	 9 	 5 	 5 	 15 	 25 	 35 	 45
24 	 13 	 0 	 6 	 2 	 6 	 7 	 11 	 0 	 5 	 10 	 15 	 20 	 25 	 30 	 35 	 40 	 45 	 50
25 	 14 	 0 	 7 	 4 	 5 	 6 	 7 	 8 	 6 	 58 	 68 	 78 	 88 	 98 	 108
26 	 14 	 0 	 3 	 2 	 11 	 12 	 6 	 55 	 65 	 75 	 85 	 95 	 105
27 	 14 	 0 	 6 	 2 	 9 	 10 	 6 	 57 	 67 	 77 	 87 	 97 	 107
28 	 15 	 0 	 8 	 2 	 6 	 7 	 11 	 58 	 63 	 68 	 73 	 78 	 83 	 88 	 93 	 98 	 103 	 108
29 	 16 	 0 	 2 	 2 	 2 	 3 	 11 	 1 	 6 	 11 	 16 	 21 	 26 	 31 	 36 	 41 	 46 	 51
30 	 17 	 2 	 7 	 4 	 5 	 6 	 7 	 8 	 11 	 56 	 61 	 66 	 71 	 76 	 81 	 86 	 91 	 96 	 101 	 106
31 	 18 	 0 	 1 	 2 	 3 	 4 	 11 	 58 	 63 	 68 	 73 	 78 	 83 	 88 	 93 	 98 	 103 	 108
32 	 19 	 0 	 7 	 2 	 0 	 1 	 6 	 57 	 67 	 77 	 87 	 97 	 107
33 	 19 	 0 	 5 	 2 	 2 	 3 	 6 	 57 	 67 	 77 	 87 	 97 	 107
34 	 19 	 0 	 3 	 2 	 4 	 5 	 6 	 57 	 67 	 77 	 87 	 97 	 107
35 	 19 	 0 	 8 	 2 	 6 	 7 	 6 	 57 	 67 	 77 	 87 	 97 	 107
36 	 19 	 0 	 4 	 2 	 8 	 9 	 6 	 57 	 67 	 77 	 87 	 97 	 107
37 	 19 	 0 	 5 	 2 	 10 	 11 	 6 	 57 	 67 	 77 	 87 	 97 	 107
38 	 19 	 0 	 9 	 2 	 12 	 13 	 6 	 57 	 67 	 77 	 87 	 97 	 107
39 	 19 	 0 	 2 	 2 	 14 	 15 	 6 	 57 	 67 	 77 	 87 	 97 	 107
40 	 19 	 0 	 8 	 2 	 16 	 17 	 6 	 57 	 67 	 77 	 87 	 97 	 107
41 	 20 	 0 	 3 	 2 	 4 	 5 	 6 	 3 	 13 	 23 	 33 	 43 	 53
42 	 20 	 0 	 1 	 2 	 5 	 6 	 6 	 1 	 11 	 21 	 31 	 41 	 51
43 	 21 	 0 	 3 	 2 	 5 	 6 	 11 	 4 	 9 	 14 	 19 	 24 	 29 	 34 	 39 	 44 	 49 	 54
44 	 22 	 0 	 6 	 2 	 3 	 4 	 6 	 59 	 69 	 79 	 89 	 99 	 109
45 	 23 	 0 	 6 	 2 	 2 	 3 	 5 	 63 	 73 	 83 	 93 	 103
46 	 24 	 2 	 3 	 4 	 5 	 6 	 7 	 8 	 11 	 3 	 8 	 13 	 18 	 23 	 28 	 33 	 38 	 43 	 48 	 53
47 	 25 	 0 	 1 	 2 	 16 	 17 	 6 	 0 	 10 	 20 	 30 	 40 	 50
48 	 26 	 2 	 3 	 2 	 1 	 2 	 11 	 4 	 9 	 14 	 19 	 24 	 29 	 34 	 39 	 44 	 49 	 54
49 	 27 	 0 	 3 	 2 	 7 	 8 	 11 	 3 	 8 	 13 	 18 	 23 	 28 	 33 	 38 	 43 	 48 	 53
50 	 27 	 0 	 1 	 2 	 9 	 10 	 11 	 3 	 8 	 13 	 18 	 23 	 28 	 33 	 38 	 43 	 48 	 53
51 	 27 	 0 	 5 	 2 	 11 	 12 	 11 	 3 	 8 	 13 	 18 	 23 	 28 	 33 	 38 	 43 	 48 	 53
52 	 27 	 0 	 3 	 2 	 13 	 14 	 11 	 3 	 8 	 13 	 18 	 23 	 28 	 33 	 38 	 43 	 48 	 53
53 	 27 	 0 	 7 	 2 	 15 	 16 	 11 	 3 	 8 	 13 	 18 	 23 	 28 	 33 	 38 	 43 	 48 	 53
54 	 28 	 0 	 9 	 2 	 11 	 12 	 11 	 57 	 62 	 67 	 72 	 77 	 82 	 87 	 92 	 97 	 102 	 107
55 	 29 	 0 	 10 	 2 	 0 	 1 	 6 	 0 	 10 	 20 	 30 	 40 	 50
56 	 30 	 0 	 4 	 4 	 5 	 6 	 7 	 8 	 5 	 9 	 19 	 29 	 39 	 49
57 	 31 	 2 	 1 	 2 	 0 	 1 	 11 	 58 	 63 	 68 	 73 	 78 	 83 	 88 	 93 	 98 	 103 	 108
58 	 32 	 0 	 8 	 2 	 6 	 7 	 6 	 0 	 10 	 20 	 30 	 40 	 50
59 	 33 	 0 	 4 	 2 	 8 	 9 	 11 	 0 	 5 	 10 	 15 	 20 	 25 	 30 	 35 	 40 	 45 	 50
60 	 33 	 0 	 4 	 2 	 10 	 11 	 11 	 0 	 5 	 10 	 15 	 20 	 25 	 30 	 35 	 40 	 45 	 50
61 	 33 	 0 	 10 	 2 	 12 	 13 	 11 	 0 	 5 	 10 	 15 	 20 	 25 	 30 	 35 	 40 	 45 	 50
62 	 33 	 0 	 2 	 2 	 14 	 15 	 11 	 0 	 5 	 10 	 15 	 20 	 25 	 30 	 35 	 40 	 45 	 50
63 	 33 	 0 	 2 	 2 	 16 	 17 	 11 	 0 	 5 	 10 	 15 	 20 	 25 	 30 	 35 	 40 	 45 	 50
64 	 34 	 0 	 1 	 2 	 3 	 4 	 6 	 3 	 13 	 23 	 33 	 43 	 53
65 	 34 	 0 	 1 	 2 	 5 	 6 	 6 	 3 	 13 	 23 	 33 	 43 	 53
66 	 34 	 0 	 6 	 2 	 7 	 8 	 6 	 3 	 13 	 23 	 33 	 43 	 53
67 	 34 	 0 	 7 	 2 	 9 	 10 	 6 	 3 	 13 	 23 	 33 	 43 	 53
68 	 34 	 0 	 9 	 2 	 11 	 12 	 6 	 3 	 13 	 23 	 33 	 43 	 53
69 	 34 	 0 	 3 	 2 	 13 	 14 	 6 	 3 	 13 	 23 	 33 	 43 	 53
70 	 35 	 0 	 10 	 2 	 3 	 4 	 11 	 3 	 8 	 13 	 18 	 23 	 28 	 33 	 38 	 43 	 48 	 53
71 	 35 	 0 	 2 	 2 	 5 	 6 	 11 	 3 	 8 	 13 	 18 	 23 	 28 	 33 	 38 	 43 	 48 	 53
72 	 35 	 0 	 2 	 2 	 7 	 8 	 11 	 3 	 8 	 13 	 18 	 23 	 28 	 33 	 38 	 43 	 48 	 53
73 	 35 	 0 	 7 	 2 	 9 	 10 	 11 	 3 	 8 	 13 	 18 	 23 	 28 	 33 	 38 	 43 	 48 	 53
74 	 35 	 0 	 1 	 2 	 11 	 12 	 11 	 3 	 8 	 13 	 18 	 23 	 28 	 33 	 38 	 43 	 48 	 53
75 	 35 	 0 	 7 	 2 	 13 	 14 	 11 	 3 	 8 	 13 	 18 	 23 	 28 	 33 	 38 	 43 	 48 	 53
76 	 35 	 0 	 5 	 2 	 15 	 16 	 11 	 3 	 8 	 13 	 18 	 23 	 28 	 33 	 38 	 43 	 48 	 53
77 	 36 	 0 	 10 	 2 	 2 	 3 	 6 	 56 	 66 	 76 	 86 	 96 	 106
78 	 37 	 0 	 10 	 2 	 14 	 15 	 6 	 3 	 13 	 23 	 33 	 43 	 53
79 	 37 	 0 	 10 	 2 	 16 	 17 	 6 	 0 	 10 	 20 	 30 	 40 	 50
80 	 38 	 0 	 5 	 2 	 13 	 14 	 5 	 63 	 73 	 83 	 93 	 103
81 	 39 	 0 	 2 	 2 	 14 	 15 	 6 	 57 	 67 	 77 	 87 	 97 	 107
82 	 40 	 0 	 8 	 2 	 15 	 16 	 5 	 5 	 15 	 25 	 35 	 45
83 	 41 	 0 	 2 	 2 	 16 	 17 	 5 	 64 	 74 	 84 	 94 	 104
84 	 42 	 0 	 4 	 2 	 16 	 17 	 11 	 55 	 60 	 65 	 70 	 75 	 80 	 85 	 90 	 95 	 100 	 105
85 	 43 	 0 	 10 	 2 	 6 	 7 	 11 	 56 	 61 	 66 	 71 	 76 	 81 	 86 	 91 	 96 	 101 	 106
86 	 43 	 0 	 1 	 2 	 10 	 11 	 11 	 59 	 64 	 69 	 74 	 79 	 84 	 89 	 94 	 99 	 104 	 109
87 	 44 	 0 	 5 	 2 	 13 	 14 	 5 	 6 	 16 	 26 	 36 	 46
88 	 45 	 0 	 3 	 2 	 15 	 16 	 5 	 63 	 73 	 83 	 93 	 103
89 	 46 	 0 	 8 	 2 	 6 	 7 	 11 	 57 	 62 	 67 	 72 	 77 	 82 	 87 	 92 	 97 	 102 	 107
90 	 47 	 2 	 1 	 2 	 15 	 16 	 11 	 2 	 7 	 12 	 17 	 22 	 27 	 32 	 37 	 42 	 47 	 52
91 	 48 	 0 	 10 	 2 	 4 	 5 	 11 	 59 	 64 	 69 	 74 	 79 	 84 	 89 	 94 	 99 	 104 	 109
92 	 48 	 0 	 1 	 2 	 6 	 7 	 11 	 59 	 64 	 69 	 74 	 79 	 84 	 89 	 94 	 99 	 104 	 109
93 	 48 	 0 	 7 	 2 	 8 	 9 	 11 	 59 	 64 	 69 	 74 	 79 	 84 	 89 	 94 	 99 	 104 	 109
94 	 48 	 0 	 5 	 2 	 10 	 11 	 11 	 59 	 64 	 69 	 74 	 79 	 84 	 89 	 94 	 99 	 104 	 109
95 	 49 	 2 	 7 	 2 	 7 	 8 	 6 	 56 	 66 	 76 	 86 	 96 	 106
96 	 49 	 2 	 10 	 2 	 9 	 10 	 6 	 59 	 69 	 79 	 89 	 99 	 109
97 	 50 	 0 	 7 	 2 	 9 	 10 	 11 	 57 	 62 	 67 	 72 	 77 	 82 	 87 	 92 	 97 	 102 	 107
98 	 50 	 0 	 9 	 4 	 6 	 7 	 8 	 9 	 11 	 55 	 60 	 65 	 70 	 75 	 80 	 85 	 90 	 95 	 100 	 105
99 	 50 	 0 	 3 	 2 	 4 	 5 	 11 	 59 	 64 	 69 	 74 	 79 	 84 	 89 	 94 	 99 	 104 	 109
100 	 51 	 0 	 1 	 2 	 0 	 1 	 6 	 58 	 68 	 78 	 88 	 98 	 108
101 	 52 	 0 	 8 	 4 	 6 	 7 	 8 	 9 	 11 	 57 	 62 	 67 	 72 	 77 	 82 	 87 	 92 	 97 	 102 	 107
102 	 52 	 0 	 6 	 2 	 15 	 16 	 11 	 55 	 60 	 65 	 70 	 75 	 80 	 85 	 90 	 95 	 100 	 105
103 	 53 	 1 	 9 	 2 	 12 	 13 	 5 	 8 	 18 	 28 	 38 	 48
104 	 54 	 0 	 4 	 4 	 4 	 5 	 6 	 7 	 6 	 55 	 65 	 75 	 85 	 95 	 105
105 	 55 	 1 	 1 	 2 	 2 	 3 	 11 	 2 	 7 	 12 	 17 	 22 	 27 	 32 	 37 	 42 	 47 	 52
106 	 56 	 0 	 1 	 2 	 13 	 14 	 5 	 61 	 71 	 81 	 91 	 101
107 	 57 	 0 	 2 	 2 	 1 	 2 	 11 	 1 	 6 	 11 	 16 	 21 	 26 	 31 	 36 	 41 	 46 	 51
108 	 57 	 0 	 10 	 2 	 3 	 4 	 11 	 1 	 6 	 11 	 16 	 21 	 26 	 31 	 36 	 41 	 46 	 51
109 	 57 	 0 	 9 	 2 	 5 	 6 	 11 	 1 	 6 	 11 	 16 	 21 	 26 	 31 	 36 	 41 	 46 	 51
110 	 57 	 0 	 6 	 2 	 7 	 8 	 11 	 1 	 6 	 11 	 16 	 21 	 26 	 31 	 36 	 41 	 46 	 51
111 	 57 	 0 	 1 	 2 	 9 	 10 	 11 	 1 	 6 	 11 	 16 	 21 	 26 	 31 	 36 	 41 	 46 	 51
112 	 57 	 0 	 2 	 2 	 11 	 12 	 11 	 1 	 6 	 11 	 16 	 21 	 26 	 31 	 36 	 41 	 46 	 51
113 	 57 	 0 	 8 	 2 	 13 	 14 	 11 	 1 	 6 	 11 	 16 	 21 	 26 	 31 	 36 	 41 	 46 	 51
114 	 57 	 0 	 1 	 2 	 15 	 16 	 11 	 1 	 6 	 11 	 16 	 21 	 26 	 31 	 36 	 41 	 46 	 51
115 	 58 	 1 	 6 	 2 	 11 	 12 	 5 	 63 	 73 	 83 	 93 	 103
116 	 59 	 0 	 6 	 4 	 8 	 9 	 10 	 11 	 5 	 5 	 15 	 25 	 35 	 45
117 	 60 	 0 	 9 	 2 	 0 	 1 	 5 	 61 	 71 	 81 	 91 	 101
118 	 60 	 0 	 9 	 2 	 2 	 3 	 5 	 61 	 71 	 81 	 91 	 101
119 	 60 	 0 	 6 	 2 	 4 	 5 	 5 	 61 	 71 	 81 	 91 	 101
120 	 60 	 0 	 8 	 2 	 6 	 7 	 5 	 61 	 71 	 81 	 91 	 101
121 	 60 	 0 	 7 	 2 	 8 	 9 	 5 	 61 	 71 	 81 	 91 	 101
122 	 60 	 0 	 5 	 2 	 10 	 11 	 5 	 61 	 71 	 81 	 91 	 101
123 	 60 	 0 	 7 	 2 	 12 	 13 	 5 	 61 	 71 	 81 	 91 	 101
124 	 60 	 0 	 7 	 2 	 14 	 15 	 5 	 61 	 71 	 81 	 91 	 101
125 	 60 	 0 	 7 	 2 	 16 	 17 	 5 	 61 	 71 	 81 	 91 	 101
126 	 61 	 0 	 7 	 2 	 2 	 3 	 5 	 61 	 71 	 81 	 91 	 101
127 	 61 	 0 	 6 	 2 	 4 	 5 	 5 	 61 	 71 	 81 	 91 	 101
128 	 61 	 0 	 3 	 2 	 6 	 7 	 5 	 61 	 71 	 81 	 91 	 101
129 	 61 	 0 	 4 	 2 	 8 	 9 	 5 	 61 	 71 	 81 	 91 	 101
130 	 61 	 0 	 6 	 2 	 10 	 11 	 5 	 61 	 71 	 81 	 91 	 101
131 	 61 	 0 	 7 	 2 	 12 	 13 	 5 	 61 	 71 	 81 	 91 	 101
132 	 61 	 0 	 10 	 2 	 14 	 15 	 5 	 61 	 71 	 81 	 91 	 101
133 	 61 	 0 	 4 	 2 	 16 	 17 	 5 	 61 	 71 	 81 	 91 	 101
134 	 62 	 0 	 8 	 4 	 9 	 10 	 11 	 12 	 5 	 62 	 72 	 82 	 92 	 102
135 	 62 	 0 	 6 	 2 	 1 	 2 	 5 	 61 	 71 	 81 	 91 	 101
136 	 63 	 2 	 4 	 6 	 3 	 4 	 5 	 6 	 7 	 8 	 6 	 58 	 68 	 78 	 88 	 98 	 108
137 	 64 	 0 	 6 	 2 	 6 	 7 	 11 	 58 	 63 	 68 	 73 	 78 	 83 	 88 	 93 	 98 	 103 	 108
138 	 64 	 0 	 8 	 2 	 8 	 9 	 11 	 58 	 63 	 68 	 73 	 78 	 83 	 88 	 93 	 98 	 103 	 108
139 	 64 	 0 	 6 	 2 	 10 	 11 	 11 	 58 	 63 	 68 	 73 	 78 	 83 	 88 	 93 	 98 	 103 	 108
140 	 64 	 0 	 8 	 2 	 12 	 13 	 11 	 58 	 63 	 68 	 73 	 78 	 83 	 88 	 93 	 98 	 103 	 108
141 	 65 	 0 	 1 	 2 	 15 	 16 	 5 	 61 	 71 	 81 	 91 	 101
142 	 66 	 2 	 8 	 2 	 13 	 14 	 6 	 56 	 66 	 76 	 86 	 96 	 106
143 	 66 	 2 	 2 	 4 	 3 	 4 	 5 	 6 	 6 	 58 	 68 	 78 	 88 	 98 	 108
144 	 67 	 0 	 2 	 2 	 11 	 12 	 5 	 8 	 18 	 28 	 38 	 48
145 	 68 	 0 	 3 	 2 	 4 	 5 	 6 	 57 	 67 	 77 	 87 	 97 	 107
146 	 68 	 0 	 6 	 2 	 1 	 2 	 6 	 59 	 69 	 79 	 89 	 99 	 109
147 	 69 	 0 	 1 	 2 	 5 	 6 	 11 	 0 	 5 	 10 	 15 	 20 	 25 	 30 	 35 	 40 	 45 	 50
148 	 70 	 1 	 4 	 4 	 14 	 15 	 16 	 17 	 11 	 3 	 8 	 13 	 18 	 23 	 28 	 33 	 38 	 43 	 48 	 53
149 	 71 	 2 	 9 	 4 	 5 	 6 	 7 	 8 	 5 	 7 	 17 	 27 	 37 	 47
150 	 72 	 0 	 7 	 2 	 10 	 11 	 6 	 55 	 65 	 75 	 85 	 95 	 105
151 	 73 	 0 	 4 	 2 	 2 	 3 	 11 	 1 	 6 	 11 	 16 	 21 	 26 	 31 	 36 	 41 	 46 	 51
152 	 74 	 0 	 2 	 4 	 4 	 5 	 6 	 7 	 6 	 59 	 69 	 79 	 89 	 99 	 109
153 	 75 	 0 	 1 	 2 	 1 	 2 	 6 	 58 	 68 	 78 	 88 	 98 	 108
154 	 76 	 0 	 7 	 4 	 1 	 2 	 3 	 4 	 6 	 1 	 11 	 21 	 31 	 41 	 51
155 	 77 	 0 	 4 	 2 	 13 	 14 	 5 	 60 	 70 	 80 	 90 	 100
156 	 78 	 0 	 1 	 4 	 10 	 11 	 12 	 13 	 5 	 9 	 19 	 29 	 39 	 49
157 	 79 	 0 	 6 	 2 	 5 	 6 	 5 	 9 	 19 	 29 	 39 	 49
158 	 80 	 0 	 9 	 2 	 9 	 10 	 5 	 9 	 19 	 29 	 39 	 49
159 	 81 	 0 	 6 	 2 	 1 	 2 	 6 	 3 	 13 	 23 	 33 	 43 	 53
160 	 82 	 0 	 6 	 2 	 13 	 14 	 6 	 55 	 65 	 75 	 85 	 95 	 105
161 	 83 	 0 	 5 	 2 	 7 	 8 	 11 	 3 	 8 	 13 	 18 	 23 	 28 	 33 	 38 	 43 	 48 	 53
162 	 84 	 0 	 5 	 2 	 1 	 2 	 11 	 2 	 7 	 12 	 17 	 22 	 27 	 32 	 37 	 42 	 47 	 52
163 	 85 	 0 	 5 	 2 	 5 	 6 	 5 	 5 	 15 	 25 	 35 	 45
164 	 86 	 0 	 9 	 4 	 12 	 13 	 14 	 15 	 5 	 8 	 18 	 28 	 38 	 48
165 	 87 	 1 	 6 	 2 	 7 	 8 	 11 	 57 	 62 	 67 	 72 	 77 	 82 	 87 	 92 	 97 	 102 	 107
166 	 88 	 2 	 5 	 2 	 13 	 14 	 11 	 58 	 63 	 68 	 73 	 78 	 83 	 88 	 93 	 98 	 103 	 108
167 	 89 	 0 	 1 	 4 	 13 	 14 	 15 	 16 	 11 	 2 	 7 	 12 	 17 	 22 	 27 	 32 	 37 	 42 	 47 	 52
168 	 90 	 0 	 9 	 4 	 13 	 14 	 15 	 16 	 5 	 60 	 70 	 80 	 90 	 100
169 	 91 	 0 	 9 	 2 	 2 	 3 	 11 	 1 	 6 	 11 	 16 	 21 	 26 	 31 	 36 	 41 	 46 	 51
170 	 91 	 0 	 2 	 2 	 9 	 10 	 11 	 0 	 5 	 10 	 15 	 20 	 25 	 30 	 35 	 40 	 45 	 50
171 	 92 	 0 	 2 	 2 	 5 	 6 	 11 	 1 	 6 	 11 	 16 	 21 	 26 	 31 	 36 	 41 	 46 	 51
172 	 93 	 2 	 10 	 2 	 9 	 10 	 11 	 57 	 62 	 67 	 72 	 77 	 82 	 87 	 92 	 97 	 102 	 107
173 	 93 	 2 	 5 	 2 	 11 	 12 	 11 	 57 	 62 	 67 	 72 	 77 	 82 	 87 	 92 	 97 	 102 	 107
174 	 93 	 2 	 2 	 2 	 13 	 14 	 11 	 57 	 62 	 67 	 72 	 77 	 82 	 87 	 92 	 97 	 102 	 107
175 	 93 	 2 	 8 	 2 	 15 	 16 	 11 	 57 	 62 	 67 	 72 	 77 	 82 	 87 	 92 	 97 	 102 	 107
176 	 94 	 0 	 2 	 2 	 1 	 2 	 6 	 0 	 10 	 20 	 30 	 40 	 50
177 	 94 	 0 	 4 	 2 	 3 	 4 	 6 	 0 	 10 	 20 	 30 	 40 	 50
178 	 94 	 0 	 7 	 2 	 5 	 6 	 6 	 0 	 10 	 20 	 30 	 40 	 50
179 	 94 	 0 	 4 	 2 	 7 	 8 	 6 	 0 	 10 	 20 	 30 	 40 	 50
180 	 94 	 0 	 5 	 2 	 9 	 10 	 6 	 0 	 10 	 20 	 30 	 40 	 50
181 	 94 	 0 	 7 	 2 	 11 	 12 	 6 	 0 	 10 	 20 	 30 	 40 	 50
182 	 94 	 0 	 2 	 2 	 13 	 14 	 6 	 0 	 10 	 20 	 30 	 40 	 50
183 	 94 	 0 	 5 	 2 	 15 	 16 	 6 	 0 	 10 	 20 	 30 	 40 	 50
184 	 95 	 0 	 6 	 6 	 8 	 9 	 10 	 11 	 12 	 13 	 5 	 62 	 72 	 82 	 92 	 102
185 	 96 	 0 	 3 	 2 	 13 	 14 	 5 	 7 	 17 	 27 	 37 	 47
186 	 97 	 0 	 3 	 4 	 13 	 14 	 15 	 16 	 5 	 8 	 18 	 28 	 38 	 48
187 	 98 	 2 	 8 	 2 	 0 	 1 	 6 	 55 	 65 	 75 	 85 	 95 	 105
188 	 99 	 0 	 8 	 4 	 12 	 13 	 14 	 15 	 6 	 59 	 69 	 79 	 89 	 99 	 109
189	0	0	0	2	11	12	6	1	11	21	31	41	51	
190	1	0	0	4	6	7	8	9	5	8	18	28	38	48	
191	2	0	0	2	3	4	6	3	13	23	33	43	53	
192	2	0	0	4	9	10	11	12	6	4	14	24	34	44	54	
193	3	2	0	2	9	10	6	56	66	76	86	96	106	
194	3	2	0	4	10	11	12	13	6	58	68	78	88	98	108	
195	4	0	0	2	1	2	11	1	6	11	16	21	26	31	36	41	46	51	
196	5	0	0	4	14	15	16	17	5	5	15	25	35	45	
197	5	0	0	2	8	9	5	6	16	26	36	46	
198	6	0	0	4	4	5	6	7	6	57	67	77	87	97	107	
199	6	0	0	4	2	3	4	5	6	56	66	76	86	96	106	
200	6	0	0	4	9	10	11	12	6	59	69	79	89	99	109	
201	7	0	0	4	8	9	10	11	11	3	8	13	18	23	28	33	38	43	48	53	
202	7	0	0	4	2	3	4	5	11	1	6	11	16	21	26	31	36	41	46	51	
203	8	0	0	4	10	11	12	13	11	58	63	68	73	78	83	88	93	98	103	108	
204	8	0	0	2	7	8	11	56	61	66	71	76	81	86	91	96	101	106	
205	9	0	0	2	8	9	6	3	13	23	33	43	53	
206	9	0	0	2	16	17	6	1	11	21	31	41	51	
207	10	0	0	4	4	5	6	7	5	62	72	82	92	102	
208	11	0	0	2	10	11	11	57	62	67	72	77	82	87	92	97	102	107	
209	12	0	0	4	3	4	5	6	5	8	18	28	38	48	
210	12	0	0	4	14	15	16	17	5	9	19	29	39	49	
211	13	0	0	4	7	8	9	10	11	1	6	11	16	21	26	31	36	41	46	51	
212	14	0	0	2	1	2	6	56	66	76	86	96	106	
213	15	0	0	4	12	13	14	15	11	55	60	65	70	75	80	85	90	95	100	105	
214	15	0	0	4	12	13	14	15	11	59	64	69	74	79	84	89	94	99	104	109	
215	16	0	0	2	12	13	11	2	7	12	17	22	27	32	37	42	47	52	
216	17	2	0	4	8	9	10	11	11	55	60	65	70	75	80	85	90	95	100	105	
217	18	0	0	4	0	1	2	3	11	57	62	67	72	77	82	87	92	97	102	107	
218	19	0	0	2	7	8	6	55	65	75	85	95	105	
219	19	0	0	2	0	1	6	56	66	76	86	96	106	
220	19	0	0	2	3	4	6	58	68	78	88	98	108	
221	20	0	0	4	3	4	5	6	6	2	12	22	32	42	52	
222	21	0	0	4	2	3	4	5	11	3	8	13	18	23	28	33	38	43	48	53	
223	22	0	0	4	8	9	10	11	6	57	67	77	87	97	107	
224	23	0	0	4	0	1	2	3	5	60	70	80	90	100	
225	24	2	0	4	0	1	2	3	11	1	6	11	16	21	26	31	36	41	46	51	
226	25	0	0	4	10	11	12	13	6	1	11	21	31	41	51	
227	25	0	0	4	13	14	15	16	6	4	14	24	34	44	54	
228	26	2	0	4	11	12	13	14	11	2	7	12	17	22	27	32	37	42	47	52	
229	26	2	0	2	0	1	11	1	6	11	16	21	26	31	36	41	46	51	
230	27	0	0	2	11	12	11	2	7	12	17	22	27	32	37	42	47	52	
231	27	0	0	2	7	8	11	1	6	11	16	21	26	31	36	41	46	51	
232	27	0	0	2	16	17	11	0	5	10	15	20	25	30	35	40	45	50	
233	28	0	0	2	8	9	11	56	61	66	71	76	81	86	91	96	101	106	
234	29	0	0	2	11	12	6	1	11	21	31	41	51	
235	29	0	0	2	11	12	6	4	14	24	34	44	54	
236	30	0	0	4	13	14	15	16	5	8	18	28	38	48	
237	31	2	0	4	1	2	3	4	11	57	62	67	72	77	82	87	92	97	102	107	
238	32	0	0	2	3	4	6	1	11	21	31	41	51	
239	33	0	0	2	8	9	11	4	9	14	19	24	29	34	39	44	49	54	
240	33	0	0	2	8	9	11	3	8	13	18	23	28	33	38	43	48	53	
241	33	0	0	4	9	10	11	12	11	1	6	11	16	21	26	31	36	41	46	51	
242	34	0	0	4	3	4	5	6	6	1	11	21	31	41	51	
243	34	0	0	4	9	10	11	12	6	2	12	22	32	42	52	
244	34	0	0	2	10	11	6	4	14	24	34	44	54	
245	34	0	0	4	5	6	7	8	6	0	10	20	30	40	50	
246	35	0	0	2	6	7	11	2	7	12	17	22	27	32	37	42	47	52	
247	35	0	0	2	5	6	11	4	9	14	19	24	29	34	39	44	49	54	
248	35	0	0	2	3	4	11	0	5	10	15	20	25	30	35	40	45	50	
249	36	0	0	4	5	6	7	8	6	57	67	77	87	97	107	
250	36	0	0	4	12	13	14	15	6	58	68	78	88	98	108	
251	37	0	0	4	11	12	13	14	6	2	12	22	32	42	52	
252	37	0	0	4	12	13	14	15	6	4	14	24	34	44	54	
253	38	0	0	4	5	6	7	8	5	64	74	84	94	104	
254	38	0	0	2	9	10	5	62	72	82	92	102	
255	39	0	0	4	1	2	3	4	6	58	68	78	88	98	108	
256	40	0	0	4	6	7	8	9	5	9	19	29	39	49	
257	40	0	0	4	1	2	3	4	5	8	18	28	38	48	
258	41	0	0	2	4	5	5	61	71	81	91	101	
259	42	0	0	4	4	5	6	7	11	58	63	68	73	78	83	88	93	98	103	108	
260	42	0	0	4	11	12	13	14	11	57	62	67	72	77	82	87	92	97	102	107	
261	43	0	0	2	10	11	11	57	62	67	72	77	82	87	92	97	102	107	
262	44	0	0	2	2	3	5	7	17	27	37	47	
263	44	0	0	4	10	11	12	13	5	5	15	25	35	45	
264	45	0	0	2	13	14	5	61	71	81	91	101	
265	46	0	0	2	2	3	11	55	60	65	70	75	80	85	90	95	100	105	
266	47	2	0	4	1	2	3	4	11	0	5	10	15	20	25	30	35	40	45	50	
267	48	0	0	4	9	10	11	12	11	58	63	68	73	78	83	88	93	98	103	108	
268	48	0	0	2	7	8	11	55	60	65	70	75	80	85	90	95	100	105	
269	48	0	0	2	2	3	11	57	62	67	72	77	82	87	92	97	102	107	
270	48	0	0	4	6	7	8	9	11	56	61	66	71	76	81	86	91	96	101	106	
271	49	2	0	4	10	11	12	13	6	57	67	77	87	97	107	
272	49	2	0	2	13	14	6	55	65	75	85	95	105	
273	50	0	0	2	3	4	11	58	63	68	73	78	83	88	93	98	103	108	
274	51	0	0	4	8	9	10	11	6	55	65	75	85	95	105	
275	52	0	0	2	2	3	11	58	63	68	73	78	83	88	93	98	103	108	
276	52	0	0	2	14	15	11	56	61	66	71	76	81	86	91	96	101	106	
277	53	1	0	2	7	8	5	7	17	27	37	47	
278	53	1	0	2	4	5	5	5	15	25	35	45	
279	54	0	0	2	10	11	6	56	66	76	86	96	106	
280	54	0	0	4	8	9	10	11	6	57	67	77	87	97	107	
281	55	1	0	4	13	14	15	16	11	0	5	10	15	20	25	30	35	40	45	50	
282	55	1	0	4	10	11	12	13	11	4	9	14	19	24	29	34	39	44	49	54	
283	56	0	0	4	14	15	16	17	5	62	72	82	92	102	
284	57	0	0	2	11	12	11	2	7	12	17	22	27	32	37	42	47	52	
285	57	0	0	2	1	2	11	3	8	13	18	23	28	33	38	43	48	53	
286	57	0	0	2	4	5	11	0	5	10	15	20	25	30	35	40	45	50	
287	58	1	0	2	0	1	5	64	74	84	94	104	
288	58	1	0	4	3	4	5	6	5	61	71	81	91	101	
289	59	0	0	4	6	7	8	9	5	8	18	28	38	48	
290	60	0	0	4	1	2	3	4	5	63	73	83	93	103	
291	60	0	0	4	4	5	6	7	5	64	74	84	94	104	
292	60	0	0	4	3	4	5	6	5	62	72	82	92	102	
293	61	0	0	4	9	10	11	12	5	60	70	80	90	100	
294	61	0	0	2	13	14	5	63	73	83	93	103	
295	61	0	0	4	9	10	11	12	5	62	72	82	92	102	
296	62	0	0	2	10	11	5	64	74	84	94	104	
297	63	2	0	4	3	4	5	6	6	56	66	76	86	96	106	
298	64	0	0	2	1	2	11	55	60	65	70	75	80	85	90	95	100	105	
299	64	0	0	2	6	7	11	56	61	66	71	76	81	86	91	96	101	106	
300	64	0	0	2	1	2	11	57	62	67	72	77	82	87	92	97	102	107	
301	65	0	0	2	0	1	5	62	72	82	92	102	
302	66	2	0	4	2	3	4	5	6	55	65	75	85	95	105	
303	66	2	0	2	8	9	6	57	67	77	87	97	107	
304	67	0	0	4	6	7	8	9	5	9	19	29	39	49	
305	67	0	0	4	14	15	16	17	5	5	15	25	35	45	
306	68	0	0	4	10	11	12	13	6	58	68	78	88	98	108	
307	69	0	0	2	9	10	11	2	7	12	17	22	27	32	37	42	47	52	
308	70	1	0	2	3	4	11	4	9	14	19	24	29	34	39	44	49	54	
309	70	1	0	4	3	4	5	6	11	1	6	11	16	21	26	31	36	41	46	51	
310	71	2	0	4	12	13	14	15	5	8	18	28	38	48	
311	72	0	0	4	10	11	12	13	6	59	69	79	89	99	109	
312	72	0	0	2	12	13	6	58	68	78	88	98	108	
313	73	0	0	2	10	11	11	2	7	12	17	22	27	32	37	42	47	52	
314	73	0	0	2	9	10	11	0	5	10	15	20	25	30	35	40	45	50	
315	74	0	0	4	11	12	13	14	6	56	66	76	86	96	106	
316	75	0	0	2	15	16	6	59	69	79	89	99	109	
317	76	0	0	4	7	8	9	10	6	4	14	24	34	44	54	
318	77	0	0	2	3	4	5	64	74	84	94	104	
319	77	0	0	4	4	5	6	7	5	61	71	81	91	101	
320	78	0	0	4	1	2	3	4	5	5	15	25	35	45	
321	78	0	0	2	15	16	5	8	18	28	38	48	
322	79	0	0	2	3	4	5	5	15	25	35	45	
323	80	0	0	2	3	4	5	8	18	28	38	48	
324	81	0	0	4	8	9	10	11	6	2	12	22	32	42	52	
325	81	0	0	2	16	17	6	4	14	24	34	44	54	
326	82	0	0	4	9	10	11	12	6	56	66	76	86	96	106	
327	83	0	0	4	11	12	13	14	11	4	9	14	19	24	29	34	39	44	49	54	
328	84	0	0	4	1	2	3	4	11	3	8	13	18	23	28	33	38	43	48	53	
329	85	0	0	2	9	10	5	7	17	27	37	47	
330	85	0	0	4	10	11	12	13	5	8	18	28	38	48	
331	86	0	0	2	2	3	5	9	19	29	39	49	
332	86	0	0	2	4	5	5	7	17	27	37	47	
333	87	1	0	4	7	8	9	10	11	58	63	68	73	78	83	88	93	98	103	108	
334	88	2	0	4	7	8	9	10	11	59	64	69	74	79	84	89	94	99	104	109	
335	88	2	0	2	4	5	11	55	60	65	70	75	80	85	90	95	100	105	
336	89	0	0	2	16	17	11	4	9	14	19	24	29	34	39	44	49	54	
337	90	0	0	2	0	1	5	64	74	84	94	104	
338	90	0	0	2	3	4	5	61	71	81	91	101	
339	91	0	0	2	2	3	11	4	9	14	19	24	29	34	39	44	49	54	
340	92	0	0	4	8	9	10	11	11	4	9	14	19	24	29	34	39	44	49	54	
341	93	2	0	4	7	8	9	10	11	56	61	66	71	76	81	86	91	96	101	106	
342	93	2	0	4	1	2	3	4	11	59	64	69	74	79	84	89	94	99	104	109	
343	93	2	0	2	11	12	11	58	63	68	73	78	83	88	93	98	103	108	
344	94	0	0	2	11	12	6	4	14	24	34	44	54	
345	94	0	0	2	16	17	6	3	13	23	33	43	53	
346	94	0	0	2	11	12	6	2	12	22	32	42	52	
347	94	0	0	4	11	12	13	14	6	1	11	21	31	41	51	
348	95	0	0	4	7	8	9	10	5	64	74	84	94	104	
349	95	0	0	2	10	11	5	61	71	81	91	101	
350	96	0	0	2	4	5	5	9	19	29	39	49	
351	96	0	0	2	6	7	5	8	18	28	38	48	
352	97	0	0	2	0	1	5	6	16	26	36	46	
353	97	0	0	2	7	8	5	9	19	29	39	49	
354	98	2	0	4	0	1	2	3	6	58	68	78	88	98	108	
355	98	2	0	4	9	10	11	12	6	59	69	79	89	99	109	
356	99	0	0	4	6	7	8	9	6	57	67	77	87	97	107	

