543
0	0	0	1	26	
1	1	0	1	1541	
2	3	0	18	965	966	967	968	969	970	971	972	973	974	975	976	977	978	979	980	981	982	
3	4	0	1	652	
4	6	0	18	1571	1572	1573	1574	1575	1576	1577	1578	1579	1580	1581	1582	1583	1584	1585	1586	1587	1588	
5	7	0	1	1228	
6	8	0	1	1887	
7	9	0	1	1886	
8	10	0	18	1060	1061	1062	1063	1064	1065	1066	1067	1068	1069	1070	1071	1072	1073	1074	1075	1076	1077	
9	11	0	12	1755	1756	1757	1758	1759	1760	1761	1762	1763	1764	1765	1766	
10	16	0	1	768	
11	19	0	7	228	229	230	231	232	233	234	
12	21	0	1	34	
13	23	0	1	1375	
14	24	0	3	236	237	238	
15	25	0	15	468	469	470	471	472	473	474	475	476	477	478	479	480	481	482	
16	27	0	1	91	
17	28	0	21	1451	1452	1453	1454	1455	1456	1457	1458	1459	1460	1461	1462	1463	1464	1465	1466	1467	1468	1469	1470	1471	
18	29	0	7	809	810	811	812	813	814	815	
19	30	0	12	1520	1521	1522	1523	1524	1525	1526	1527	1528	1529	1530	1531	
20	32	0	1	1249	
21	33	0	9	1511	1512	1513	1514	1515	1516	1517	1518	1519	
22	35	0	1	1173	
23	36	0	1	483	
24	39	0	1	990	
25	40	0	7	946	947	948	949	950	951	952	
26	43	0	21	1354	1355	1356	1357	1358	1359	1360	1361	1362	1363	1364	1365	1366	1367	1368	1369	1370	1371	1372	1373	1374	
27	45	0	21	1451	1452	1453	1454	1455	1456	1457	1458	1459	1460	1461	1462	1463	1464	1465	1466	1467	1468	1469	1470	1471	
28	46	0	3	442	443	444	
29	48	0	18	130	131	132	133	134	135	136	137	138	139	140	141	142	143	144	145	146	147	
30	53	0	1	1843	
31	54	0	9	1237	1238	1239	1240	1241	1242	1243	1244	1245	
32	55	0	1	736	
33	56	0	1	800	
34	57	0	7	855	856	857	858	859	860	861	
35	58	0	3	171	172	173	
36	59	0	1	945	
37	60	0	21	1451	1452	1453	1454	1455	1456	1457	1458	1459	1460	1461	1462	1463	1464	1465	1466	1467	1468	1469	1470	1471	
38	61	0	1	200	
39	62	0	21	0	1	2	3	4	5	6	7	8	9	10	11	12	13	14	15	16	17	18	19	20	
40	65	0	15	1114	1115	1116	1117	1118	1119	1120	1121	1122	1123	1124	1125	1126	1127	1128	
41	66	0	1	765	
42	67	0	1	377	
43	68	0	1	404	
44	70	0	15	282	283	284	285	286	287	288	289	290	291	292	293	294	295	296	
45	72	0	1	163	
46	74	0	1	1059	
47	75	0	7	1715	1716	1717	1718	1719	1720	1721	
48	80	0	1	1794	
49	83	0	1	735	
50	87	0	1	1376	
51	89	0	1	836	
52	90	0	24	673	674	675	676	677	678	679	680	681	682	683	684	685	686	687	688	689	690	691	692	693	694	695	696	
53	91	0	1	1735	
54	92	0	1	853	
55	94	0	7	27	28	29	30	31	32	33	
56	95	0	24	493	494	495	496	497	498	499	500	501	502	503	504	505	506	507	508	509	510	511	512	513	514	515	516	
57	96	0	1	1539	
58	99	0	18	1178	1179	1180	1181	1182	1183	1184	1185	1186	1187	1188	1189	1190	1191	1192	1193	1194	1195	
59	100	0	9	548	549	550	551	552	553	554	555	556	
60	101	0	1	1337	
61	102	0	24	769	770	771	772	773	774	775	776	777	778	779	780	781	782	783	784	785	786	787	788	789	790	791	792	
62	103	0	15	1260	1261	1262	1263	1264	1265	1266	1267	1268	1269	1270	1271	1272	1273	1274	
63	108	0	15	1553	1554	1555	1556	1557	1558	1559	1560	1561	1562	1563	1564	1565	1566	1567	
64	110	0	9	1511	1512	1513	1514	1515	1516	1517	1518	1519	
65	111	0	1	1421	
66	112	0	1	412	
67	113	0	1	403	
68	114	0	7	1197	1198	1199	1200	1201	1202	1203	
69	115	0	1	1420	
70	117	0	1	1819	
71	119	0	15	446	447	448	449	450	451	452	453	454	455	456	457	458	459	460	
72	120	0	24	739	740	741	742	743	744	745	746	747	748	749	750	751	752	753	754	755	756	757	758	759	760	761	762	
73	121	0	1	1308	
74	123	0	9	1776	1777	1778	1779	1780	1781	1782	1783	1784	
75	126	0	24	1426	1427	1428	1429	1430	1431	1432	1433	1434	1435	1436	1437	1438	1439	1440	1441	1442	1443	1444	1445	1446	1447	1448	1449	
76	128	0	1	331	
77	134	0	15	887	888	889	890	891	892	893	894	895	896	897	898	899	900	901	
78	135	0	21	355	356	357	358	359	360	361	362	363	364	365	366	367	368	369	370	371	372	373	374	375	
79	137	0	21	1820	1821	1822	1823	1824	1825	1826	1827	1828	1829	1830	1831	1832	1833	1834	1835	1836	1837	1838	1839	1840	
80	140	0	7	561	562	563	564	565	566	567	
81	141	0	1	128	
82	142	0	21	593	594	595	596	597	598	599	600	601	602	603	604	605	606	607	608	609	610	611	612	613	
83	143	0	1	998	
84	144	0	1	999	
85	145	0	1	407	
86	147	0	1	1304	
87	148	0	21	1451	1452	1453	1454	1455	1456	1457	1458	1459	1460	1461	1462	1463	1464	1465	1466	1467	1468	1469	1470	1471	
88	149	0	1	518	
89	151	0	7	1107	1108	1109	1110	1111	1112	1113	
90	152	0	24	103	104	105	106	107	108	109	110	111	112	113	114	115	116	117	118	119	120	121	122	123	124	125	126	
91	153	0	9	615	616	617	618	619	620	621	622	623	
92	154	0	21	593	594	595	596	597	598	599	600	601	602	603	604	605	606	607	608	609	610	611	612	613	
93	155	0	9	1006	1007	1008	1009	1010	1011	1012	1013	1014	
94	156	0	24	493	494	495	496	497	498	499	500	501	502	503	504	505	506	507	508	509	510	511	512	513	514	515	516	
95	157	0	1	1250	
96	158	0	12	1479	1480	1481	1482	1483	1484	1485	1486	1487	1488	1489	1490	
97	160	0	21	0	1	2	3	4	5	6	7	8	9	10	11	12	13	14	15	16	17	18	19	20	
98	161	0	1	1818	
99	164	0	1	1339	
100	166	0	12	343	344	345	346	347	348	349	350	351	352	353	354	
101	169	0	24	47	48	49	50	51	52	53	54	55	56	57	58	59	60	61	62	63	64	65	66	67	68	69	70	
102	171	0	3	992	993	994	
103	173	0	12	1491	1492	1493	1494	1495	1496	1497	1498	1499	1500	1501	1502	
104	176	0	1	1450	
105	177	0	3	848	849	850	
106	179	0	1	1697	
107	181	0	1	1177	
108	182	0	9	414	415	416	417	418	419	420	421	422	
109	183	0	21	0	1	2	3	4	5	6	7	8	9	10	11	12	13	14	15	16	17	18	19	20	
110	184	0	1	1631	
111	187	0	1	1732	
112	188	0	1	439	
113	190	0	21	1206	1207	1208	1209	1210	1211	1212	1213	1214	1215	1216	1217	1218	1219	1220	1221	1222	1223	1224	1225	1226	
114	191	0	1	1505	
115	192	0	21	698	699	700	701	702	703	704	705	706	707	708	709	710	711	712	713	714	715	716	717	718	
116	193	0	3	240	241	242	
117	196	0	3	1288	1289	1290	
118	197	0	7	1252	1253	1254	1255	1256	1257	1258	
119	200	0	15	1260	1261	1262	1263	1264	1265	1266	1267	1268	1269	1270	1271	1272	1273	1274	
120	201	0	12	1755	1756	1757	1758	1759	1760	1761	1762	1763	1764	1765	1766	
121	203	0	21	624	625	626	627	628	629	630	631	632	633	634	635	636	637	638	639	640	641	642	643	644	
122	204	0	1	161	
123	205	0	7	1532	1533	1534	1535	1536	1537	1538	
124	207	0	18	906	907	908	909	910	911	912	913	914	915	916	917	918	919	920	921	922	923	
125	213	0	15	1698	1699	1700	1701	1702	1703	1704	1705	1706	1707	1708	1709	1710	1711	1712	
126	216	0	24	520	521	522	523	524	525	526	527	528	529	530	531	532	533	534	535	536	537	538	539	540	541	542	543	
127	217	0	1	1570	
128	218	0	1	1316	
129	219	0	7	461	462	463	464	465	466	467	
130	221	0	1	413	
131	224	0	1	1841	
132	226	0	21	1206	1207	1208	1209	1210	1211	1212	1213	1214	1215	1216	1217	1218	1219	1220	1221	1222	1223	1224	1225	1226	
133	227	0	1	1306	
134	230	0	24	863	864	865	866	867	868	869	870	871	872	873	874	875	876	877	878	879	880	881	882	883	884	885	886	
135	232	0	1	1504	
136	234	0	21	355	356	357	358	359	360	361	362	363	364	365	366	367	368	369	370	371	372	373	374	375	
137	235	0	24	1646	1647	1648	1649	1650	1651	1652	1653	1654	1655	1656	1657	1658	1659	1660	1661	1662	1663	1664	1665	1666	1667	1668	1669	
138	239	0	1	726	
139	240	0	18	1134	1135	1136	1137	1138	1139	1140	1141	1142	1143	1144	1145	1146	1147	1148	1149	1150	1151	
140	241	0	3	265	266	267	
141	242	0	15	282	283	284	285	286	287	288	289	290	291	292	293	294	295	296	
142	245	0	24	769	770	771	772	773	774	775	776	777	778	779	780	781	782	783	784	785	786	787	788	789	790	791	792	
143	249	0	3	332	333	334	
144	253	0	12	71	72	73	74	75	76	77	78	79	80	81	82	
145	256	0	24	1646	1647	1648	1649	1650	1651	1652	1653	1654	1655	1656	1657	1658	1659	1660	1661	1662	1663	1664	1665	1666	1667	1668	1669	
146	257	0	1	995	
147	258	0	1	1232	
148	259	0	1	797	
149	261	0	1	1293	
150	264	0	9	1295	1296	1297	1298	1299	1300	1301	1302	1303	
151	266	0	1	424	
152	267	0	1	425	
153	268	0	7	83	84	85	86	87	88	89	
154	269	0	21	1206	1207	1208	1209	1210	1211	1212	1213	1214	1215	1216	1217	1218	1219	1220	1221	1222	1223	1224	1225	1226	
155	270	0	3	1808	1809	1810	
156	272	0	21	1354	1355	1356	1357	1358	1359	1360	1361	1362	1363	1364	1365	1366	1367	1368	1369	1370	1371	1372	1373	1374	
157	274	0	21	1354	1355	1356	1357	1358	1359	1360	1361	1362	1363	1364	1365	1366	1367	1368	1369	1370	1371	1372	1373	1374	
158	275	0	1	650	
159	277	0	1	1235	
160	278	0	18	965	966	967	968	969	970	971	972	973	974	975	976	977	978	979	980	981	982	
161	280	0	24	673	674	675	676	677	678	679	680	681	682	683	684	685	686	687	688	689	690	691	692	693	694	695	696	
162	284	0	1	851	
163	288	0	1	1422	
164	291	0	21	1820	1821	1822	1823	1824	1825	1826	1827	1828	1829	1830	1831	1832	1833	1834	1835	1836	1837	1838	1839	1840	
165	294	0	18	130	131	132	133	134	135	136	137	138	139	140	141	142	143	144	145	146	147	
166	295	0	18	244	245	246	247	248	249	250	251	252	253	254	255	256	257	258	259	260	261	
167	296	0	7	297	298	299	300	301	302	303	
168	297	0	1	1285	
169	298	0	1	837	
170	299	0	1	1694	
171	300	0	1	1685	
172	301	0	1	411	
173	303	0	1	342	
174	305	0	1	737	
175	307	0	1	1233	
176	310	0	18	818	819	820	821	822	823	824	825	826	827	828	829	830	831	832	833	834	835	
177	311	0	1	1767	
178	314	0	18	1015	1016	1017	1018	1019	1020	1021	1022	1023	1024	1025	1026	1027	1028	1029	1030	1031	1032	
179	316	0	7	1722	1723	1724	1725	1726	1727	1728	
180	320	0	1	492	
181	326	0	1	1729	
182	327	0	24	307	308	309	310	311	312	313	314	315	316	317	318	319	320	321	322	323	324	325	326	327	328	329	330	
183	329	0	18	1060	1061	1062	1063	1064	1065	1066	1067	1068	1069	1070	1071	1072	1073	1074	1075	1076	1077	
184	330	0	1	808	
185	331	0	1	1305	
186	332	0	1	584	
187	333	0	1	840	
188	335	0	18	1868	1869	1870	1871	1872	1873	1874	1875	1876	1877	1878	1879	1880	1881	1882	1883	1884	1885	
189	336	0	1	1589	
190	337	0	15	446	447	448	449	450	451	452	453	454	455	456	457	458	459	460	
191	338	0	1	1842	
192	339	0	24	1607	1608	1609	1610	1611	1612	1613	1614	1615	1616	1617	1618	1619	1620	1621	1622	1623	1624	1625	1626	1627	1628	1629	1630	
193	340	0	1	1730	
194	341	0	12	661	662	663	664	665	666	667	668	669	670	671	672	
195	343	0	24	863	864	865	866	867	868	869	870	871	872	873	874	875	876	877	878	879	880	881	882	883	884	885	886	
196	347	0	1	21	
197	348	0	24	520	521	522	523	524	525	526	527	528	529	530	531	532	533	534	535	536	537	538	539	540	541	542	543	
198	351	0	1	1236	
199	352	0	7	1801	1802	1803	1804	1805	1806	1807	
200	354	0	7	1051	1052	1053	1054	1055	1056	1057	
201	357	0	1	1294	
202	358	0	24	673	674	675	676	677	678	679	680	681	682	683	684	685	686	687	688	689	690	691	692	693	694	695	696	
203	359	0	3	1047	1048	1049	
204	361	0	3	961	962	963	
205	363	0	18	965	966	967	968	969	970	971	972	973	974	975	976	977	978	979	980	981	982	
206	365	0	12	343	344	345	346	347	348	349	350	351	352	353	354	
207	366	0	15	887	888	889	890	891	892	893	894	895	896	897	898	899	900	901	
208	369	0	1	839	
209	370	0	18	1317	1318	1319	1320	1321	1322	1323	1324	1325	1326	1327	1328	1329	1330	1331	1332	1333	1334	
210	372	0	18	1178	1179	1180	1181	1182	1183	1184	1185	1186	1187	1188	1189	1190	1191	1192	1193	1194	1195	
211	373	0	1	697	
212	376	0	1	763	
213	377	0	1	211	
214	379	0	18	1155	1156	1157	1158	1159	1160	1161	1162	1163	1164	1165	1166	1167	1168	1169	1170	1171	1172	
215	380	0	18	1015	1016	1017	1018	1019	1020	1021	1022	1023	1024	1025	1026	1027	1028	1029	1030	1031	1032	
216	384	0	24	307	308	309	310	311	312	313	314	315	316	317	318	319	320	321	322	323	324	325	326	327	328	329	330	
217	390	0	7	1737	1738	1739	1740	1741	1742	1743	
218	391	0	1	1423	
219	392	0	1	1336	
220	396	0	3	1000	1001	1002	
221	398	0	1	445	
222	400	0	24	1844	1845	1846	1847	1848	1849	1850	1851	1852	1853	1854	1855	1856	1857	1858	1859	1860	1861	1862	1863	1864	1865	1866	1867	
223	402	0	7	1382	1383	1384	1385	1386	1387	1388	
224	404	0	1	1246	
225	408	0	18	174	175	176	177	178	179	180	181	182	183	184	185	186	187	188	189	190	191	
226	409	0	18	244	245	246	247	248	249	250	251	252	253	254	255	256	257	258	259	260	261	
227	411	0	15	468	469	470	471	472	473	474	475	476	477	478	479	480	481	482	
228	412	0	1	519	
229	413	0	1	645	
230	414	0	1	1286	
231	417	0	18	1178	1179	1180	1181	1182	1183	1184	1185	1186	1187	1188	1189	1190	1191	1192	1193	1194	1195	
232	419	0	21	0	1	2	3	4	5	6	7	8	9	10	11	12	13	14	15	16	17	18	19	20	
233	420	0	24	1646	1647	1648	1649	1650	1651	1652	1653	1654	1655	1656	1657	1658	1659	1660	1661	1662	1663	1664	1665	1666	1667	1668	1669	
234	421	0	9	414	415	416	417	418	419	420	421	422	
235	422	0	1	225	
236	423	0	1	127	
237	424	0	7	484	485	486	487	488	489	490	
238	426	0	1	1713	
239	427	0	1	23	
240	428	0	18	1317	1318	1319	1320	1321	1322	1323	1324	1325	1326	1327	1328	1329	1330	1331	1332	1333	1334	
241	429	0	21	698	699	700	701	702	703	704	705	706	707	708	709	710	711	712	713	714	715	716	717	718	
242	431	0	1	24	
243	434	0	21	1206	1207	1208	1209	1210	1211	1212	1213	1214	1215	1216	1217	1218	1219	1220	1221	1222	1223	1224	1225	1226	
244	436	0	1	440	
245	437	0	24	378	379	380	381	382	383	384	385	386	387	388	389	390	391	392	393	394	395	396	397	398	399	400	401	
246	439	0	1	583	
247	440	0	1	1196	
248	442	0	1	1259	
249	443	0	9	426	427	428	429	430	431	432	433	434	
250	445	0	3	1795	1796	1797	
251	450	0	1	1230	
252	451	0	1	243	
253	453	0	18	1868	1869	1870	1871	1872	1873	1874	1875	1876	1877	1878	1879	1880	1881	1882	1883	1884	1885	
254	455	0	18	174	175	176	177	178	179	180	181	182	183	184	185	186	187	188	189	190	191	
255	456	0	24	103	104	105	106	107	108	109	110	111	112	113	114	115	116	117	118	119	120	121	122	123	124	125	126	
256	462	0	1	799	
257	463	0	1	795	
258	464	0	1	544	
259	468	0	1	568	
260	470	0	1	1227	
261	472	0	1	491	
262	473	0	18	906	907	908	909	910	911	912	913	914	915	916	917	918	919	920	921	922	923	
263	475	0	24	1426	1427	1428	1429	1430	1431	1432	1433	1434	1435	1436	1437	1438	1439	1440	1441	1442	1443	1444	1445	1446	1447	1448	1449	
264	482	0	21	624	625	626	627	628	629	630	631	632	633	634	635	636	637	638	639	640	641	642	643	644	
265	483	0	1	376	
266	484	0	3	1042	1043	1044	
267	487	0	1	239	
268	488	0	1	1247	
269	492	0	24	1389	1390	1391	1392	1393	1394	1395	1396	1397	1398	1399	1400	1401	1402	1403	1404	1405	1406	1407	1408	1409	1410	1411	1412	
270	494	0	1	1133	
271	496	0	15	468	469	470	471	472	473	474	475	476	477	478	479	480	481	482	
272	499	0	1	794	
273	502	0	1	1424	
274	503	0	15	1553	1554	1555	1556	1557	1558	1559	1560	1561	1562	1563	1564	1565	1566	1567	
275	505	0	1	1568	
276	507	0	21	624	625	626	627	628	629	630	631	632	633	634	635	636	637	638	639	640	641	642	643	644	
277	508	0	7	193	194	195	196	197	198	199	
278	509	0	1	423	
279	510	0	15	1114	1115	1116	1117	1118	1119	1120	1121	1122	1123	1124	1125	1126	1127	1128	
280	514	0	1	854	
281	516	0	1	793	
282	517	0	7	801	802	803	804	805	806	807	
283	520	0	1	957	
284	521	0	1	1205	
285	523	0	7	653	654	655	656	657	658	659	
286	524	0	1	862	
287	527	0	1	1234	
288	528	0	18	130	131	132	133	134	135	136	137	138	139	140	141	142	143	144	145	146	147	
289	531	0	18	906	907	908	909	910	911	912	913	914	915	916	917	918	919	920	921	922	923	
290	532	0	24	1607	1608	1609	1610	1611	1612	1613	1614	1615	1616	1617	1618	1619	1620	1621	1622	1623	1624	1625	1626	1627	1628	1629	1630	
291	538	0	3	1152	1153	1154	
292	539	0	1	304	
293	541	0	1	1733	
294	542	0	3	278	279	280	
295	543	0	1	1736	
296	545	0	12	71	72	73	74	75	76	77	78	79	80	81	82	
297	548	0	15	282	283	284	285	286	287	288	289	290	291	292	293	294	295	296	
298	557	0	1	1768	
299	558	0	1	798	
300	559	0	1	1540	
301	562	0	7	39	40	41	42	43	44	45	
302	563	0	1	1129	
303	568	0	1	1097	
304	569	0	1	1046	
305	570	0	24	769	770	771	772	773	774	775	776	777	778	779	780	781	782	783	784	785	786	787	788	789	790	791	792	
306	574	0	24	1844	1845	1846	1847	1848	1849	1850	1851	1852	1853	1854	1855	1856	1857	1858	1859	1860	1861	1862	1863	1864	1865	1866	1867	
307	576	0	15	1592	1593	1594	1595	1596	1597	1598	1599	1600	1601	1602	1603	1604	1605	1606	
308	577	0	1	1284	
309	581	0	9	269	270	271	272	273	274	275	276	277	
310	582	0	1	226	
311	583	0	3	558	559	560	
312	586	0	7	1309	1310	1311	1312	1313	1314	1315	
313	587	0	9	615	616	617	618	619	620	621	622	623	
314	588	0	1	25	
315	589	0	18	1078	1079	1080	1081	1082	1083	1084	1085	1086	1087	1088	1089	1090	1091	1092	1093	1094	1095	
316	590	0	7	1276	1277	1278	1279	1280	1281	1282	
317	593	0	1	162	
318	596	0	1	1292	
319	597	0	24	1607	1608	1609	1610	1611	1612	1613	1614	1615	1616	1617	1618	1619	1620	1621	1622	1623	1624	1625	1626	1627	1628	1629	1630	
320	598	0	7	576	577	578	579	580	581	582	
321	599	0	7	1632	1633	1634	1635	1636	1637	1638	
322	600	0	1	1731	
323	602	0	1	402	
324	603	0	21	355	356	357	358	359	360	361	362	363	364	365	366	367	368	369	370	371	372	373	374	375	
325	605	0	1	727	
326	607	0	9	924	925	926	927	928	929	930	931	932	
327	609	0	1	1686	
328	612	0	1	1800	
329	613	0	18	1317	1318	1319	1320	1321	1322	1323	1324	1325	1326	1327	1328	1329	1330	1331	1332	1333	1334	
330	615	0	9	1295	1296	1297	1298	1299	1300	1301	1302	1303	
331	616	0	1	1545	
332	617	0	1	1378	
333	618	0	7	1472	1473	1474	1475	1476	1477	1478	
334	619	0	18	1134	1135	1136	1137	1138	1139	1140	1141	1142	1143	1144	1145	1146	1147	1148	1149	1150	1151	
335	621	0	1	235	
336	623	0	24	1646	1647	1648	1649	1650	1651	1652	1653	1654	1655	1656	1657	1658	1659	1660	1661	1662	1663	1664	1665	1666	1667	1668	1669	
337	625	0	1	764	
338	627	0	1	22	
339	628	0	24	1426	1427	1428	1429	1430	1431	1432	1433	1434	1435	1436	1437	1438	1439	1440	1441	1442	1443	1444	1445	1446	1447	1448	1449	
340	629	0	1	1799	
341	630	0	1	996	
342	632	0	1	90	
343	634	0	1	852	
344	635	0	1	1377	
345	642	0	24	739	740	741	742	743	744	745	746	747	748	749	750	751	752	753	754	755	756	757	758	759	760	761	762	
346	645	0	1	1695	
347	649	0	1	1734	
348	652	0	1	1204	
349	655	0	3	902	903	904	
350	657	0	1	129	
351	661	0	24	307	308	309	310	311	312	313	314	315	316	317	318	319	320	321	322	323	324	325	326	327	328	329	330	
352	664	0	9	1006	1007	1008	1009	1010	1011	1012	1013	1014	
353	665	0	1	1251	
354	666	0	1	1050	
355	667	0	1	1590	
356	668	0	21	355	356	357	358	359	360	361	362	363	364	365	366	367	368	369	370	371	372	373	374	375	
357	669	0	21	593	594	595	596	597	598	599	600	601	602	603	604	605	606	607	608	609	610	611	612	613	
358	670	0	15	1592	1593	1594	1595	1596	1597	1598	1599	1600	1601	1602	1603	1604	1605	1606	
359	671	0	15	1592	1593	1594	1595	1596	1597	1598	1599	1600	1601	1602	1603	1604	1605	1606	
360	672	0	15	1114	1115	1116	1117	1118	1119	1120	1121	1122	1123	1124	1125	1126	1127	1128	
361	674	0	1	1307	
362	677	0	24	1389	1390	1391	1392	1393	1394	1395	1396	1397	1398	1399	1400	1401	1402	1403	1404	1405	1406	1407	1408	1409	1410	1411	1412	
363	681	0	24	520	521	522	523	524	525	526	527	528	529	530	531	532	533	534	535	536	537	538	539	540	541	542	543	
364	682	0	3	1785	1786	1787	
365	684	0	12	933	934	935	936	937	938	939	940	941	942	943	944	
366	687	0	1	614	
367	688	0	1	517	
368	689	0	7	1100	1101	1102	1103	1104	1105	1106	
369	690	0	1	1543	
370	691	0	15	1670	1671	1672	1673	1674	1675	1676	1677	1678	1679	1680	1681	1682	1683	1684	
371	695	0	7	1035	1036	1037	1038	1039	1040	1041	
372	697	0	1	816	
373	703	0	24	103	104	105	106	107	108	109	110	111	112	113	114	115	116	117	118	119	120	121	122	123	124	125	126	
374	707	0	1	1131	
375	708	0	12	149	150	151	152	153	154	155	156	157	158	159	160	
376	709	0	1	1099	
377	712	0	1	281	
378	713	0	1	651	
379	714	0	15	1553	1554	1555	1556	1557	1558	1559	1560	1561	1562	1563	1564	1565	1566	1567	
380	715	0	1	268	
381	716	0	1	1283	
382	717	0	15	1670	1671	1672	1673	1674	1675	1676	1677	1678	1679	1680	1681	1682	1683	1684	
383	718	0	24	1607	1608	1609	1610	1611	1612	1613	1614	1615	1616	1617	1618	1619	1620	1621	1622	1623	1624	1625	1626	1627	1628	1629	1630	
384	719	0	7	92	93	94	95	96	97	98	
385	721	0	18	818	819	820	821	822	823	824	825	826	827	828	829	830	831	832	833	834	835	
386	722	0	1	405	
387	723	0	7	1639	1640	1641	1642	1643	1644	1645	
388	724	0	24	1426	1427	1428	1429	1430	1431	1432	1433	1434	1435	1436	1437	1438	1439	1440	1441	1442	1443	1444	1445	1446	1447	1448	1449	
389	725	0	7	164	165	166	167	168	169	170	
390	727	0	24	47	48	49	50	51	52	53	54	55	56	57	58	59	60	61	62	63	64	65	66	67	68	69	70	
391	728	0	1	1591	
392	732	0	9	548	549	550	551	552	553	554	555	556	
393	733	0	1	1033	
394	734	0	3	953	954	955	
395	736	0	1	1507	
396	740	0	1	964	
397	741	0	1	1791	
398	744	0	1	38	
399	745	0	1	1338	
400	746	0	15	1698	1699	1700	1701	1702	1703	1704	1705	1706	1707	1708	1709	1710	1711	1712	
401	747	0	3	646	647	648	
402	749	0	1	227	
403	751	0	1	1696	
404	758	0	24	47	48	49	50	51	52	53	54	55	56	57	58	59	60	61	62	63	64	65	66	67	68	69	70	
405	759	0	12	149	150	151	152	153	154	155	156	157	158	159	160	
406	761	0	21	593	594	595	596	597	598	599	600	601	602	603	604	605	606	607	608	609	610	611	612	613	
407	762	0	18	1571	1572	1573	1574	1575	1576	1577	1578	1579	1580	1581	1582	1583	1584	1585	1586	1587	1588	
408	764	0	18	174	175	176	177	178	179	180	181	182	183	184	185	186	187	188	189	190	191	
409	768	0	7	585	586	587	588	589	590	591	
410	769	0	1	1248	
411	770	0	1	224	
412	771	0	7	1340	1341	1342	1343	1344	1345	1346	
413	772	0	7	719	720	721	722	723	724	725	
414	773	0	24	378	379	380	381	382	383	384	385	386	387	388	389	390	391	392	393	394	395	396	397	398	399	400	401	
415	775	0	12	1479	1480	1481	1482	1483	1484	1485	1486	1487	1488	1489	1490	
416	777	0	3	99	100	101	
417	778	0	3	435	436	437	
418	780	0	18	1571	1572	1573	1574	1575	1576	1577	1578	1579	1580	1581	1582	1583	1584	1585	1586	1587	1588	
419	784	0	1	1045	
420	785	0	1	1176	
421	786	0	15	1260	1261	1262	1263	1264	1265	1266	1267	1268	1269	1270	1271	1272	1273	1274	
422	787	0	7	1811	1812	1813	1814	1815	1816	1817	
423	788	0	15	446	447	448	449	450	451	452	453	454	455	456	457	458	459	460	
424	790	0	1	660	
425	799	0	7	1687	1688	1689	1690	1691	1692	1693	
426	801	0	9	269	270	271	272	273	274	275	276	277	
427	802	0	24	493	494	495	496	497	498	499	500	501	502	503	504	505	506	507	508	509	510	511	512	513	514	515	516	
428	803	0	1	1229	
429	804	0	1	767	
430	809	0	24	739	740	741	742	743	744	745	746	747	748	749	750	751	752	753	754	755	756	757	758	759	760	761	762	
431	810	0	24	863	864	865	866	867	868	869	870	871	872	873	874	875	876	877	878	879	880	881	882	883	884	885	886	
432	812	0	18	1155	1156	1157	1158	1159	1160	1161	1162	1163	1164	1165	1166	1167	1168	1169	1170	1171	1172	
433	816	0	18	244	245	246	247	248	249	250	251	252	253	254	255	256	257	258	259	260	261	
434	817	0	1	1793	
435	819	0	18	1155	1156	1157	1158	1159	1160	1161	1162	1163	1164	1165	1166	1167	1168	1169	1170	1171	1172	
436	820	0	3	1744	1745	1746	
437	822	0	7	728	729	730	731	732	733	734	
438	823	0	24	1389	1390	1391	1392	1393	1394	1395	1396	1397	1398	1399	1400	1401	1402	1403	1404	1405	1406	1407	1408	1409	1410	1411	1412	
439	825	0	18	818	819	820	821	822	823	824	825	826	827	828	829	830	831	832	833	834	835	
440	829	0	24	1389	1390	1391	1392	1393	1394	1395	1396	1397	1398	1399	1400	1401	1402	1403	1404	1405	1406	1407	1408	1409	1410	1411	1412	
441	831	0	21	698	699	700	701	702	703	704	705	706	707	708	709	710	711	712	713	714	715	716	717	718	
442	833	0	12	1491	1492	1493	1494	1495	1496	1497	1498	1499	1500	1501	1502	
443	835	0	1	796	
444	837	0	1	956	
445	838	0	1	148	
446	839	0	3	262	263	264	
447	840	0	1	649	
448	841	0	1	1335	
449	844	0	3	201	202	203	
450	845	0	7	1413	1414	1415	1416	1417	1418	1419	
451	846	0	1	817	
452	847	0	7	841	842	843	844	845	846	847	
453	848	0	1	738	
454	849	0	1	1503	
455	852	0	1	1714	
456	853	0	21	1820	1821	1822	1823	1824	1825	1826	1827	1828	1829	1830	1831	1832	1833	1834	1835	1836	1837	1838	1839	1840	
457	854	0	9	426	427	428	429	430	431	432	433	434	
458	855	0	24	307	308	309	310	311	312	313	314	315	316	317	318	319	320	321	322	323	324	325	326	327	328	329	330	
459	858	0	3	958	959	960	
460	860	0	24	378	379	380	381	382	383	384	385	386	387	388	389	390	391	392	393	394	395	396	397	398	399	400	401	
461	862	0	12	1520	1521	1522	1523	1524	1525	1526	1527	1528	1529	1530	1531	
462	863	0	1	1175	
463	864	0	1	1425	
464	865	0	3	1379	1380	1381	
465	869	0	7	1748	1749	1750	1751	1752	1753	1754	
466	871	0	1	1058	
467	872	0	9	1776	1777	1778	1779	1780	1781	1782	1783	1784	
468	874	0	21	698	699	700	701	702	703	704	705	706	707	708	709	710	711	712	713	714	715	716	717	718	
469	878	0	24	103	104	105	106	107	108	109	110	111	112	113	114	115	116	117	118	119	120	121	122	123	124	125	126	
470	879	0	1	1798	
471	881	0	1	1544	
472	882	0	18	1060	1061	1062	1063	1064	1065	1066	1067	1068	1069	1070	1071	1072	1073	1074	1075	1076	1077	
473	883	0	18	1078	1079	1080	1081	1082	1083	1084	1085	1086	1087	1088	1089	1090	1091	1092	1093	1094	1095	
474	884	0	18	1134	1135	1136	1137	1138	1139	1140	1141	1142	1143	1144	1145	1146	1147	1148	1149	1150	1151	
475	885	0	1	997	
476	886	0	1	1569	
477	887	0	24	520	521	522	523	524	525	526	527	528	529	530	531	532	533	534	535	536	537	538	539	540	541	542	543	
478	889	0	1	438	
479	890	0	1	905	
480	891	0	1	1287	
481	892	0	18	1868	1869	1870	1871	1872	1873	1874	1875	1876	1877	1878	1879	1880	1881	1882	1883	1884	1885	
482	894	0	9	924	925	926	927	928	929	930	931	932	
483	895	0	18	1015	1016	1017	1018	1019	1020	1021	1022	1023	1024	1025	1026	1027	1028	1029	1030	1031	1032	
484	896	0	1	1174	
485	897	0	7	335	336	337	338	339	340	341	
486	899	0	1	1275	
487	902	0	7	1769	1770	1771	1772	1773	1774	1775	
488	904	0	7	983	984	985	986	987	988	989	
489	905	0	1	1231	
490	906	0	12	933	934	935	936	937	938	939	940	941	942	943	944	
491	907	0	15	887	888	889	890	891	892	893	894	895	896	897	898	899	900	901	
492	909	0	24	863	864	865	866	867	868	869	870	871	872	873	874	875	876	877	878	879	880	881	882	883	884	885	886	
493	910	0	24	673	674	675	676	677	678	679	680	681	682	683	684	685	686	687	688	689	690	691	692	693	694	695	696	
494	911	0	24	769	770	771	772	773	774	775	776	777	778	779	780	781	782	783	784	785	786	787	788	789	790	791	792	
495	912	0	1	441	
496	914	0	12	212	213	214	215	216	217	218	219	220	221	222	223	
497	916	0	24	493	494	495	496	497	498	499	500	501	502	503	504	505	506	507	508	509	510	511	512	513	514	515	516	
498	918	0	21	1820	1821	1822	1823	1824	1825	1826	1827	1828	1829	1830	1831	1832	1833	1834	1835	1836	1837	1838	1839	1840	
499	919	0	1	306	
500	920	0	1	557	
501	922	0	1	1098	
502	923	0	1	1747	
503	924	0	15	1698	1699	1700	1701	1702	1703	1704	1705	1706	1707	1708	1709	1710	1711	1712	
504	927	0	21	624	625	626	627	628	629	630	631	632	633	634	635	636	637	638	639	640	641	642	643	644	
505	929	0	9	1237	1238	1239	1240	1241	1242	1243	1244	1245	
506	930	0	24	1844	1845	1846	1847	1848	1849	1850	1851	1852	1853	1854	1855	1856	1857	1858	1859	1860	1861	1862	1863	1864	1865	1866	1867	
507	931	0	7	1546	1547	1548	1549	1550	1551	1552	
508	933	0	1	406	
509	934	0	1	102	
510	937	0	1	305	
511	940	0	1	1291	
512	943	0	3	1508	1509	1510	
513	944	0	1	1506	
514	945	0	24	739	740	741	742	743	744	745	746	747	748	749	750	751	752	753	754	755	756	757	758	759	760	761	762	
515	947	0	7	204	205	206	207	208	209	210	
516	949	0	12	212	213	214	215	216	217	218	219	220	221	222	223	
517	950	0	1	192	
518	952	0	3	545	546	547	
519	959	0	1	592	
520	962	0	1	1542	
521	963	0	1	1792	
522	964	0	24	378	379	380	381	382	383	384	385	386	387	388	389	390	391	392	393	394	395	396	397	398	399	400	401	
523	966	0	12	661	662	663	664	665	666	667	668	669	670	671	672	
524	967	0	18	1078	1079	1080	1081	1082	1083	1084	1085	1086	1087	1088	1089	1090	1091	1092	1093	1094	1095	
525	969	0	1	1130	
526	970	0	3	35	36	37	
527	971	0	1	1132	
528	974	0	21	1354	1355	1356	1357	1358	1359	1360	1361	1362	1363	1364	1365	1366	1367	1368	1369	1370	1371	1372	1373	1374	
529	975	0	3	408	409	410	
530	980	0	24	1844	1845	1846	1847	1848	1849	1850	1851	1852	1853	1854	1855	1856	1857	1858	1859	1860	1861	1862	1863	1864	1865	1866	1867	
531	983	0	1	991	
532	984	0	1	838	
533	985	0	24	47	48	49	50	51	52	53	54	55	56	57	58	59	60	61	62	63	64	65	66	67	68	69	70	
534	986	0	1	1096	
535	989	0	3	1788	1789	1790	
536	991	0	3	1003	1004	1005	
537	992	0	1	1034	
538	993	0	7	1347	1348	1349	1350	1351	1352	1353	
539	994	0	1	766	
540	995	0	7	569	570	571	572	573	574	575	
541	997	0	1	46	
542	998	0	15	1670	1671	1672	1673	1674	1675	1676	1677	1678	1679	1680	1681	1682	1683	1684	
