3112	2512	600
0	0	2	22	1	0	
1	1	1	11	1	1	
2	1	1	22	2	1	2	
3	1	1	11	1	2	
4	2	1	22	1	3	
5	3	1	11	1	4	
6	4	1	22	1	5	
7	4	1	33	2	5	6	
8	4	1	55	3	5	6	7	
9	4	1	44	2	5	7	
10	4	1	11	1	6	
11	4	1	33	2	6	7	
12	4	1	22	1	7	
13	5	1	5	1	8	
14	5	1	10	2	8	9	
15	5	1	5	1	9	
16	6	1	6	1	10	
17	6	1	12	2	10	11	
18	6	1	18	3	10	11	12	
19	6	1	6	1	11	
20	6	1	12	2	11	12	
21	6	1	18	3	11	12	13	
22	6	1	6	1	12	
23	6	1	12	2	12	13	
24	6	1	18	3	12	13	14	
25	6	1	6	1	13	
26	6	1	12	2	13	14	
27	6	1	18	3	13	14	15	
28	6	1	6	1	14	
29	6	1	12	2	14	15	
30	6	1	6	1	15	
31	7	2	12	1	16	
32	8	2	12	1	17	
33	9	1	5	1	18	
34	10	2	11	1	19	
35	11	2	11	1	20	
36	12	2	5	1	21	
37	13	1	11	1	22	
38	14	2	6	1	23	
39	15	1	11	1	24	
40	16	1	11	1	25	
41	16	1	22	2	25	26	
42	16	1	11	1	26	
43	17	2	12	1	27	
44	18	1	11	1	28	
45	18	1	22	2	28	29	
46	18	1	33	3	28	29	30	
47	18	1	11	1	29	
48	18	1	22	2	29	30	
49	18	1	33	3	29	30	31	
50	18	1	11	1	30	
51	18	1	22	2	30	31	
52	18	1	33	3	30	31	32	
53	18	1	11	1	31	
54	18	1	22	2	31	32	
55	18	1	33	3	31	32	33	
56	18	1	11	1	32	
57	18	1	22	2	32	33	
58	18	1	33	3	32	33	34	
59	18	1	11	1	33	
60	18	1	22	2	33	34	
61	18	1	11	1	34	
62	19	2	11	1	35	
63	19	2	22	2	35	36	
64	19	2	33	3	35	36	37	
65	19	2	22	2	35	37	
66	19	2	11	1	36	
67	19	2	22	2	36	37	
68	19	2	11	1	37	
69	20	2	5	1	38	
70	20	2	10	2	38	39	
71	20	2	15	3	38	39	40	
72	20	2	5	1	39	
73	20	2	10	2	39	40	
74	20	2	15	3	39	40	41	
75	20	2	5	1	40	
76	20	2	10	2	40	41	
77	20	2	15	3	40	41	42	
78	20	2	5	1	41	
79	20	2	10	2	41	42	
80	20	2	15	3	41	42	43	
81	20	2	5	1	42	
82	20	2	10	2	42	43	
83	20	2	5	1	43	
84	21	2	11	1	44	
85	21	2	33	2	44	45	
86	21	2	44	3	44	45	46	
87	21	2	22	2	44	46	
88	21	2	22	1	45	
89	21	2	33	2	45	46	
90	21	2	11	1	46	
91	22	1	11	1	47	
92	22	1	22	2	47	48	
93	22	1	11	1	48	
94	23	1	5	1	49	
95	24	1	11	1	50	
96	25	2	11	1	51	
97	26	1	22	1	52	
98	26	1	44	2	52	53	
99	26	1	22	1	53	
100	27	1	11	1	54	
101	28	1	5	1	55	
102	28	1	10	2	55	56	
103	28	1	5	1	56	
104	29	1	5	1	57	
105	29	1	15	2	57	58	
106	29	1	20	3	57	58	59	
107	29	1	10	2	57	59	
108	29	1	10	1	58	
109	29	1	15	2	58	59	
110	29	1	5	1	59	
111	30	1	11	1	60	
112	30	1	22	2	60	61	
113	30	1	11	1	61	
114	31	1	6	1	62	
115	32	2	6	1	63	
116	32	2	12	2	63	64	
117	32	2	18	3	63	64	65	
118	32	2	6	1	64	
119	32	2	12	2	64	65	
120	32	2	18	3	64	65	66	
121	32	2	6	1	65	
122	32	2	12	2	65	66	
123	32	2	18	3	65	66	67	
124	32	2	6	1	66	
125	32	2	12	2	66	67	
126	32	2	18	3	66	67	68	
127	32	2	6	1	67	
128	32	2	12	2	67	68	
129	32	2	18	3	67	68	69	
130	32	2	6	1	68	
131	32	2	12	2	68	69	
132	32	2	18	3	68	69	70	
133	32	2	6	1	69	
134	32	2	12	2	69	70	
135	32	2	6	1	70	
136	33	2	12	1	71	
137	34	2	5	1	72	
138	35	2	11	1	73	
139	36	2	11	1	74	
140	37	1	5	1	75	
141	38	1	5	1	76	
142	38	1	10	2	76	77	
143	38	1	15	3	76	77	78	
144	38	1	5	1	77	
145	38	1	10	2	77	78	
146	38	1	15	3	77	78	79	
147	38	1	5	1	78	
148	38	1	10	2	78	79	
149	38	1	15	3	78	79	80	
150	38	1	5	1	79	
151	38	1	10	2	79	80	
152	38	1	5	1	80	
153	39	2	11	1	81	
154	40	2	22	1	82	
155	41	2	11	1	83	
156	42	2	5	1	84	
157	42	2	10	2	84	85	
158	42	2	5	1	85	
159	43	2	6	1	86	
160	43	2	12	2	86	87	
161	43	2	18	3	86	87	88	
162	43	2	6	1	87	
163	43	2	12	2	87	88	
164	43	2	18	3	87	88	89	
165	43	2	6	1	88	
166	43	2	12	2	88	89	
167	43	2	18	3	88	89	90	
168	43	2	6	1	89	
169	43	2	12	2	89	90	
170	43	2	18	3	89	90	91	
171	43	2	6	1	90	
172	43	2	12	2	90	91	
173	43	2	6	1	91	
174	44	1	10	1	92	
175	44	1	15	2	92	93	
176	44	1	25	3	92	93	94	
177	44	1	20	2	92	94	
178	44	1	5	1	93	
179	44	1	15	2	93	94	
180	44	1	10	1	94	
181	45	1	11	1	95	
182	46	1	5	1	96	
183	47	1	5	1	97	
184	48	2	6	1	98	
185	49	1	11	1	99	
186	50	2	22	1	100	
187	51	2	11	1	101	
188	52	2	6	1	102	
189	53	2	11	1	103	
190	54	2	6	1	104	
191	55	1	11	1	105	
192	56	2	10	1	106	
193	56	2	15	2	106	107	
194	56	2	20	3	106	107	108	
195	56	2	15	2	106	108	
196	56	2	5	1	107	
197	56	2	10	2	107	108	
198	56	2	5	1	108	
199	57	2	11	1	109	
200	58	1	6	1	110	
201	59	1	6	1	111	
202	59	1	12	2	111	112	
203	59	1	6	1	112	
204	60	2	22	1	113	
205	60	2	33	2	113	114	
206	60	2	44	3	113	114	115	
207	60	2	33	2	113	115	
208	60	2	11	1	114	
209	60	2	22	2	114	115	
210	60	2	11	1	115	
211	61	1	5	1	116	
212	62	1	6	1	117	
213	62	1	12	2	117	118	
214	62	1	18	3	117	118	119	
215	62	1	6	1	118	
216	62	1	12	2	118	119	
217	62	1	18	3	118	119	120	
218	62	1	6	1	119	
219	62	1	12	2	119	120	
220	62	1	6	1	120	
221	63	2	10	1	121	
222	63	2	20	2	121	122	
223	63	2	10	1	122	
224	64	1	5	1	123	
225	64	1	10	2	123	124	
226	64	1	15	3	123	124	125	
227	64	1	5	1	124	
228	64	1	10	2	124	125	
229	64	1	15	3	124	125	126	
230	64	1	5	1	125	
231	64	1	10	2	125	126	
232	64	1	15	3	125	126	127	
233	64	1	5	1	126	
234	64	1	10	2	126	127	
235	64	1	5	1	127	
236	65	1	10	1	128	
237	66	1	5	1	129	
238	67	2	5	1	130	
239	68	2	6	1	131	
240	68	2	12	2	131	132	
241	68	2	18	3	131	132	133	
242	68	2	12	2	131	133	
243	68	2	6	1	132	
244	68	2	12	2	132	133	
245	68	2	6	1	133	
246	69	1	10	1	134	
247	70	2	5	1	135	
248	70	2	10	2	135	136	
249	70	2	15	3	135	136	137	
250	70	2	5	1	136	
251	70	2	10	2	136	137	
252	70	2	15	3	136	137	138	
253	70	2	5	1	137	
254	70	2	10	2	137	138	
255	70	2	15	3	137	138	139	
256	70	2	5	1	138	
257	70	2	10	2	138	139	
258	70	2	15	3	138	139	140	
259	70	2	5	1	139	
260	70	2	10	2	139	140	
261	70	2	15	3	139	140	141	
262	70	2	5	1	140	
263	70	2	10	2	140	141	
264	70	2	5	1	141	
265	71	2	11	1	142	
266	71	2	33	2	142	143	
267	71	2	22	1	143	
268	72	2	11	1	144	
269	72	2	22	2	144	145	
270	72	2	11	1	145	
271	73	2	11	1	146	
272	74	1	6	1	147	
273	75	2	11	1	148	
274	76	2	11	1	149	
275	77	2	6	1	150	
276	78	2	6	1	151	
277	79	2	11	1	152	
278	80	2	11	1	153	
279	81	2	6	1	154	
280	82	2	22	1	155	
281	83	2	6	1	156	
282	83	2	12	2	156	157	
283	83	2	18	3	156	157	158	
284	83	2	6	1	157	
285	83	2	12	2	157	158	
286	83	2	18	3	157	158	159	
287	83	2	6	1	158	
288	83	2	12	2	158	159	
289	83	2	18	3	158	159	160	
290	83	2	6	1	159	
291	83	2	12	2	159	160	
292	83	2	18	3	159	160	161	
293	83	2	6	1	160	
294	83	2	12	2	160	161	
295	83	2	6	1	161	
296	84	1	6	1	162	
297	85	1	5	1	163	
298	85	1	10	2	163	164	
299	85	1	15	3	163	164	165	
300	85	1	5	1	164	
301	85	1	10	2	164	165	
302	85	1	15	3	164	165	166	
303	85	1	5	1	165	
304	85	1	10	2	165	166	
305	85	1	15	3	165	166	167	
306	85	1	5	1	166	
307	85	1	10	2	166	167	
308	85	1	15	3	166	167	168	
309	85	1	5	1	167	
310	85	1	10	2	167	168	
311	85	1	5	1	168	
312	86	1	10	1	169	
313	87	1	22	1	170	
314	88	2	6	1	171	
315	89	2	11	1	172	
316	90	2	11	1	173	
317	90	2	22	2	173	174	
318	90	2	11	1	174	
319	91	2	11	1	175	
320	92	2	5	1	176	
321	92	2	10	2	176	177	
322	92	2	5	1	177	
323	93	1	5	1	178	
324	93	1	10	2	178	179	
325	93	1	15	3	178	179	180	
326	93	1	5	1	179	
327	93	1	10	2	179	180	
328	93	1	15	3	179	180	181	
329	93	1	5	1	180	
330	93	1	10	2	180	181	
331	93	1	15	3	180	181	182	
332	93	1	5	1	181	
333	93	1	10	2	181	182	
334	93	1	15	3	181	182	183	
335	93	1	5	1	182	
336	93	1	10	2	182	183	
337	93	1	15	3	182	183	184	
338	93	1	5	1	183	
339	93	1	10	2	183	184	
340	93	1	15	3	183	184	185	
341	93	1	5	1	184	
342	93	1	10	2	184	185	
343	93	1	15	3	184	185	186	
344	93	1	5	1	185	
345	93	1	10	2	185	186	
346	93	1	5	1	186	
347	94	1	12	1	187	
348	94	1	18	2	187	188	
349	94	1	6	1	188	
350	95	2	6	1	189	
351	95	2	12	2	189	190	
352	95	2	18	3	189	190	191	
353	95	2	6	1	190	
354	95	2	12	2	190	191	
355	95	2	18	3	190	191	192	
356	95	2	6	1	191	
357	95	2	12	2	191	192	
358	95	2	18	3	191	192	193	
359	95	2	6	1	192	
360	95	2	12	2	192	193	
361	95	2	18	3	192	193	194	
362	95	2	6	1	193	
363	95	2	12	2	193	194	
364	95	2	18	3	193	194	195	
365	95	2	6	1	194	
366	95	2	12	2	194	195	
367	95	2	6	1	195	
368	96	1	5	1	196	
369	97	1	22	1	197	
370	98	2	11	1	198	
371	99	2	5	1	199	
372	100	2	5	1	200	
373	101	1	11	1	201	
374	102	1	6	1	202	
375	103	2	6	1	203	
376	104	2	6	1	204	
377	104	2	12	2	204	205	
378	104	2	6	1	205	
379	105	1	6	1	206	
380	105	1	12	2	206	207	
381	105	1	18	3	206	207	208	
382	105	1	6	1	207	
383	105	1	12	2	207	208	
384	105	1	18	3	207	208	209	
385	105	1	6	1	208	
386	105	1	12	2	208	209	
387	105	1	18	3	208	209	210	
388	105	1	6	1	209	
389	105	1	12	2	209	210	
390	105	1	18	3	209	210	211	
391	105	1	6	1	210	
392	105	1	12	2	210	211	
393	105	1	6	1	211	
394	106	1	5	1	212	
395	106	1	10	2	212	213	
396	106	1	15	3	212	213	214	
397	106	1	5	1	213	
398	106	1	10	2	213	214	
399	106	1	15	3	213	214	215	
400	106	1	5	1	214	
401	106	1	10	2	214	215	
402	106	1	5	1	215	
403	107	1	6	1	216	
404	108	1	10	1	217	
405	108	1	15	2	217	218	
406	108	1	20	3	217	218	219	
407	108	1	15	2	217	219	
408	108	1	5	1	218	
409	108	1	10	2	218	219	
410	108	1	5	1	219	
411	109	2	11	1	220	
412	110	2	10	1	221	
413	111	1	6	1	222	
414	112	2	11	1	223	
415	113	1	5	1	224	
416	113	1	10	2	224	225	
417	113	1	15	3	224	225	226	
418	113	1	5	1	225	
419	113	1	10	2	225	226	
420	113	1	15	3	225	226	227	
421	113	1	5	1	226	
422	113	1	10	2	226	227	
423	113	1	5	1	227	
424	114	2	6	1	228	
425	115	2	11	1	229	
426	116	2	5	1	230	
427	116	2	10	2	230	231	
428	116	2	20	3	230	231	232	
429	116	2	15	2	230	232	
430	116	2	5	1	231	
431	116	2	15	2	231	232	
432	116	2	10	1	232	
433	117	1	5	1	233	
434	118	1	10	1	234	
435	118	1	15	2	234	235	
436	118	1	20	3	234	235	236	
437	118	1	15	2	234	236	
438	118	1	5	1	235	
439	118	1	10	2	235	236	
440	118	1	5	1	236	
441	119	1	10	1	237	
442	120	1	11	1	238	
443	121	1	5	1	239	
444	122	1	11	1	240	
445	123	2	6	1	241	
446	124	1	6	1	242	
447	125	2	5	1	243	
448	125	2	10	2	243	244	
449	125	2	20	3	243	244	245	
450	125	2	15	2	243	245	
451	125	2	5	1	244	
452	125	2	15	2	244	245	
453	125	2	10	1	245	
454	126	2	6	1	246	
455	127	2	5	1	247	
456	127	2	10	2	247	248	
457	127	2	15	3	247	248	249	
458	127	2	5	1	248	
459	127	2	10	2	248	249	
460	127	2	15	3	248	249	250	
461	127	2	5	1	249	
462	127	2	10	2	249	250	
463	127	2	15	3	249	250	251	
464	127	2	5	1	250	
465	127	2	10	2	250	251	
466	127	2	15	3	250	251	252	
467	127	2	5	1	251	
468	127	2	10	2	251	252	
469	127	2	5	1	252	
470	128	2	11	1	253	
471	129	1	5	1	254	
472	130	1	11	1	255	
473	131	2	11	1	256	
474	132	2	33	1	257	
475	132	2	44	2	257	258	
476	132	2	11	1	258	
477	133	1	6	1	259	
478	134	1	22	1	260	
479	135	2	12	1	261	
480	136	2	11	1	262	
481	136	2	22	2	262	263	
482	136	2	33	3	262	263	264	
483	136	2	11	1	263	
484	136	2	22	2	263	264	
485	136	2	33	3	263	264	265	
486	136	2	11	1	264	
487	136	2	22	2	264	265	
488	136	2	33	3	264	265	266	
489	136	2	11	1	265	
490	136	2	22	2	265	266	
491	136	2	33	3	265	266	267	
492	136	2	11	1	266	
493	136	2	22	2	266	267	
494	136	2	33	3	266	267	268	
495	136	2	11	1	267	
496	136	2	22	2	267	268	
497	136	2	33	3	267	268	269	
498	136	2	11	1	268	
499	136	2	22	2	268	269	
500	136	2	11	1	269	
501	137	2	11	1	270	
502	137	2	22	2	270	271	
503	137	2	33	3	270	271	272	
504	137	2	11	1	271	
505	137	2	22	2	271	272	
506	137	2	33	3	271	272	273	
507	137	2	11	1	272	
508	137	2	22	2	272	273	
509	137	2	11	1	273	
510	138	1	10	1	274	
511	139	1	5	1	275	
512	139	1	10	2	275	276	
513	139	1	5	1	276	
514	140	2	6	1	277	
515	141	1	11	1	278	
516	142	2	6	1	279	
517	143	1	11	1	280	
518	144	1	5	1	281	
519	145	2	5	1	282	
520	145	2	15	2	282	283	
521	145	2	20	3	282	283	284	
522	145	2	10	2	282	284	
523	145	2	10	1	283	
524	145	2	15	2	283	284	
525	145	2	5	1	284	
526	146	1	12	1	285	
527	146	1	18	2	285	286	
528	146	1	24	3	285	286	287	
529	146	1	18	2	285	287	
530	146	1	6	1	286	
531	146	1	12	2	286	287	
532	146	1	6	1	287	
533	147	1	5	1	288	
534	147	1	10	2	288	289	
535	147	1	15	3	288	289	290	
536	147	1	5	1	289	
537	147	1	10	2	289	290	
538	147	1	15	3	289	290	291	
539	147	1	5	1	290	
540	147	1	10	2	290	291	
541	147	1	15	3	290	291	292	
542	147	1	5	1	291	
543	147	1	10	2	291	292	
544	147	1	15	3	291	292	293	
545	147	1	5	1	292	
546	147	1	10	2	292	293	
547	147	1	15	3	292	293	294	
548	147	1	5	1	293	
549	147	1	10	2	293	294	
550	147	1	5	1	294	
551	148	2	22	1	295	
552	149	1	5	1	296	
553	150	1	5	1	297	
554	150	1	15	2	297	298	
555	150	1	20	3	297	298	299	
556	150	1	10	2	297	299	
557	150	1	10	1	298	
558	150	1	15	2	298	299	
559	150	1	5	1	299	
560	151	1	11	1	300	
561	151	1	22	2	300	301	
562	151	1	33	3	300	301	302	
563	151	1	11	1	301	
564	151	1	22	2	301	302	
565	151	1	33	3	301	302	303	
566	151	1	11	1	302	
567	151	1	22	2	302	303	
568	151	1	33	3	302	303	304	
569	151	1	11	1	303	
570	151	1	22	2	303	304	
571	151	1	33	3	303	304	305	
572	151	1	11	1	304	
573	151	1	22	2	304	305	
574	151	1	11	1	305	
575	152	1	22	1	306	
576	153	1	6	1	307	
577	154	1	22	1	308	
578	155	1	12	1	309	
579	156	2	10	1	310	
580	156	2	15	2	310	311	
581	156	2	20	3	310	311	312	
582	156	2	15	2	310	312	
583	156	2	5	1	311	
584	156	2	10	2	311	312	
585	156	2	5	1	312	
586	157	1	5	1	313	
587	158	2	5	1	314	
588	158	2	15	2	314	315	
589	158	2	10	1	315	
590	159	1	11	1	316	
591	159	1	22	2	316	317	
592	159	1	33	3	316	317	318	
593	159	1	11	1	317	
594	159	1	22	2	317	318	
595	159	1	33	3	317	318	319	
596	159	1	11	1	318	
597	159	1	22	2	318	319	
598	159	1	33	3	318	319	320	
599	159	1	11	1	319	
600	159	1	22	2	319	320	
601	159	1	33	3	319	320	321	
602	159	1	11	1	320	
603	159	1	22	2	320	321	
604	159	1	33	3	320	321	322	
605	159	1	11	1	321	
606	159	1	22	2	321	322	
607	159	1	33	3	321	322	323	
608	159	1	11	1	322	
609	159	1	22	2	322	323	
610	159	1	33	3	322	323	324	
611	159	1	11	1	323	
612	159	1	22	2	323	324	
613	159	1	11	1	324	
614	160	2	6	1	325	
615	160	2	12	2	325	326	
616	160	2	18	3	325	326	327	
617	160	2	6	1	326	
618	160	2	12	2	326	327	
619	160	2	18	3	326	327	328	
620	160	2	6	1	327	
621	160	2	12	2	327	328	
622	160	2	6	1	328	
623	161	1	5	1	329	
624	162	2	6	1	330	
625	163	1	5	1	331	
626	163	1	10	2	331	332	
627	163	1	15	3	331	332	333	
628	163	1	5	1	332	
629	163	1	10	2	332	333	
630	163	1	15	3	332	333	334	
631	163	1	5	1	333	
632	163	1	10	2	333	334	
633	163	1	15	3	333	334	335	
634	163	1	5	1	334	
635	163	1	10	2	334	335	
636	163	1	15	3	334	335	336	
637	163	1	5	1	335	
638	163	1	10	2	335	336	
639	163	1	5	1	336	
640	164	1	5	1	337	
641	165	2	6	1	338	
642	166	1	6	1	339	
643	167	2	11	1	340	
644	168	1	5	1	341	
645	168	1	10	2	341	342	
646	168	1	20	3	341	342	343	
647	168	1	15	2	341	343	
648	168	1	5	1	342	
649	168	1	15	2	342	343	
650	168	1	10	1	343	
651	169	1	5	1	344	
652	170	1	5	1	345	
653	171	1	11	1	346	
654	172	2	6	1	347	
655	172	2	12	2	347	348	
656	172	2	18	3	347	348	349	
657	172	2	12	2	347	349	
658	172	2	6	1	348	
659	172	2	12	2	348	349	
660	172	2	6	1	349	
661	173	2	22	1	350	
662	173	2	44	2	350	351	
663	173	2	22	1	351	
664	174	2	11	1	352	
665	175	1	5	1	353	
666	176	1	5	1	354	
667	177	2	5	1	355	
668	177	2	10	2	355	356	
669	177	2	15	3	355	356	357	
670	177	2	5	1	356	
671	177	2	10	2	356	357	
672	177	2	15	3	356	357	358	
673	177	2	5	1	357	
674	177	2	10	2	357	358	
675	177	2	15	3	357	358	359	
676	177	2	5	1	358	
677	177	2	10	2	358	359	
678	177	2	5	1	359	
679	178	1	6	1	360	
680	179	1	22	1	361	
681	179	1	33	2	361	362	
682	179	1	11	1	362	
683	180	2	22	1	363	
684	181	1	5	1	364	
685	181	1	10	2	364	365	
686	181	1	15	3	364	365	366	
687	181	1	5	1	365	
688	181	1	10	2	365	366	
689	181	1	15	3	365	366	367	
690	181	1	5	1	366	
691	181	1	10	2	366	367	
692	181	1	15	3	366	367	368	
693	181	1	5	1	367	
694	181	1	10	2	367	368	
695	181	1	15	3	367	368	369	
696	181	1	5	1	368	
697	181	1	10	2	368	369	
698	181	1	15	3	368	369	370	
699	181	1	5	1	369	
700	181	1	10	2	369	370	
701	181	1	15	3	369	370	371	
702	181	1	5	1	370	
703	181	1	10	2	370	371	
704	181	1	5	1	371	
705	182	2	5	1	372	
706	182	2	10	2	372	373	
707	182	2	15	3	372	373	374	
708	182	2	5	1	373	
709	182	2	10	2	373	374	
710	182	2	15	3	373	374	375	
711	182	2	5	1	374	
712	182	2	10	2	374	375	
713	182	2	5	1	375	
714	183	1	22	1	376	
715	184	2	11	1	377	
716	185	1	12	1	378	
717	186	2	11	1	379	
718	187	2	5	1	380	
719	188	1	10	1	381	
720	188	1	15	2	381	382	
721	188	1	25	3	381	382	383	
722	188	1	20	2	381	383	
723	188	1	5	1	382	
724	188	1	15	2	382	383	
725	188	1	10	1	383	
726	189	2	6	1	384	
727	189	2	12	2	384	385	
728	189	2	18	3	384	385	386	
729	189	2	6	1	385	
730	189	2	12	2	385	386	
731	189	2	18	3	385	386	387	
732	189	2	6	1	386	
733	189	2	12	2	386	387	
734	189	2	18	3	386	387	388	
735	189	2	6	1	387	
736	189	2	12	2	387	388	
737	189	2	18	3	387	388	389	
738	189	2	6	1	388	
739	189	2	12	2	388	389	
740	189	2	18	3	388	389	390	
741	189	2	6	1	389	
742	189	2	12	2	389	390	
743	189	2	18	3	389	390	391	
744	189	2	6	1	390	
745	189	2	12	2	390	391	
746	189	2	6	1	391	
747	190	2	12	1	392	
748	190	2	18	2	392	393	
749	190	2	6	1	393	
750	191	2	5	1	394	
751	192	2	5	1	395	
752	193	1	22	1	396	
753	193	1	44	2	396	397	
754	193	1	55	3	396	397	398	
755	193	1	33	2	396	398	
756	193	1	22	1	397	
757	193	1	33	2	397	398	
758	193	1	11	1	398	
759	194	2	5	1	399	
760	195	2	11	1	400	
761	196	1	11	1	401	
762	197	2	6	1	402	
763	198	1	12	1	403	
764	199	2	6	1	404	
765	199	2	12	2	404	405	
766	199	2	6	1	405	
767	200	2	6	1	406	
768	200	2	12	2	406	407	
769	200	2	18	3	406	407	408	
770	200	2	6	1	407	
771	200	2	12	2	407	408	
772	200	2	18	3	407	408	409	
773	200	2	6	1	408	
774	200	2	12	2	408	409	
775	200	2	18	3	408	409	410	
776	200	2	6	1	409	
777	200	2	12	2	409	410	
778	200	2	18	3	409	410	411	
779	200	2	6	1	410	
780	200	2	12	2	410	411	
781	200	2	18	3	410	411	412	
782	200	2	6	1	411	
783	200	2	12	2	411	412	
784	200	2	6	1	412	
785	201	1	6	1	413	
786	201	1	12	2	413	414	
787	201	1	18	3	413	414	415	
788	201	1	6	1	414	
789	201	1	12	2	414	415	
790	201	1	18	3	414	415	416	
791	201	1	6	1	415	
792	201	1	12	2	415	416	
793	201	1	6	1	416	
794	202	1	22	1	417	
795	203	2	6	1	418	
796	204	1	6	1	419	
797	205	1	5	1	420	
798	206	1	11	1	421	
799	207	1	10	1	422	
800	208	1	22	1	423	
801	209	2	5	1	424	
802	210	1	11	1	425	
803	211	2	11	1	426	
804	212	1	6	1	427	
805	213	1	6	1	428	
806	213	1	12	2	428	429	
807	213	1	18	3	428	429	430	
808	213	1	12	2	428	430	
809	213	1	6	1	429	
810	213	1	12	2	429	430	
811	213	1	6	1	430	
812	214	1	11	1	431	
813	215	2	11	1	432	
814	216	2	22	1	433	
815	217	1	11	1	434	
816	217	1	22	2	434	435	
817	217	1	33	3	434	435	436	
818	217	1	11	1	435	
819	217	1	22	2	435	436	
820	217	1	33	3	435	436	437	
821	217	1	11	1	436	
822	217	1	22	2	436	437	
823	217	1	33	3	436	437	438	
824	217	1	11	1	437	
825	217	1	22	2	437	438	
826	217	1	33	3	437	438	439	
827	217	1	11	1	438	
828	217	1	22	2	438	439	
829	217	1	33	3	438	439	440	
830	217	1	11	1	439	
831	217	1	22	2	439	440	
832	217	1	33	3	439	440	441	
833	217	1	11	1	440	
834	217	1	22	2	440	441	
835	217	1	33	3	440	441	442	
836	217	1	11	1	441	
837	217	1	22	2	441	442	
838	217	1	11	1	442	
839	218	2	6	1	443	
840	218	2	12	2	443	444	
841	218	2	24	3	443	444	445	
842	218	2	18	2	443	445	
843	218	2	6	1	444	
844	218	2	18	2	444	445	
845	218	2	12	1	445	
846	219	1	6	1	446	
847	220	1	6	1	447	
848	220	1	18	2	447	448	
849	220	1	24	3	447	448	449	
850	220	1	12	2	447	449	
851	220	1	12	1	448	
852	220	1	18	2	448	449	
853	220	1	6	1	449	
854	221	2	6	1	450	
855	221	2	12	2	450	451	
856	221	2	18	3	450	451	452	
857	221	2	12	2	450	452	
858	221	2	6	1	451	
859	221	2	12	2	451	452	
860	221	2	6	1	452	
861	222	2	22	1	453	
862	223	1	5	1	454	
863	223	1	10	2	454	455	
864	223	1	20	3	454	455	456	
865	223	1	15	2	454	456	
866	223	1	5	1	455	
867	223	1	15	2	455	456	
868	223	1	10	1	456	
869	224	1	6	1	457	
870	225	1	11	1	458	
871	226	2	6	1	459	
872	226	2	18	2	459	460	
873	226	2	12	1	460	
874	227	2	11	1	461	
875	227	2	22	2	461	462	
876	227	2	33	3	461	462	463	
877	227	2	11	1	462	
878	227	2	22	2	462	463	
879	227	2	33	3	462	463	464	
880	227	2	11	1	463	
881	227	2	22	2	463	464	
882	227	2	33	3	463	464	465	
883	227	2	11	1	464	
884	227	2	22	2	464	465	
885	227	2	33	3	464	465	466	
886	227	2	11	1	465	
887	227	2	22	2	465	466	
888	227	2	33	3	465	466	467	
889	227	2	11	1	466	
890	227	2	22	2	466	467	
891	227	2	33	3	466	467	468	
892	227	2	11	1	467	
893	227	2	22	2	467	468	
894	227	2	11	1	468	
895	228	1	10	1	469	
896	229	1	10	1	470	
897	230	2	22	1	471	
898	231	2	5	1	472	
899	232	1	6	1	473	
900	233	2	11	1	474	
901	233	2	22	2	474	475	
902	233	2	33	3	474	475	476	
903	233	2	11	1	475	
904	233	2	22	2	475	476	
905	233	2	33	3	475	476	477	
906	233	2	11	1	476	
907	233	2	22	2	476	477	
908	233	2	33	3	476	477	478	
909	233	2	11	1	477	
910	233	2	22	2	477	478	
911	233	2	11	1	478	
912	234	2	5	1	479	
913	235	1	5	1	480	
914	236	2	22	1	481	
915	237	1	11	1	482	
916	237	1	22	2	482	483	
917	237	1	44	3	482	483	484	
918	237	1	33	2	482	484	
919	237	1	11	1	483	
920	237	1	33	2	483	484	
921	237	1	22	1	484	
922	238	1	6	1	485	
923	238	1	12	2	485	486	
924	238	1	6	1	486	
925	239	1	6	1	487	
926	240	1	10	1	488	
927	241	1	11	1	489	
928	241	1	22	2	489	490	
929	241	1	33	3	489	490	491	
930	241	1	22	2	489	491	
931	241	1	11	1	490	
932	241	1	22	2	490	491	
933	241	1	11	1	491	
934	242	2	5	1	492	
935	242	2	10	2	492	493	
936	242	2	15	3	492	493	494	
937	242	2	5	1	493	
938	242	2	10	2	493	494	
939	242	2	15	3	493	494	495	
940	242	2	5	1	494	
941	242	2	10	2	494	495	
942	242	2	15	3	494	495	496	
943	242	2	5	1	495	
944	242	2	10	2	495	496	
945	242	2	15	3	495	496	497	
946	242	2	5	1	496	
947	242	2	10	2	496	497	
948	242	2	15	3	496	497	498	
949	242	2	5	1	497	
950	242	2	10	2	497	498	
951	242	2	15	3	497	498	499	
952	242	2	5	1	498	
953	242	2	10	2	498	499	
954	242	2	5	1	499	
955	243	1	12	1	500	
956	244	1	5	1	501	
957	245	1	12	1	502	
958	246	2	5	1	503	
959	247	1	5	1	504	
960	247	1	10	2	504	505	
961	247	1	15	3	504	505	506	
962	247	1	5	1	505	
963	247	1	10	2	505	506	
964	247	1	15	3	505	506	507	
965	247	1	5	1	506	
966	247	1	10	2	506	507	
967	247	1	5	1	507	
968	248	1	11	1	508	
969	248	1	22	2	508	509	
970	248	1	33	3	508	509	510	
971	248	1	11	1	509	
972	248	1	22	2	509	510	
973	248	1	33	3	509	510	511	
974	248	1	11	1	510	
975	248	1	22	2	510	511	
976	248	1	33	3	510	511	512	
977	248	1	11	1	511	
978	248	1	22	2	511	512	
979	248	1	33	3	511	512	513	
980	248	1	11	1	512	
981	248	1	22	2	512	513	
982	248	1	33	3	512	513	514	
983	248	1	11	1	513	
984	248	1	22	2	513	514	
985	248	1	33	3	513	514	515	
986	248	1	11	1	514	
987	248	1	22	2	514	515	
988	248	1	33	3	514	515	516	
989	248	1	11	1	515	
990	248	1	22	2	515	516	
991	248	1	11	1	516	
992	249	2	11	1	517	
993	250	2	11	1	518	
994	251	1	12	1	519	
995	252	1	10	1	520	
996	253	2	12	1	521	
997	253	2	18	2	521	522	
998	253	2	30	3	521	522	523	
999	253	2	24	2	521	523	
1000	253	2	6	1	522	
1001	253	2	18	2	522	523	
1002	253	2	12	1	523	
1003	254	2	5	1	524	
1004	255	1	11	1	525	
1005	255	1	22	2	525	526	
1006	255	1	33	3	525	526	527	
1007	255	1	11	1	526	
1008	255	1	22	2	526	527	
1009	255	1	33	3	526	527	528	
1010	255	1	11	1	527	
1011	255	1	22	2	527	528	
1012	255	1	33	3	527	528	529	
1013	255	1	11	1	528	
1014	255	1	22	2	528	529	
1015	255	1	33	3	528	529	530	
1016	255	1	11	1	529	
1017	255	1	22	2	529	530	
1018	255	1	33	3	529	530	531	
1019	255	1	11	1	530	
1020	255	1	22	2	530	531	
1021	255	1	33	3	530	531	532	
1022	255	1	11	1	531	
1023	255	1	22	2	531	532	
1024	255	1	11	1	532	
1025	256	1	11	1	533	
1026	257	1	5	1	534	
1027	257	1	10	2	534	535	
1028	257	1	15	3	534	535	536	
1029	257	1	5	1	535	
1030	257	1	10	2	535	536	
1031	257	1	15	3	535	536	537	
1032	257	1	5	1	536	
1033	257	1	10	2	536	537	
1034	257	1	15	3	536	537	538	
1035	257	1	5	1	537	
1036	257	1	10	2	537	538	
1037	257	1	15	3	537	538	539	
1038	257	1	5	1	538	
1039	257	1	10	2	538	539	
1040	257	1	15	3	538	539	540	
1041	257	1	5	1	539	
1042	257	1	10	2	539	540	
1043	257	1	5	1	540	
1044	258	2	12	1	541	
1045	259	2	11	1	542	
1046	260	1	6	1	543	
1047	261	1	22	1	544	
1048	261	1	33	2	544	545	
1049	261	1	11	1	545	
1050	262	2	22	1	546	
1051	262	2	33	2	546	547	
1052	262	2	11	1	547	
1053	263	1	5	1	548	
1054	264	2	5	1	549	
1055	264	2	15	2	549	550	
1056	264	2	10	1	550	
1057	265	1	12	1	551	
1058	266	1	5	1	552	
1059	266	1	10	2	552	553	
1060	266	1	15	3	552	553	554	
1061	266	1	5	1	553	
1062	266	1	10	2	553	554	
1063	266	1	15	3	553	554	555	
1064	266	1	5	1	554	
1065	266	1	10	2	554	555	
1066	266	1	15	3	554	555	556	
1067	266	1	5	1	555	
1068	266	1	10	2	555	556	
1069	266	1	15	3	555	556	557	
1070	266	1	5	1	556	
1071	266	1	10	2	556	557	
1072	266	1	15	3	556	557	558	
1073	266	1	5	1	557	
1074	266	1	10	2	557	558	
1075	266	1	15	3	557	558	559	
1076	266	1	5	1	558	
1077	266	1	10	2	558	559	
1078	266	1	5	1	559	
1079	267	2	22	1	560	
1080	268	2	5	1	561	
1081	268	2	10	2	561	562	
1082	268	2	15	3	561	562	563	
1083	268	2	5	1	562	
1084	268	2	10	2	562	563	
1085	268	2	15	3	562	563	564	
1086	268	2	5	1	563	
1087	268	2	10	2	563	564	
1088	268	2	15	3	563	564	565	
1089	268	2	5	1	564	
1090	268	2	10	2	564	565	
1091	268	2	15	3	564	565	566	
1092	268	2	5	1	565	
1093	268	2	10	2	565	566	
1094	268	2	15	3	565	566	567	
1095	268	2	5	1	566	
1096	268	2	10	2	566	567	
1097	268	2	5	1	567	
1098	269	1	6	1	568	
1099	270	2	11	1	569	
1100	271	1	11	1	570	
1101	272	1	5	1	571	
1102	273	1	11	1	572	
1103	273	1	22	2	572	573	
1104	273	1	33	3	572	573	574	
1105	273	1	11	1	573	
1106	273	1	22	2	573	574	
1107	273	1	33	3	573	574	575	
1108	273	1	11	1	574	
1109	273	1	22	2	574	575	
1110	273	1	11	1	575	
1111	274	2	11	1	576	
1112	275	1	6	1	577	
1113	276	2	6	1	578	
1114	276	2	12	2	578	579	
1115	276	2	6	1	579	
1116	277	2	12	1	580	
1117	277	2	18	2	580	581	
1118	277	2	24	3	580	581	582	
1119	277	2	18	2	580	582	
1120	277	2	6	1	581	
1121	277	2	12	2	581	582	
1122	277	2	6	1	582	
1123	278	1	6	1	583	
1124	279	2	6	1	584	
1125	279	2	12	2	584	585	
1126	279	2	18	3	584	585	586	
1127	279	2	6	1	585	
1128	279	2	12	2	585	586	
1129	279	2	18	3	585	586	587	
1130	279	2	6	1	586	
1131	279	2	12	2	586	587	
1132	279	2	18	3	586	587	588	
1133	279	2	6	1	587	
1134	279	2	12	2	587	588	
1135	279	2	18	3	587	588	589	
1136	279	2	6	1	588	
1137	279	2	12	2	588	589	
1138	279	2	18	3	588	589	590	
1139	279	2	6	1	589	
1140	279	2	12	2	589	590	
1141	279	2	18	3	589	590	591	
1142	279	2	6	1	590	
1143	279	2	12	2	590	591	
1144	279	2	18	3	590	591	592	
1145	279	2	6	1	591	
1146	279	2	12	2	591	592	
1147	279	2	6	1	592	
1148	280	1	5	1	593	
1149	281	1	22	1	594	
1150	282	1	10	1	595	
1151	282	1	15	2	595	596	
1152	282	1	5	1	596	
1153	283	2	22	1	597	
1154	284	2	5	1	598	
1155	285	1	10	1	599	
1156	286	1	11	1	600	
1157	287	2	11	1	601	
1158	288	2	6	1	602	
1159	289	2	11	1	603	
1160	289	2	22	2	603	604	
1161	289	2	33	3	603	604	605	
1162	289	2	11	1	604	
1163	289	2	22	2	604	605	
1164	289	2	33	3	604	605	606	
1165	289	2	11	1	605	
1166	289	2	22	2	605	606	
1167	289	2	33	3	605	606	607	
1168	289	2	11	1	606	
1169	289	2	22	2	606	607	
1170	289	2	11	1	607	
1171	290	1	11	1	608	
1172	291	2	11	1	609	
1173	291	2	22	2	609	610	
1174	291	2	33	3	609	610	611	
1175	291	2	11	1	610	
1176	291	2	22	2	610	611	
1177	291	2	33	3	610	611	612	
1178	291	2	11	1	611	
1179	291	2	22	2	611	612	
1180	291	2	11	1	612	
1181	292	2	22	1	613	
1182	293	2	6	1	614	
1183	293	2	12	2	614	615	
1184	293	2	18	3	614	615	616	
1185	293	2	6	1	615	
1186	293	2	12	2	615	616	
1187	293	2	18	3	615	616	617	
1188	293	2	6	1	616	
1189	293	2	12	2	616	617	
1190	293	2	18	3	616	617	618	
1191	293	2	6	1	617	
1192	293	2	12	2	617	618	
1193	293	2	6	1	618	
1194	294	2	5	1	619	
1195	295	1	12	1	620	
1196	296	1	5	1	621	
1197	297	2	6	1	622	
1198	298	2	6	1	623	
1199	299	1	11	1	624	
1200	300	1	5	1	625	
1201	301	2	10	1	626	
1202	302	1	6	1	627	
1203	302	1	12	2	627	628	
1204	302	1	18	3	627	628	629	
1205	302	1	6	1	628	
1206	302	1	12	2	628	629	
1207	302	1	18	3	628	629	630	
1208	302	1	6	1	629	
1209	302	1	12	2	629	630	
1210	302	1	18	3	629	630	631	
1211	302	1	6	1	630	
1212	302	1	12	2	630	631	
1213	302	1	6	1	631	
1214	303	2	11	1	632	
1215	304	2	5	1	633	
1216	304	2	10	2	633	634	
1217	304	2	15	3	633	634	635	
1218	304	2	5	1	634	
1219	304	2	10	2	634	635	
1220	304	2	15	3	634	635	636	
1221	304	2	5	1	635	
1222	304	2	10	2	635	636	
1223	304	2	15	3	635	636	637	
1224	304	2	5	1	636	
1225	304	2	10	2	636	637	
1226	304	2	15	3	636	637	638	
1227	304	2	5	1	637	
1228	304	2	10	2	637	638	
1229	304	2	15	3	637	638	639	
1230	304	2	5	1	638	
1231	304	2	10	2	638	639	
1232	304	2	15	3	638	639	640	
1233	304	2	5	1	639	
1234	304	2	10	2	639	640	
1235	304	2	5	1	640	
1236	305	2	22	1	641	
1237	306	1	5	1	642	
1238	307	2	11	1	643	
1239	307	2	33	2	643	644	
1240	307	2	22	1	644	
1241	308	2	5	1	645	
1242	309	1	11	1	646	
1243	310	2	6	1	647	
1244	311	1	6	1	648	
1245	312	1	10	1	649	
1246	313	2	11	1	650	
1247	314	1	5	1	651	
1248	314	1	10	2	651	652	
1249	314	1	5	1	652	
1250	315	2	10	1	653	
1251	316	2	11	1	654	
1252	316	2	22	2	654	655	
1253	316	2	33	3	654	655	656	
1254	316	2	11	1	655	
1255	316	2	22	2	655	656	
1256	316	2	33	3	655	656	657	
1257	316	2	11	1	656	
1258	316	2	22	2	656	657	
1259	316	2	33	3	656	657	658	
1260	316	2	11	1	657	
1261	316	2	22	2	657	658	
1262	316	2	33	3	657	658	659	
1263	316	2	11	1	658	
1264	316	2	22	2	658	659	
1265	316	2	11	1	659	
1266	317	1	11	1	660	
1267	317	1	22	2	660	661	
1268	317	1	33	3	660	661	662	
1269	317	1	11	1	661	
1270	317	1	22	2	661	662	
1271	317	1	33	3	661	662	663	
1272	317	1	11	1	662	
1273	317	1	22	2	662	663	
1274	317	1	33	3	662	663	664	
1275	317	1	11	1	663	
1276	317	1	22	2	663	664	
1277	317	1	33	3	663	664	665	
1278	317	1	11	1	664	
1279	317	1	22	2	664	665	
1280	317	1	33	3	664	665	666	
1281	317	1	11	1	665	
1282	317	1	22	2	665	666	
1283	317	1	33	3	665	666	667	
1284	317	1	11	1	666	
1285	317	1	22	2	666	667	
1286	317	1	33	3	666	667	668	
1287	317	1	11	1	667	
1288	317	1	22	2	667	668	
1289	317	1	11	1	668	
1290	318	1	6	1	669	
1291	319	2	11	1	670	
1292	319	2	22	2	670	671	
1293	319	2	33	3	670	671	672	
1294	319	2	11	1	671	
1295	319	2	22	2	671	672	
1296	319	2	33	3	671	672	673	
1297	319	2	11	1	672	
1298	319	2	22	2	672	673	
1299	319	2	33	3	672	673	674	
1300	319	2	11	1	673	
1301	319	2	22	2	673	674	
1302	319	2	33	3	673	674	675	
1303	319	2	11	1	674	
1304	319	2	22	2	674	675	
1305	319	2	11	1	675	
1306	320	1	11	1	676	
1307	320	1	22	2	676	677	
1308	320	1	33	3	676	677	678	
1309	320	1	11	1	677	
1310	320	1	22	2	677	678	
1311	320	1	33	3	677	678	679	
1312	320	1	11	1	678	
1313	320	1	22	2	678	679	
1314	320	1	33	3	678	679	680	
1315	320	1	11	1	679	
1316	320	1	22	2	679	680	
1317	320	1	33	3	679	680	681	
1318	320	1	11	1	680	
1319	320	1	22	2	680	681	
1320	320	1	33	3	680	681	682	
1321	320	1	11	1	681	
1322	320	1	22	2	681	682	
1323	320	1	33	3	681	682	683	
1324	320	1	11	1	682	
1325	320	1	22	2	682	683	
1326	320	1	11	1	683	
1327	321	2	12	1	684	
1328	321	2	24	2	684	685	
1329	321	2	12	1	685	
1330	322	1	11	1	686	
1331	323	1	5	1	687	
1332	324	2	6	1	688	
1333	324	2	12	2	688	689	
1334	324	2	24	3	688	689	690	
1335	324	2	18	2	688	690	
1336	324	2	6	1	689	
1337	324	2	18	2	689	690	
1338	324	2	12	1	690	
1339	325	1	22	1	691	
1340	326	1	5	1	692	
1341	326	1	10	2	692	693	
1342	326	1	5	1	693	
1343	327	2	5	1	694	
1344	328	2	5	1	695	
1345	328	2	10	2	695	696	
1346	328	2	15	3	695	696	697	
1347	328	2	5	1	696	
1348	328	2	10	2	696	697	
1349	328	2	15	3	696	697	698	
1350	328	2	5	1	697	
1351	328	2	10	2	697	698	
1352	328	2	5	1	698	
1353	329	2	6	1	699	
1354	330	1	6	1	700	
1355	331	1	11	1	701	
1356	332	2	22	1	702	
1357	333	2	22	1	703	
1358	334	1	5	1	704	
1359	335	1	6	1	705	
1360	335	1	12	2	705	706	
1361	335	1	6	1	706	
1362	336	2	11	1	707	
1363	336	2	22	2	707	708	
1364	336	2	33	3	707	708	709	
1365	336	2	11	1	708	
1366	336	2	22	2	708	709	
1367	336	2	33	3	708	709	710	
1368	336	2	11	1	709	
1369	336	2	22	2	709	710	
1370	336	2	33	3	709	710	711	
1371	336	2	11	1	710	
1372	336	2	22	2	710	711	
1373	336	2	33	3	710	711	712	
1374	336	2	11	1	711	
1375	336	2	22	2	711	712	
1376	336	2	33	3	711	712	713	
1377	336	2	11	1	712	
1378	336	2	22	2	712	713	
1379	336	2	33	3	712	713	714	
1380	336	2	11	1	713	
1381	336	2	22	2	713	714	
1382	336	2	33	3	713	714	715	
1383	336	2	11	1	714	
1384	336	2	22	2	714	715	
1385	336	2	11	1	715	
1386	337	2	6	1	716	
1387	338	2	5	1	717	
1388	339	1	11	1	718	
1389	339	1	33	2	718	719	
1390	339	1	22	1	719	
1391	340	2	10	1	720	
1392	341	1	5	1	721	
1393	342	1	11	1	722	
1394	343	1	11	1	723	
1395	343	1	22	2	723	724	
1396	343	1	11	1	724	
1397	344	2	12	1	725	
1398	345	1	11	1	726	
1399	345	1	22	2	726	727	
1400	345	1	11	1	727	
1401	346	2	11	1	728	
1402	347	1	11	1	729	
1403	347	1	33	2	729	730	
1404	347	1	44	3	729	730	731	
1405	347	1	22	2	729	731	
1406	347	1	22	1	730	
1407	347	1	33	2	730	731	
1408	347	1	11	1	731	
1409	348	1	11	1	732	
1410	349	1	5	1	733	
1411	349	1	10	2	733	734	
1412	349	1	15	3	733	734	735	
1413	349	1	5	1	734	
1414	349	1	10	2	734	735	
1415	349	1	15	3	734	735	736	
1416	349	1	5	1	735	
1417	349	1	10	2	735	736	
1418	349	1	15	3	735	736	737	
1419	349	1	5	1	736	
1420	349	1	10	2	736	737	
1421	349	1	15	3	736	737	738	
1422	349	1	5	1	737	
1423	349	1	10	2	737	738	
1424	349	1	15	3	737	738	739	
1425	349	1	5	1	738	
1426	349	1	10	2	738	739	
1427	349	1	15	3	738	739	740	
1428	349	1	5	1	739	
1429	349	1	10	2	739	740	
1430	349	1	15	3	739	740	741	
1431	349	1	5	1	740	
1432	349	1	10	2	740	741	
1433	349	1	5	1	741	
1434	350	2	11	1	742	
1435	351	1	6	1	743	
1436	352	1	12	1	744	
1437	352	1	18	2	744	745	
1438	352	1	24	3	744	745	746	
1439	352	1	18	2	744	746	
1440	352	1	6	1	745	
1441	352	1	12	2	745	746	
1442	352	1	6	1	746	
1443	353	2	11	1	747	
1444	354	1	5	1	748	
1445	355	1	11	1	749	
1446	355	1	22	2	749	750	
1447	355	1	33	3	749	750	751	
1448	355	1	11	1	750	
1449	355	1	22	2	750	751	
1450	355	1	33	3	750	751	752	
1451	355	1	11	1	751	
1452	355	1	22	2	751	752	
1453	355	1	33	3	751	752	753	
1454	355	1	11	1	752	
1455	355	1	22	2	752	753	
1456	355	1	33	3	752	753	754	
1457	355	1	11	1	753	
1458	355	1	22	2	753	754	
1459	355	1	33	3	753	754	755	
1460	355	1	11	1	754	
1461	355	1	22	2	754	755	
1462	355	1	33	3	754	755	756	
1463	355	1	11	1	755	
1464	355	1	22	2	755	756	
1465	355	1	11	1	756	
1466	356	2	11	1	757	
1467	357	1	6	1	758	
1468	357	1	12	2	758	759	
1469	357	1	24	3	758	759	760	
1470	357	1	18	2	758	760	
1471	357	1	6	1	759	
1472	357	1	18	2	759	760	
1473	357	1	12	1	760	
1474	358	2	11	1	761	
1475	359	1	11	1	762	
1476	359	1	22	2	762	763	
1477	359	1	33	3	762	763	764	
1478	359	1	11	1	763	
1479	359	1	22	2	763	764	
1480	359	1	33	3	763	764	765	
1481	359	1	11	1	764	
1482	359	1	22	2	764	765	
1483	359	1	33	3	764	765	766	
1484	359	1	11	1	765	
1485	359	1	22	2	765	766	
1486	359	1	33	3	765	766	767	
1487	359	1	11	1	766	
1488	359	1	22	2	766	767	
1489	359	1	33	3	766	767	768	
1490	359	1	11	1	767	
1491	359	1	22	2	767	768	
1492	359	1	11	1	768	
1493	360	2	6	1	769	
1494	361	1	11	1	770	
1495	362	1	5	1	771	
1496	363	1	6	1	772	
1497	363	1	12	2	772	773	
1498	363	1	18	3	772	773	774	
1499	363	1	6	1	773	
1500	363	1	12	2	773	774	
1501	363	1	18	3	773	774	775	
1502	363	1	6	1	774	
1503	363	1	12	2	774	775	
1504	363	1	18	3	774	775	776	
1505	363	1	6	1	775	
1506	363	1	12	2	775	776	
1507	363	1	18	3	775	776	777	
1508	363	1	6	1	776	
1509	363	1	12	2	776	777	
1510	363	1	18	3	776	777	778	
1511	363	1	6	1	777	
1512	363	1	12	2	777	778	
1513	363	1	6	1	778	
1514	364	1	11	1	779	
1515	364	1	33	2	779	780	
1516	364	1	22	1	780	
1517	365	2	5	1	781	
1518	366	2	5	1	782	
1519	367	1	6	1	783	
1520	368	1	5	1	784	
1521	369	1	22	1	785	
1522	370	1	5	1	786	
1523	371	1	11	1	787	
1524	371	1	22	2	787	788	
1525	371	1	33	3	787	788	789	
1526	371	1	11	1	788	
1527	371	1	22	2	788	789	
1528	371	1	33	3	788	789	790	
1529	371	1	11	1	789	
1530	371	1	22	2	789	790	
1531	371	1	33	3	789	790	791	
1532	371	1	11	1	790	
1533	371	1	22	2	790	791	
1534	371	1	11	1	791	
1535	372	1	5	1	792	
1536	373	1	5	1	793	
1537	374	1	11	1	794	
1538	374	1	22	2	794	795	
1539	374	1	33	3	794	795	796	
1540	374	1	11	1	795	
1541	374	1	22	2	795	796	
1542	374	1	33	3	795	796	797	
1543	374	1	11	1	796	
1544	374	1	22	2	796	797	
1545	374	1	33	3	796	797	798	
1546	374	1	11	1	797	
1547	374	1	22	2	797	798	
1548	374	1	33	3	797	798	799	
1549	374	1	11	1	798	
1550	374	1	22	2	798	799	
1551	374	1	33	3	798	799	800	
1552	374	1	11	1	799	
1553	374	1	22	2	799	800	
1554	374	1	33	3	799	800	801	
1555	374	1	11	1	800	
1556	374	1	22	2	800	801	
1557	374	1	11	1	801	
1558	375	2	5	1	802	
1559	376	2	11	1	803	
1560	376	2	22	2	803	804	
1561	376	2	44	3	803	804	805	
1562	376	2	33	2	803	805	
1563	376	2	11	1	804	
1564	376	2	33	2	804	805	
1565	376	2	22	1	805	
1566	377	2	10	1	806	
1567	378	1	6	1	807	
1568	378	1	24	2	807	808	
1569	378	1	18	1	808	
1570	379	2	11	1	809	
1571	380	2	11	1	810	
1572	381	1	5	1	811	
1573	381	1	10	2	811	812	
1574	381	1	15	3	811	812	813	
1575	381	1	5	1	812	
1576	381	1	10	2	812	813	
1577	381	1	15	3	812	813	814	
1578	381	1	5	1	813	
1579	381	1	10	2	813	814	
1580	381	1	15	3	813	814	815	
1581	381	1	5	1	814	
1582	381	1	10	2	814	815	
1583	381	1	15	3	814	815	816	
1584	381	1	5	1	815	
1585	381	1	10	2	815	816	
1586	381	1	5	1	816	
1587	382	1	11	1	817	
1588	383	2	11	1	818	
1589	384	1	5	1	819	
1590	384	1	10	2	819	820	
1591	384	1	5	1	820	
1592	385	1	5	1	821	
1593	385	1	10	2	821	822	
1594	385	1	15	3	821	822	823	
1595	385	1	5	1	822	
1596	385	1	10	2	822	823	
1597	385	1	15	3	822	823	824	
1598	385	1	5	1	823	
1599	385	1	10	2	823	824	
1600	385	1	15	3	823	824	825	
1601	385	1	5	1	824	
1602	385	1	10	2	824	825	
1603	385	1	5	1	825	
1604	386	2	6	1	826	
1605	387	1	6	1	827	
1606	388	1	22	1	828	
1607	389	2	5	1	829	
1608	389	2	10	2	829	830	
1609	389	2	15	3	829	830	831	
1610	389	2	5	1	830	
1611	389	2	10	2	830	831	
1612	389	2	15	3	830	831	832	
1613	389	2	5	1	831	
1614	389	2	10	2	831	832	
1615	389	2	15	3	831	832	833	
1616	389	2	5	1	832	
1617	389	2	10	2	832	833	
1618	389	2	15	3	832	833	834	
1619	389	2	5	1	833	
1620	389	2	10	2	833	834	
1621	389	2	15	3	833	834	835	
1622	389	2	5	1	834	
1623	389	2	10	2	834	835	
1624	389	2	15	3	834	835	836	
1625	389	2	5	1	835	
1626	389	2	10	2	835	836	
1627	389	2	15	3	835	836	837	
1628	389	2	5	1	836	
1629	389	2	10	2	836	837	
1630	389	2	5	1	837	
1631	390	2	6	1	838	
1632	391	1	11	1	839	
1633	391	1	22	2	839	840	
1634	391	1	33	3	839	840	841	
1635	391	1	11	1	840	
1636	391	1	22	2	840	841	
1637	391	1	33	3	840	841	842	
1638	391	1	11	1	841	
1639	391	1	22	2	841	842	
1640	391	1	33	3	841	842	843	
1641	391	1	11	1	842	
1642	391	1	22	2	842	843	
1643	391	1	33	3	842	843	844	
1644	391	1	11	1	843	
1645	391	1	22	2	843	844	
1646	391	1	33	3	843	844	845	
1647	391	1	11	1	844	
1648	391	1	22	2	844	845	
1649	391	1	11	1	845	
1650	392	1	6	1	846	
1651	393	2	5	1	847	
1652	394	2	6	1	848	
1653	395	2	11	1	849	
1654	395	2	22	2	849	850	
1655	395	2	33	3	849	850	851	
1656	395	2	11	1	850	
1657	395	2	22	2	850	851	
1658	395	2	33	3	850	851	852	
1659	395	2	11	1	851	
1660	395	2	22	2	851	852	
1661	395	2	33	3	851	852	853	
1662	395	2	11	1	852	
1663	395	2	22	2	852	853	
1664	395	2	11	1	853	
1665	396	2	6	1	854	
1666	396	2	12	2	854	855	
1667	396	2	18	3	854	855	856	
1668	396	2	12	2	854	856	
1669	396	2	6	1	855	
1670	396	2	12	2	855	856	
1671	396	2	6	1	856	
1672	397	1	5	1	857	
1673	397	1	10	2	857	858	
1674	397	1	5	1	858	
1675	398	1	12	1	859	
1676	399	2	5	1	860	
1677	399	2	10	2	860	861	
1678	399	2	15	3	860	861	862	
1679	399	2	5	1	861	
1680	399	2	10	2	861	862	
1681	399	2	15	3	861	862	863	
1682	399	2	5	1	862	
1683	399	2	10	2	862	863	
1684	399	2	15	3	862	863	864	
1685	399	2	5	1	863	
1686	399	2	10	2	863	864	
1687	399	2	15	3	863	864	865	
1688	399	2	5	1	864	
1689	399	2	10	2	864	865	
1690	399	2	15	3	864	865	866	
1691	399	2	5	1	865	
1692	399	2	10	2	865	866	
1693	399	2	5	1	866	
1694	400	1	12	1	867	
1695	400	1	24	2	867	868	
1696	400	1	30	3	867	868	869	
1697	400	1	18	2	867	869	
1698	400	1	12	1	868	
1699	400	1	18	2	868	869	
1700	400	1	6	1	869	
1701	401	2	11	1	870	
1702	401	2	22	2	870	871	
1703	401	2	33	3	870	871	872	
1704	401	2	11	1	871	
1705	401	2	22	2	871	872	
1706	401	2	33	3	871	872	873	
1707	401	2	11	1	872	
1708	401	2	22	2	872	873	
1709	401	2	33	3	872	873	874	
1710	401	2	11	1	873	
1711	401	2	22	2	873	874	
1712	401	2	33	3	873	874	875	
1713	401	2	11	1	874	
1714	401	2	22	2	874	875	
1715	401	2	33	3	874	875	876	
1716	401	2	11	1	875	
1717	401	2	22	2	875	876	
1718	401	2	33	3	875	876	877	
1719	401	2	11	1	876	
1720	401	2	22	2	876	877	
1721	401	2	33	3	876	877	878	
1722	401	2	11	1	877	
1723	401	2	22	2	877	878	
1724	401	2	11	1	878	
1725	402	2	11	1	879	
1726	403	2	11	1	880	
1727	404	2	10	1	881	
1728	405	2	11	1	882	
1729	406	1	12	1	883	
1730	406	1	18	2	883	884	
1731	406	1	24	3	883	884	885	
1732	406	1	18	2	883	885	
1733	406	1	6	1	884	
1734	406	1	12	2	884	885	
1735	406	1	6	1	885	
1736	407	2	11	1	886	
1737	407	2	22	2	886	887	
1738	407	2	33	3	886	887	888	
1739	407	2	22	2	886	888	
1740	407	2	11	1	887	
1741	407	2	22	2	887	888	
1742	407	2	11	1	888	
1743	408	1	6	1	889	
1744	409	2	5	1	890	
1745	410	1	11	1	891	
1746	411	1	11	1	892	
1747	412	1	11	1	893	
1748	412	1	22	2	893	894	
1749	412	1	33	3	893	894	895	
1750	412	1	22	2	893	895	
1751	412	1	11	1	894	
1752	412	1	22	2	894	895	
1753	412	1	11	1	895	
1754	413	1	6	1	896	
1755	414	1	6	1	897	
1756	415	1	5	1	898	
1757	415	1	10	2	898	899	
1758	415	1	15	3	898	899	900	
1759	415	1	5	1	899	
1760	415	1	10	2	899	900	
1761	415	1	15	3	899	900	901	
1762	415	1	5	1	900	
1763	415	1	10	2	900	901	
1764	415	1	15	3	900	901	902	
1765	415	1	5	1	901	
1766	415	1	10	2	901	902	
1767	415	1	15	3	901	902	903	
1768	415	1	5	1	902	
1769	415	1	10	2	902	903	
1770	415	1	15	3	902	903	904	
1771	415	1	5	1	903	
1772	415	1	10	2	903	904	
1773	415	1	15	3	903	904	905	
1774	415	1	5	1	904	
1775	415	1	10	2	904	905	
1776	415	1	15	3	904	905	906	
1777	415	1	5	1	905	
1778	415	1	10	2	905	906	
1779	415	1	5	1	906	
1780	416	1	11	1	907	
1781	417	2	6	1	908	
1782	418	1	6	1	909	
1783	418	1	12	2	909	910	
1784	418	1	6	1	910	
1785	419	1	6	1	911	
1786	420	1	5	1	912	
1787	420	1	15	2	912	913	
1788	420	1	10	1	913	
1789	421	1	22	1	914	
1790	422	2	5	1	915	
1791	423	1	11	1	916	
1792	424	1	11	1	917	
1793	425	1	6	1	918	
1794	426	1	5	1	919	
1795	427	1	11	1	920	
1796	427	1	22	2	920	921	
1797	427	1	11	1	921	
1798	428	1	11	1	922	
1799	429	2	22	1	923	
1800	430	2	6	1	924	
1801	431	1	11	1	925	
1802	431	1	22	2	925	926	
1803	431	1	11	1	926	
1804	432	2	5	1	927	
1805	433	1	5	1	928	
1806	434	1	22	1	929	
1807	434	1	33	2	929	930	
1808	434	1	11	1	930	
1809	435	2	12	1	931	
1810	436	2	22	1	932	
1811	436	2	33	2	932	933	
1812	436	2	11	1	933	
1813	437	2	6	1	934	
1814	437	2	12	2	934	935	
1815	437	2	18	3	934	935	936	
1816	437	2	6	1	935	
1817	437	2	12	2	935	936	
1818	437	2	18	3	935	936	937	
1819	437	2	6	1	936	
1820	437	2	12	2	936	937	
1821	437	2	18	3	936	937	938	
1822	437	2	6	1	937	
1823	437	2	12	2	937	938	
1824	437	2	6	1	938	
1825	438	2	11	1	939	
1826	439	2	22	1	940	
1827	440	1	6	1	941	
1828	440	1	12	2	941	942	
1829	440	1	18	3	941	942	943	
1830	440	1	12	2	941	943	
1831	440	1	6	1	942	
1832	440	1	12	2	942	943	
1833	440	1	6	1	943	
1834	441	1	5	1	944	
1835	442	2	5	1	945	
1836	442	2	10	2	945	946	
1837	442	2	15	3	945	946	947	
1838	442	2	5	1	946	
1839	442	2	10	2	946	947	
1840	442	2	15	3	946	947	948	
1841	442	2	5	1	947	
1842	442	2	10	2	947	948	
1843	442	2	15	3	947	948	949	
1844	442	2	5	1	948	
1845	442	2	10	2	948	949	
1846	442	2	15	3	948	949	950	
1847	442	2	5	1	949	
1848	442	2	10	2	949	950	
1849	442	2	15	3	949	950	951	
1850	442	2	5	1	950	
1851	442	2	10	2	950	951	
1852	442	2	5	1	951	
1853	443	2	6	1	952	
1854	443	2	12	2	952	953	
1855	443	2	6	1	953	
1856	444	1	11	1	954	
1857	445	1	5	1	955	
1858	446	1	10	1	956	
1859	447	1	5	1	957	
1860	447	1	10	2	957	958	
1861	447	1	5	1	958	
1862	448	2	11	1	959	
1863	448	2	22	2	959	960	
1864	448	2	44	3	959	960	961	
1865	448	2	33	2	959	961	
1866	448	2	11	1	960	
1867	448	2	33	2	960	961	
1868	448	2	22	1	961	
1869	449	2	5	1	962	
1870	449	2	10	2	962	963	
1871	449	2	15	3	962	963	964	
1872	449	2	5	1	963	
1873	449	2	10	2	963	964	
1874	449	2	15	3	963	964	965	
1875	449	2	5	1	964	
1876	449	2	10	2	964	965	
1877	449	2	5	1	965	
1878	450	2	11	1	966	
1879	451	1	6	1	967	
1880	451	1	12	2	967	968	
1881	451	1	6	1	968	
1882	452	1	6	1	969	
1883	452	1	18	2	969	970	
1884	452	1	12	1	970	
1885	453	2	11	1	971	
1886	453	2	22	2	971	972	
1887	453	2	33	3	971	972	973	
1888	453	2	11	1	972	
1889	453	2	22	2	972	973	
1890	453	2	33	3	972	973	974	
1891	453	2	11	1	973	
1892	453	2	22	2	973	974	
1893	453	2	33	3	973	974	975	
1894	453	2	11	1	974	
1895	453	2	22	2	974	975	
1896	453	2	33	3	974	975	976	
1897	453	2	11	1	975	
1898	453	2	22	2	975	976	
1899	453	2	11	1	976	
1900	454	2	6	1	977	
1901	455	2	5	1	978	
1902	456	2	11	1	979	
1903	457	1	5	1	980	
1904	457	1	10	2	980	981	
1905	457	1	15	3	980	981	982	
1906	457	1	10	2	980	982	
1907	457	1	5	1	981	
1908	457	1	10	2	981	982	
1909	457	1	5	1	982	
1910	458	1	5	1	983	
1911	459	1	6	1	984	
1912	459	1	12	2	984	985	
1913	459	1	18	3	984	985	986	
1914	459	1	6	1	985	
1915	459	1	12	2	985	986	
1916	459	1	18	3	985	986	987	
1917	459	1	6	1	986	
1918	459	1	12	2	986	987	
1919	459	1	18	3	986	987	988	
1920	459	1	6	1	987	
1921	459	1	12	2	987	988	
1922	459	1	18	3	987	988	989	
1923	459	1	6	1	988	
1924	459	1	12	2	988	989	
1925	459	1	18	3	988	989	990	
1926	459	1	6	1	989	
1927	459	1	12	2	989	990	
1928	459	1	18	3	989	990	991	
1929	459	1	6	1	990	
1930	459	1	12	2	990	991	
1931	459	1	6	1	991	
1932	460	2	5	1	992	
1933	460	2	10	2	992	993	
1934	460	2	15	3	992	993	994	
1935	460	2	5	1	993	
1936	460	2	10	2	993	994	
1937	460	2	15	3	993	994	995	
1938	460	2	5	1	994	
1939	460	2	10	2	994	995	
1940	460	2	15	3	994	995	996	
1941	460	2	5	1	995	
1942	460	2	10	2	995	996	
1943	460	2	15	3	995	996	997	
1944	460	2	5	1	996	
1945	460	2	10	2	996	997	
1946	460	2	5	1	997	
1947	461	2	12	1	998	
1948	462	1	5	1	999	
1949	463	2	22	1	1000	
1950	464	2	10	1	1001	
1951	464	2	15	2	1001	1002	
1952	464	2	5	1	1002	
1953	465	2	6	1	1003	
1954	466	1	11	1	1004	
1955	467	2	12	1	1005	
1956	468	1	6	1	1006	
1957	469	2	5	1	1007	
1958	469	2	10	2	1007	1008	
1959	469	2	15	3	1007	1008	1009	
1960	469	2	5	1	1008	
1961	469	2	10	2	1008	1009	
1962	469	2	15	3	1008	1009	1010	
1963	469	2	5	1	1009	
1964	469	2	10	2	1009	1010	
1965	469	2	15	3	1009	1010	1011	
1966	469	2	5	1	1010	
1967	469	2	10	2	1010	1011	
1968	469	2	15	3	1010	1011	1012	
1969	469	2	5	1	1011	
1970	469	2	10	2	1011	1012	
1971	469	2	5	1	1012	
1972	470	2	11	1	1013	
1973	471	2	6	1	1014	
1974	472	2	22	1	1015	
1975	473	2	5	1	1016	
1976	473	2	10	2	1016	1017	
1977	473	2	15	3	1016	1017	1018	
1978	473	2	5	1	1017	
1979	473	2	10	2	1017	1018	
1980	473	2	15	3	1017	1018	1019	
1981	473	2	5	1	1018	
1982	473	2	10	2	1018	1019	
1983	473	2	5	1	1019	
1984	474	1	22	1	1020	
1985	474	1	33	2	1020	1021	
1986	474	1	11	1	1021	
1987	475	1	5	1	1022	
1988	475	1	10	2	1022	1023	
1989	475	1	15	3	1022	1023	1024	
1990	475	1	5	1	1023	
1991	475	1	10	2	1023	1024	
1992	475	1	15	3	1023	1024	1025	
1993	475	1	5	1	1024	
1994	475	1	10	2	1024	1025	
1995	475	1	5	1	1025	
1996	476	2	11	1	1026	
1997	476	2	22	2	1026	1027	
1998	476	2	33	3	1026	1027	1028	
1999	476	2	11	1	1027	
2000	476	2	22	2	1027	1028	
2001	476	2	33	3	1027	1028	1029	
2002	476	2	11	1	1028	
2003	476	2	22	2	1028	1029	
2004	476	2	33	3	1028	1029	1030	
2005	476	2	11	1	1029	
2006	476	2	22	2	1029	1030	
2007	476	2	33	3	1029	1030	1031	
2008	476	2	11	1	1030	
2009	476	2	22	2	1030	1031	
2010	476	2	11	1	1031	
2011	477	2	11	1	1032	
2012	478	2	11	1	1033	
2013	479	1	11	1	1034	
2014	480	2	11	1	1035	
2015	481	1	12	1	1036	
2016	482	2	5	1	1037	
2017	483	1	6	1	1038	
2018	484	1	5	1	1039	
2019	485	1	11	1	1040	
2020	485	1	22	2	1040	1041	
2021	485	1	11	1	1041	
2022	486	1	11	1	1042	
2023	486	1	22	2	1042	1043	
2024	486	1	33	3	1042	1043	1044	
2025	486	1	11	1	1043	
2026	486	1	22	2	1043	1044	
2027	486	1	33	3	1043	1044	1045	
2028	486	1	11	1	1044	
2029	486	1	22	2	1044	1045	
2030	486	1	11	1	1045	
2031	487	1	6	1	1046	
2032	487	1	12	2	1046	1047	
2033	487	1	18	3	1046	1047	1048	
2034	487	1	6	1	1047	
2035	487	1	12	2	1047	1048	
2036	487	1	18	3	1047	1048	1049	
2037	487	1	6	1	1048	
2038	487	1	12	2	1048	1049	
2039	487	1	18	3	1048	1049	1050	
2040	487	1	6	1	1049	
2041	487	1	12	2	1049	1050	
2042	487	1	18	3	1049	1050	1051	
2043	487	1	6	1	1050	
2044	487	1	12	2	1050	1051	
2045	487	1	18	3	1050	1051	1052	
2046	487	1	6	1	1051	
2047	487	1	12	2	1051	1052	
2048	487	1	6	1	1052	
2049	488	2	12	1	1053	
2050	489	2	22	1	1054	
2051	490	1	5	1	1055	
2052	490	1	15	2	1055	1056	
2053	490	1	20	3	1055	1056	1057	
2054	490	1	10	2	1055	1057	
2055	490	1	10	1	1056	
2056	490	1	15	2	1056	1057	
2057	490	1	5	1	1057	
2058	491	2	6	1	1058	
2059	492	2	5	1	1059	
2060	492	2	10	2	1059	1060	
2061	492	2	15	3	1059	1060	1061	
2062	492	2	10	2	1059	1061	
2063	492	2	5	1	1060	
2064	492	2	10	2	1060	1061	
2065	492	2	5	1	1061	
2066	493	1	6	1	1062	
2067	493	1	18	2	1062	1063	
2068	493	1	12	1	1063	
2069	494	1	6	1	1064	
2070	494	1	12	2	1064	1065	
2071	494	1	18	3	1064	1065	1066	
2072	494	1	12	2	1064	1066	
2073	494	1	6	1	1065	
2074	494	1	12	2	1065	1066	
2075	494	1	6	1	1066	
2076	495	1	5	1	1067	
2077	495	1	10	2	1067	1068	
2078	495	1	5	1	1068	
2079	496	1	12	1	1069	
2080	497	2	6	1	1070	
2081	497	2	12	2	1070	1071	
2082	497	2	18	3	1070	1071	1072	
2083	497	2	6	1	1071	
2084	497	2	12	2	1071	1072	
2085	497	2	18	3	1071	1072	1073	
2086	497	2	6	1	1072	
2087	497	2	12	2	1072	1073	
2088	497	2	6	1	1073	
2089	498	2	10	1	1074	
2090	499	2	11	1	1075	
2091	500	2	6	1	1076	
2092	500	2	12	2	1076	1077	
2093	500	2	18	3	1076	1077	1078	
2094	500	2	12	2	1076	1078	
2095	500	2	6	1	1077	
2096	500	2	12	2	1077	1078	
2097	500	2	6	1	1078	
2098	501	2	6	1	1079	
2099	502	2	6	1	1080	
2100	503	2	5	1	1081	
2101	504	2	11	1	1082	
2102	505	2	6	1	1083	
2103	506	2	6	1	1084	
2104	506	2	12	2	1084	1085	
2105	506	2	18	3	1084	1085	1086	
2106	506	2	12	2	1084	1086	
2107	506	2	6	1	1085	
2108	506	2	12	2	1085	1086	
2109	506	2	6	1	1086	
2110	507	2	10	1	1087	
2111	508	1	11	1	1088	
2112	509	1	5	1	1089	
2113	510	2	5	1	1090	
2114	510	2	15	2	1090	1091	
2115	510	2	25	3	1090	1091	1092	
2116	510	2	15	2	1090	1092	
2117	510	2	10	1	1091	
2118	510	2	20	2	1091	1092	
2119	510	2	10	1	1092	
2120	511	2	11	1	1093	
2121	511	2	22	2	1093	1094	
2122	511	2	33	3	1093	1094	1095	
2123	511	2	11	1	1094	
2124	511	2	22	2	1094	1095	
2125	511	2	33	3	1094	1095	1096	
2126	511	2	11	1	1095	
2127	511	2	22	2	1095	1096	
2128	511	2	33	3	1095	1096	1097	
2129	511	2	11	1	1096	
2130	511	2	22	2	1096	1097	
2131	511	2	11	1	1097	
2132	512	2	22	1	1098	
2133	513	1	5	1	1099	
2134	514	2	10	1	1100	
2135	515	2	22	1	1101	
2136	515	2	33	2	1101	1102	
2137	515	2	11	1	1102	
2138	516	2	6	1	1103	
2139	517	2	11	1	1104	
2140	517	2	22	2	1104	1105	
2141	517	2	33	3	1104	1105	1106	
2142	517	2	11	1	1105	
2143	517	2	22	2	1105	1106	
2144	517	2	33	3	1105	1106	1107	
2145	517	2	11	1	1106	
2146	517	2	22	2	1106	1107	
2147	517	2	33	3	1106	1107	1108	
2148	517	2	11	1	1107	
2149	517	2	22	2	1107	1108	
2150	517	2	33	3	1107	1108	1109	
2151	517	2	11	1	1108	
2152	517	2	22	2	1108	1109	
2153	517	2	11	1	1109	
2154	518	1	5	1	1110	
2155	519	2	6	1	1111	
2156	520	1	12	1	1112	
2157	521	1	6	1	1113	
2158	522	1	6	1	1114	
2159	523	2	5	1	1115	
2160	524	1	12	1	1116	
2161	525	2	11	1	1117	
2162	526	2	5	1	1118	
2163	527	2	11	1	1119	
2164	528	1	5	1	1120	
2165	528	1	10	2	1120	1121	
2166	528	1	20	3	1120	1121	1122	
2167	528	1	15	2	1120	1122	
2168	528	1	5	1	1121	
2169	528	1	15	2	1121	1122	
2170	528	1	10	1	1122	
2171	529	2	11	1	1123	
2172	529	2	22	2	1123	1124	
2173	529	2	33	3	1123	1124	1125	
2174	529	2	11	1	1124	
2175	529	2	22	2	1124	1125	
2176	529	2	33	3	1124	1125	1126	
2177	529	2	11	1	1125	
2178	529	2	22	2	1125	1126	
2179	529	2	33	3	1125	1126	1127	
2180	529	2	11	1	1126	
2181	529	2	22	2	1126	1127	
2182	529	2	33	3	1126	1127	1128	
2183	529	2	11	1	1127	
2184	529	2	22	2	1127	1128	
2185	529	2	33	3	1127	1128	1129	
2186	529	2	11	1	1128	
2187	529	2	22	2	1128	1129	
2188	529	2	33	3	1128	1129	1130	
2189	529	2	11	1	1129	
2190	529	2	22	2	1129	1130	
2191	529	2	33	3	1129	1130	1131	
2192	529	2	11	1	1130	
2193	529	2	22	2	1130	1131	
2194	529	2	11	1	1131	
2195	530	2	5	1	1132	
2196	531	1	5	1	1133	
2197	532	1	5	1	1134	
2198	532	1	10	2	1134	1135	
2199	532	1	15	3	1134	1135	1136	
2200	532	1	5	1	1135	
2201	532	1	10	2	1135	1136	
2202	532	1	15	3	1135	1136	1137	
2203	532	1	5	1	1136	
2204	532	1	10	2	1136	1137	
2205	532	1	15	3	1136	1137	1138	
2206	532	1	5	1	1137	
2207	532	1	10	2	1137	1138	
2208	532	1	15	3	1137	1138	1139	
2209	532	1	5	1	1138	
2210	532	1	10	2	1138	1139	
2211	532	1	15	3	1138	1139	1140	
2212	532	1	5	1	1139	
2213	532	1	10	2	1139	1140	
2214	532	1	15	3	1139	1140	1141	
2215	532	1	5	1	1140	
2216	532	1	10	2	1140	1141	
2217	532	1	15	3	1140	1141	1142	
2218	532	1	5	1	1141	
2219	532	1	10	2	1141	1142	
2220	532	1	5	1	1142	
2221	533	1	5	1	1143	
2222	533	1	10	2	1143	1144	
2223	533	1	15	3	1143	1144	1145	
2224	533	1	10	2	1143	1145	
2225	533	1	5	1	1144	
2226	533	1	10	2	1144	1145	
2227	533	1	5	1	1145	
2228	534	1	6	1	1146	
2229	535	2	6	1	1147	
2230	535	2	12	2	1147	1148	
2231	535	2	18	3	1147	1148	1149	
2232	535	2	6	1	1148	
2233	535	2	12	2	1148	1149	
2234	535	2	18	3	1148	1149	1150	
2235	535	2	6	1	1149	
2236	535	2	12	2	1149	1150	
2237	535	2	6	1	1150	
2238	536	1	5	1	1151	
2239	537	2	11	1	1152	
2240	538	1	5	1	1153	
2241	539	1	5	1	1154	
2242	539	1	10	2	1154	1155	
2243	539	1	15	3	1154	1155	1156	
2244	539	1	5	1	1155	
2245	539	1	10	2	1155	1156	
2246	539	1	15	3	1155	1156	1157	
2247	539	1	5	1	1156	
2248	539	1	10	2	1156	1157	
2249	539	1	15	3	1156	1157	1158	
2250	539	1	5	1	1157	
2251	539	1	10	2	1157	1158	
2252	539	1	15	3	1157	1158	1159	
2253	539	1	5	1	1158	
2254	539	1	10	2	1158	1159	
2255	539	1	15	3	1158	1159	1160	
2256	539	1	5	1	1159	
2257	539	1	10	2	1159	1160	
2258	539	1	15	3	1159	1160	1161	
2259	539	1	5	1	1160	
2260	539	1	10	2	1160	1161	
2261	539	1	15	3	1160	1161	1162	
2262	539	1	5	1	1161	
2263	539	1	10	2	1161	1162	
2264	539	1	5	1	1162	
2265	540	2	5	1	1163	
2266	541	1	11	1	1164	
2267	541	1	22	2	1164	1165	
2268	541	1	33	3	1164	1165	1166	
2269	541	1	22	2	1164	1166	
2270	541	1	11	1	1165	
2271	541	1	22	2	1165	1166	
2272	541	1	11	1	1166	
2273	542	1	6	1	1167	
2274	543	2	5	1	1168	
2275	544	2	5	1	1169	
2276	545	1	5	1	1170	
2277	546	2	11	1	1171	
2278	546	2	22	2	1171	1172	
2279	546	2	33	3	1171	1172	1173	
2280	546	2	22	2	1171	1173	
2281	546	2	11	1	1172	
2282	546	2	22	2	1172	1173	
2283	546	2	11	1	1173	
2284	547	1	11	1	1174	
2285	548	1	11	1	1175	
2286	549	2	6	1	1176	
2287	549	2	12	2	1176	1177	
2288	549	2	18	3	1176	1177	1178	
2289	549	2	6	1	1177	
2290	549	2	12	2	1177	1178	
2291	549	2	18	3	1177	1178	1179	
2292	549	2	6	1	1178	
2293	549	2	12	2	1178	1179	
2294	549	2	18	3	1178	1179	1180	
2295	549	2	6	1	1179	
2296	549	2	12	2	1179	1180	
2297	549	2	6	1	1180	
2298	550	2	6	1	1181	
2299	550	2	18	2	1181	1182	
2300	550	2	24	3	1181	1182	1183	
2301	550	2	12	2	1181	1183	
2302	550	2	12	1	1182	
2303	550	2	18	2	1182	1183	
2304	550	2	6	1	1183	
2305	551	1	5	1	1184	
2306	552	1	5	1	1185	
2307	552	1	15	2	1185	1186	
2308	552	1	20	3	1185	1186	1187	
2309	552	1	10	2	1185	1187	
2310	552	1	10	1	1186	
2311	552	1	15	2	1186	1187	
2312	552	1	5	1	1187	
2313	553	1	11	1	1188	
2314	554	1	12	1	1189	
2315	554	1	18	2	1189	1190	
2316	554	1	24	3	1189	1190	1191	
2317	554	1	18	2	1189	1191	
2318	554	1	6	1	1190	
2319	554	1	12	2	1190	1191	
2320	554	1	6	1	1191	
2321	555	2	6	1	1192	
2322	555	2	12	2	1192	1193	
2323	555	2	6	1	1193	
2324	556	1	22	1	1194	
2325	557	2	5	1	1195	
2326	558	1	6	1	1196	
2327	559	2	6	1	1197	
2328	560	1	11	1	1198	
2329	561	1	11	1	1199	
2330	562	1	5	1	1200	
2331	563	2	5	1	1201	
2332	564	1	6	1	1202	
2333	564	1	12	2	1202	1203	
2334	564	1	18	3	1202	1203	1204	
2335	564	1	12	2	1202	1204	
2336	564	1	6	1	1203	
2337	564	1	12	2	1203	1204	
2338	564	1	6	1	1204	
2339	565	1	12	1	1205	
2340	566	1	6	1	1206	
2341	567	2	6	1	1207	
2342	568	2	6	1	1208	
2343	569	2	12	1	1209	
2344	569	2	18	2	1209	1210	
2345	569	2	24	3	1209	1210	1211	
2346	569	2	18	2	1209	1211	
2347	569	2	6	1	1210	
2348	569	2	12	2	1210	1211	
2349	569	2	6	1	1211	
2350	570	1	5	1	1212	
2351	571	1	5	1	1213	
2352	572	2	5	1	1214	
2353	572	2	10	2	1214	1215	
2354	572	2	15	3	1214	1215	1216	
2355	572	2	5	1	1215	
2356	572	2	10	2	1215	1216	
2357	572	2	15	3	1215	1216	1217	
2358	572	2	5	1	1216	
2359	572	2	10	2	1216	1217	
2360	572	2	15	3	1216	1217	1218	
2361	572	2	5	1	1217	
2362	572	2	10	2	1217	1218	
2363	572	2	5	1	1218	
2364	573	2	22	1	1219	
2365	574	2	10	1	1220	
2366	575	2	6	1	1221	
2367	576	2	6	1	1222	
2368	576	2	12	2	1222	1223	
2369	576	2	18	3	1222	1223	1224	
2370	576	2	6	1	1223	
2371	576	2	12	2	1223	1224	
2372	576	2	18	3	1223	1224	1225	
2373	576	2	6	1	1224	
2374	576	2	12	2	1224	1225	
2375	576	2	18	3	1224	1225	1226	
2376	576	2	6	1	1225	
2377	576	2	12	2	1225	1226	
2378	576	2	6	1	1226	
2379	577	1	6	1	1227	
2380	577	1	12	2	1227	1228	
2381	577	1	18	3	1227	1228	1229	
2382	577	1	6	1	1228	
2383	577	1	12	2	1228	1229	
2384	577	1	18	3	1228	1229	1230	
2385	577	1	6	1	1229	
2386	577	1	12	2	1229	1230	
2387	577	1	18	3	1229	1230	1231	
2388	577	1	6	1	1230	
2389	577	1	12	2	1230	1231	
2390	577	1	18	3	1230	1231	1232	
2391	577	1	6	1	1231	
2392	577	1	12	2	1231	1232	
2393	577	1	18	3	1231	1232	1233	
2394	577	1	6	1	1232	
2395	577	1	12	2	1232	1233	
2396	577	1	18	3	1232	1233	1234	
2397	577	1	6	1	1233	
2398	577	1	12	2	1233	1234	
2399	577	1	18	3	1233	1234	1235	
2400	577	1	6	1	1234	
2401	577	1	12	2	1234	1235	
2402	577	1	6	1	1235	
2403	578	1	5	1	1236	
2404	579	2	5	1	1237	
2405	580	2	12	1	1238	
2406	581	2	6	1	1239	
2407	581	2	12	2	1239	1240	
2408	581	2	18	3	1239	1240	1241	
2409	581	2	6	1	1240	
2410	581	2	12	2	1240	1241	
2411	581	2	18	3	1240	1241	1242	
2412	581	2	6	1	1241	
2413	581	2	12	2	1241	1242	
2414	581	2	18	3	1241	1242	1243	
2415	581	2	6	1	1242	
2416	581	2	12	2	1242	1243	
2417	581	2	18	3	1242	1243	1244	
2418	581	2	6	1	1243	
2419	581	2	12	2	1243	1244	
2420	581	2	18	3	1243	1244	1245	
2421	581	2	6	1	1244	
2422	581	2	12	2	1244	1245	
2423	581	2	18	3	1244	1245	1246	
2424	581	2	6	1	1245	
2425	581	2	12	2	1245	1246	
2426	581	2	18	3	1245	1246	1247	
2427	581	2	6	1	1246	
2428	581	2	12	2	1246	1247	
2429	581	2	6	1	1247	
2430	582	1	22	1	1248	
2431	583	2	6	1	1249	
2432	584	2	11	1	1250	
2433	584	2	22	2	1250	1251	
2434	584	2	11	1	1251	
2435	585	1	22	1	1252	
2436	586	2	11	1	1253	
2437	587	2	12	1	1254	
2438	588	1	5	1	1255	
2439	588	1	10	2	1255	1256	
2440	588	1	15	3	1255	1256	1257	
2441	588	1	5	1	1256	
2442	588	1	10	2	1256	1257	
2443	588	1	15	3	1256	1257	1258	
2444	588	1	5	1	1257	
2445	588	1	10	2	1257	1258	
2446	588	1	15	3	1257	1258	1259	
2447	588	1	5	1	1258	
2448	588	1	10	2	1258	1259	
2449	588	1	15	3	1258	1259	1260	
2450	588	1	5	1	1259	
2451	588	1	10	2	1259	1260	
2452	588	1	15	3	1259	1260	1261	
2453	588	1	5	1	1260	
2454	588	1	10	2	1260	1261	
2455	588	1	5	1	1261	
2456	589	2	10	1	1262	
2457	590	1	22	1	1263	
2458	591	2	6	1	1264	
2459	592	1	22	1	1265	
2460	593	2	5	1	1266	
2461	593	2	10	2	1266	1267	
2462	593	2	20	3	1266	1267	1268	
2463	593	2	15	2	1266	1268	
2464	593	2	5	1	1267	
2465	593	2	15	2	1267	1268	
2466	593	2	10	1	1268	
2467	594	2	5	1	1269	
2468	594	2	10	2	1269	1270	
2469	594	2	15	3	1269	1270	1271	
2470	594	2	5	1	1270	
2471	594	2	10	2	1270	1271	
2472	594	2	15	3	1270	1271	1272	
2473	594	2	5	1	1271	
2474	594	2	10	2	1271	1272	
2475	594	2	15	3	1271	1272	1273	
2476	594	2	5	1	1272	
2477	594	2	10	2	1272	1273	
2478	594	2	5	1	1273	
2479	595	2	11	1	1274	
2480	595	2	22	2	1274	1275	
2481	595	2	33	3	1274	1275	1276	
2482	595	2	11	1	1275	
2483	595	2	22	2	1275	1276	
2484	595	2	33	3	1275	1276	1277	
2485	595	2	11	1	1276	
2486	595	2	22	2	1276	1277	
2487	595	2	33	3	1276	1277	1278	
2488	595	2	11	1	1277	
2489	595	2	22	2	1277	1278	
2490	595	2	11	1	1278	
2491	596	2	10	1	1279	
2492	597	1	22	1	1280	
2493	598	2	5	1	1281	
2494	598	2	10	2	1281	1282	
2495	598	2	15	3	1281	1282	1283	
2496	598	2	5	1	1282	
2497	598	2	10	2	1282	1283	
2498	598	2	15	3	1282	1283	1284	
2499	598	2	5	1	1283	
2500	598	2	10	2	1283	1284	
2501	598	2	15	3	1283	1284	1285	
2502	598	2	5	1	1284	
2503	598	2	10	2	1284	1285	
2504	598	2	15	3	1284	1285	1286	
2505	598	2	5	1	1285	
2506	598	2	10	2	1285	1286	
2507	598	2	15	3	1285	1286	1287	
2508	598	2	5	1	1286	
2509	598	2	10	2	1286	1287	
2510	598	2	5	1	1287	
2511	599	2	11	1	1288	
2512	0	2	11	1	1289
2513	1	1	11	1	1290
2514	2	1	22	2	1291	1292
2515	3	1	22	1	1293
2516	4	1	22	1	1294
2517	5	1	15	2	1295	1296
2518	6	1	36	4	1297	1298	1299	1300
2519	7	2	12	2	1301	1302
2520	8	2	18	2	1303	1304
2521	9	1	10	2	1305	1306
2522	10	2	33	2	1307	1308
2523	11	2	22	1	1309
2524	12	2	5	1	1310
2525	13	1	22	1	1311
2526	14	2	18	2	1312	1313
2527	15	1	22	1	1314
2528	16	1	11	1	1315
2529	17	2	12	2	1316	1317
2530	18	1	66	4	1318	1319	1320	1321
2531	19	2	22	1	1322
2532	20	2	35	4	1323	1324	1325	1326
2533	21	2	33	2	1327	1328
2534	22	1	22	1	1329
2535	23	1	20	2	1330	1331
2536	24	1	22	1	1332
2537	25	2	44	2	1333	1334
2538	26	1	33	2	1335	1336
2539	27	1	22	2	1337	1338
2540	28	1	10	1	1339
2541	29	1	20	2	1340	1341
2542	30	1	33	2	1342	1343
2543	31	1	12	1	1344
2544	32	2	24	3	1345	1346	1347
2545	33	2	24	2	1348	1349
2546	34	2	15	2	1350	1351
2547	35	2	11	1	1352
2548	36	2	22	1	1353
2549	37	1	15	2	1354	1355
2550	38	1	35	4	1356	1357	1358	1359
2551	39	2	11	1	1360
2552	40	2	33	2	1361	1362
2553	41	2	22	1	1363
2554	42	2	5	1	1364
2555	43	2	18	3	1365	1366	1367
2556	44	1	20	2	1368	1369
2557	45	1	44	2	1370	1371
2558	46	1	5	1	1372
2559	47	1	5	1	1373
2560	48	2	6	1	1374
2561	49	1	33	2	1375	1376
2562	50	2	33	2	1377	1378
2563	51	2	33	2	1379	1380
2564	52	2	6	1	1381
2565	53	2	11	1	1382
2566	54	2	12	1	1383
2567	55	1	33	2	1384	1385
2568	56	2	10	1	1386
2569	57	2	22	1	1387
2570	58	1	12	1	1388
2571	59	1	12	1	1389
2572	60	2	22	1	1390
2573	61	1	10	1	1391
2574	62	1	36	4	1392	1393	1394	1395
2575	63	2	5	1	1396
2576	64	1	25	4	1397	1398	1399	1400
2577	65	1	10	2	1401	1402
2578	66	1	10	1	1403
2579	67	2	15	2	1404	1405
2580	68	2	12	1	1406
2581	69	1	20	2	1407	1408
2582	70	2	25	3	1409	1410	1411
2583	71	2	22	1	1412
2584	72	2	22	1	1413
2585	73	2	33	2	1414	1415
2586	74	1	12	2	1416	1417
2587	75	2	22	1	1418
2588	76	2	22	1	1419
2589	77	2	18	2	1420	1421
2590	78	2	12	2	1422	1423
2591	79	2	22	1	1424
2592	80	2	33	2	1425	1426
2593	81	2	18	2	1427	1428
2594	82	2	11	1	1429
2595	83	2	24	3	1430	1431	1432
2596	84	1	24	2	1433	1434
2597	85	1	35	4	1435	1436	1437	1438
2598	86	1	10	1	1439
2599	87	1	22	2	1440	1441
2600	88	2	6	1	1442
2601	89	2	33	2	1443	1444
2602	90	2	22	1	1445
2603	91	2	11	1	1446
2604	92	2	10	2	1447	1448
2605	93	1	35	4	1449	1450	1451	1452
2606	94	1	12	2	1453	1454
2607	95	2	36	4	1455	1456	1457	1458
2608	96	1	15	2	1459	1460
2609	97	1	33	2	1461	1462
2610	98	2	22	1	1463
2611	99	2	15	2	1464	1465
2612	100	2	15	2	1466	1467
2613	101	1	11	1	1468
2614	102	1	12	1	1469
2615	103	2	18	2	1470	1471
2616	104	2	6	1	1472
2617	105	1	42	4	1473	1474	1475	1476
2618	106	1	25	3	1477	1478	1479
2619	107	1	12	2	1480	1481
2620	108	1	5	1	1482
2621	109	2	22	1	1483
2622	110	2	15	2	1484	1485
2623	111	1	12	1	1486
2624	112	2	33	2	1487	1488
2625	113	1	25	4	1489	1490	1491	1492
2626	114	2	12	2	1493	1494
2627	115	2	22	1	1495
2628	116	2	10	2	1496	1497
2629	117	1	15	2	1498	1499
2630	118	1	15	2	1500	1501
2631	119	1	10	1	1502
2632	120	1	11	1	1503
2633	121	1	20	2	1504	1505
2634	122	1	22	1	1506
2635	123	2	18	2	1507	1508
2636	124	1	6	1	1509
2637	125	2	5	1	1510
2638	126	2	6	1	1511
2639	127	2	30	4	1512	1513	1514	1515
2640	128	2	33	2	1516	1517
2641	129	1	10	1	1518
2642	130	1	11	1	1519
2643	131	2	33	2	1520	1521
2644	132	2	44	2	1522	1523
2645	133	1	24	2	1524	1525
2646	134	1	11	1	1526
2647	135	2	18	2	1527	1528
2648	136	2	44	3	1529	1530	1531
2649	137	2	66	4	1532	1533	1534	1535
2650	138	1	5	1	1536
2651	139	1	20	2	1537	1538
2652	140	2	12	1	1539
2653	141	1	22	1	1540
2654	142	2	18	2	1541	1542
2655	143	1	11	1	1543
2656	144	1	5	1	1544
2657	145	2	10	1	1545
2658	146	1	12	1	1546
2659	147	1	30	4	1547	1548	1549	1550
2660	148	2	33	2	1551	1552
2661	149	1	10	1	1553
2662	150	1	10	1	1554
2663	151	1	44	3	1555	1556	1557
2664	152	1	22	1	1558
2665	153	1	24	2	1559	1560
2666	154	1	44	2	1561	1562
2667	155	1	18	2	1563	1564
2668	156	2	10	1	1565
2669	157	1	10	2	1566	1567
2670	158	2	5	1	1568
2671	159	1	55	4	1569	1570	1571	1572
2672	160	2	36	4	1573	1574	1575	1576
2673	161	1	20	2	1577	1578
2674	162	2	6	1	1579
2675	163	1	35	4	1580	1581	1582	1583
2676	164	1	10	1	1584
2677	165	2	6	1	1585
2678	166	1	6	1	1586
2679	167	2	22	1	1587
2680	168	1	5	1	1588
2681	169	1	15	2	1589	1590
2682	170	1	10	2	1591	1592
2683	171	1	22	2	1593	1594
2684	172	2	18	2	1595	1596
2685	173	2	22	1	1597
2686	174	2	33	2	1598	1599
2687	175	1	5	1	1600
2688	176	1	10	1	1601
2689	177	2	30	4	1602	1603	1604	1605
2690	178	1	6	1	1606
2691	179	1	44	2	1607	1608
2692	180	2	22	2	1609	1610
2693	181	1	25	3	1611	1612	1613
2694	182	2	35	4	1614	1615	1616	1617
2695	183	1	22	2	1618	1619
2696	184	2	11	1	1620
2697	185	1	18	2	1621	1622
2698	186	2	33	2	1623	1624
2699	187	2	10	2	1625	1626
2700	188	1	5	1	1627
2701	189	2	36	4	1628	1629	1630	1631
2702	190	2	12	2	1632	1633
2703	191	2	10	1	1634
2704	192	2	10	1	1635
2705	193	1	11	1	1636
2706	194	2	20	2	1637	1638
2707	195	2	44	2	1639	1640
2708	196	1	44	2	1641	1642
2709	197	2	18	2	1643	1644
2710	198	1	6	1	1645
2711	199	2	12	1	1646
2712	200	2	30	3	1647	1648	1649
2713	201	1	24	3	1650	1651	1652
2714	202	1	33	2	1653	1654
2715	203	2	6	1	1655
2716	204	1	24	2	1656	1657
2717	205	1	15	2	1658	1659
2718	206	1	22	1	1660
2719	207	1	10	2	1661	1662
2720	208	1	22	2	1663	1664
2721	209	2	5	1	1665
2722	210	1	44	2	1666	1667
2723	211	2	44	2	1668	1669
2724	212	1	6	1	1670
2725	213	1	24	2	1671	1672
2726	214	1	33	2	1673	1674
2727	215	2	22	1	1675
2728	216	2	11	1	1676
2729	217	1	55	3	1677	1678	1679
2730	218	2	6	1	1680
2731	219	1	12	2	1681	1682
2732	220	1	18	2	1683	1684
2733	221	2	12	1	1685
2734	222	2	22	1	1686
2735	223	1	5	1	1687
2736	224	1	12	2	1688	1689
2737	225	1	11	1	1690
2738	226	2	12	1	1691
2739	227	2	66	3	1692	1693	1694
2740	228	1	10	1	1695
2741	229	1	15	2	1696	1697
2742	230	2	33	2	1698	1699
2743	231	2	5	1	1700
2744	232	1	12	2	1701	1702
2745	233	2	66	4	1703	1704	1705	1706
2746	234	2	10	1	1707
2747	235	1	5	1	1708
2748	236	2	22	1	1709
2749	237	1	33	2	1710	1711
2750	238	1	18	2	1712	1713
2751	239	1	18	2	1714	1715
2752	240	1	10	1	1716
2753	241	1	11	1	1717
2754	242	2	30	4	1718	1719	1720	1721
2755	243	1	24	2	1722	1723
2756	244	1	5	1	1724
2757	245	1	6	1	1725
2758	246	2	5	1	1726
2759	247	1	20	3	1727	1728	1729
2760	248	1	55	3	1730	1731	1732
2761	249	2	33	2	1733	1734
2762	250	2	33	2	1735	1736
2763	251	1	12	2	1737	1738
2764	252	1	15	2	1739	1740
2765	253	2	6	1	1741
2766	254	2	20	2	1742	1743
2767	255	1	44	3	1744	1745	1746
2768	256	1	44	2	1747	1748
2769	257	1	30	4	1749	1750	1751	1752
2770	258	2	12	1	1753
2771	259	2	44	2	1754	1755
2772	260	1	12	1	1756
2773	261	1	22	2	1757	1758
2774	262	2	22	1	1759
2775	263	1	20	2	1760	1761
2776	264	2	15	2	1762	1763
2777	265	1	18	2	1764	1765
2778	266	1	35	4	1766	1767	1768	1769
2779	267	2	33	2	1770	1771
2780	268	2	25	3	1772	1773	1774
2781	269	1	12	2	1775	1776
2782	270	2	22	1	1777
2783	271	1	11	1	1778
2784	272	1	15	2	1779	1780
2785	273	1	55	4	1781	1782	1783	1784
2786	274	2	22	2	1785	1786
2787	275	1	12	1	1787
2788	276	2	12	2	1788	1789
2789	277	2	12	1	1790
2790	278	1	24	2	1791	1792
2791	279	2	42	4	1793	1794	1795	1796
2792	280	1	5	1	1797
2793	281	1	22	1	1798
2794	282	1	15	2	1799	1800
2795	283	2	22	1	1801
2796	284	2	10	2	1802	1803
2797	285	1	10	2	1804	1805
2798	286	1	22	1	1806
2799	287	2	22	2	1807	1808
2800	288	2	12	1	1809
2801	289	2	66	4	1810	1811	1812	1813
2802	290	1	33	2	1814	1815
2803	291	2	55	4	1816	1817	1818	1819
2804	292	2	44	2	1820	1821
2805	293	2	36	4	1822	1823	1824	1825
2806	294	2	20	2	1826	1827
2807	295	1	6	1	1828
2808	296	1	15	2	1829	1830
2809	297	2	24	2	1831	1832
2810	298	2	12	2	1833	1834
2811	299	1	33	2	1835	1836
2812	300	1	10	1	1837
2813	301	2	10	1	1838
2814	302	1	24	4	1839	1840	1841	1842
2815	303	2	11	1	1843
2816	304	2	25	4	1844	1845	1846	1847
2817	305	2	22	1	1848
2818	306	1	20	2	1849	1850
2819	307	2	22	1	1851
2820	308	2	5	1	1852
2821	309	1	11	1	1853
2822	310	2	24	2	1854	1855
2823	311	1	18	2	1856	1857
2824	312	1	15	2	1858	1859
2825	313	2	33	2	1860	1861
2826	314	1	10	2	1862	1863
2827	315	2	10	2	1864	1865
2828	316	2	44	3	1866	1867	1868
2829	317	1	66	4	1869	1870	1871	1872
2830	318	1	18	2	1873	1874
2831	319	2	66	3	1875	1876	1877
2832	320	1	66	4	1878	1879	1880	1881
2833	321	2	12	2	1882	1883
2834	322	1	33	2	1884	1885
2835	323	1	20	2	1886	1887
2836	324	2	18	2	1888	1889
2837	325	1	33	2	1890	1891
2838	326	1	10	1	1892
2839	327	2	10	2	1893	1894
2840	328	2	40	4	1895	1896	1897	1898
2841	329	2	6	1	1899
2842	330	1	6	1	1900
2843	331	1	33	2	1901	1902
2844	332	2	11	1	1903
2845	333	2	11	1	1904
2846	334	1	5	1	1905
2847	335	1	24	2	1906	1907
2848	336	2	55	3	1908	1909	1910
2849	337	2	18	2	1911	1912
2850	338	2	10	1	1913
2851	339	1	22	2	1914	1915
2852	340	2	15	2	1916	1917
2853	341	1	10	1	1918
2854	342	1	22	2	1919	1920
2855	343	1	11	1	1921
2856	344	2	18	2	1922	1923
2857	345	1	22	1	1924
2858	346	2	11	1	1925
2859	347	1	11	1	1926
2860	348	1	33	2	1927	1928
2861	349	1	30	4	1929	1930	1931	1932
2862	350	2	33	2	1933	1934
2863	351	1	6	1	1935
2864	352	1	6	1	1936
2865	353	2	22	1	1937
2866	354	1	10	1	1938
2867	355	1	55	3	1939	1940	1941
2868	356	2	11	1	1942
2869	357	1	24	2	1943	1944
2870	358	2	11	1	1945
2871	359	1	44	3	1946	1947	1948
2872	360	2	12	2	1949	1950
2873	361	1	33	2	1951	1952
2874	362	1	10	1	1953
2875	363	1	30	3	1954	1955	1956
2876	364	1	22	1	1957
2877	365	2	15	2	1958	1959
2878	366	2	5	1	1960
2879	367	1	24	2	1961	1962
2880	368	1	20	2	1963	1964
2881	369	1	11	1	1965
2882	370	1	10	2	1966	1967
2883	371	1	55	3	1968	1969	1970
2884	372	1	10	1	1971
2885	373	1	5	1	1972
2886	374	1	66	4	1973	1974	1975	1976
2887	375	2	5	1	1977
2888	376	2	22	2	1978	1979
2889	377	2	10	2	1980	1981
2890	378	1	18	2	1982	1983
2891	379	2	33	2	1984	1985
2892	380	2	22	2	1986	1987
2893	381	1	35	4	1988	1989	1990	1991
2894	382	1	33	2	1992	1993
2895	383	2	33	2	1994	1995
2896	384	1	10	2	1996	1997
2897	385	1	35	4	1998	1999	2000	2001
2898	386	2	12	1	2002
2899	387	1	12	1	2003
2900	388	1	33	2	2004	2005
2901	389	2	35	4	2006	2007	2008	2009
2902	390	2	12	1	2010
2903	391	1	44	3	2011	2012	2013
2904	392	1	6	1	2014
2905	393	2	5	1	2015
2906	394	2	18	2	2016	2017
2907	395	2	55	3	2018	2019	2020
2908	396	2	18	2	2021	2022
2909	397	1	5	1	2023
2910	398	1	6	1	2024
2911	399	2	25	3	2025	2026	2027
2912	400	1	12	1	2028
2913	401	2	77	4	2029	2030	2031	2032
2914	402	2	33	2	2033	2034
2915	403	2	44	2	2035	2036
2916	404	2	5	1	2037
2917	405	2	33	2	2038	2039
2918	406	1	12	1	2040
2919	407	2	22	1	2041
2920	408	1	12	2	2042	2043
2921	409	2	5	1	2044
2922	410	1	11	1	2045
2923	411	1	44	2	2046	2047
2924	412	1	33	2	2048	2049
2925	413	1	6	1	2050
2926	414	1	12	2	2051	2052
2927	415	1	40	4	2053	2054	2055	2056
2928	416	1	11	1	2057
2929	417	2	6	1	2058
2930	418	1	18	2	2059	2060
2931	419	1	12	1	2061
2932	420	1	10	2	2062	2063
2933	421	1	11	1	2064
2934	422	2	15	2	2065	2066
2935	423	1	44	2	2067	2068
2936	424	1	33	2	2069	2070
2937	425	1	6	1	2071
2938	426	1	20	2	2072	2073
2939	427	1	22	1	2074
2940	428	1	11	1	2075
2941	429	2	11	1	2076
2942	430	2	12	2	2077	2078
2943	431	1	33	2	2079	2080
2944	432	2	10	1	2081
2945	433	1	5	1	2082
2946	434	1	33	2	2083	2084
2947	435	2	12	1	2085
2948	436	2	11	1	2086
2949	437	2	36	4	2087	2088	2089	2090
2950	438	2	22	1	2091
2951	439	2	44	2	2092	2093
2952	440	1	12	2	2094	2095
2953	441	1	10	1	2096
2954	442	2	25	3	2097	2098	2099
2955	443	2	6	1	2100
2956	444	1	11	1	2101
2957	445	1	15	2	2102	2103
2958	446	1	20	2	2104	2105
2959	447	1	20	2	2106	2107
2960	448	2	44	2	2108	2109
2961	449	2	20	3	2110	2111	2112
2962	450	2	11	1	2113
2963	451	1	6	1	2114
2964	452	1	18	2	2115	2116
2965	453	2	44	3	2117	2118	2119
2966	454	2	18	2	2120	2121
2967	455	2	5	1	2122
2968	456	2	11	1	2123
2969	457	1	15	2	2124	2125
2970	458	1	15	2	2126	2127
2971	459	1	30	4	2128	2129	2130	2131
2972	460	2	25	3	2132	2133	2134
2973	461	2	6	1	2135
2974	462	1	10	1	2136
2975	463	2	33	2	2137	2138
2976	464	2	20	2	2139	2140
2977	465	2	12	1	2141
2978	466	1	11	1	2142
2979	467	2	18	2	2143	2144
2980	468	1	6	1	2145
2981	469	2	25	4	2146	2147	2148	2149
2982	470	2	22	1	2150
2983	471	2	6	1	2151
2984	472	2	33	2	2152	2153
2985	473	2	30	4	2154	2155	2156	2157
2986	474	1	33	2	2158	2159
2987	475	1	20	4	2160	2161	2162	2163
2988	476	2	55	4	2164	2165	2166	2167
2989	477	2	11	1	2168
2990	478	2	44	2	2169	2170
2991	479	1	44	2	2171	2172
2992	480	2	44	2	2173	2174
2993	481	1	6	1	2175
2994	482	2	10	1	2176
2995	483	1	6	1	2177
2996	484	1	10	2	2178	2179
2997	485	1	33	2	2180	2181
2998	486	1	44	3	2182	2183	2184
2999	487	1	18	3	2185	2186	2187
3000	488	2	12	1	2188
3001	489	2	11	1	2189
3002	490	1	10	2	2190	2191
3003	491	2	12	2	2192	2193
3004	492	2	20	2	2194	2195
3005	493	1	12	1	2196
3006	494	1	6	1	2197
3007	495	1	5	1	2198
3008	496	1	6	1	2199
3009	497	2	30	3	2200	2201	2202
3010	498	2	20	2	2203	2204
3011	499	2	33	2	2205	2206
3012	500	2	6	1	2207
3013	501	2	6	1	2208
3014	502	2	12	1	2209
3015	503	2	10	2	2210	2211
3016	504	2	33	2	2212	2213
3017	505	2	18	2	2214	2215
3018	506	2	12	2	2216	2217
3019	507	2	10	2	2218	2219
3020	508	1	33	2	2220	2221
3021	509	1	5	1	2222
3022	510	2	15	2	2223	2224
3023	511	2	66	4	2225	2226	2227	2228
3024	512	2	11	1	2229
3025	513	1	20	2	2230	2231
3026	514	2	5	1	2232
3027	515	2	11	1	2233
3028	516	2	24	2	2234	2235
3029	517	2	77	4	2236	2237	2238	2239
3030	518	1	10	1	2240
3031	519	2	12	1	2241
3032	520	1	6	1	2242
3033	521	1	18	2	2243	2244
3034	522	1	6	1	2245
3035	523	2	20	2	2246	2247
3036	524	1	12	2	2248	2249
3037	525	2	33	2	2250	2251
3038	526	2	20	2	2252	2253
3039	527	2	11	1	2254
3040	528	1	20	2	2255	2256
3041	529	2	44	3	2257	2258	2259
3042	530	2	5	1	2260
3043	531	1	5	1	2261
3044	532	1	25	3	2262	2263	2264
3045	533	1	10	1	2265
3046	534	1	12	2	2266	2267
3047	535	2	30	3	2268	2269	2270
3048	536	1	15	2	2271	2272
3049	537	2	33	2	2273	2274
3050	538	1	10	1	2275
3051	539	1	30	4	2276	2277	2278	2279
3052	540	2	5	1	2280
3053	541	1	33	2	2281	2282
3054	542	1	12	1	2283
3055	543	2	5	1	2284
3056	544	2	10	1	2285
3057	545	1	5	1	2286
3058	546	2	11	1	2287
3059	547	1	44	2	2288	2289
3060	548	1	22	2	2290	2291
3061	549	2	36	4	2292	2293	2294	2295
3062	550	2	6	1	2296
3063	551	1	5	1	2297
3064	552	1	15	2	2298	2299
3065	553	1	44	2	2300	2301
3066	554	1	18	2	2302	2303
3067	555	2	24	2	2304	2305
3068	556	1	11	1	2306
3069	557	2	5	1	2307
3070	558	1	18	2	2308	2309
3071	559	2	12	2	2310	2311
3072	560	1	22	2	2312	2313
3073	561	1	11	1	2314
3074	562	1	5	1	2315
3075	563	2	5	1	2316
3076	564	1	18	2	2317	2318
3077	565	1	24	2	2319	2320
3078	566	1	24	2	2321	2322
3079	567	2	12	1	2323
3080	568	2	6	1	2324
3081	569	2	12	1	2325
3082	570	1	10	1	2326
3083	571	1	10	1	2327
3084	572	2	15	3	2328	2329	2330
3085	573	2	33	2	2331	2332
3086	574	2	15	2	2333	2334
3087	575	2	12	1	2335
3088	576	2	42	4	2336	2337	2338	2339
3089	577	1	30	4	2340	2341	2342	2343
3090	578	1	20	2	2344	2345
3091	579	2	15	2	2346	2347
3092	580	2	6	1	2348
3093	581	2	30	3	2349	2350	2351
3094	582	1	11	1	2352
3095	583	2	12	2	2353	2354
3096	584	2	11	1	2355
3097	585	1	11	1	2356
3098	586	2	33	2	2357	2358
3099	587	2	12	1	2359
3100	588	1	15	3	2360	2361	2362
3101	589	2	15	2	2363	2364
3102	590	1	11	1	2365
3103	591	2	12	1	2366
3104	592	1	22	1	2367
3105	593	2	10	1	2368
3106	594	2	35	4	2369	2370	2371	2372
3107	595	2	55	3	2373	2374	2375
3108	596	2	20	2	2376	2377
3109	597	1	44	2	2378	2379
3110	598	2	35	4	2380	2381	2382	2383
3111	599	2	11	1	2384
