768
0	0	2485	
1	2	2593	
2	4	2769	
3	5	2685	
4	8	2907	
5	11	2833	
6	13	2684	
7	20	2634	
8	21	2546	
9	24	2385	
10	28	2532	
11	30	2558	
12	31	2928	
13	34	2952	
14	37	2748	
15	38	2934	
16	39	2763	
17	40	2508	
18	46	2640	
19	47	2807	
20	48	2578	
21	49	2504	
22	51	2526	
23	52	2474	
24	55	2430	
25	56	2951	
26	57	2793	
27	60	2504	
28	61	2566	
29	64	2482	
30	66	2429	
31	67	2826	
32	71	2490	
33	72	2851	
34	73	2824	
35	76	2421	
36	78	2452	
37	79	2569	
38	80	2382	
39	81	2857	
40	83	2484	
41	85	2692	
42	87	2451	
43	89	2779	
44	92	2480	
45	93	2393	
46	94	2409	
47	95	2835	
48	100	2589	
49	101	2739	
50	102	2864	
51	103	2774	
52	105	2910	
53	107	2493	
54	108	2445	
55	109	2743	
56	111	2915	
57	112	2387	
58	113	2522	
59	115	2613	
60	117	2794	
61	118	2807	
62	119	2649	
63	120	2665	
64	123	2530	
65	126	2518	
66	127	2494	
67	128	2420	
68	132	2519	
69	134	2831	
70	140	2741	
71	143	2650	
72	144	2949	
73	146	2585	
74	147	2776	
75	150	2424	
76	165	2566	
77	167	2877	
78	168	2453	
79	169	2460	
80	171	2957	
81	172	2569	
82	175	2567	
83	178	2606	
84	182	2724	
85	183	2843	
86	185	2816	
87	186	2847	
88	188	2573	
89	190	2931	
90	191	2638	
91	198	2475	
92	200	2892	
93	201	2937	
94	202	2841	
95	203	2856	
96	205	2573	
97	208	2907	
98	210	2863	
99	212	2503	
100	214	2971	
101	216	2669	
102	217	2686	
103	218	2630	
104	219	2682	
105	220	2441	
106	223	2580	
107	224	2688	
108	225	2784	
109	226	2799	
110	227	2912	
111	228	2571	
112	234	2597	
113	236	2926	
114	237	2707	
115	238	2509	
116	242	2433	
117	243	2614	
118	244	2962	
119	245	2791	
120	248	2554	
121	250	2829	
122	252	2479	
123	253	2831	
124	255	2916	
125	256	2609	
126	257	2845	
127	258	2925	
128	263	2859	
129	265	2713	
130	267	2546	
131	270	2886	
132	273	2380	
133	276	2812	
134	279	2581	
135	280	2729	
136	282	2806	
137	283	2870	
138	284	2442	
139	285	2807	
140	287	2813	
141	289	2766	
142	292	2431	
143	293	2489	
144	296	2618	
145	297	2844	
146	301	2457	
147	302	2388	
148	304	2566	
149	305	2614	
150	306	2573	
151	309	2786	
152	311	2467	
153	314	2447	
154	316	2861	
155	317	2855	
156	319	2738	
157	320	2498	
158	323	2749	
159	325	2639	
160	327	2417	
161	329	2564	
162	331	2458	
163	332	2777	
164	333	2562	
165	336	2775	
166	337	2897	
167	339	2740	
168	340	2838	
169	343	2871	
170	344	2614	
171	345	2569	
172	347	2572	
173	348	2529	
174	352	2642	
175	353	2549	
176	356	2493	
177	357	2388	
178	358	2875	
179	361	2426	
180	362	2502	
181	364	2598	
182	366	2677	
183	368	2402	
184	369	2755	
185	370	2564	
186	371	2701	
187	372	2900	
188	374	2862	
189	375	2765	
190	377	2602	
191	379	2492	
192	389	2890	
193	390	2935	
194	391	2492	
195	392	2498	
196	393	2413	
197	394	2463	
198	396	2525	
199	397	2539	
200	398	2544	
201	399	2407	
202	402	2808	
203	404	2584	
204	407	2740	
205	408	2405	
206	410	2467	
207	411	2830	
208	412	2510	
209	416	2590	
210	418	2963	
211	420	2968	
212	421	2959	
213	423	2657	
214	424	2888	
215	426	2893	
216	427	2883	
217	430	2710	
218	433	2739	
219	436	2539	
220	437	2904	
221	440	2495	
222	442	2733	
223	449	2632	
224	453	2730	
225	459	2427	
226	460	2747	
227	461	2391	
228	462	2543	
229	464	2911	
230	466	2939	
231	468	2501	
232	469	2867	
233	470	2768	
234	473	2895	
235	474	2933	
236	476	2455	
237	479	2736	
238	482	2813	
239	484	2904	
240	488	2975	
241	489	2853	
242	490	2942	
243	491	2837	
244	493	2624	
245	495	2619	
246	496	2907	
247	497	2913	
248	498	2973	
249	500	2849	
250	501	2576	
251	502	2418	
252	505	2472	
253	509	2734	
254	510	2702	
255	511	2887	
256	513	2496	
257	517	2623	
258	518	2938	
259	524	2823	
260	525	2977	
261	529	2605	
262	530	2595	
263	534	2970	
264	535	2870	
265	536	2943	
266	537	2679	
267	544	2438	
268	545	2568	
269	549	2878	
270	550	2556	
271	551	2541	
272	554	2517	
273	557	2850	
274	558	2928	
275	562	2759	
276	565	2435	
277	566	2507	
278	567	2960	
279	571	2751	
280	572	2450	
281	573	2491	
282	576	2834	
283	578	2797	
284	581	2406	
285	583	2965	
286	584	2868	
287	586	2688	
288	587	2756	
289	588	2436	
290	590	2924	
291	592	2884	
292	593	2835	
293	594	2922	
294	596	2697	
295	597	2456	
296	602	2902	
297	604	2417	
298	606	2607	
299	608	2850	
300	609	2486	
301	610	2758	
302	612	2694	
303	614	2635	
304	615	2577	
305	616	2627	
306	618	2599	
307	620	2507	
308	622	2894	
309	624	2798	
310	626	2381	
311	630	2770	
312	632	2507	
313	633	2852	
314	634	2487	
315	637	2431	
316	639	2500	
317	640	2629	
318	641	2704	
319	644	2539	
320	645	2787	
321	647	2604	
322	648	2599	
323	649	2392	
324	652	2705	
325	654	2753	
326	655	2821	
327	656	2918	
328	658	2712	
329	659	2464	
330	660	2870	
331	663	2821	
332	665	2687	
333	666	2629	
334	667	2428	
335	669	2628	
336	671	2462	
337	673	2891	
338	674	2954	
339	675	2511	
340	676	2533	
341	678	2623	
342	679	2899	
343	681	2745	
344	684	2845	
345	688	2654	
346	691	2716	
347	692	2781	
348	693	2703	
349	694	2455	
350	695	2390	
351	697	2714	
352	698	2414	
353	699	2914	
354	701	2555	
355	704	2397	
356	706	2819	
357	708	2876	
358	709	2538	
359	710	2859	
360	712	2496	
361	713	2397	
362	714	2795	
363	716	2676	
364	718	2473	
365	721	2457	
366	722	2528	
367	726	2804	
368	731	2549	
369	732	2633	
370	734	2683	
371	735	2401	
372	736	2842	
373	738	2920	
374	744	2801	
375	745	2732	
376	746	2955	
377	750	2476	
378	754	2551	
379	758	2660	
380	761	2636	
381	762	2531	
382	763	2904	
383	766	2656	
384	767	2454	
385	768	2617	
386	769	2781	
387	771	2545	
388	773	2434	
389	774	2740	
390	776	2389	
391	777	2752	
392	779	2534	
393	782	2626	
394	788	2841	
395	789	2488	
396	790	2827	
397	791	2673	
398	793	2536	
399	794	2516	
400	795	2620	
401	796	2403	
402	799	2722	
403	801	2974	
404	803	2520	
405	807	2956	
406	808	2731	
407	811	2772	
408	813	2615	
409	819	2681	
410	821	2663	
411	825	2423	
412	826	2659	
413	827	2565	
414	828	2949	
415	831	2789	
416	832	2912	
417	833	2836	
418	834	2457	
419	835	2958	
420	840	2573	
421	842	2742	
422	844	2874	
423	846	2767	
424	847	2398	
425	851	2400	
426	852	2582	
427	856	2700	
428	858	2388	
429	859	2811	
430	860	2639	
431	861	2817	
432	862	2785	
433	864	2466	
434	866	2709	
435	867	2953	
436	868	2670	
437	870	2905	
438	873	2461	
439	874	2690	
440	876	2575	
441	878	2396	
442	879	2614	
443	881	2703	
444	884	2859	
445	886	2512	
446	887	2419	
447	889	2500	
448	891	2444	
449	892	2412	
450	895	2754	
451	896	2802	
452	898	2621	
453	900	2600	
454	903	2588	
455	904	2707	
456	905	2583	
457	906	2885	
458	907	2687	
459	908	2591	
460	911	2395	
461	912	2553	
462	914	2557	
463	916	2929	
464	917	2865	
465	918	2552	
466	919	2932	
467	924	2440	
468	925	2674	
469	926	2880	
470	927	2760	
471	928	2782	
472	929	2915	
473	934	2613	
474	935	2904	
475	937	2678	
476	940	2693	
477	943	2661	
478	945	2801	
479	946	2930	
480	947	2853	
481	948	2795	
482	952	2737	
483	954	2689	
484	955	2593	
485	956	2448	
486	959	2594	
487	961	2639	
488	962	2411	
489	964	2783	
490	966	2619	
491	967	2550	
492	968	2799	
493	973	2818	
494	977	2941	
495	982	2721	
496	984	2896	
497	985	2949	
498	986	2542	
499	987	2648	
500	990	2950	
501	991	2394	
502	992	2961	
503	999	2672	
504	1000	2969	
505	1001	2481	
506	1002	2792	
507	1004	2422	
508	1006	2383	
509	1010	2773	
510	1012	2747	
511	1015	2652	
512	1021	2907	
513	1024	2625	
514	1027	2537	
515	1030	2726	
516	1034	2776	
517	1035	2404	
518	1036	2469	
519	1039	2928	
520	1040	2610	
521	1041	2662	
522	1044	2465	
523	1045	2425	
524	1046	2572	
525	1048	2667	
526	1050	2906	
527	1052	2841	
528	1054	2889	
529	1057	2498	
530	1059	2579	
531	1060	2504	
532	1061	2459	
533	1062	2940	
534	1063	2540	
535	1065	2560	
536	1067	2631	
537	1069	2915	
538	1070	2949	
539	1073	2857	
540	1075	2668	
541	1076	2909	
542	1077	2477	
543	1078	2928	
544	1080	2750	
545	1081	2675	
546	1082	2572	
547	1083	2478	
548	1084	2587	
549	1085	2552	
550	1087	2500	
551	1088	2902	
552	1089	2527	
553	1090	2399	
554	1093	2845	
555	1094	2497	
556	1096	2866	
557	1098	2725	
558	1099	2589	
559	1100	2504	
560	1101	2719	
561	1103	2761	
562	1104	2596	
563	1105	2536	
564	1109	2688	
565	1110	2839	
566	1114	2919	
567	1116	2921	
568	1117	2645	
569	1118	2666	
570	1119	2443	
571	1121	2559	
572	1123	2728	
573	1124	2515	
574	1126	2927	
575	1131	2805	
576	1132	2938	
577	1133	2695	
578	1136	2629	
579	1138	2599	
580	1139	2431	
581	1141	2795	
582	1142	2788	
583	1143	2859	
584	1144	2946	
585	1145	2917	
586	1150	2384	
587	1153	2524	
588	1154	2568	
589	1155	2521	
590	1159	2600	
591	1160	2637	
592	1162	2841	
593	1165	2641	
594	1166	2778	
595	1168	2547	
596	1169	2828	
597	1170	2831	
598	1171	2509	
599	1175	2437	
600	1178	2923	
601	1179	2811	
602	1183	2702	
603	1184	2972	
604	1186	2711	
605	1188	2513	
606	1189	2667	
607	1191	2854	
608	1195	2570	
609	1198	2432	
610	1199	2615	
611	1200	2524	
612	1201	2912	
613	1202	2658	
614	1203	2647	
615	1205	2735	
616	1213	2539	
617	1214	2815	
618	1216	2944	
619	1217	2930	
620	1218	2912	
621	1220	2781	
622	1221	2947	
623	1222	2962	
624	1223	2586	
625	1224	2592	
626	1231	2589	
627	1233	2474	
628	1234	2696	
629	1241	2948	
630	1242	2718	
631	1245	2898	
632	1247	2881	
633	1250	2780	
634	1253	2616	
635	1254	2603	
636	1255	2558	
637	1256	2546	
638	1257	2771	
639	1258	2688	
640	1259	2680	
641	1260	2820	
642	1261	2840	
643	1267	2415	
644	1269	2757	
645	1271	2790	
646	1272	2482	
647	1275	2814	
648	1276	2873	
649	1278	2757	
650	1279	2809	
651	1280	2798	
652	1282	2720	
653	1284	2622	
654	1288	2561	
655	1293	2858	
656	1296	2744	
657	1299	2703	
658	1304	2764	
659	1307	2879	
660	1308	2499	
661	1309	2699	
662	1310	2853	
663	1311	2691	
664	1312	2523	
665	1315	2653	
666	1316	2962	
667	1317	2468	
668	1322	2390	
669	1323	2410	
670	1324	2848	
671	1328	2535	
672	1329	2378	
673	1331	2600	
674	1332	2966	
675	1333	2708	
676	1334	2857	
677	1336	2408	
678	1337	2945	
679	1340	2860	
680	1341	2898	
681	1343	2803	
682	1349	2646	
683	1350	2457	
684	1354	2715	
685	1356	2762	
686	1358	2639	
687	1363	2853	
688	1364	2799	
689	1367	2813	
690	1368	2568	
691	1370	2807	
692	1373	2655	
693	1374	2483	
694	1377	2869	
695	1378	2976	
696	1379	2936	
697	1381	2493	
698	1383	2651	
699	1388	2505	
700	1389	2846	
701	1391	2687	
702	1392	2938	
703	1394	2795	
704	1398	2608	
705	1399	2898	
706	1402	2449	
707	1404	2706	
708	1405	2514	
709	1406	2601	
710	1407	2740	
711	1408	2467	
712	1409	2964	
713	1410	2698	
714	1411	2537	
715	1412	2467	
716	1413	2564	
717	1414	2908	
718	1416	2715	
719	1418	2507	
720	1422	2723	
721	1424	2671	
722	1425	2446	
723	1426	2471	
724	1427	2756	
725	1428	2563	
726	1430	2482	
727	1433	2825	
728	1434	2798	
729	1436	2870	
730	1439	2930	
731	1440	2386	
732	1441	2612	
733	1442	2470	
734	1443	2882	
735	1444	2891	
736	1448	2810	
737	1449	2643	
738	1450	2727	
739	1452	2876	
740	1453	2717	
741	1456	2545	
742	1457	2500	
743	1459	2857	
744	1461	2901	
745	1463	2574	
746	1464	2416	
747	1466	2439	
748	1470	2379	
749	1471	2739	
750	1472	2903	
751	1473	2796	
752	1476	2967	
753	1479	2822	
754	1480	2746	
755	1481	2800	
756	1482	2537	
757	1483	2872	
758	1485	2644	
759	1486	2589	
760	1487	2611	
761	1488	2569	
762	1489	2506	
763	1491	2664	
764	1492	2832	
765	1495	2715	
766	1497	2845	
767	1498	2548	
