756
0	0	0	9	364	365	366	367	368	369	370	371	372	
1	2	0	9	364	365	366	367	368	369	370	371	372	
2	3	0	1	915	
3	10	0	3	1009	1010	1011	
4	12	0	1	203	
5	14	0	18	645	646	647	648	649	650	651	652	653	654	655	656	657	658	659	660	661	662	
6	15	0	1	130	
7	18	0	1	333	
8	21	0	1	360	
9	23	0	12	953	954	955	956	957	958	959	960	961	962	963	964	
10	26	0	1	889	
11	30	0	1	440	
12	32	0	24	1070	1071	1072	1073	1074	1075	1076	1077	1078	1079	1080	1081	1082	1083	1084	1085	1086	1087	1088	1089	1090	1091	1092	1093	
13	33	0	1	908	
14	36	0	1	1857	
15	38	0	1	1229	
16	39	0	1	1619	
17	40	0	1	0	
18	41	0	1	1847	
19	43	0	1	1904	
20	44	0	1	1297	
21	48	0	21	1654	1655	1656	1657	1658	1659	1660	1661	1662	1663	1664	1665	1666	1667	1668	1669	1670	1671	1672	1673	1674	
22	49	0	1	641	
23	54	0	15	2133	2134	2135	2136	2137	2138	2139	2140	2141	2142	2143	2144	2145	2146	2147	
24	55	0	1	344	
25	58	0	12	446	447	448	449	450	451	452	453	454	455	456	457	
26	59	0	7	154	155	156	157	158	159	160	
27	60	0	12	290	291	292	293	294	295	296	297	298	299	300	301	
28	61	0	21	866	867	868	869	870	871	872	873	874	875	876	877	878	879	880	881	882	883	884	885	886	
29	64	0	1	131	
30	65	0	1	1120	
31	68	0	1	1718	
32	70	0	24	807	808	809	810	811	812	813	814	815	816	817	818	819	820	821	822	823	824	825	826	827	828	829	830	
33	71	0	1	2078	
34	72	0	12	346	347	348	349	350	351	352	353	354	355	356	357	
35	73	0	1	778	
36	74	0	7	944	945	946	947	948	949	950	
37	75	0	1	1409	
38	76	0	12	2	3	4	5	6	7	8	9	10	11	12	13	
39	83	0	1	1886	
40	84	0	15	34	35	36	37	38	39	40	41	42	43	44	45	46	47	48	
41	85	0	1	1556	
42	87	0	7	666	667	668	669	670	671	672	
43	90	0	7	2126	2127	2128	2129	2130	2131	2132	
44	91	0	1	1816	
45	93	0	1	2158	
46	94	0	7	416	417	418	419	420	421	422	
47	95	0	1	207	
48	96	0	1	1238	
49	99	0	1	1408	
50	101	0	7	1178	1179	1180	1181	1182	1183	1184	
51	102	0	1	982	
52	106	0	3	1991	1992	1993	
53	109	0	1	596	
54	110	0	1	1152	
55	115	0	21	1412	1413	1414	1415	1416	1417	1418	1419	1420	1421	1422	1423	1424	1425	1426	1427	1428	1429	1430	1431	1432	
56	117	0	1	1859	
57	119	0	1	1805	
58	123	0	1	331	
59	126	0	12	233	234	235	236	237	238	239	240	241	242	243	244	
60	127	0	1	1402	
61	130	0	1	1836	
62	131	0	12	1274	1275	1276	1277	1278	1279	1280	1281	1282	1283	1284	1285	
63	133	0	1	439	
64	137	0	1	1068	
65	139	0	21	1566	1567	1568	1569	1570	1571	1572	1573	1574	1575	1576	1577	1578	1579	1580	1581	1582	1583	1584	1585	1586	
66	143	0	9	305	306	307	308	309	310	311	312	313	
67	144	0	1	836	
68	147	0	1	1117	
69	148	0	21	1566	1567	1568	1569	1570	1571	1572	1573	1574	1575	1576	1577	1578	1579	1580	1581	1582	1583	1584	1585	1586	
70	151	0	21	1246	1247	1248	1249	1250	1251	1252	1253	1254	1255	1256	1257	1258	1259	1260	1261	1262	1263	1264	1265	1266	
71	152	0	7	1897	1898	1899	1900	1901	1902	1903	
72	156	0	1	359	
73	157	0	21	1631	1632	1633	1634	1635	1636	1637	1638	1639	1640	1641	1642	1643	1644	1645	1646	1647	1648	1649	1650	1651	
74	159	0	21	1933	1934	1935	1936	1937	1938	1939	1940	1941	1942	1943	1944	1945	1946	1947	1948	1949	1950	1951	1952	1953	
75	160	0	9	305	306	307	308	309	310	311	312	313	
76	165	0	1	1725	
77	167	0	3	435	436	437	
78	168	0	3	1986	1987	1988	
79	171	0	15	2079	2080	2081	2082	2083	2084	2085	2086	2087	2088	2089	2090	2091	2092	2093	
80	174	0	1	1717	
81	175	0	1	1629	
82	177	0	1	861	
83	178	0	1	986	
84	179	0	1	541	
85	183	0	1	79	
86	184	0	12	1920	1921	1922	1923	1924	1925	1926	1927	1928	1929	1930	1931	
87	185	0	1	464	
88	186	0	1	1962	
89	188	0	24	488	489	490	491	492	493	494	495	496	497	498	499	500	501	502	503	504	505	506	507	508	509	510	511	
90	191	0	1	97	
91	195	0	7	1339	1340	1341	1342	1343	1344	1345	
92	196	0	18	386	387	388	389	390	391	392	393	394	395	396	397	398	399	400	401	402	403	
93	197	0	7	1837	1838	1839	1840	1841	1842	1843	
94	198	0	18	16	17	18	19	20	21	22	23	24	25	26	27	28	29	30	31	32	33	
95	202	0	1	1751	
96	203	0	1	232	
97	204	0	18	2059	2060	2061	2062	2063	2064	2065	2066	2067	2068	2069	2070	2071	2072	2073	2074	2075	2076	
98	205	0	21	1654	1655	1656	1657	1658	1659	1660	1661	1662	1663	1664	1665	1666	1667	1668	1669	1670	1671	1672	1673	1674	
99	206	0	7	2011	2012	2013	2014	2015	2016	2017	
100	209	0	9	187	188	189	190	191	192	193	194	195	
101	210	0	1	1471	
102	212	0	1	1185	
103	214	0	15	1787	1788	1789	1790	1791	1792	1793	1794	1795	1796	1797	1798	1799	1800	1801	
104	215	0	18	645	646	647	648	649	650	651	652	653	654	655	656	657	658	659	660	661	662	
105	217	0	1	1003	
106	218	0	1	987	
107	220	0	7	1168	1169	1170	1171	1172	1173	1174	
108	221	0	1	1818	
109	223	0	21	693	694	695	696	697	698	699	700	701	702	703	704	705	706	707	708	709	710	711	712	713	
110	224	0	1	759	
111	226	0	18	211	212	213	214	215	216	217	218	219	220	221	222	223	224	225	226	227	228	
112	227	0	3	341	342	343	
113	228	0	1	304	
114	229	0	15	1053	1054	1055	1056	1057	1058	1059	1060	1061	1062	1063	1064	1065	1066	1067	
115	231	0	1	1562	
116	232	0	1	1563	
117	233	0	18	612	613	614	615	616	617	618	619	620	621	622	623	624	625	626	627	628	629	
118	234	0	1	1177	
119	239	0	1	888	
120	241	0	12	1306	1307	1308	1309	1310	1311	1312	1313	1314	1315	1316	1317	
121	242	0	21	866	867	868	869	870	871	872	873	874	875	876	877	878	879	880	881	882	883	884	885	886	
122	248	0	21	1412	1413	1414	1415	1416	1417	1418	1419	1420	1421	1422	1423	1424	1425	1426	1427	1428	1429	1430	1431	1432	
123	249	0	7	900	901	902	903	904	905	906	
124	250	0	18	645	646	647	648	649	650	651	652	653	654	655	656	657	658	659	660	661	662	
125	251	0	1	302	
126	252	0	1	839	
127	253	0	1	1226	
128	254	0	1	85	
129	258	0	3	992	993	994	
130	259	0	1	150	
131	260	0	12	54	55	56	57	58	59	60	61	62	63	64	65	
132	262	0	3	1442	1443	1444	
133	266	0	1	1398	
134	267	0	7	314	315	316	317	318	319	320	
135	269	0	1	1848	
136	270	0	1	1891	
137	271	0	3	1230	1231	1232	
138	272	0	3	663	664	665	
139	274	0	15	1995	1996	1997	1998	1999	2000	2001	2002	2003	2004	2005	2006	2007	2008	2009	
140	278	0	7	1145	1146	1147	1148	1149	1150	1151	
141	281	0	1	332	
142	282	0	18	1698	1699	1700	1701	1702	1703	1704	1705	1706	1707	1708	1709	1710	1711	1712	1713	1714	1715	
143	283	0	1	1040	
144	286	0	1	601	
145	287	0	1	1852	
146	289	0	3	1223	1224	1225	
147	294	0	1	595	
148	295	0	1	794	
149	296	0	1	68	
150	297	0	7	1772	1773	1774	1775	1776	1777	1778	
151	301	0	15	1995	1996	1997	1998	1999	2000	2001	2002	2003	2004	2005	2006	2007	2008	2009	
152	304	0	1	1908	
153	305	0	1	1	
154	307	0	1	777	
155	308	0	9	1105	1106	1107	1108	1109	1110	1111	1112	1113	
156	310	0	1	67	
157	312	0	12	714	715	716	717	718	719	720	721	722	723	724	725	
158	313	0	1	53	
159	314	0	1	1588	
160	315	0	3	2031	2032	2033	
161	316	0	1	204	
162	317	0	1	321	
163	318	0	1	1606	
164	319	0	1	71	
165	320	0	7	1975	1976	1977	1978	1979	1980	1981	
166	322	0	1	129	
167	324	0	1	1495	
168	325	0	15	1053	1054	1055	1056	1057	1058	1059	1060	1061	1062	1063	1064	1065	1066	1067	
169	326	0	21	1449	1450	1451	1452	1453	1454	1455	1456	1457	1458	1459	1460	1461	1462	1463	1464	1465	1466	1467	1468	1469	
170	333	0	1	2123	
171	334	0	1	108	
172	335	0	1	1019	
173	339	0	1	1605	
174	340	0	1	98	
175	343	0	1	136	
176	345	0	3	1157	1158	1159	
177	347	0	1	2119	
178	349	0	3	2195	2196	2197	
179	353	0	7	1161	1162	1163	1164	1165	1166	1167	
180	354	0	3	425	426	427	
181	355	0	24	1498	1499	1500	1501	1502	1503	1504	1505	1506	1507	1508	1509	1510	1511	1512	1513	1514	1515	1516	1517	1518	1519	1520	1521	
182	356	0	12	2096	2097	2098	2099	2100	2101	2102	2103	2104	2105	2106	2107	
183	358	0	1	461	
184	359	0	1	1856	
185	361	0	7	731	732	733	734	735	736	737	
186	363	0	1	1676	
187	365	0	3	1821	1822	1823	
188	366	0	1	200	
189	367	0	1	862	
190	368	0	18	1698	1699	1700	1701	1702	1703	1704	1705	1706	1707	1708	1709	1710	1711	1712	1713	1714	1715	
191	372	0	1	754	
192	374	0	1	691	
193	375	0	1	252	
194	377	0	15	2133	2134	2135	2136	2137	2138	2139	2140	2141	2142	2143	2144	2145	2146	2147	
195	380	0	7	2185	2186	2187	2188	2189	2190	2191	
196	381	0	1	69	
197	383	0	21	1677	1678	1679	1680	1681	1682	1683	1684	1685	1686	1687	1688	1689	1690	1691	1692	1693	1694	1695	1696	1697	
198	388	0	1	330	
199	389	0	3	1530	1531	1532	
200	390	0	18	2059	2060	2061	2062	2063	2064	2065	2066	2067	2068	2069	2070	2071	2072	2073	2074	2075	2076	
201	394	0	1	910	
202	395	0	1	134	
203	400	0	15	676	677	678	679	680	681	682	683	684	685	686	687	688	689	690	
204	402	0	12	2	3	4	5	6	7	8	9	10	11	12	13	
205	403	0	21	1677	1678	1679	1680	1681	1682	1683	1684	1685	1686	1687	1688	1689	1690	1691	1692	1693	1694	1695	1696	1697	
206	404	0	1	257	
207	406	0	21	1631	1632	1633	1634	1635	1636	1637	1638	1639	1640	1641	1642	1643	1644	1645	1646	1647	1648	1649	1650	1651	
208	407	0	1	1958	
209	410	0	1	2042	
210	411	0	1	49	
211	413	0	24	1347	1348	1349	1350	1351	1352	1353	1354	1355	1356	1357	1358	1359	1360	1361	1362	1363	1364	1365	1366	1367	1368	1369	1370	
212	416	0	15	34	35	36	37	38	39	40	41	42	43	44	45	46	47	48	
213	417	0	1	186	
214	418	0	1	1013	
215	419	0	1	1267	
216	420	0	7	1096	1097	1098	1099	1100	1101	1102	
217	421	0	1	415	
218	422	0	3	1719	1720	1721	
219	423	0	1	1983	
220	427	0	9	891	892	893	894	895	896	897	898	899	
221	429	0	1	210	
222	433	0	24	918	919	920	921	922	923	924	925	926	927	928	929	930	931	932	933	934	935	936	937	938	939	940	941	
223	436	0	15	1053	1054	1055	1056	1057	1058	1059	1060	1061	1062	1063	1064	1065	1066	1067	
224	437	0	21	1449	1450	1451	1452	1453	1454	1455	1456	1457	1458	1459	1460	1461	1462	1463	1464	1465	1466	1467	1468	1469	
225	438	0	1	1820	
226	442	0	1	1615	
227	451	0	1	2159	
228	453	0	1	1497	
229	456	0	24	546	547	548	549	550	551	552	553	554	555	556	557	558	559	560	561	562	563	564	565	566	567	568	569	
230	461	0	1	1728	
231	464	0	7	2160	2161	2162	2163	2164	2165	2166	
232	466	0	1	1473	
233	470	0	1	1755	
234	471	0	1	1628	
235	472	0	1	887	
236	476	0	1	599	
237	477	0	1	751	
238	478	0	15	2079	2080	2081	2082	2083	2084	2085	2086	2087	2088	2089	2090	2091	2092	2093	
239	480	0	12	1920	1921	1922	1923	1924	1925	1926	1927	1928	1929	1930	1931	
240	481	0	21	1730	1731	1732	1733	1734	1735	1736	1737	1738	1739	1740	1741	1742	1743	1744	1745	1746	1747	1748	1749	1750	
241	485	0	12	1306	1307	1308	1309	1310	1311	1312	1313	1314	1315	1316	1317	
242	486	0	1	137	
243	490	0	21	268	269	270	271	272	273	274	275	276	277	278	279	280	281	282	283	284	285	286	287	288	
244	491	0	24	918	919	920	921	922	923	924	925	926	927	928	929	930	931	932	933	934	935	936	937	938	939	940	941	
245	493	0	1	1888	
246	494	0	3	1268	1269	1270	
247	495	0	24	570	571	572	573	574	575	576	577	578	579	580	581	582	583	584	585	586	587	588	589	590	591	592	593	
248	498	0	1	99	
249	499	0	21	161	162	163	164	165	166	167	168	169	170	171	172	173	174	175	176	177	178	179	180	181	
250	500	0	24	488	489	490	491	492	493	494	495	496	497	498	499	500	501	502	503	504	505	506	507	508	509	510	511	
251	501	0	1	1860	
252	504	0	12	138	139	140	141	142	143	144	145	146	147	148	149	
253	505	0	1	1227	
254	508	0	1	1807	
255	509	0	21	1730	1731	1732	1733	1734	1735	1736	1737	1738	1739	1740	1741	1742	1743	1744	1745	1746	1747	1748	1749	1750	
256	510	0	1	1475	
257	512	0	3	543	544	545	
258	513	0	1	600	
259	515	0	1	1069	
260	518	0	1	373	
261	520	0	21	840	841	842	843	844	845	846	847	848	849	850	851	852	853	854	855	856	857	858	859	860	
262	524	0	1	86	
263	528	0	1	127	
264	529	0	1	909	
265	534	0	18	1698	1699	1700	1701	1702	1703	1704	1705	1706	1707	1708	1709	1710	1711	1712	1713	1714	1715	
266	535	0	1	404	
267	536	0	1	374	
268	537	0	12	2047	2048	2049	2050	2051	2052	2053	2054	2055	2056	2057	2058	
269	538	0	1	1318	
270	541	0	1	1845	
271	542	0	3	746	747	748	
272	547	0	1	1915	
273	548	0	12	138	139	140	141	142	143	144	145	146	147	148	149	
274	549	0	1	749	
275	550	0	1	943	
276	551	0	7	2151	2152	2153	2154	2155	2156	2157	
277	553	0	21	866	867	868	869	870	871	872	873	874	875	876	877	878	879	880	881	882	883	884	885	886	
278	556	0	3	1371	1372	1373	
279	558	0	21	268	269	270	271	272	273	274	275	276	277	278	279	280	281	282	283	284	285	286	287	288	
280	559	0	1	2125	
281	560	0	1	205	
282	561	0	7	323	324	325	326	327	328	329	
283	562	0	1	1558	
284	563	0	24	1121	1122	1123	1124	1125	1126	1127	1128	1129	1130	1131	1132	1133	1134	1135	1136	1137	1138	1139	1140	1141	1142	1143	1144	
285	564	0	1	1474	
286	565	0	1	515	
287	566	0	1	1298	
288	567	0	3	1911	1912	1913	
289	568	0	1	199	
290	569	0	1	756	
291	570	0	7	428	429	430	431	432	433	434	
292	572	0	21	1192	1193	1194	1195	1196	1197	1198	1199	1200	1201	1202	1203	1204	1205	1206	1207	1208	1209	1210	1211	1212	
293	576	0	1	1472	
294	580	0	1	1825	
295	581	0	3	728	729	730	
296	583	0	3	781	782	783	
297	584	0	21	840	841	842	843	844	845	846	847	848	849	850	851	852	853	854	855	856	857	858	859	860	
298	585	0	1	755	
299	587	0	1	407	
300	588	0	1	1119	
301	590	0	3	2109	2110	2111	
302	591	0	1	1041	
303	592	0	1	1587	
304	593	0	1	201	
305	594	0	1	742	
306	596	0	24	1347	1348	1349	1350	1351	1352	1353	1354	1355	1356	1357	1358	1359	1360	1361	1362	1363	1364	1365	1366	1367	1368	1369	1370	
307	597	0	1	1984	
308	598	0	1	441	
309	599	0	21	840	841	842	843	844	845	846	847	848	849	850	851	852	853	854	855	856	857	858	859	860	
310	602	0	15	34	35	36	37	38	39	40	41	42	43	44	45	46	47	48	
311	604	0	15	1375	1376	1377	1378	1379	1380	1381	1382	1383	1384	1385	1386	1387	1388	1389	
312	606	0	1	542	
313	607	0	1	832	
314	612	0	9	973	974	975	976	977	978	979	980	981	
315	616	0	1	1175	
316	617	0	1	951	
317	618	0	3	1233	1234	1235	
318	623	0	3	1153	1154	1155	
319	624	0	3	1955	1956	1957	
320	626	0	1	833	
321	628	0	3	2020	2021	2022	
322	629	0	1	1890	
323	630	0	24	2198	2199	2200	2201	2202	2203	2204	2205	2206	2207	2208	2209	2210	2211	2212	2213	2214	2215	2216	2217	2218	2219	2220	2221	
324	631	0	1	1410	
325	633	0	15	1375	1376	1377	1378	1379	1380	1381	1382	1383	1384	1385	1386	1387	1388	1389	
326	635	0	1	2121	
327	639	0	1	2045	
328	640	0	1	1002	
329	643	0	1	1559	
330	645	0	1	1561	
331	646	0	1	834	
332	649	0	1	66	
333	650	0	1	1989	
334	657	0	1	1115	
335	659	0	3	1189	1190	1191	
336	661	0	3	774	775	776	
337	664	0	1	727	
338	669	0	15	2079	2080	2081	2082	2083	2084	2085	2086	2087	2088	2089	2090	2091	2092	2093	
339	671	0	21	1535	1536	1537	1538	1539	1540	1541	1542	1543	1544	1545	1546	1547	1548	1549	1550	1551	1552	1553	1554	1555	
340	672	0	1	322	
341	674	0	1	916	
342	675	0	1	1273	
343	677	0	21	1631	1632	1633	1634	1635	1636	1637	1638	1639	1640	1641	1642	1643	1644	1645	1646	1647	1648	1649	1650	1651	
344	678	0	1	1614	
345	679	0	1	642	
346	680	0	1	1529	
347	683	0	1	196	
348	684	0	3	1014	1015	1016	
349	688	0	1	1296	
350	689	0	3	1853	1854	1855	
351	692	0	1	230	
352	694	0	1	952	
353	696	0	1	198	
354	697	0	1	197	
355	699	0	1	907	
356	700	0	15	1324	1325	1326	1327	1328	1329	1330	1331	1332	1333	1334	1335	1336	1337	1338	
357	702	0	18	2059	2060	2061	2062	2063	2064	2065	2066	2067	2068	2069	2070	2071	2072	2073	2074	2075	2076	
358	706	0	15	1324	1325	1326	1327	1328	1329	1330	1331	1332	1333	1334	1335	1336	1337	1338	
359	710	0	24	488	489	490	491	492	493	494	495	496	497	498	499	500	501	502	503	504	505	506	507	508	509	510	511	
360	711	0	1	1916	
361	713	0	1	1160	
362	715	0	1	965	
363	716	0	1	1603	
364	717	0	1	1565	
365	719	0	21	1933	1934	1935	1936	1937	1938	1939	1940	1941	1942	1943	1944	1945	1946	1947	1948	1949	1950	1951	1952	1953	
366	720	0	1	231	
367	721	0	1	1446	
368	726	0	3	983	984	985	
369	728	0	18	1477	1478	1479	1480	1481	1482	1483	1484	1485	1486	1487	1488	1489	1490	1491	1492	1493	1494	
370	729	0	18	386	387	388	389	390	391	392	393	394	395	396	397	398	399	400	401	402	403	
371	732	0	1	1727	
372	733	0	1	406	
373	735	0	24	807	808	809	810	811	812	813	814	815	816	817	818	819	820	821	822	823	824	825	826	827	828	829	830	
374	738	0	1	835	
375	740	0	1	133	
376	743	0	24	1498	1499	1500	1501	1502	1503	1504	1505	1506	1507	1508	1509	1510	1511	1512	1513	1514	1515	1516	1517	1518	1519	1520	1521	
377	744	0	1	1824	
378	745	0	1	1652	
379	746	0	21	1654	1655	1656	1657	1658	1659	1660	1661	1662	1663	1664	1665	1666	1667	1668	1669	1670	1671	1672	1673	1674	
380	748	0	24	1347	1348	1349	1350	1351	1352	1353	1354	1355	1356	1357	1358	1359	1360	1361	1362	1363	1364	1365	1366	1367	1368	1369	1370	
381	752	0	1	1448	
382	754	0	7	966	967	968	969	970	971	972	
383	755	0	7	245	246	247	248	249	250	251	
384	757	0	1	132	
385	759	0	1	673	
386	760	0	1	2010	
387	761	0	1	2122	
388	764	0	7	1289	1290	1291	1292	1293	1294	1295	
389	765	0	9	784	785	786	787	788	789	790	791	792	
390	767	0	1	1533	
391	769	0	1	1433	
392	770	0	21	1192	1193	1194	1195	1196	1197	1198	1199	1200	1201	1202	1203	1204	1205	1206	1207	1208	1209	1210	1211	1212	
393	771	0	1	2077	
394	772	0	24	1861	1862	1863	1864	1865	1866	1867	1868	1869	1870	1871	1872	1873	1874	1875	1876	1877	1878	1879	1880	1881	1882	1883	1884	
395	773	0	12	1274	1275	1276	1277	1278	1279	1280	1281	1282	1283	1284	1285	
396	774	0	1	1228	
397	777	0	3	1050	1051	1052	
398	778	0	1	183	
399	779	0	24	516	517	518	519	520	521	522	523	524	525	526	527	528	529	530	531	532	533	534	535	536	537	538	539	
400	785	0	24	1861	1862	1863	1864	1865	1866	1867	1868	1869	1870	1871	1872	1873	1874	1875	1876	1877	1878	1879	1880	1881	1882	1883	1884	
401	787	0	24	1347	1348	1349	1350	1351	1352	1353	1354	1355	1356	1357	1358	1359	1360	1361	1362	1363	1364	1365	1366	1367	1368	1369	1370	
402	790	0	7	795	796	797	798	799	800	801	
403	791	0	1	1919	
404	793	0	7	408	409	410	411	412	413	414	
405	794	0	1	1534	
406	797	0	1	1560	
407	801	0	3	604	605	606	
408	802	0	9	1105	1106	1107	1108	1109	1110	1111	1112	1113	
409	804	0	21	161	162	163	164	165	166	167	168	169	170	171	172	173	174	175	176	177	178	179	180	181	
410	809	0	9	1826	1827	1828	1829	1830	1831	1832	1833	1834	
411	812	0	15	676	677	678	679	680	681	682	683	684	685	686	687	688	689	690	
412	813	0	1	631	
413	815	0	3	988	989	990	
414	816	0	9	1214	1215	1216	1217	1218	1219	1220	1221	1222	
415	817	0	21	1730	1731	1732	1733	1734	1735	1736	1737	1738	1739	1740	1741	1742	1743	1744	1745	1746	1747	1748	1749	1750	
416	820	0	1	1889	
417	821	0	1	1846	
418	822	0	24	1070	1071	1072	1073	1074	1075	1076	1077	1078	1079	1080	1081	1082	1083	1084	1085	1086	1087	1088	1089	1090	1091	1092	1093	
419	823	0	1	2167	
420	826	0	21	840	841	842	843	844	845	846	847	848	849	850	851	852	853	854	855	856	857	858	859	860	
421	831	0	1	2019	
422	833	0	1	913	
423	834	0	1	738	
424	835	0	1	1118	
425	838	0	18	386	387	388	389	390	391	392	393	394	395	396	397	398	399	400	401	402	403	
426	839	0	1	1411	
427	843	0	1	1817	
428	844	0	18	1022	1023	1024	1025	1026	1027	1028	1029	1030	1031	1032	1033	1034	1035	1036	1037	1038	1039	
429	846	0	1	70	
430	848	0	7	1607	1608	1609	1610	1611	1612	1613	
431	852	0	21	866	867	868	869	870	871	872	873	874	875	876	877	878	879	880	881	882	883	884	885	886	
432	853	0	24	918	919	920	921	922	923	924	925	926	927	928	929	930	931	932	933	934	935	936	937	938	939	940	941	
433	855	0	1	1617	
434	857	0	3	1722	1723	1724	
435	858	0	1	1557	
436	860	0	21	1535	1536	1537	1538	1539	1540	1541	1542	1543	1544	1545	1546	1547	1548	1549	1550	1551	1552	1553	1554	1555	
437	861	0	21	693	694	695	696	697	698	699	700	701	702	703	704	705	706	707	708	709	710	711	712	713	
438	863	0	1	603	
439	864	0	1	1496	
440	865	0	1	911	
441	866	0	1	1909	
442	868	0	7	1435	1436	1437	1438	1439	1440	1441	
443	869	0	15	1324	1325	1326	1327	1328	1329	1330	1331	1332	1333	1334	1335	1336	1337	1338	
444	872	0	12	2096	2097	2098	2099	2100	2101	2102	2103	2104	2105	2106	2107	
445	874	0	24	1121	1122	1123	1124	1125	1126	1127	1128	1129	1130	1131	1132	1133	1134	1135	1136	1137	1138	1139	1140	1141	1142	1143	1144	
446	880	0	24	516	517	518	519	520	521	522	523	524	525	526	527	528	529	530	531	532	533	534	535	536	537	538	539	
447	881	0	1	1932	
448	882	0	1	1445	
449	884	0	24	807	808	809	810	811	812	813	814	815	816	817	818	819	820	821	822	823	824	825	826	827	828	829	830	
450	885	0	9	1591	1592	1593	1594	1595	1596	1597	1598	1599	
451	886	0	21	268	269	270	271	272	273	274	275	276	277	278	279	280	281	282	283	284	285	286	287	288	
452	887	0	1	14	
453	888	0	15	1787	1788	1789	1790	1791	1792	1793	1794	1795	1796	1797	1798	1799	1800	1801	
454	890	0	7	2023	2024	2025	2026	2027	2028	2029	
455	892	0	1	1753	
456	897	0	7	334	335	336	337	338	339	340	
457	898	0	1	1323	
458	900	0	1	1844	
459	901	0	9	259	260	261	262	263	264	265	266	267	
460	902	0	15	676	677	678	679	680	681	682	683	684	685	686	687	688	689	690	
461	904	0	21	1449	1450	1451	1452	1453	1454	1455	1456	1457	1458	1459	1460	1461	1462	1463	1464	1465	1466	1467	1468	1469	
462	906	0	3	739	740	741	
463	908	0	1	442	
464	910	0	21	1192	1193	1194	1195	1196	1197	1198	1199	1200	1201	1202	1203	1204	1205	1206	1207	1208	1209	1210	1211	1212	
465	911	0	1	135	
466	916	0	7	1239	1240	1241	1242	1243	1244	1245	
467	919	0	1	1322	
468	923	0	1	1604	
469	927	0	1	597	
470	928	0	24	2198	2199	2200	2201	2202	2203	2204	2205	2206	2207	2208	2209	2210	2211	2212	2213	2214	2215	2216	2217	2218	2219	2220	2221	
471	930	0	1	1835	
472	931	0	1	128	
473	934	0	1	96	
474	935	0	12	54	55	56	57	58	59	60	61	62	63	64	65	
475	938	0	1	912	
476	940	0	1	1994	
477	941	0	1	1390	
478	942	0	1	1007	
479	943	0	1	2168	
480	949	0	21	268	269	270	271	272	273	274	275	276	277	278	279	280	281	282	283	284	285	286	287	288	
481	951	0	12	953	954	955	956	957	958	959	960	961	962	963	964	
482	953	0	1	643	
483	954	0	3	1600	1601	1602	
484	957	0	1	184	
485	958	0	1	1806	
486	963	0	1	750	
487	966	0	1	1885	
488	967	0	1	1653	
489	968	0	1	890	
490	969	0	1	1675	
491	971	0	15	1375	1376	1377	1378	1379	1380	1381	1382	1383	1384	1385	1386	1387	1388	1389	
492	973	0	1	1008	
493	974	0	24	1121	1122	1123	1124	1125	1126	1127	1128	1129	1130	1131	1132	1133	1134	1135	1136	1137	1138	1139	1140	1141	1142	1143	1144	
494	975	0	15	1756	1757	1758	1759	1760	1761	1762	1763	1764	1765	1766	1767	1768	1769	1770	
495	976	0	18	211	212	213	214	215	216	217	218	219	220	221	222	223	224	225	226	227	228	
496	978	0	18	1477	1478	1479	1480	1481	1482	1483	1484	1485	1486	1487	1488	1489	1490	1491	1492	1493	1494	
497	979	0	1	917	
498	981	0	9	891	892	893	894	895	896	897	898	899	
499	983	0	21	1192	1193	1194	1195	1196	1197	1198	1199	1200	1201	1202	1203	1204	1205	1206	1207	1208	1209	1210	1211	1212	
500	984	0	1	202	
501	988	0	21	1412	1413	1414	1415	1416	1417	1418	1419	1420	1421	1422	1423	1424	1425	1426	1427	1428	1429	1430	1431	1432	
502	992	0	18	109	110	111	112	113	114	115	116	117	118	119	120	121	122	123	124	125	126	
503	993	0	1	153	
504	994	0	1	2018	
505	995	0	1	1858	
506	996	0	1	1808	
507	997	0	3	1404	1405	1406	
508	999	0	1	640	
509	1000	0	1	94	
510	1004	0	1	1476	
511	1007	0	1	289	
512	1012	0	1	602	
513	1013	0	1	805	
514	1015	0	9	1214	1215	1216	1217	1218	1219	1220	1221	1222	
515	1018	0	24	1498	1499	1500	1501	1502	1503	1504	1505	1506	1507	1508	1509	1510	1511	1512	1513	1514	1515	1516	1517	1518	1519	1520	1521	
516	1019	0	1	2044	
517	1023	0	21	1449	1450	1451	1452	1453	1454	1455	1456	1457	1458	1459	1460	1461	1462	1463	1464	1465	1466	1467	1468	1469	
518	1025	0	1	1156	
519	1029	0	1	914	
520	1030	0	24	2198	2199	2200	2201	2202	2203	2204	2205	2206	2207	2208	2209	2210	2211	2212	2213	2214	2215	2216	2217	2218	2219	2220	2221	
521	1036	0	1	1116	
522	1039	0	12	1963	1964	1965	1966	1967	1968	1969	1970	1971	1972	1973	1974	
523	1042	0	18	1022	1023	1024	1025	1026	1027	1028	1029	1030	1031	1032	1033	1034	1035	1036	1037	1038	1039	
524	1046	0	24	1070	1071	1072	1073	1074	1075	1076	1077	1078	1079	1080	1081	1082	1083	1084	1085	1086	1087	1088	1089	1090	1091	1092	1093	
525	1047	0	1	1907	
526	1048	0	1	991	
527	1049	0	3	1186	1187	1188	
528	1050	0	1	692	
529	1052	0	1	1726	
530	1055	0	1	780	
531	1057	0	1	804	
532	1058	0	1	1918	
533	1061	0	1	345	
534	1063	0	12	714	715	716	717	718	719	720	721	722	723	724	725	
535	1066	0	12	290	291	292	293	294	295	296	297	298	299	300	301	
536	1070	0	1	598	
537	1071	0	1	1906	
538	1072	0	1	15	
539	1075	0	15	2169	2170	2171	2172	2173	2174	2175	2176	2177	2178	2179	2180	2181	2182	2183	
540	1078	0	3	1849	1850	1851	
541	1079	0	1	95	
542	1080	0	9	784	785	786	787	788	789	790	791	792	
543	1085	0	21	466	467	468	469	470	471	472	473	474	475	476	477	478	479	480	481	482	483	484	485	486	
544	1086	0	1	151	
545	1088	0	18	109	110	111	112	113	114	115	116	117	118	119	120	121	122	123	124	125	126	
546	1089	0	1	1786	
547	1090	0	1	1716	
548	1093	0	1	1407	
549	1094	0	24	1861	1862	1863	1864	1865	1866	1867	1868	1869	1870	1871	1872	1873	1874	1875	1876	1877	1878	1879	1880	1881	1882	1883	1884	
550	1096	0	1	1004	
551	1099	0	7	2035	2036	2037	2038	2039	2040	2041	
552	1102	0	3	1399	1400	1401	
553	1103	0	21	1933	1934	1935	1936	1937	1938	1939	1940	1941	1942	1943	1944	1945	1946	1947	1948	1949	1950	1951	1952	1953	
554	1105	0	3	1319	1320	1321	
555	1108	0	1	806	
556	1109	0	1	2046	
557	1113	0	1	462	
558	1114	0	1	793	
559	1115	0	3	607	608	609	
560	1117	0	1	753	
561	1118	0	1	1236	
562	1121	0	7	100	101	102	103	104	105	106	
563	1122	0	12	2047	2048	2049	2050	2051	2052	2053	2054	2055	2056	2057	2058	
564	1123	0	21	1246	1247	1248	1249	1250	1251	1252	1253	1254	1255	1256	1257	1258	1259	1260	1261	1262	1263	1264	1265	1266	
565	1124	0	1	1272	
566	1128	0	1	81	
567	1131	0	18	16	17	18	19	20	21	22	23	24	25	26	27	28	29	30	31	32	33	
568	1132	0	18	211	212	213	214	215	216	217	218	219	220	221	222	223	224	225	226	227	228	
569	1134	0	1	1895	
570	1136	0	1	1176	
571	1139	0	1	1618	
572	1140	0	1	1819	
573	1141	0	21	693	694	695	696	697	698	699	700	701	702	703	704	705	706	707	708	709	710	711	712	713	
574	1143	0	1	630	
575	1144	0	1	375	
576	1148	0	1	1095	
577	1149	0	21	161	162	163	164	165	166	167	168	169	170	171	172	173	174	175	176	177	178	179	180	181	
578	1150	0	24	488	489	490	491	492	493	494	495	496	497	498	499	500	501	502	503	504	505	506	507	508	509	510	511	
579	1151	0	1	2120	
580	1152	0	1	1042	
581	1153	0	1	1887	
582	1156	0	1	1771	
583	1157	0	1	1271	
584	1158	0	21	1631	1632	1633	1634	1635	1636	1637	1638	1639	1640	1641	1642	1643	1644	1645	1646	1647	1648	1649	1650	1651	
585	1160	0	21	1677	1678	1679	1680	1681	1682	1683	1684	1685	1686	1687	1688	1689	1690	1691	1692	1693	1694	1695	1696	1697	
586	1162	0	12	762	763	764	765	766	767	768	769	770	771	772	773	
587	1164	0	18	1477	1478	1479	1480	1481	1482	1483	1484	1485	1486	1487	1488	1489	1490	1491	1492	1493	1494	
588	1165	0	7	72	73	74	75	76	77	78	
589	1166	0	1	423	
590	1169	0	1	256	
591	1171	0	1	182	
592	1173	0	1	358	
593	1174	0	1	1754	
594	1179	0	1	726	
595	1181	0	21	161	162	163	164	165	166	167	168	169	170	171	172	173	174	175	176	177	178	179	180	181	
596	1182	0	3	1959	1960	1961	
597	1183	0	1	752	
598	1186	0	1	1012	
599	1187	0	1	1403	
600	1190	0	7	1779	1780	1781	1782	1783	1784	1785	
601	1192	0	1	1346	
602	1195	0	24	516	517	518	519	520	521	522	523	524	525	526	527	528	529	530	531	532	533	534	535	536	537	538	539	
603	1198	0	18	612	613	614	615	616	617	618	619	620	621	622	623	624	625	626	627	628	629	
604	1199	0	21	466	467	468	469	470	471	472	473	474	475	476	477	478	479	480	481	482	483	484	485	486	
605	1200	0	1	229	
606	1201	0	1	2124	
607	1202	0	1	611	
608	1203	0	1	1905	
609	1206	0	24	807	808	809	810	811	812	813	814	815	816	817	818	819	820	821	822	823	824	825	826	827	828	829	830	
610	1208	0	9	259	260	261	262	263	264	265	266	267	
611	1209	0	1	540	
612	1214	0	1	2030	
613	1215	0	1	1910	
614	1216	0	1	1896	
615	1217	0	1	2094	
616	1218	0	1	758	
617	1220	0	1	674	
618	1222	0	1	1564	
619	1226	0	24	1121	1122	1123	1124	1125	1126	1127	1128	1129	1130	1131	1132	1133	1134	1135	1136	1137	1138	1139	1140	1141	1142	1143	1144	
620	1230	0	24	546	547	548	549	550	551	552	553	554	555	556	557	558	559	560	561	562	563	564	565	566	567	568	569	
621	1233	0	3	82	83	84	
622	1235	0	1	258	
623	1237	0	7	1391	1392	1393	1394	1395	1396	1397	
624	1238	0	9	187	188	189	190	191	192	193	194	195	
625	1240	0	7	633	634	635	636	637	638	639	
626	1243	0	21	1566	1567	1568	1569	1570	1571	1572	1573	1574	1575	1576	1577	1578	1579	1580	1581	1582	1583	1584	1585	1586	
627	1244	0	3	743	744	745	
628	1248	0	15	1787	1788	1789	1790	1791	1792	1793	1794	1795	1796	1797	1798	1799	1800	1801	
629	1250	0	1	1114	
630	1252	0	15	2133	2134	2135	2136	2137	2138	2139	2140	2141	2142	2143	2144	2145	2146	2147	
631	1253	0	1	2108	
632	1254	0	1	1447	
633	1257	0	1	802	
634	1260	0	1	1752	
635	1263	0	24	1070	1071	1072	1073	1074	1075	1076	1077	1078	1079	1080	1081	1082	1083	1084	1085	1086	1087	1088	1089	1090	1091	1092	1093	
636	1264	0	3	2192	2193	2194	
637	1265	0	9	1826	1827	1828	1829	1830	1831	1832	1833	1834	
638	1267	0	1	2184	
639	1268	0	7	1620	1621	1622	1623	1624	1625	1626	
640	1269	0	3	863	864	865	
641	1270	0	1	487	
642	1271	0	1	1018	
643	1272	0	24	1498	1499	1500	1501	1502	1503	1504	1505	1506	1507	1508	1509	1510	1511	1512	1513	1514	1515	1516	1517	1518	1519	1520	1521	
644	1273	0	9	1591	1592	1593	1594	1595	1596	1597	1598	1599	
645	1274	0	1	803	
646	1275	0	1	1006	
647	1277	0	1	185	
648	1278	0	1	1020	
649	1279	0	1	463	
650	1280	0	24	546	547	548	549	550	551	552	553	554	555	556	557	558	559	560	561	562	563	564	565	566	567	568	569	
651	1281	0	15	1995	1996	1997	1998	1999	2000	2001	2002	2003	2004	2005	2006	2007	2008	2009	
652	1285	0	1	1729	
653	1286	0	12	446	447	448	449	450	451	452	453	454	455	456	457	
654	1288	0	18	612	613	614	615	616	617	618	619	620	621	622	623	624	625	626	627	628	629	
655	1290	0	15	1756	1757	1758	1759	1760	1761	1762	1763	1764	1765	1766	1767	1768	1769	1770	
656	1292	0	1	594	
657	1293	0	7	376	377	378	379	380	381	382	
658	1295	0	1	438	
659	1296	0	21	1535	1536	1537	1538	1539	1540	1541	1542	1543	1544	1545	1546	1547	1548	1549	1550	1551	1552	1553	1554	1555	
660	1299	0	1	632	
661	1301	0	1	1237	
662	1302	0	7	2112	2113	2114	2115	2116	2117	2118	
663	1304	0	24	918	919	920	921	922	923	924	925	926	927	928	929	930	931	932	933	934	935	936	937	938	939	940	941	
664	1305	0	1	424	
665	1308	0	3	1286	1287	1288	
666	1310	0	7	1043	1044	1045	1046	1047	1048	1049	
667	1312	0	1	1103	
668	1314	0	24	570	571	572	573	574	575	576	577	578	579	580	581	582	583	584	585	586	587	588	589	590	591	592	593	
669	1315	0	15	1756	1757	1758	1759	1760	1761	1762	1763	1764	1765	1766	1767	1768	1769	1770	
670	1316	0	1	465	
671	1318	0	7	1522	1523	1524	1525	1526	1527	1528	
672	1320	0	1	1627	
673	1321	0	3	1802	1803	1804	
674	1326	0	12	233	234	235	236	237	238	239	240	241	242	243	244	
675	1327	0	21	1246	1247	1248	1249	1250	1251	1252	1253	1254	1255	1256	1257	1258	1259	1260	1261	1262	1263	1264	1265	1266	
676	1328	0	15	2169	2170	2171	2172	2173	2174	2175	2176	2177	2178	2179	2180	2181	2182	2183	
677	1329	0	24	1861	1862	1863	1864	1865	1866	1867	1868	1869	1870	1871	1872	1873	1874	1875	1876	1877	1878	1879	1880	1881	1882	1883	1884	
678	1330	0	21	1246	1247	1248	1249	1250	1251	1252	1253	1254	1255	1256	1257	1258	1259	1260	1261	1262	1263	1264	1265	1266	
679	1331	0	1	1589	
680	1332	0	1	152	
681	1333	0	9	973	974	975	976	977	978	979	980	981	
682	1336	0	7	87	88	89	90	91	92	93	
683	1338	0	7	1299	1300	1301	1302	1303	1304	1305	
684	1341	0	12	762	763	764	765	766	767	768	769	770	771	772	773	
685	1345	0	1	2034	
686	1346	0	1	1213	
687	1347	0	3	1892	1893	1894	
688	1348	0	21	1566	1567	1568	1569	1570	1571	1572	1573	1574	1575	1576	1577	1578	1579	1580	1581	1582	1583	1584	1585	1586	
689	1349	0	21	1654	1655	1656	1657	1658	1659	1660	1661	1662	1663	1664	1665	1666	1667	1668	1669	1670	1671	1672	1673	1674	
690	1350	0	1	761	
691	1352	0	3	443	444	445	
692	1353	0	24	516	517	518	519	520	521	522	523	524	525	526	527	528	529	530	531	532	533	534	535	536	537	538	539	
693	1354	0	1	838	
694	1358	0	3	512	513	514	
695	1359	0	1	2043	
696	1362	0	1	610	
697	1364	0	1	1985	
698	1369	0	1	837	
699	1370	0	3	383	384	385	
700	1371	0	21	693	694	695	696	697	698	699	700	701	702	703	704	705	706	707	708	709	710	711	712	713	
701	1376	0	7	1809	1810	1811	1812	1813	1814	1815	
702	1377	0	21	466	467	468	469	470	471	472	473	474	475	476	477	478	479	480	481	482	483	484	485	486	
703	1379	0	24	570	571	572	573	574	575	576	577	578	579	580	581	582	583	584	585	586	587	588	589	590	591	592	593	
704	1380	0	1	1005	
705	1383	0	1	644	
706	1384	0	1	1094	
707	1390	0	1	208	
708	1395	0	1	405	
709	1396	0	24	546	547	548	549	550	551	552	553	554	555	556	557	558	559	560	561	562	563	564	565	566	567	568	569	
710	1397	0	1	206	
711	1400	0	3	2148	2149	2150	
712	1401	0	21	466	467	468	469	470	471	472	473	474	475	476	477	478	479	480	481	482	483	484	485	486	
713	1402	0	1	779	
714	1404	0	1	1630	
715	1406	0	1	675	
716	1409	0	21	1730	1731	1732	1733	1734	1735	1736	1737	1738	1739	1740	1741	1742	1743	1744	1745	1746	1747	1748	1749	1750	
717	1410	0	1	303	
718	1415	0	12	346	347	348	349	350	351	352	353	354	355	356	357	
719	1416	0	1	1104	
720	1417	0	21	1933	1934	1935	1936	1937	1938	1939	1940	1941	1942	1943	1944	1945	1946	1947	1948	1949	1950	1951	1952	1953	
721	1418	0	1	1990	
722	1420	0	18	1022	1023	1024	1025	1026	1027	1028	1029	1030	1031	1032	1033	1034	1035	1036	1037	1038	1039	
723	1423	0	1	757	
724	1425	0	3	458	459	460	
725	1426	0	1	1374	
726	1427	0	3	253	254	255	
727	1429	0	7	995	996	997	998	999	1000	1001	
728	1430	0	1	1616	
729	1431	0	1	1017	
730	1436	0	1	80	
731	1439	0	18	109	110	111	112	113	114	115	116	117	118	119	120	121	122	123	124	125	126	
732	1440	0	1	1914	
733	1444	0	24	2198	2199	2200	2201	2202	2203	2204	2205	2206	2207	2208	2209	2210	2211	2212	2213	2214	2215	2216	2217	2218	2219	2220	2221	
734	1446	0	1	1982	
735	1447	0	1	1470	
736	1450	0	1	2095	
737	1453	0	21	1412	1413	1414	1415	1416	1417	1418	1419	1420	1421	1422	1423	1424	1425	1426	1427	1428	1429	1430	1431	1432	
738	1457	0	1	1917	
739	1461	0	24	570	571	572	573	574	575	576	577	578	579	580	581	582	583	584	585	586	587	588	589	590	591	592	593	
740	1465	0	1	209	
741	1469	0	1	1590	
742	1475	0	21	1535	1536	1537	1538	1539	1540	1541	1542	1543	1544	1545	1546	1547	1548	1549	1550	1551	1552	1553	1554	1555	
743	1477	0	3	50	51	52	
744	1479	0	15	2169	2170	2171	2172	2173	2174	2175	2176	2177	2178	2179	2180	2181	2182	2183	
745	1480	0	1	1021	
746	1481	0	12	1963	1964	1965	1966	1967	1968	1969	1970	1971	1972	1973	1974	
747	1483	0	1	760	
748	1484	0	18	16	17	18	19	20	21	22	23	24	25	26	27	28	29	30	31	32	33	
749	1485	0	1	942	
750	1487	0	1	1954	
751	1488	0	3	361	362	363	
752	1495	0	1	831	
753	1497	0	1	107	
754	1498	0	1	1434	
755	1499	0	21	1677	1678	1679	1680	1681	1682	1683	1684	1685	1686	1687	1688	1689	1690	1691	1692	1693	1694	1695	1696	1697	
