778
0	0	0	9	80	81	82	83	84	85	86	87	88	
1	1	0	1	976	
2	2	0	1	972	
3	6	0	1	401	
4	11	0	24	413	414	415	416	417	418	419	420	421	422	423	424	425	426	427	428	429	430	431	432	433	434	435	436	
5	12	0	1	2318	
6	13	0	1	1170	
7	24	0	21	2343	2344	2345	2346	2347	2348	2349	2350	2351	2352	2353	2354	2355	2356	2357	2358	2359	2360	2361	2362	2363	
8	25	0	1	1708	
9	27	0	12	1429	1430	1431	1432	1433	1434	1435	1436	1437	1438	1439	1440	
10	28	0	1	2048	
11	30	0	3	1570	1571	1572	
12	31	0	1	2216	
13	32	0	1	1078	
14	33	0	1	37	
15	34	0	21	1505	1506	1507	1508	1509	1510	1511	1512	1513	1514	1515	1516	1517	1518	1519	1520	1521	1522	1523	1524	1525	
16	35	0	15	439	440	441	442	443	444	445	446	447	448	449	450	451	452	453	
17	39	0	1	796	
18	40	0	9	1172	1173	1174	1175	1176	1177	1178	1179	1180	
19	42	0	24	1252	1253	1254	1255	1256	1257	1258	1259	1260	1261	1262	1263	1264	1265	1266	1267	1268	1269	1270	1271	1272	1273	1274	1275	
20	43	0	3	458	459	460	
21	48	0	1	2201	
22	49	0	1	182	
23	50	0	21	2117	2118	2119	2120	2121	2122	2123	2124	2125	2126	2127	2128	2129	2130	2131	2132	2133	2134	2135	2136	2137	
24	51	0	1	1688	
25	52	0	1	1073	
26	54	0	15	2001	2002	2003	2004	2005	2006	2007	2008	2009	2010	2011	2012	2013	2014	2015	
27	58	0	1	1995	
28	60	0	1	157	
29	61	0	1	1994	
30	62	0	1	1400	
31	63	0	1	1687	
32	68	0	21	1927	1928	1929	1930	1931	1932	1933	1934	1935	1936	1937	1938	1939	1940	1941	1942	1943	1944	1945	1946	1947	
33	70	0	1	1815	
34	71	0	1	1999	
35	72	0	1	1171	
36	74	0	24	12	13	14	15	16	17	18	19	20	21	22	23	24	25	26	27	28	29	30	31	32	33	34	35	
37	75	0	1	2396	
38	76	0	1	657	
39	78	0	1	840	
40	81	0	12	1536	1537	1538	1539	1540	1541	1542	1543	1544	1545	1546	1547	
41	82	0	1	2296	
42	87	0	9	993	994	995	996	997	998	999	1000	1001	
43	92	0	1	2250	
44	95	0	15	929	930	931	932	933	934	935	936	937	938	939	940	941	942	943	
45	96	0	1	1131	
46	97	0	7	1037	1038	1039	1040	1041	1042	1043	
47	99	0	18	1110	1111	1112	1113	1114	1115	1116	1117	1118	1119	1120	1121	1122	1123	1124	1125	1126	1127	
48	100	0	1	2052	
49	107	0	24	1405	1406	1407	1408	1409	1410	1411	1412	1413	1414	1415	1416	1417	1418	1419	1420	1421	1422	1423	1424	1425	1426	1427	1428	
50	108	0	9	221	222	223	224	225	226	227	228	229	
51	112	0	1	1398	
52	113	0	1	2185	
53	115	0	1	1097	
54	118	0	21	2151	2152	2153	2154	2155	2156	2157	2158	2159	2160	2161	2162	2163	2164	2165	2166	2167	2168	2169	2170	2171	
55	121	0	21	1603	1604	1605	1606	1607	1608	1609	1610	1611	1612	1613	1614	1615	1616	1617	1618	1619	1620	1621	1622	1623	
56	123	0	1	2221	
57	125	0	7	1734	1735	1736	1737	1738	1739	1740	
58	129	0	7	2203	2204	2205	2206	2207	2208	2209	
59	130	0	21	299	300	301	302	303	304	305	306	307	308	309	310	311	312	313	314	315	316	317	318	319	
60	132	0	1	268	
61	134	0	1	2202	
62	136	0	1	467	
63	137	0	18	1185	1186	1187	1188	1189	1190	1191	1192	1193	1194	1195	1196	1197	1198	1199	1200	1201	1202	
64	140	0	21	944	945	946	947	948	949	950	951	952	953	954	955	956	957	958	959	960	961	962	963	964	
65	142	0	21	1772	1773	1774	1775	1776	1777	1778	1779	1780	1781	1782	1783	1784	1785	1786	1787	1788	1789	1790	1791	1792	
66	143	0	1	1709	
67	146	0	1	1920	
68	147	0	1	662	
69	148	0	1	1498	
70	150	0	7	1560	1561	1562	1563	1564	1565	1566	
71	153	0	1	1853	
72	154	0	1	505	
73	155	0	1	194	
74	156	0	1	506	
75	158	0	1	967	
76	161	0	1	914	
77	163	0	7	1154	1155	1156	1157	1158	1159	1160	
78	165	0	1	583	
79	166	0	12	1877	1878	1879	1880	1881	1882	1883	1884	1885	1886	1887	1888	
80	167	0	18	62	63	64	65	66	67	68	69	70	71	72	73	74	75	76	77	78	79	
81	169	0	1	193	
82	171	0	1	195	
83	175	0	1	975	
84	176	0	1	1203	
85	177	0	1	751	
86	179	0	7	270	271	272	273	274	275	276	
87	180	0	1	1241	
88	181	0	24	1405	1406	1407	1408	1409	1410	1411	1412	1413	1414	1415	1416	1417	1418	1419	1420	1421	1422	1423	1424	1425	1426	1427	1428	
89	182	0	1	2049	
90	184	0	24	197	198	199	200	201	202	203	204	205	206	207	208	209	210	211	212	213	214	215	216	217	218	219	220	
91	185	0	21	2056	2057	2058	2059	2060	2061	2062	2063	2064	2065	2066	2067	2068	2069	2070	2071	2072	2073	2074	2075	2076	
92	186	0	18	62	63	64	65	66	67	68	69	70	71	72	73	74	75	76	77	78	79	
93	187	0	1	1793	
94	189	0	1	1949	
95	191	0	1	1499	
96	193	0	21	631	632	633	634	635	636	637	638	639	640	641	642	643	644	645	646	647	648	649	650	651	
97	195	0	21	753	754	755	756	757	758	759	760	761	762	763	764	765	766	767	768	769	770	771	772	773	
98	196	0	1	398	
99	200	0	1	263	
100	201	0	24	1469	1470	1471	1472	1473	1474	1475	1476	1477	1478	1479	1480	1481	1482	1483	1484	1485	1486	1487	1488	1489	1490	1491	1492	
101	203	0	1	462	
102	206	0	21	1340	1341	1342	1343	1344	1345	1346	1347	1348	1349	1350	1351	1352	1353	1354	1355	1356	1357	1358	1359	1360	
103	208	0	1	1534	
104	209	0	1	1011	
105	211	0	1	2248	
106	216	0	9	51	52	53	54	55	56	57	58	59	
107	222	0	21	2056	2057	2058	2059	2060	2061	2062	2063	2064	2065	2066	2067	2068	2069	2070	2071	2072	2073	2074	2075	2076	
108	224	0	1	1323	
109	225	0	21	1820	1821	1822	1823	1824	1825	1826	1827	1828	1829	1830	1831	1832	1833	1834	1835	1836	1837	1838	1839	1840	
110	227	0	1	344	
111	229	0	1	2309	
112	230	0	1	1099	
113	236	0	7	1857	1858	1859	1860	1861	1862	1863	
114	237	0	15	277	278	279	280	281	282	283	284	285	286	287	288	289	290	291	
115	238	0	1	560	
116	240	0	18	732	733	734	735	736	737	738	739	740	741	742	743	744	745	746	747	748	749	
117	242	0	1	496	
118	243	0	1	400	
119	246	0	3	1640	1641	1642	
120	248	0	1	582	
121	250	0	1	2317	
122	251	0	24	2364	2365	2366	2367	2368	2369	2370	2371	2372	2373	2374	2375	2376	2377	2378	2379	2380	2381	2382	2383	2384	2385	2386	2387	
123	253	0	1	1326	
124	254	0	24	1252	1253	1254	1255	1256	1257	1258	1259	1260	1261	1262	1263	1264	1265	1266	1267	1268	1269	1270	1271	1272	1273	1274	1275	
125	255	0	1	617	
126	258	0	21	2343	2344	2345	2346	2347	2348	2349	2350	2351	2352	2353	2354	2355	2356	2357	2358	2359	2360	2361	2362	2363	
127	259	0	15	929	930	931	932	933	934	935	936	937	938	939	940	941	942	943	
128	260	0	1	2096	
129	261	0	18	842	843	844	845	846	847	848	849	850	851	852	853	854	855	856	857	858	859	
130	262	0	9	1002	1003	1004	1005	1006	1007	1008	1009	1010	
131	263	0	18	469	470	471	472	473	474	475	476	477	478	479	480	481	482	483	484	485	486	
132	265	0	9	1204	1205	1206	1207	1208	1209	1210	1211	1212	
133	267	0	24	413	414	415	416	417	418	419	420	421	422	423	424	425	426	427	428	429	430	431	432	433	434	435	436	
134	269	0	1	681	
135	270	0	3	464	465	466	
136	272	0	1	1896	
137	273	0	1	1925	
138	274	0	21	365	366	367	368	369	370	371	372	373	374	375	376	377	378	379	380	381	382	383	384	385	
139	275	0	1	1535	
140	277	0	18	732	733	734	735	736	737	738	739	740	741	742	743	744	745	746	747	748	749	
141	278	0	1	1330	
142	281	0	24	129	130	131	132	133	134	135	136	137	138	139	140	141	142	143	144	145	146	147	148	149	150	151	152	
143	283	0	1	2139	
144	284	0	21	944	945	946	947	948	949	950	951	952	953	954	955	956	957	958	959	960	961	962	963	964	
145	285	0	1	1401	
146	286	0	1	1842	
147	287	0	1	1958	
148	288	0	3	1684	1685	1686	
149	290	0	1	1494	
150	291	0	1	97	
151	292	0	1	412	
152	293	0	18	346	347	348	349	350	351	352	353	354	355	356	357	358	359	360	361	362	363	
153	295	0	1	915	
154	296	0	1	1559	
155	298	0	1	495	
156	300	0	1	437	
157	302	0	15	325	326	327	328	329	330	331	332	333	334	335	336	337	338	339	
158	304	0	3	682	683	684	
159	305	0	21	1298	1299	1300	1301	1302	1303	1304	1305	1306	1307	1308	1309	1310	1311	1312	1313	1314	1315	1316	1317	1318	
160	306	0	12	239	240	241	242	243	244	245	246	247	248	249	250	
161	308	0	1	1128	
162	313	0	24	1405	1406	1407	1408	1409	1410	1411	1412	1413	1414	1415	1416	1417	1418	1419	1420	1421	1422	1423	1424	1425	1426	1427	1428	
163	314	0	1	911	
164	315	0	7	1244	1245	1246	1247	1248	1249	1250	
165	316	0	12	2189	2190	2191	2192	2193	2194	2195	2196	2197	2198	2199	2200	
166	317	0	21	1772	1773	1774	1775	1776	1777	1778	1779	1780	1781	1782	1783	1784	1785	1786	1787	1788	1789	1790	1791	1792	
167	318	0	1	181	
168	322	0	1	7	
169	323	0	9	2236	2237	2238	2239	2240	2241	2242	2243	2244	
170	325	0	7	1548	1549	1550	1551	1552	1553	1554	
171	326	0	1	785	
172	327	0	1	2044	
173	330	0	1	1625	
174	332	0	7	2389	2390	2391	2392	2393	2394	2395	
175	334	0	12	586	587	588	589	590	591	592	593	594	595	596	597	
176	336	0	1	901	
177	338	0	1	1568	
178	339	0	21	1820	1821	1822	1823	1824	1825	1826	1827	1828	1829	1830	1831	1832	1833	1834	1835	1836	1837	1838	1839	1840	
179	342	0	12	1574	1575	1576	1577	1578	1579	1580	1581	1582	1583	1584	1585	
180	345	0	1	1404	
181	346	0	1	1587	
182	347	0	1	1752	
183	348	0	1	1222	
184	350	0	1	776	
185	352	0	1	2213	
186	355	0	1	399	
187	356	0	7	2398	2399	2400	2401	2402	2403	2404	
188	358	0	3	454	455	456	
189	361	0	1	629	
190	362	0	1	2211	
191	367	0	21	2117	2118	2119	2120	2121	2122	2123	2124	2125	2126	2127	2128	2129	2130	2131	2132	2133	2134	2135	2136	2137	
192	368	0	3	1167	1168	1169	
193	369	0	1	1569	
194	371	0	1	364	
195	372	0	21	365	366	367	368	369	370	371	372	373	374	375	376	377	378	379	380	381	382	383	384	385	
196	373	0	21	2117	2118	2119	2120	2121	2122	2123	2124	2125	2126	2127	2128	2129	2130	2131	2132	2133	2134	2135	2136	2137	
197	374	0	1	91	
198	375	0	1	1759	
199	379	0	9	1659	1660	1661	1662	1663	1664	1665	1666	1667	
200	383	0	1	1095	
201	384	0	21	512	513	514	515	516	517	518	519	520	521	522	523	524	525	526	527	528	529	530	531	532	
202	386	0	1	1950	
203	389	0	1	1923	
204	390	0	18	534	535	536	537	538	539	540	541	542	543	544	545	546	547	548	549	550	551	
205	392	0	1	2285	
206	394	0	24	2364	2365	2366	2367	2368	2369	2370	2371	2372	2373	2374	2375	2376	2377	2378	2379	2380	2381	2382	2383	2384	2385	2386	2387	
207	395	0	7	1912	1913	1914	1915	1916	1917	1918	
208	396	0	18	882	883	884	885	886	887	888	889	890	891	892	893	894	895	896	897	898	899	
209	399	0	7	1643	1644	1645	1646	1647	1648	1649	
210	401	0	1	2295	
211	402	0	24	197	198	199	200	201	202	203	204	205	206	207	208	209	210	211	212	213	214	215	216	217	218	219	220	
212	405	0	7	777	778	779	780	781	782	783	
213	406	0	1	1065	
214	409	0	21	1340	1341	1342	1343	1344	1345	1346	1347	1348	1349	1350	1351	1352	1353	1354	1355	1356	1357	1358	1359	1360	
215	410	0	1	916	
216	411	0	21	1340	1341	1342	1343	1344	1345	1346	1347	1348	1349	1350	1351	1352	1353	1354	1355	1356	1357	1358	1359	1360	
217	412	0	21	2056	2057	2058	2059	2060	2061	2062	2063	2064	2065	2066	2067	2068	2069	2070	2071	2072	2073	2074	2075	2076	
218	413	0	24	129	130	131	132	133	134	135	136	137	138	139	140	141	142	143	144	145	146	147	148	149	150	151	152	
219	415	0	1	752	
220	417	0	24	1405	1406	1407	1408	1409	1410	1411	1412	1413	1414	1415	1416	1417	1418	1419	1420	1421	1422	1423	1424	1425	1426	1427	1428	
221	418	0	18	599	600	601	602	603	604	605	606	607	608	609	610	611	612	613	614	615	616	
222	419	0	18	2077	2078	2079	2080	2081	2082	2083	2084	2085	2086	2087	2088	2089	2090	2091	2092	2093	2094	
223	420	0	3	165	166	167	
224	423	0	1	876	
225	424	0	7	812	813	814	815	816	817	818	
226	425	0	12	2297	2298	2299	2300	2301	2302	2303	2304	2305	2306	2307	2308	
227	426	0	1	731	
228	428	0	1	726	
229	430	0	1	1599	
230	431	0	1	2140	
231	434	0	1	820	
232	435	0	7	497	498	499	500	501	502	503	
233	439	0	21	1603	1604	1605	1606	1607	1608	1609	1610	1611	1612	1613	1614	1615	1616	1617	1618	1619	1620	1621	1622	1623	
234	440	0	1	1324	
235	444	0	1	1680	
236	447	0	3	1074	1075	1076	
237	449	0	1	1964	
238	450	0	1	2180	
239	452	0	24	12	13	14	15	16	17	18	19	20	21	22	23	24	25	26	27	28	29	30	31	32	33	34	35	
240	453	0	9	993	994	995	996	997	998	999	1000	1001	
241	456	0	21	2319	2320	2321	2322	2323	2324	2325	2326	2327	2328	2329	2330	2331	2332	2333	2334	2335	2336	2337	2338	2339	
242	457	0	3	1385	1386	1387	
243	458	0	1	403	
244	461	0	9	1079	1080	1081	1082	1083	1084	1085	1086	1087	
245	466	0	1	2340	
246	468	0	1	2232	
247	469	0	1	868	
248	472	0	3	654	655	656	
249	473	0	7	2222	2223	2224	2225	2226	2227	2228	
250	474	0	1	1446	
251	475	0	1	162	
252	476	0	1	1844	
253	478	0	1	561	
254	480	0	1	913	
255	483	0	15	277	278	279	280	281	282	283	284	285	286	287	288	289	290	291	
256	485	0	1	666	
257	488	0	9	786	787	788	789	790	791	792	793	794	
258	489	0	3	1854	1855	1856	
259	490	0	1	658	
260	491	0	21	108	109	110	111	112	113	114	115	116	117	118	119	120	121	122	123	124	125	126	127	128	
261	494	0	21	108	109	110	111	112	113	114	115	116	117	118	119	120	121	122	123	124	125	126	127	128	
262	495	0	9	704	705	706	707	708	709	710	711	712	
263	499	0	21	1973	1974	1975	1976	1977	1978	1979	1980	1981	1982	1983	1984	1985	1986	1987	1988	1989	1990	1991	1992	1993	
264	502	0	21	512	513	514	515	516	517	518	519	520	521	522	523	524	525	526	527	528	529	530	531	532	
265	508	0	1	1403	
266	510	0	12	251	252	253	254	255	256	257	258	259	260	261	262	
267	512	0	1	1567	
268	514	0	9	2105	2106	2107	2108	2109	2110	2111	2112	2113	
269	516	0	1	1890	
270	517	0	1	1926	
271	518	0	1	2210	
272	521	0	1	912	
273	523	0	1	622	
274	524	0	12	1897	1898	1899	1900	1901	1902	1903	1904	1905	1906	1907	1908	
275	525	0	7	1526	1527	1528	1529	1530	1531	1532	
276	526	0	3	1681	1682	1683	
277	529	0	1	183	
278	532	0	21	1340	1341	1342	1343	1344	1345	1346	1347	1348	1349	1350	1351	1352	1353	1354	1355	1356	1357	1358	1359	1360	
279	536	0	1	511	
280	537	0	1	407	
281	540	0	1	973	
282	541	0	3	408	409	410	
283	542	0	3	727	728	729	
284	544	0	18	1447	1448	1449	1450	1451	1452	1453	1454	1455	1456	1457	1458	1459	1460	1461	1462	1463	1464	
285	546	0	1	159	
286	548	0	9	1002	1003	1004	1005	1006	1007	1008	1009	1010	
287	549	0	1	267	
288	552	0	1	880	
289	555	0	3	1864	1865	1866	
290	558	0	1	105	
291	561	0	1	321	
292	562	0	18	842	843	844	845	846	847	848	849	850	851	852	853	854	855	856	857	858	859	
293	564	0	1	2184	
294	565	0	3	1741	1742	1743	
295	568	0	3	1960	1961	1962	
296	569	0	24	1013	1014	1015	1016	1017	1018	1019	1020	1021	1022	1023	1024	1025	1026	1027	1028	1029	1030	1031	1032	1033	1034	1035	1036	
297	571	0	1	598	
298	572	0	3	969	970	971	
299	574	0	3	1996	1997	1998	
300	575	0	1	171	
301	576	0	1	2021	
302	579	0	21	1505	1506	1507	1508	1509	1510	1511	1512	1513	1514	1515	1516	1517	1518	1519	1520	1521	1522	1523	1524	1525	
303	580	0	1	508	
304	582	0	1	2141	
305	584	0	18	562	563	564	565	566	567	568	569	570	571	572	573	574	575	576	577	578	579	
306	586	0	1	1963	
307	587	0	1	2045	
308	590	0	7	1966	1967	1968	1969	1970	1971	1972	
309	591	0	21	1772	1773	1774	1775	1776	1777	1778	1779	1780	1781	1782	1783	1784	1785	1786	1787	1788	1789	1790	1791	1792	
310	592	0	12	251	252	253	254	255	256	257	258	259	260	261	262	
311	593	0	18	346	347	348	349	350	351	352	353	354	355	356	357	358	359	360	361	362	363	
312	594	0	21	1361	1362	1363	1364	1365	1366	1367	1368	1369	1370	1371	1372	1373	1374	1375	1376	1377	1378	1379	1380	1381	
313	595	0	1	457	
314	596	0	7	184	185	186	187	188	189	190	
315	597	0	1	1764	
316	598	0	1	265	
317	599	0	1	1501	
318	600	0	1	1624	
319	602	0	1	2220	
320	603	0	21	1927	1928	1929	1930	1931	1932	1933	1934	1935	1936	1937	1938	1939	1940	1941	1942	1943	1944	1945	1946	1947	
321	607	0	1	2000	
322	611	0	1	1816	
323	613	0	1	1765	
324	614	0	7	292	293	294	295	296	297	298	
325	616	0	18	1690	1691	1692	1693	1694	1695	1696	1697	1698	1699	1700	1701	1702	1703	1704	1705	1706	1707	
326	618	0	1	2219	
327	619	0	1	663	
328	620	0	9	80	81	82	83	84	85	86	87	88	
329	621	0	1	1669	
330	622	0	12	714	715	716	717	718	719	720	721	722	723	724	725	
331	623	0	1	2294	
332	624	0	15	2001	2002	2003	2004	2005	2006	2007	2008	2009	2010	2011	2012	2013	2014	2015	
333	625	0	9	2276	2277	2278	2279	2280	2281	2282	2283	2284	
334	630	0	18	842	843	844	845	846	847	848	849	850	851	852	853	854	855	856	857	858	859	
335	631	0	3	2245	2246	2247	
336	633	0	1	1251	
337	637	0	1	468	
338	638	0	1	487	
339	639	0	21	1973	1974	1975	1976	1977	1978	1979	1980	1981	1982	1983	1984	1985	1986	1987	1988	1989	1990	1991	1992	1993	
340	642	0	1	1668	
341	643	0	1	2235	
342	644	0	24	1252	1253	1254	1255	1256	1257	1258	1259	1260	1261	1262	1263	1264	1265	1266	1267	1268	1269	1270	1271	1272	1273	1274	1275	
343	645	0	1	160	
344	646	0	3	1502	1503	1504	
345	648	0	1	713	
346	649	0	18	62	63	64	65	66	67	68	69	70	71	72	73	74	75	76	77	78	79	
347	651	0	12	917	918	919	920	921	922	923	924	925	926	927	928	
348	652	0	1	661	
349	657	0	7	1845	1846	1847	1848	1849	1850	1851	
350	662	0	1	585	
351	664	0	1	985	
352	665	0	1	1533	
353	666	0	24	129	130	131	132	133	134	135	136	137	138	139	140	141	142	143	144	145	146	147	148	149	150	151	152	
354	668	0	9	1172	1173	1174	1175	1176	1177	1178	1179	1180	
355	669	0	18	1185	1186	1187	1188	1189	1190	1191	1192	1193	1194	1195	1196	1197	1198	1199	1200	1201	1202	
356	670	0	1	1766	
357	672	0	1	161	
358	673	0	21	1361	1362	1363	1364	1365	1366	1367	1368	1369	1370	1371	1372	1373	1374	1375	1376	1377	1378	1379	1380	1381	
359	675	0	15	1223	1224	1225	1226	1227	1228	1229	1230	1231	1232	1233	1234	1235	1236	1237	
360	676	0	1	402	
361	677	0	1	1771	
362	678	0	1	2024	
363	680	0	1	974	
364	681	0	1	1753	
365	683	0	1	1500	
366	684	0	1	2342	
367	685	0	3	2181	2182	2183	
368	687	0	7	1671	1672	1673	1674	1675	1676	1677	
369	688	0	1	509	
370	690	0	21	1361	1362	1363	1364	1365	1366	1367	1368	1369	1370	1371	1372	1373	1374	1375	1376	1377	1378	1379	1380	1381	
371	691	0	9	1659	1660	1661	1662	1663	1664	1665	1666	1667	
372	692	0	3	1276	1277	1278	
373	695	0	3	94	95	96	
374	696	0	7	1870	1871	1872	1873	1874	1875	1876	
375	704	0	7	2098	2099	2100	2101	2102	2103	2104	
376	708	0	1	965	
377	711	0	1	1325	
378	713	0	1	1650	
379	714	0	21	108	109	110	111	112	113	114	115	116	117	118	119	120	121	122	123	124	125	126	127	128	
380	715	0	1	1818	
381	716	0	1	1891	
382	719	0	1	966	
383	722	0	24	1469	1470	1471	1472	1473	1474	1475	1476	1477	1478	1479	1480	1481	1482	1483	1484	1485	1486	1487	1488	1489	1490	1491	1492	
384	724	0	3	1629	1630	1631	
385	726	0	21	2343	2344	2345	2346	2347	2348	2349	2350	2351	2352	2353	2354	2355	2356	2357	2358	2359	2360	2361	2362	2363	
386	727	0	7	488	489	490	491	492	493	494	
387	728	0	21	1603	1604	1605	1606	1607	1608	1609	1610	1611	1612	1613	1614	1615	1616	1617	1618	1619	1620	1621	1622	1623	
388	729	0	1	1757	
389	736	0	1	507	
390	738	0	1	1626	
391	739	0	9	704	705	706	707	708	709	710	711	712	
392	740	0	12	2297	2298	2299	2300	2301	2302	2303	2304	2305	2306	2307	2308	
393	743	0	7	2144	2145	2146	2147	2148	2149	2150	
394	744	0	7	1745	1746	1747	1748	1749	1750	1751	
395	747	0	7	869	870	871	872	873	874	875	
396	748	0	24	1013	1014	1015	1016	1017	1018	1019	1020	1021	1022	1023	1024	1025	1026	1027	1028	1029	1030	1031	1032	1033	1034	1035	1036	
397	749	0	21	944	945	946	947	948	949	950	951	952	953	954	955	956	957	958	959	960	961	962	963	964	
398	750	0	1	11	
399	751	0	3	1320	1321	1322	
400	752	0	7	386	387	388	389	390	391	392	
401	754	0	21	753	754	755	756	757	758	759	760	761	762	763	764	765	766	767	768	769	770	771	772	773	
402	757	0	24	2364	2365	2366	2367	2368	2369	2370	2371	2372	2373	2374	2375	2376	2377	2378	2379	2380	2381	2382	2383	2384	2385	2386	2387	
403	758	0	7	1066	1067	1068	1069	1070	1071	1072	
404	759	0	12	714	715	716	717	718	719	720	721	722	723	724	725	
405	761	0	21	631	632	633	634	635	636	637	638	639	640	641	642	643	644	645	646	647	648	649	650	651	
406	763	0	1	196	
407	765	0	3	2114	2115	2116	
408	768	0	18	822	823	824	825	826	827	828	829	830	831	832	833	834	835	836	837	838	839	
409	769	0	1	320	
410	776	0	3	2186	2187	2188	
411	778	0	9	1803	1804	1805	1806	1807	1808	1809	1810	1811	
412	783	0	18	1185	1186	1187	1188	1189	1190	1191	1192	1193	1194	1195	1196	1197	1198	1199	1200	1201	1202	
413	790	0	24	1013	1014	1015	1016	1017	1018	1019	1020	1021	1022	1023	1024	1025	1026	1027	1028	1029	1030	1031	1032	1033	1034	1035	1036	
414	791	0	18	1690	1691	1692	1693	1694	1695	1696	1697	1698	1699	1700	1701	1702	1703	1704	1705	1706	1707	
415	792	0	1	821	
416	794	0	3	1867	1868	1869	
417	796	0	21	1044	1045	1046	1047	1048	1049	1050	1051	1052	1053	1054	1055	1056	1057	1058	1059	1060	1061	1062	1063	1064	
418	797	0	3	623	624	625	
419	798	0	7	1389	1390	1391	1392	1393	1394	1395	
420	799	0	9	1213	1214	1215	1216	1217	1218	1219	1220	1221	
421	800	0	15	277	278	279	280	281	282	283	284	285	286	287	288	289	290	291	
422	802	0	1	665	
423	806	0	21	2252	2253	2254	2255	2256	2257	2258	2259	2260	2261	2262	2263	2264	2265	2266	2267	2268	2269	2270	2271	2272	
424	807	0	1	2214	
425	810	0	1	2212	
426	811	0	1	653	
427	812	0	1	1402	
428	815	0	1	438	
429	816	0	12	38	39	40	41	42	43	44	45	46	47	48	49	
430	818	0	9	1213	1214	1215	1216	1217	1218	1219	1220	1221	
431	819	0	1	1094	
432	823	0	1	1893	
433	825	0	12	586	587	588	589	590	591	592	593	594	595	596	597	
434	830	0	1	1755	
435	831	0	7	552	553	554	555	556	557	558	
436	835	0	1	841	
437	837	0	24	1013	1014	1015	1016	1017	1018	1019	1020	1021	1022	1023	1024	1025	1026	1027	1028	1029	1030	1031	1032	1033	1034	1035	1036	
438	839	0	1	1892	
439	841	0	21	1973	1974	1975	1976	1977	1978	1979	1980	1981	1982	1983	1984	1985	1986	1987	1988	1989	1990	1991	1992	1993	
440	843	0	1	664	
441	844	0	1	660	
442	846	0	1	968	
443	849	0	1	2172	
444	852	0	1	680	
445	853	0	21	2252	2253	2254	2255	2256	2257	2258	2259	2260	2261	2262	2263	2264	2265	2266	2267	2268	2269	2270	2271	2272	
446	854	0	21	1927	1928	1929	1930	1931	1932	1933	1934	1935	1936	1937	1938	1939	1940	1941	1942	1943	1944	1945	1946	1947	
447	855	0	1	1959	
448	857	0	3	2016	2017	2018	
449	859	0	1	1639	
450	861	0	18	469	470	471	472	473	474	475	476	477	478	479	480	481	482	483	484	485	486	
451	863	0	1	1795	
452	865	0	1	90	
453	868	0	1	2095	
454	870	0	1	1396	
455	872	0	1	877	
456	874	0	21	108	109	110	111	112	113	114	115	116	117	118	119	120	121	122	123	124	125	126	127	128	
457	876	0	1	2046	
458	879	0	12	1536	1537	1538	1539	1540	1541	1542	1543	1544	1545	1546	1547	
459	880	0	1	1399	
460	881	0	21	1044	1045	1046	1047	1048	1049	1050	1051	1052	1053	1054	1055	1056	1057	1058	1059	1060	1061	1062	1063	1064	
461	883	0	18	562	563	564	565	566	567	568	569	570	571	572	573	574	575	576	577	578	579	
462	884	0	1	900	
463	885	0	21	1973	1974	1975	1976	1977	1978	1979	1980	1981	1982	1983	1984	1985	1986	1987	1988	1989	1990	1991	1992	1993	
464	886	0	1	867	
465	887	0	1	1181	
466	889	0	15	1223	1224	1225	1226	1227	1228	1229	1230	1231	1232	1233	1234	1235	1236	1237	
467	890	0	1	1843	
468	894	0	1	1102	
469	895	0	24	1469	1470	1471	1472	1473	1474	1475	1476	1477	1478	1479	1480	1481	1482	1483	1484	1485	1486	1487	1488	1489	1490	1491	1492	
470	896	0	21	512	513	514	515	516	517	518	519	520	521	522	523	524	525	526	527	528	529	530	531	532	
471	900	0	3	1442	1443	1444	
472	901	0	18	1690	1691	1692	1693	1694	1695	1696	1697	1698	1699	1700	1701	1702	1703	1704	1705	1706	1707	
473	903	0	9	1204	1205	1206	1207	1208	1209	1210	1211	1212	
474	905	0	1	2138	
475	906	0	3	677	678	679	
476	908	0	1	1627	
477	912	0	1	1813	
478	915	0	3	1760	1761	1762	
479	916	0	1	798	
480	917	0	18	1280	1281	1282	1283	1284	1285	1286	1287	1288	1289	1290	1291	1292	1293	1294	1295	1296	1297	
481	921	0	21	1772	1773	1774	1775	1776	1777	1778	1779	1780	1781	1782	1783	1784	1785	1786	1787	1788	1789	1790	1791	1792	
482	923	0	1	36	
483	924	0	1	630	
484	925	0	1	1819	
485	928	0	9	786	787	788	789	790	791	792	793	794	
486	930	0	21	1820	1821	1822	1823	1824	1825	1826	1827	1828	1829	1830	1831	1832	1833	1834	1835	1836	1837	1838	1839	1840	
487	933	0	1	1331	
488	935	0	24	413	414	415	416	417	418	419	420	421	422	423	424	425	426	427	428	429	430	431	432	433	434	435	436	
489	936	0	1	584	
490	938	0	1	1077	
491	940	0	15	1223	1224	1225	1226	1227	1228	1229	1230	1231	1232	1233	1234	1235	1236	1237	
492	941	0	1	1841	
493	944	0	21	2117	2118	2119	2120	2121	2122	2123	2124	2125	2126	2127	2128	2129	2130	2131	2132	2133	2134	2135	2136	2137	
494	952	0	1	1670	
495	953	0	21	753	754	755	756	757	758	759	760	761	762	763	764	765	766	767	768	769	770	771	772	773	
496	954	0	18	1447	1448	1449	1450	1451	1452	1453	1454	1455	1456	1457	1458	1459	1460	1461	1462	1463	1464	
497	955	0	1	1770	
498	956	0	1	1162	
499	959	0	1	340	
500	960	0	18	562	563	564	565	566	567	568	569	570	571	572	573	574	575	576	577	578	579	
501	962	0	7	0	1	2	3	4	5	6	
502	964	0	1	2230	
503	966	0	1	411	
504	969	0	24	2364	2365	2366	2367	2368	2369	2370	2371	2372	2373	2374	2375	2376	2377	2378	2379	2380	2381	2382	2383	2384	2385	2386	2387	
505	973	0	1	1319	
506	975	0	1	264	
507	977	0	1	1651	
508	979	0	1	1388	
509	982	0	21	1132	1133	1134	1135	1136	1137	1138	1139	1140	1141	1142	1143	1144	1145	1146	1147	1148	1149	1150	1151	1152	
510	983	0	7	98	99	100	101	102	103	104	
511	984	0	1	2274	
512	985	0	1	1441	
513	986	0	1	1153	
514	988	0	3	1556	1557	1558	
515	993	0	7	2287	2288	2289	2290	2291	2292	2293	
516	996	0	1	1924	
517	998	0	3	8	9	10	
518	999	0	7	174	175	176	177	178	179	180	
519	1007	0	1	2143	
520	1008	0	1	774	
521	1014	0	1	1812	
522	1016	0	12	1574	1575	1576	1577	1578	1579	1580	1581	1582	1583	1584	1585	
523	1018	0	24	1252	1253	1254	1255	1256	1257	1258	1259	1260	1261	1262	1263	1264	1265	1266	1267	1268	1269	1270	1271	1272	1273	1274	1275	
524	1020	0	1	1493	
525	1021	0	1	533	
526	1022	0	21	2319	2320	2321	2322	2323	2324	2325	2326	2327	2328	2329	2330	2331	2332	2333	2334	2335	2336	2337	2338	2339	
527	1023	0	1	1957	
528	1025	0	1	1744	
529	1026	0	18	732	733	734	735	736	737	738	739	740	741	742	743	744	745	746	747	748	749	
530	1027	0	18	2026	2027	2028	2029	2030	2031	2032	2033	2034	2035	2036	2037	2038	2039	2040	2041	2042	2043	
531	1028	0	1	230	
532	1037	0	12	692	693	694	695	696	697	698	699	700	701	702	703	
533	1038	0	24	12	13	14	15	16	17	18	19	20	21	22	23	24	25	26	27	28	29	30	31	32	33	34	35	
534	1039	0	3	1465	1466	1467	
535	1040	0	1	879	
536	1041	0	12	1429	1430	1431	1432	1433	1434	1435	1436	1437	1438	1439	1440	
537	1042	0	1	2341	
538	1043	0	1	463	
539	1045	0	1	173	
540	1046	0	1	2051	
541	1047	0	21	1505	1506	1507	1508	1509	1510	1511	1512	1513	1514	1515	1516	1517	1518	1519	1520	1521	1522	1523	1524	1525	
542	1048	0	1	1130	
543	1050	0	7	2173	2174	2175	2176	2177	2178	2179	
544	1052	0	1	2217	
545	1054	0	24	413	414	415	416	417	418	419	420	421	422	423	424	425	426	427	428	429	430	431	432	433	434	435	436	
546	1055	0	1	1555	
547	1058	0	7	986	987	988	989	990	991	992	
548	1062	0	9	2105	2106	2107	2108	2109	2110	2111	2112	2113	
549	1063	0	18	2077	2078	2079	2080	2081	2082	2083	2084	2085	2086	2087	2088	2089	2090	2091	2092	2093	2094	
550	1065	0	21	2252	2253	2254	2255	2256	2257	2258	2259	2260	2261	2262	2263	2264	2265	2266	2267	2268	2269	2270	2271	2272	
551	1066	0	1	322	
552	1068	0	1	2249	
553	1074	0	1	626	
554	1075	0	1	1573	
555	1076	0	3	1596	1597	1598	
556	1081	0	21	2151	2152	2153	2154	2155	2156	2157	2158	2159	2160	2161	2162	2163	2164	2165	2166	2167	2168	2169	2170	2171	
557	1082	0	1	60	
558	1084	0	9	221	222	223	224	225	226	227	228	229	
559	1085	0	3	2053	2054	2055	
560	1086	0	1	1763	
561	1088	0	21	2319	2320	2321	2322	2323	2324	2325	2326	2327	2328	2329	2330	2331	2332	2333	2334	2335	2336	2337	2338	2339	
562	1089	0	3	1600	1601	1602	
563	1092	0	3	154	155	156	
564	1093	0	21	1298	1299	1300	1301	1302	1303	1304	1305	1306	1307	1308	1309	1310	1311	1312	1313	1314	1315	1316	1317	1318	
565	1095	0	1	1096	
566	1096	0	1	2229	
567	1097	0	1	1628	
568	1098	0	1	1678	
569	1099	0	9	51	52	53	54	55	56	57	58	59	
570	1100	0	1	1894	
571	1102	0	12	1722	1723	1724	1725	1726	1727	1728	1729	1730	1731	1732	1733	
572	1104	0	21	1132	1133	1134	1135	1136	1137	1138	1139	1140	1141	1142	1143	1144	1145	1146	1147	1148	1149	1150	1151	1152	
573	1105	0	1	1852	
574	1106	0	7	860	861	862	863	864	865	866	
575	1107	0	3	618	619	620	
576	1108	0	1	50	
577	1110	0	1	163	
578	1111	0	1	1397	
579	1112	0	9	2236	2237	2238	2239	2240	2241	2242	2243	2244	
580	1113	0	1	799	
581	1117	0	1	2251	
582	1119	0	1	1098	
583	1120	0	1	2273	
584	1123	0	1	323	
585	1124	0	12	800	801	802	803	804	805	806	807	808	809	810	811	
586	1126	0	1	89	
587	1127	0	7	978	979	980	981	982	983	984	
588	1129	0	1	1242	
589	1133	0	1	1921	
590	1134	0	1	1909	
591	1135	0	1	393	
592	1136	0	15	439	440	441	442	443	444	445	446	447	448	449	450	451	452	453	
593	1140	0	21	2151	2152	2153	2154	2155	2156	2157	2158	2159	2160	2161	2162	2163	2164	2165	2166	2167	2168	2169	2170	2171	
594	1144	0	1	1911	
595	1148	0	1	324	
596	1151	0	1	1754	
597	1152	0	1	819	
598	1154	0	1	1279	
599	1159	0	1	158	
600	1160	0	9	2276	2277	2278	2279	2280	2281	2282	2283	2284	
601	1163	0	24	197	198	199	200	201	202	203	204	205	206	207	208	209	210	211	212	213	214	215	216	217	218	219	220	
602	1164	0	1	1161	
603	1168	0	1	2025	
604	1171	0	1	795	
605	1173	0	1	1756	
606	1176	0	1	1339	
607	1177	0	18	1280	1281	1282	1283	1284	1285	1286	1287	1288	1289	1290	1291	1292	1293	1294	1295	1296	1297	
608	1178	0	1	1895	
609	1179	0	18	2026	2027	2028	2029	2030	2031	2032	2033	2034	2035	2036	2037	2038	2039	2040	2041	2042	2043	
610	1180	0	1	1129	
611	1184	0	18	1447	1448	1449	1450	1451	1452	1453	1454	1455	1456	1457	1458	1459	1460	1461	1462	1463	1464	
612	1187	0	7	1103	1104	1105	1106	1107	1108	1109	
613	1189	0	1	2218	
614	1191	0	1	1817	
615	1196	0	1	1100	
616	1197	0	3	674	675	676	
617	1198	0	1	461	
618	1200	0	1	2023	
619	1205	0	24	197	198	199	200	201	202	203	204	205	206	207	208	209	210	211	212	213	214	215	216	217	218	219	220	
620	1208	0	1	627	
621	1209	0	1	1679	
622	1210	0	1	93	
623	1211	0	12	692	693	694	695	696	697	698	699	700	701	702	703	
624	1212	0	1	628	
625	1215	0	1	2019	
626	1216	0	1	1922	
627	1217	0	1	1910	
628	1222	0	12	917	918	919	920	921	922	923	924	925	926	927	928	
629	1227	0	1	902	
630	1231	0	1	2233	
631	1232	0	21	2319	2320	2321	2322	2323	2324	2325	2326	2327	2328	2329	2330	2331	2332	2333	2334	2335	2336	2337	2338	2339	
632	1233	0	3	1238	1239	1240	
633	1234	0	1	2397	
634	1235	0	1	1243	
635	1236	0	21	299	300	301	302	303	304	305	306	307	308	309	310	311	312	313	314	315	316	317	318	319	
636	1239	0	18	346	347	348	349	350	351	352	353	354	355	356	357	358	359	360	361	362	363	
637	1240	0	21	1298	1299	1300	1301	1302	1303	1304	1305	1306	1307	1308	1309	1310	1311	1312	1313	1314	1315	1316	1317	1318	
638	1243	0	21	299	300	301	302	303	304	305	306	307	308	309	310	311	312	313	314	315	316	317	318	319	
639	1245	0	24	12	13	14	15	16	17	18	19	20	21	22	23	24	25	26	27	28	29	30	31	32	33	34	35	
640	1246	0	21	1044	1045	1046	1047	1048	1049	1050	1051	1052	1053	1054	1055	1056	1057	1058	1059	1060	1061	1062	1063	1064	
641	1247	0	3	1088	1089	1090	
642	1248	0	1	1769	
643	1251	0	1	2047	
644	1252	0	21	1132	1133	1134	1135	1136	1137	1138	1139	1140	1141	1142	1143	1144	1145	1146	1147	1148	1149	1150	1151	1152	
645	1255	0	21	753	754	755	756	757	758	759	760	761	762	763	764	765	766	767	768	769	770	771	772	773	
646	1257	0	21	1505	1506	1507	1508	1509	1510	1511	1512	1513	1514	1515	1516	1517	1518	1519	1520	1521	1522	1523	1524	1525	
647	1258	0	1	2388	
648	1259	0	3	341	342	343	
649	1261	0	1	1588	
650	1262	0	1	1468	
651	1263	0	7	1589	1590	1591	1592	1593	1594	1595	
652	1264	0	1	510	
653	1265	0	21	1044	1045	1046	1047	1048	1049	1050	1051	1052	1053	1054	1055	1056	1057	1058	1059	1060	1061	1062	1063	1064	
654	1271	0	18	469	470	471	472	473	474	475	476	477	478	479	480	481	482	483	484	485	486	
655	1272	0	21	1132	1133	1134	1135	1136	1137	1138	1139	1140	1141	1142	1143	1144	1145	1146	1147	1148	1149	1150	1151	1152	
656	1273	0	7	231	232	233	234	235	236	237	
657	1274	0	1	784	
658	1275	0	7	667	668	669	670	671	672	673	
659	1278	0	1	559	
660	1282	0	3	395	396	397	
661	1286	0	12	38	39	40	41	42	43	44	45	46	47	48	49	
662	1287	0	3	404	405	406	
663	1288	0	1	2050	
664	1291	0	21	299	300	301	302	303	304	305	306	307	308	309	310	311	312	313	314	315	316	317	318	319	
665	1293	0	24	1469	1470	1471	1472	1473	1474	1475	1476	1477	1478	1479	1480	1481	1482	1483	1484	1485	1486	1487	1488	1489	1490	1491	1492	
666	1294	0	7	1632	1633	1634	1635	1636	1637	1638	
667	1295	0	9	1079	1080	1081	1082	1083	1084	1085	1086	1087	
668	1297	0	1	1767	
669	1298	0	3	1182	1183	1184	
670	1301	0	18	822	823	824	825	826	827	828	829	830	831	832	833	834	835	836	837	838	839	
671	1302	0	3	1382	1383	1384	
672	1303	0	1	153	
673	1305	0	1	394	
674	1306	0	1	1794	
675	1307	0	12	1710	1711	1712	1713	1714	1715	1716	1717	1718	1719	1720	1721	
676	1309	0	9	1803	1804	1805	1806	1807	1808	1809	1810	1811	
677	1310	0	1	2275	
678	1313	0	1	2097	
679	1315	0	1	1814	
680	1317	0	18	2077	2078	2079	2080	2081	2082	2083	2084	2085	2086	2087	2088	2089	2090	2091	2092	2093	2094	
681	1319	0	18	1110	1111	1112	1113	1114	1115	1116	1117	1118	1119	1120	1121	1122	1123	1124	1125	1126	1127	
682	1320	0	18	1280	1281	1282	1283	1284	1285	1286	1287	1288	1289	1290	1291	1292	1293	1294	1295	1296	1297	
683	1322	0	7	903	904	905	906	907	908	909	
684	1323	0	15	325	326	327	328	329	330	331	332	333	334	335	336	337	338	339	
685	1324	0	12	1877	1878	1879	1880	1881	1882	1883	1884	1885	1886	1887	1888	
686	1325	0	3	1951	1952	1953	
687	1326	0	15	929	930	931	932	933	934	935	936	937	938	939	940	941	942	943	
688	1330	0	21	512	513	514	515	516	517	518	519	520	521	522	523	524	525	526	527	528	529	530	531	532	
689	1332	0	21	2343	2344	2345	2346	2347	2348	2349	2350	2351	2352	2353	2354	2355	2356	2357	2358	2359	2360	2361	2362	2363	
690	1333	0	1	977	
691	1334	0	1	621	
692	1336	0	1	2020	
693	1337	0	12	239	240	241	242	243	244	245	246	247	248	249	250	
694	1343	0	1	172	
695	1347	0	1	61	
696	1348	0	1	1012	
697	1351	0	1	504	
698	1355	0	1	652	
699	1357	0	18	534	535	536	537	538	539	540	541	542	543	544	545	546	547	548	549	550	551	
700	1360	0	1	1586	
701	1365	0	3	1954	1955	1956	
702	1366	0	1	107	
703	1367	0	1	191	
704	1368	0	21	365	366	367	368	369	370	371	372	373	374	375	376	377	378	379	380	381	382	383	384	385	
705	1372	0	1	1948	
706	1373	0	21	1298	1299	1300	1301	1302	1303	1304	1305	1306	1307	1308	1309	1310	1311	1312	1313	1314	1315	1316	1317	1318	
707	1376	0	1	750	
708	1382	0	18	1110	1111	1112	1113	1114	1115	1116	1117	1118	1119	1120	1121	1122	1123	1124	1125	1126	1127	
709	1384	0	7	2310	2311	2312	2313	2314	2315	2316	
710	1385	0	18	822	823	824	825	826	827	828	829	830	831	832	833	834	835	836	837	838	839	
711	1386	0	18	599	600	601	602	603	604	605	606	607	608	609	610	611	612	613	614	615	616	
712	1388	0	1	238	
713	1391	0	18	534	535	536	537	538	539	540	541	542	543	544	545	546	547	548	549	550	551	
714	1394	0	12	1710	1711	1712	1713	1714	1715	1716	1717	1718	1719	1720	1721	
715	1396	0	1	345	
716	1397	0	21	365	366	367	368	369	370	371	372	373	374	375	376	377	378	379	380	381	382	383	384	385	
717	1398	0	1	1758	
718	1400	0	1	1919	
719	1401	0	7	1652	1653	1654	1655	1656	1657	1658	
720	1403	0	1	1163	
721	1405	0	21	631	632	633	634	635	636	637	638	639	640	641	642	643	644	645	646	647	648	649	650	651	
722	1406	0	1	910	
723	1409	0	21	944	945	946	947	948	949	950	951	952	953	954	955	956	957	958	959	960	961	962	963	964	
724	1411	0	18	882	883	884	885	886	887	888	889	890	891	892	893	894	895	896	897	898	899	
725	1412	0	1	2142	
726	1413	0	1	2234	
727	1415	0	1	797	
728	1417	0	1	269	
729	1418	0	1	1101	
730	1419	0	21	1603	1604	1605	1606	1607	1608	1609	1610	1611	1612	1613	1614	1615	1616	1617	1618	1619	1620	1621	1622	1623	
731	1420	0	21	1361	1362	1363	1364	1365	1366	1367	1368	1369	1370	1371	1372	1373	1374	1375	1376	1377	1378	1379	1380	1381	
732	1421	0	1	659	
733	1422	0	7	1796	1797	1798	1799	1800	1801	1802	
734	1424	0	1	730	
735	1425	0	1	164	
736	1428	0	1	2286	
737	1430	0	21	2056	2057	2058	2059	2060	2061	2062	2063	2064	2065	2066	2067	2068	2069	2070	2071	2072	2073	2074	2075	2076	
738	1431	0	1	192	
739	1433	0	3	168	169	170	
740	1436	0	15	2001	2002	2003	2004	2005	2006	2007	2008	2009	2010	2011	2012	2013	2014	2015	
741	1441	0	24	129	130	131	132	133	134	135	136	137	138	139	140	141	142	143	144	145	146	147	148	149	150	151	152	
742	1442	0	1	1965	
743	1443	0	18	599	600	601	602	603	604	605	606	607	608	609	610	611	612	613	614	615	616	
744	1445	0	15	439	440	441	442	443	444	445	446	447	448	449	450	451	452	453	
745	1446	0	3	1164	1165	1166	
746	1447	0	21	631	632	633	634	635	636	637	638	639	640	641	642	643	644	645	646	647	648	649	650	651	
747	1450	0	18	2026	2027	2028	2029	2030	2031	2032	2033	2034	2035	2036	2037	2038	2039	2040	2041	2042	2043	
748	1451	0	1	1889	
749	1456	0	21	1927	1928	1929	1930	1931	1932	1933	1934	1935	1936	1937	1938	1939	1940	1941	1942	1943	1944	1945	1946	1947	
750	1457	0	1	580	
751	1459	0	18	882	883	884	885	886	887	888	889	890	891	892	893	894	895	896	897	898	899	
752	1464	0	1	2215	
753	1468	0	12	2189	2190	2191	2192	2193	2194	2195	2196	2197	2198	2199	2200	
754	1469	0	1	1689	
755	1470	0	1	775	
756	1471	0	3	1495	1496	1497	
757	1472	0	1	2022	
758	1475	0	21	2252	2253	2254	2255	2256	2257	2258	2259	2260	2261	2262	2263	2264	2265	2266	2267	2268	2269	2270	2271	2272	
759	1478	0	21	1820	1821	1822	1823	1824	1825	1826	1827	1828	1829	1830	1831	1832	1833	1834	1835	1836	1837	1838	1839	1840	
760	1479	0	3	1327	1328	1329	
761	1480	0	1	2231	
762	1481	0	1	881	
763	1482	0	21	2151	2152	2153	2154	2155	2156	2157	2158	2159	2160	2161	2162	2163	2164	2165	2166	2167	2168	2169	2170	2171	
764	1483	0	12	1897	1898	1899	1900	1901	1902	1903	1904	1905	1906	1907	1908	
765	1485	0	1	1768	
766	1486	0	1	878	
767	1487	0	15	325	326	327	328	329	330	331	332	333	334	335	336	337	338	339	
768	1488	0	12	800	801	802	803	804	805	806	807	808	809	810	811	
769	1489	0	7	1332	1333	1334	1335	1336	1337	1338	
770	1491	0	3	1091	1092	1093	
771	1492	0	12	1722	1723	1724	1725	1726	1727	1728	1729	1730	1731	1732	1733	
772	1493	0	1	581	
773	1494	0	1	92	
774	1495	0	1	266	
775	1496	0	7	685	686	687	688	689	690	691	
776	1497	0	1	1445	
777	1499	0	1	106	
