796
0	0	0	1	1727	
1	2	0	3	1132	1133	1134	
2	3	0	7	394	395	396	397	398	399	400	
3	5	0	12	2433	2434	2435	2436	2437	2438	2439	2440	2441	2442	2443	2444	
4	6	0	21	242	243	244	245	246	247	248	249	250	251	252	253	254	255	256	257	258	259	260	261	262	
5	7	0	3	1559	1560	1561	
6	8	0	15	922	923	924	925	926	927	928	929	930	931	932	933	934	935	936	
7	9	0	21	430	431	432	433	434	435	436	437	438	439	440	441	442	443	444	445	446	447	448	449	450	
8	10	0	1	117	
9	12	0	24	1292	1293	1294	1295	1296	1297	1298	1299	1300	1301	1302	1303	1304	1305	1306	1307	1308	1309	1310	1311	1312	1313	1314	1315	
10	13	0	1	2351	
11	14	0	1	2354	
12	15	0	15	2571	2572	2573	2574	2575	2576	2577	2578	2579	2580	2581	2582	2583	2584	2585	
13	17	0	24	1373	1374	1375	1376	1377	1378	1379	1380	1381	1382	1383	1384	1385	1386	1387	1388	1389	1390	1391	1392	1393	1394	1395	1396	
14	18	0	12	171	172	173	174	175	176	177	178	179	180	181	182	
15	20	0	18	463	464	465	466	467	468	469	470	471	472	473	474	475	476	477	478	479	480	
16	22	0	1	1551	
17	24	0	15	315	316	317	318	319	320	321	322	323	324	325	326	327	328	329	
18	25	0	9	2129	2130	2131	2132	2133	2134	2135	2136	2137	
19	26	0	1	1855	
20	29	0	18	984	985	986	987	988	989	990	991	992	993	994	995	996	997	998	999	1000	1001	
21	30	0	18	46	47	48	49	50	51	52	53	54	55	56	57	58	59	60	61	62	63	
22	31	0	7	1621	1622	1623	1624	1625	1626	1627	
23	32	0	1	690	
24	34	0	3	76	77	78	
25	35	0	21	1967	1968	1969	1970	1971	1972	1973	1974	1975	1976	1977	1978	1979	1980	1981	1982	1983	1984	1985	1986	1987	
26	38	0	1	2570	
27	40	0	1	313	
28	41	0	1	1965	
29	44	0	12	2294	2295	2296	2297	2298	2299	2300	2301	2302	2303	2304	2305	
30	46	0	1	1862	
31	48	0	12	1147	1148	1149	1150	1151	1152	1153	1154	1155	1156	1157	1158	
32	49	0	12	171	172	173	174	175	176	177	178	179	180	181	182	
33	51	0	1	1061	
34	55	0	1	2118	
35	56	0	1	706	
36	59	0	1	2139	
37	61	0	15	860	861	862	863	864	865	866	867	868	869	870	871	872	873	874	
38	62	0	7	2122	2123	2124	2125	2126	2127	2128	
39	64	0	1	809	
40	66	0	24	1756	1757	1758	1759	1760	1761	1762	1763	1764	1765	1766	1767	1768	1769	1770	1771	1772	1773	1774	1775	1776	1777	1778	1779	
41	69	0	24	1679	1680	1681	1682	1683	1684	1685	1686	1687	1688	1689	1690	1691	1692	1693	1694	1695	1696	1697	1698	1699	1700	1701	1702	
42	70	0	1	109	
43	71	0	1	458	
44	74	0	1	1283	
45	76	0	1	2403	
46	79	0	18	511	512	513	514	515	516	517	518	519	520	521	522	523	524	525	526	527	528	
47	80	0	1	484	
48	81	0	3	43	44	45	
49	82	0	1	39	
50	84	0	3	1712	1713	1714	
51	89	0	12	2513	2514	2515	2516	2517	2518	2519	2520	2521	2522	2523	2524	
52	90	0	9	1359	1360	1361	1362	1363	1364	1365	1366	1367	
53	92	0	7	1159	1160	1161	1162	1163	1164	1165	
54	93	0	18	200	201	202	203	204	205	206	207	208	209	210	211	212	213	214	215	216	217	
55	94	0	1	65	
56	96	0	18	834	835	836	837	838	839	840	841	842	843	844	845	846	847	848	849	850	851	
57	99	0	1	1588	
58	100	0	3	460	461	462	
59	106	0	1	2352	
60	107	0	1	1135	
61	109	0	1	183	
62	110	0	7	1896	1897	1898	1899	1900	1901	1902	
63	112	0	1	1642	
64	113	0	9	2369	2370	2371	2372	2373	2374	2375	2376	2377	
65	114	0	1	982	
66	116	0	1	417	
67	119	0	3	1947	1948	1949	
68	122	0	18	984	985	986	987	988	989	990	991	992	993	994	995	996	997	998	999	1000	1001	
69	123	0	1	195	
70	124	0	1	1481	
71	126	0	15	2587	2588	2589	2590	2591	2592	2593	2594	2595	2596	2597	2598	2599	2600	2601	
72	127	0	7	2396	2397	2398	2399	2400	2401	2402	
73	128	0	1	241	
74	129	0	24	1292	1293	1294	1295	1296	1297	1298	1299	1300	1301	1302	1303	1304	1305	1306	1307	1308	1309	1310	1311	1312	1313	1314	1315	
75	132	0	1	199	
76	135	0	1	1674	
77	137	0	3	1467	1468	1469	
78	138	0	1	133	
79	139	0	18	1062	1063	1064	1065	1066	1067	1068	1069	1070	1071	1072	1073	1074	1075	1076	1077	1078	1079	
80	140	0	1	2445	
81	142	0	18	1062	1063	1064	1065	1066	1067	1068	1069	1070	1071	1072	1073	1074	1075	1076	1077	1078	1079	
82	143	0	15	1427	1428	1429	1430	1431	1432	1433	1434	1435	1436	1437	1438	1439	1440	1441	
83	144	0	1	85	
84	145	0	1	483	
85	146	0	24	1443	1444	1445	1446	1447	1448	1449	1450	1451	1452	1453	1454	1455	1456	1457	1458	1459	1460	1461	1462	1463	1464	1465	1466	
86	148	0	1	707	
87	150	0	1	1480	
88	151	0	3	1340	1341	1342	
89	153	0	7	28	29	30	31	32	33	34	
90	154	0	1	427	
91	155	0	18	145	146	147	148	149	150	151	152	153	154	155	156	157	158	159	160	161	162	
92	160	0	12	494	495	496	497	498	499	500	501	502	503	504	505	
93	164	0	1	1675	
94	165	0	15	639	640	641	642	643	644	645	646	647	648	649	650	651	652	653	
95	166	0	12	588	589	590	591	592	593	594	595	596	597	598	599	
96	167	0	1	2322	
97	170	0	24	368	369	370	371	372	373	374	375	376	377	378	379	380	381	382	383	384	385	386	387	388	389	390	391	
98	171	0	21	532	533	534	535	536	537	538	539	540	541	542	543	544	545	546	547	548	549	550	551	552	
99	177	0	24	1443	1444	1445	1446	1447	1448	1449	1450	1451	1452	1453	1454	1455	1456	1457	1458	1459	1460	1461	1462	1463	1464	1465	1466	
100	179	0	1	79	
101	181	0	24	1679	1680	1681	1682	1683	1684	1685	1686	1687	1688	1689	1690	1691	1692	1693	1694	1695	1696	1697	1698	1699	1700	1701	1702	
102	183	0	1	1851	
103	184	0	1	1204	
104	186	0	12	766	767	768	769	770	771	772	773	774	775	776	777	
105	190	0	1	1337	
106	191	0	1	1122	
107	194	0	1	64	
108	196	0	1	858	
109	197	0	15	2587	2588	2589	2590	2591	2592	2593	2594	2595	2596	2597	2598	2599	2600	2601	
110	198	0	18	2481	2482	2483	2484	2485	2486	2487	2488	2489	2490	2491	2492	2493	2494	2495	2496	2497	2498	
111	199	0	1	1550	
112	202	0	1	806	
113	203	0	21	430	431	432	433	434	435	436	437	438	439	440	441	442	443	444	445	446	447	448	449	450	
114	204	0	1	198	
115	205	0	1	1555	
116	208	0	1	2284	
117	209	0	21	1482	1483	1484	1485	1486	1487	1488	1489	1490	1491	1492	1493	1494	1495	1496	1497	1498	1499	1500	1501	1502	
118	213	0	7	1728	1729	1730	1731	1732	1733	1734	
119	216	0	1	2314	
120	217	0	1	1136	
121	218	0	1	218	
122	220	0	1	263	
123	222	0	1	74	
124	224	0	1	1925	
125	229	0	1	2120	
126	231	0	1	2355	
127	232	0	1	1585	
128	233	0	21	1404	1405	1406	1407	1408	1409	1410	1411	1412	1413	1414	1415	1416	1417	1418	1419	1420	1421	1422	1423	1424	
129	235	0	1	104	
130	237	0	3	1552	1553	1554	
131	241	0	24	2447	2448	2449	2450	2451	2452	2453	2454	2455	2456	2457	2458	2459	2460	2461	2462	2463	2464	2465	2466	2467	2468	2469	2470	
132	244	0	3	1205	1206	1207	
133	246	0	1	859	
134	247	0	21	603	604	605	606	607	608	609	610	611	612	613	614	615	616	617	618	619	620	621	622	623	
135	250	0	3	1643	1644	1645	
136	251	0	1	1193	
137	252	0	15	1427	1428	1429	1430	1431	1432	1433	1434	1435	1436	1437	1438	1439	1440	1441	
138	253	0	3	852	853	854	
139	254	0	3	508	509	510	
140	255	0	9	265	266	267	268	269	270	271	272	273	
141	256	0	7	2053	2054	2055	2056	2057	2058	2059	
142	257	0	1	2061	
143	259	0	15	1950	1951	1952	1953	1954	1955	1956	1957	1958	1959	1960	1961	1962	1963	1964	
144	261	0	18	718	719	720	721	722	723	724	725	726	727	728	729	730	731	732	733	734	735	
145	262	0	18	2019	2020	2021	2022	2023	2024	2025	2026	2027	2028	2029	2030	2031	2032	2033	2034	2035	2036	
146	263	0	15	352	353	354	355	356	357	358	359	360	361	362	363	364	365	366	
147	264	0	1	1166	
148	265	0	21	1482	1483	1484	1485	1486	1487	1488	1489	1490	1491	1492	1493	1494	1495	1496	1497	1498	1499	1500	1501	1502	
149	267	0	1	1849	
150	269	0	12	1210	1211	1212	1213	1214	1215	1216	1217	1218	1219	1220	1221	
151	271	0	7	1606	1607	1608	1609	1610	1611	1612	
152	272	0	1	507	
153	274	0	18	984	985	986	987	988	989	990	991	992	993	994	995	996	997	998	999	1000	1001	
154	275	0	1	1639	
155	277	0	24	1222	1223	1224	1225	1226	1227	1228	1229	1230	1231	1232	1233	1234	1235	1236	1237	1238	1239	1240	1241	1242	1243	1244	1245	
156	278	0	1	738	
157	279	0	1	1506	
158	282	0	1	2090	
159	283	0	7	1507	1508	1509	1510	1511	1512	1513	
160	284	0	1	15	
161	285	0	1	717	
162	288	0	18	2481	2482	2483	2484	2485	2486	2487	2488	2489	2490	2491	2492	2493	2494	2495	2496	2497	2498	
163	289	0	1	291	
164	290	0	18	2404	2405	2406	2407	2408	2409	2410	2411	2412	2413	2414	2415	2416	2417	2418	2419	2420	2421	
165	295	0	1	330	
166	296	0	1	1176	
167	298	0	1	856	
168	299	0	1	1676	
169	300	0	21	1404	1405	1406	1407	1408	1409	1410	1411	1412	1413	1414	1415	1416	1417	1418	1419	1420	1421	1422	1423	1424	
170	302	0	1	1576	
171	303	0	24	2210	2211	2212	2213	2214	2215	2216	2217	2218	2219	2220	2221	2222	2223	2224	2225	2226	2227	2228	2229	2230	2231	2232	2233	
172	304	0	1	1137	
173	306	0	1	1425	
174	309	0	3	2188	2189	2190	
175	315	0	1	1881	
176	320	0	18	46	47	48	49	50	51	52	53	54	55	56	57	58	59	60	61	62	63	
177	326	0	24	2094	2095	2096	2097	2098	2099	2100	2101	2102	2103	2104	2105	2106	2107	2108	2109	2110	2111	2112	2113	2114	2115	2116	2117	
178	327	0	7	2287	2288	2289	2290	2291	2292	2293	
179	328	0	1	485	
180	329	0	21	881	882	883	884	885	886	887	888	889	890	891	892	893	894	895	896	897	898	899	900	901	
181	332	0	12	2191	2192	2193	2194	2195	2196	2197	2198	2199	2200	2201	2202	
182	335	0	24	2143	2144	2145	2146	2147	2148	2149	2150	2151	2152	2153	2154	2155	2156	2157	2158	2159	2160	2161	2162	2163	2164	2165	2166	
183	336	0	1	1648	
184	339	0	1	817	
185	342	0	1	93	
186	343	0	1	1586	
187	344	0	12	1564	1565	1566	1567	1568	1569	1570	1571	1572	1573	1574	1575	
188	347	0	1	105	
189	352	0	12	1007	1008	1009	1010	1011	1012	1013	1014	1015	1016	1017	1018	
190	356	0	18	200	201	202	203	204	205	206	207	208	209	210	211	212	213	214	215	216	217	
191	357	0	1	818	
192	361	0	1	2121	
193	363	0	21	939	940	941	942	943	944	945	946	947	948	949	950	951	952	953	954	955	956	957	958	959	
194	364	0	7	1397	1398	1399	1400	1401	1402	1403	
195	365	0	1	638	
196	367	0	7	1578	1579	1580	1581	1582	1583	1584	
197	369	0	1	2062	
198	373	0	3	708	709	710	
199	377	0	1	1006	
200	378	0	1	103	
201	380	0	1	36	
202	381	0	1	820	
203	382	0	1	808	
204	383	0	21	603	604	605	606	607	608	609	610	611	612	613	614	615	616	617	618	619	620	621	622	623	
205	384	0	21	219	220	221	222	223	224	225	226	227	228	229	230	231	232	233	234	235	236	237	238	239	
206	390	0	24	1756	1757	1758	1759	1760	1761	1762	1763	1764	1765	1766	1767	1768	1769	1770	1771	1772	1773	1774	1775	1776	1777	1778	1779	
207	394	0	24	1782	1783	1784	1785	1786	1787	1788	1789	1790	1791	1792	1793	1794	1795	1796	1797	1798	1799	1800	1801	1802	1803	1804	1805	
208	396	0	15	860	861	862	863	864	865	866	867	868	869	870	871	872	873	874	
209	397	0	1	293	
210	398	0	9	1359	1360	1361	1362	1363	1364	1365	1366	1367	
211	399	0	7	2277	2278	2279	2280	2281	2282	2283	
212	403	0	1	1146	
213	406	0	18	1736	1737	1738	1739	1740	1741	1742	1743	1744	1745	1746	1747	1748	1749	1750	1751	1752	1753	
214	408	0	1	1442	
215	409	0	18	2404	2405	2406	2407	2408	2409	2410	2411	2412	2413	2414	2415	2416	2417	2418	2419	2420	2421	
216	410	0	3	1998	1999	2000	
217	413	0	1	1882	
218	420	0	1	351	
219	422	0	15	922	923	924	925	926	927	928	929	930	931	932	933	934	935	936	
220	426	0	1	2507	
221	428	0	12	1007	1008	1009	1010	1011	1012	1013	1014	1015	1016	1017	1018	
222	429	0	21	1482	1483	1484	1485	1486	1487	1488	1489	1490	1491	1492	1493	1494	1495	1496	1497	1498	1499	1500	1501	1502	
223	433	0	24	2210	2211	2212	2213	2214	2215	2216	2217	2218	2219	2220	2221	2222	2223	2224	2225	2226	2227	2228	2229	2230	2231	2232	2233	
224	435	0	15	332	333	334	335	336	337	338	339	340	341	342	343	344	345	346	
225	436	0	7	1537	1538	1539	1540	1541	1542	1543	
226	437	0	1	194	
227	439	0	18	1736	1737	1738	1739	1740	1741	1742	1743	1744	1745	1746	1747	1748	1749	1750	1751	1752	1753	
228	441	0	1	1755	
229	443	0	1	2380	
230	446	0	1	1479	
231	448	0	24	1373	1374	1375	1376	1377	1378	1379	1380	1381	1382	1383	1384	1385	1386	1387	1388	1389	1390	1391	1392	1393	1394	1395	1396	
232	450	0	1	402	
233	451	0	24	2243	2244	2245	2246	2247	2248	2249	2250	2251	2252	2253	2254	2255	2256	2257	2258	2259	2260	2261	2262	2263	2264	2265	2266	
234	452	0	1	704	
235	453	0	9	94	95	96	97	98	99	100	101	102	
236	455	0	1	2142	
237	456	0	21	1249	1250	1251	1252	1253	1254	1255	1256	1257	1258	1259	1260	1261	1262	1263	1264	1265	1266	1267	1268	1269	
238	463	0	9	1273	1274	1275	1276	1277	1278	1279	1280	1281	
239	464	0	1	1641	
240	465	0	7	409	410	411	412	413	414	415	
241	466	0	1	754	
242	469	0	1	21	
243	470	0	1	1130	
244	471	0	1	1195	
245	473	0	1	264	
246	475	0	9	1840	1841	1842	1843	1844	1845	1846	1847	1848	
247	477	0	15	2381	2382	2383	2384	2385	2386	2387	2388	2389	2390	2391	2392	2393	2394	2395	
248	482	0	1	86	
249	484	0	1	486	
250	485	0	24	1756	1757	1758	1759	1760	1761	1762	1763	1764	1765	1766	1767	1768	1769	1770	1771	1772	1773	1774	1775	1776	1777	1778	1779	
251	489	0	1	1351	
252	490	0	3	490	491	492	
253	491	0	9	903	904	905	906	907	908	909	910	911	
254	492	0	18	1043	1044	1045	1046	1047	1048	1049	1050	1051	1052	1053	1054	1055	1056	1057	1058	1059	1060	
255	493	0	1	1649	
256	499	0	7	2315	2316	2317	2318	2319	2320	2321	
257	501	0	15	2571	2572	2573	2574	2575	2576	2577	2578	2579	2580	2581	2582	2583	2584	2585	
258	502	0	1	1548	
259	506	0	1	37	
260	507	0	1	1372	
261	510	0	15	352	353	354	355	356	357	358	359	360	361	362	363	364	365	366	
262	511	0	15	1950	1951	1952	1953	1954	1955	1956	1957	1958	1959	1960	1961	1962	1963	1964	
263	512	0	7	66	67	68	69	70	71	72	
264	513	0	1	2431	
265	515	0	1	1646	
266	516	0	1	1735	
267	517	0	24	2094	2095	2096	2097	2098	2099	2100	2101	2102	2103	2104	2105	2106	2107	2108	2109	2110	2111	2112	2113	2114	2115	2116	2117	
268	518	0	1	92	
269	519	0	24	368	369	370	371	372	373	374	375	376	377	378	379	380	381	382	383	384	385	386	387	388	389	390	391	
270	520	0	12	794	795	796	797	798	799	800	801	802	803	804	805	
271	522	0	1	529	
272	523	0	1	740	
273	525	0	3	2084	2085	2086	
274	527	0	15	860	861	862	863	864	865	866	867	868	869	870	871	872	873	874	
275	528	0	1	196	
276	531	0	1	121	
277	533	0	1	2357	
278	536	0	1	2568	
279	538	0	21	1404	1405	1406	1407	1408	1409	1410	1411	1412	1413	1414	1415	1416	1417	1418	1419	1420	1421	1422	1423	1424	
280	539	0	1	1370	
281	543	0	7	1344	1345	1346	1347	1348	1349	1350	
282	546	0	1	406	
283	549	0	1	1601	
284	550	0	1	2471	
285	552	0	12	2191	2192	2193	2194	2195	2196	2197	2198	2199	2200	2201	2202	
286	553	0	1	1536	
287	558	0	1	314	
288	559	0	24	1080	1081	1082	1083	1084	1085	1086	1087	1088	1089	1090	1091	1092	1093	1094	1095	1096	1097	1098	1099	1100	1101	1102	1103	
289	560	0	1	310	
290	561	0	1	1894	
291	562	0	15	2172	2173	2174	2175	2176	2177	2178	2179	2180	2181	2182	2183	2184	2185	2186	
292	563	0	1	1640	
293	565	0	1	2093	
294	571	0	1	81	
295	574	0	3	1177	1178	1179	
296	576	0	21	1808	1809	1810	1811	1812	1813	1814	1815	1816	1817	1818	1819	1820	1821	1822	1823	1824	1825	1826	1827	1828	
297	578	0	7	1613	1614	1615	1616	1617	1618	1619	
298	582	0	1	1343	
299	584	0	18	1104	1105	1106	1107	1108	1109	1110	1111	1112	1113	1114	1115	1116	1117	1118	1119	1120	1121	
300	585	0	1	1780	
301	587	0	1	531	
302	589	0	15	275	276	277	278	279	280	281	282	283	284	285	286	287	288	289	
303	590	0	1	292	
304	592	0	1	1806	
305	594	0	1	1532	
306	595	0	1	2313	
307	596	0	15	332	333	334	335	336	337	338	339	340	341	342	343	344	345	346	
308	598	0	24	1292	1293	1294	1295	1296	1297	1298	1299	1300	1301	1302	1303	1304	1305	1306	1307	1308	1309	1310	1311	1312	1313	1314	1315	
309	602	0	15	2381	2382	2383	2384	2385	2386	2387	2388	2389	2390	2391	2392	2393	2394	2395	
310	604	0	1	2512	
311	606	0	1	23	
312	607	0	7	746	747	748	749	750	751	752	
313	608	0	15	332	333	334	335	336	337	338	339	340	341	342	343	344	345	346	
314	609	0	1	2140	
315	610	0	7	2330	2331	2332	2333	2334	2335	2336	
316	612	0	24	1782	1783	1784	1785	1786	1787	1788	1789	1790	1791	1792	1793	1794	1795	1796	1797	1798	1799	1800	1801	1802	1803	1804	1805	
317	615	0	1	807	
318	617	0	1	1988	
319	618	0	1	778	
320	619	0	21	1316	1317	1318	1319	1320	1321	1322	1323	1324	1325	1326	1327	1328	1329	1330	1331	1332	1333	1334	1335	1336	
321	620	0	12	1564	1565	1566	1567	1568	1569	1570	1571	1572	1573	1574	1575	
322	623	0	1	2508	
323	625	0	24	2535	2536	2537	2538	2539	2540	2541	2542	2543	2544	2545	2546	2547	2548	2549	2550	2551	2552	2553	2554	2555	2556	2557	2558	
324	627	0	7	136	137	138	139	140	141	142	
325	628	0	24	2143	2144	2145	2146	2147	2148	2149	2150	2151	2152	2153	2154	2155	2156	2157	2158	2159	2160	2161	2162	2163	2164	2165	2166	
326	630	0	12	669	670	671	672	673	674	675	676	677	678	679	680	
327	635	0	1	737	
328	639	0	24	2143	2144	2145	2146	2147	2148	2149	2150	2151	2152	2153	2154	2155	2156	2157	2158	2159	2160	2161	2162	2163	2164	2165	2166	
329	640	0	1	912	
330	641	0	15	0	1	2	3	4	5	6	7	8	9	10	11	12	13	14	
331	642	0	21	2063	2064	2065	2066	2067	2068	2069	2070	2071	2072	2073	2074	2075	2076	2077	2078	2079	2080	2081	2082	2083	
332	645	0	18	1863	1864	1865	1866	1867	1868	1869	1870	1871	1872	1873	1874	1875	1876	1877	1878	1879	1880	
333	646	0	1	1471	
334	648	0	1	530	
335	650	0	1	2356	
336	652	0	1	1247	
337	654	0	21	1808	1809	1810	1811	1812	1813	1814	1815	1816	1817	1818	1819	1820	1821	1822	1823	1824	1825	1826	1827	1828	
338	656	0	18	145	146	147	148	149	150	151	152	153	154	155	156	157	158	159	160	161	162	
339	659	0	1	715	
340	660	0	1	1208	
341	661	0	1	2234	
342	662	0	21	1249	1250	1251	1252	1253	1254	1255	1256	1257	1258	1259	1260	1261	1262	1263	1264	1265	1266	1267	1268	1269	
343	664	0	1	392	
344	665	0	1	745	
345	666	0	1	407	
346	667	0	15	2003	2004	2005	2006	2007	2008	2009	2010	2011	2012	2013	2014	2015	2016	2017	
347	669	0	9	1181	1182	1183	1184	1185	1186	1187	1188	1189	
348	670	0	1	1651	
349	673	0	24	2535	2536	2537	2538	2539	2540	2541	2542	2543	2544	2545	2546	2547	2548	2549	2550	2551	2552	2553	2554	2555	2556	2557	2558	
350	676	0	18	1863	1864	1865	1866	1867	1868	1869	1870	1871	1872	1873	1874	1875	1876	1877	1878	1879	1880	
351	677	0	15	1427	1428	1429	1430	1431	1432	1433	1434	1435	1436	1437	1438	1439	1440	1441	
352	679	0	12	1934	1935	1936	1937	1938	1939	1940	1941	1942	1943	1944	1945	
353	683	0	1	27	
354	685	0	3	2274	2275	2276	
355	686	0	7	1472	1473	1474	1475	1476	1477	1478	
356	687	0	1	2119	
357	689	0	21	1316	1317	1318	1319	1320	1321	1322	1323	1324	1325	1326	1327	1328	1329	1330	1331	1332	1333	1334	1335	1336	
358	691	0	3	106	107	108	
359	697	0	7	122	123	124	125	126	127	128	
360	698	0	21	603	604	605	606	607	608	609	610	611	612	613	614	615	616	617	618	619	620	621	622	623	
361	699	0	7	2500	2501	2502	2503	2504	2505	2506	
362	704	0	1	1922	
363	705	0	7	915	916	917	918	919	920	921	
364	708	0	1	2018	
365	713	0	1	1590	
366	715	0	3	741	742	743	
367	716	0	1	1248	
368	719	0	1	1369	
369	721	0	1	1891	
370	723	0	24	2210	2211	2212	2213	2214	2215	2216	2217	2218	2219	2220	2221	2222	2223	2224	2225	2226	2227	2228	2229	2230	2231	2232	2233	
371	724	0	1	1282	
372	727	0	1	1577	
373	728	0	1	24	
374	729	0	3	2509	2510	2511	
375	732	0	12	1147	1148	1149	1150	1151	1152	1153	1154	1155	1156	1157	1158	
376	734	0	3	822	823	824	
377	735	0	3	1556	1557	1558	
378	737	0	12	2338	2339	2340	2341	2342	2343	2344	2345	2346	2347	2348	2349	
379	738	0	7	1884	1885	1886	1887	1888	1889	1890	
380	739	0	7	1284	1285	1286	1287	1288	1289	1290	
381	741	0	21	242	243	244	245	246	247	248	249	250	251	252	253	254	255	256	257	258	259	260	261	262	
382	744	0	3	1660	1661	1662	
383	748	0	24	2447	2448	2449	2450	2451	2452	2453	2454	2455	2456	2457	2458	2459	2460	2461	2462	2463	2464	2465	2466	2467	2468	2469	2470	
384	750	0	1	1754	
385	752	0	9	94	95	96	97	98	99	100	101	102	
386	755	0	1	1470	
387	756	0	1	26	
388	757	0	1	553	
389	758	0	1	753	
390	759	0	18	1043	1044	1045	1046	1047	1048	1049	1050	1051	1052	1053	1054	1055	1056	1057	1058	1059	1060	
391	761	0	9	2526	2527	2528	2529	2530	2531	2532	2533	2534	
392	763	0	3	118	119	120	
393	766	0	7	1139	1140	1141	1142	1143	1144	1145	
394	767	0	1	1562	
395	768	0	15	1950	1951	1952	1953	1954	1955	1956	1957	1958	1959	1960	1961	1962	1963	1964	
396	773	0	1	131	
397	775	0	1	2167	
398	776	0	1	1647	
399	777	0	1	274	
400	780	0	18	145	146	147	148	149	150	151	152	153	154	155	156	157	158	159	160	161	162	
401	781	0	7	757	758	759	760	761	762	763	
402	782	0	24	2094	2095	2096	2097	2098	2099	2100	2101	2102	2103	2104	2105	2106	2107	2108	2109	2110	2111	2112	2113	2114	2115	2116	2117	
403	783	0	1	404	
404	785	0	1	969	
405	786	0	15	1027	1028	1029	1030	1031	1032	1033	1034	1035	1036	1037	1038	1039	1040	1041	
406	787	0	1	35	
407	789	0	1	1677	
408	790	0	7	1197	1198	1199	1200	1201	1202	1203	
409	791	0	1	1605	
410	792	0	1	482	
411	793	0	21	939	940	941	942	943	944	945	946	947	948	949	950	951	952	953	954	955	956	957	958	959	
412	794	0	7	697	698	699	700	701	702	703	
413	795	0	1	429	
414	796	0	3	1671	1672	1673	
415	798	0	3	1533	1534	1535	
416	801	0	24	1679	1680	1681	1682	1683	1684	1685	1686	1687	1688	1689	1690	1691	1692	1693	1694	1695	1696	1697	1698	1699	1700	1701	1702	
417	802	0	1	1352	
418	803	0	1	565	
419	806	0	3	1545	1546	1547	
420	807	0	9	184	185	186	187	188	189	190	191	192	
421	811	0	18	566	567	568	569	570	571	572	573	574	575	576	577	578	579	580	581	582	583	
422	816	0	1	2563	
423	821	0	1	1966	
424	822	0	1	756	
425	824	0	24	2243	2244	2245	2246	2247	2248	2249	2250	2251	2252	2253	2254	2255	2256	2257	2258	2259	2260	2261	2262	2263	2264	2265	2266	
426	826	0	3	1356	1357	1358	
427	827	0	7	810	811	812	813	814	815	816	
428	829	0	21	1808	1809	1810	1811	1812	1813	1814	1815	1816	1817	1818	1819	1820	1821	1822	1823	1824	1825	1826	1827	1828	
429	832	0	18	1903	1904	1905	1906	1907	1908	1909	1910	1911	1912	1913	1914	1915	1916	1917	1918	1919	1920	
430	835	0	1	1628	
431	837	0	21	1404	1405	1406	1407	1408	1409	1410	1411	1412	1413	1414	1415	1416	1417	1418	1419	1420	1421	1422	1423	1424	
432	838	0	24	1222	1223	1224	1225	1226	1227	1228	1229	1230	1231	1232	1233	1234	1235	1236	1237	1238	1239	1240	1241	1242	1243	1244	1245	
433	839	0	1	481	
434	840	0	21	1967	1968	1969	1970	1971	1972	1973	1974	1975	1976	1977	1978	1979	1980	1981	1982	1983	1984	1985	1986	1987	
435	842	0	18	511	512	513	514	515	516	517	518	519	520	521	522	523	524	525	526	527	528	
436	843	0	7	681	682	683	684	685	686	687	
437	844	0	1	2358	
438	845	0	1	38	
439	846	0	1	1180	
440	847	0	1	1856	
441	849	0	1	488	
442	851	0	7	2306	2307	2308	2309	2310	2311	2312	
443	852	0	3	584	585	586	
444	858	0	18	2019	2020	2021	2022	2023	2024	2025	2026	2027	2028	2029	2030	2031	2032	2033	2034	2035	2036	
445	859	0	1	755	
446	860	0	1	193	
447	861	0	7	2424	2425	2426	2427	2428	2429	2430	
448	862	0	1	487	
449	865	0	9	418	419	420	421	422	423	424	425	426	
450	866	0	1	2368	
451	870	0	1	405	
452	872	0	1	736	
453	876	0	1	562	
454	877	0	1	20	
455	880	0	1	1592	
456	882	0	1	2286	
457	883	0	15	2172	2173	2174	2175	2176	2177	2178	2179	2180	2181	2182	2183	2184	2185	2186	
458	885	0	21	532	533	534	535	536	537	538	539	540	541	542	543	544	545	546	547	548	549	550	551	552	
459	888	0	24	1679	1680	1681	1682	1683	1684	1685	1686	1687	1688	1689	1690	1691	1692	1693	1694	1695	1696	1697	1698	1699	1700	1701	1702	
460	892	0	1	2285	
461	894	0	24	2243	2244	2245	2246	2247	2248	2249	2250	2251	2252	2253	2254	2255	2256	2257	2258	2259	2260	2261	2262	2263	2264	2265	2266	
462	895	0	24	368	369	370	371	372	373	374	375	376	377	378	379	380	381	382	383	384	385	386	387	388	389	390	391	
463	897	0	15	295	296	297	298	299	300	301	302	303	304	305	306	307	308	309	
464	902	0	3	2050	2051	2052	
465	904	0	12	2294	2295	2296	2297	2298	2299	2300	2301	2302	2303	2304	2305	
466	906	0	1	705	
467	907	0	1	1426	
468	908	0	1	2379	
469	909	0	1	983	
470	914	0	1	1591	
471	915	0	24	1080	1081	1082	1083	1084	1085	1086	1087	1088	1089	1090	1091	1092	1093	1094	1095	1096	1097	1098	1099	1100	1101	1102	1103	
472	916	0	1	73	
473	917	0	7	1830	1831	1832	1833	1834	1835	1836	
474	918	0	24	1222	1223	1224	1225	1226	1227	1228	1229	1230	1231	1232	1233	1234	1235	1236	1237	1238	1239	1240	1241	1242	1243	1244	1245	
475	920	0	7	1927	1928	1929	1930	1931	1932	1933	
476	921	0	18	1104	1105	1106	1107	1108	1109	1110	1111	1112	1113	1114	1115	1116	1117	1118	1119	1120	1121	
477	925	0	1	144	
478	926	0	1	91	
479	927	0	24	1292	1293	1294	1295	1296	1297	1298	1299	1300	1301	1302	1303	1304	1305	1306	1307	1308	1309	1310	1311	1312	1313	1314	1315	
480	929	0	1	129	
481	931	0	9	1840	1841	1842	1843	1844	1845	1846	1847	1848	
482	935	0	15	295	296	297	298	299	300	301	302	303	304	305	306	307	308	309	
483	938	0	3	654	655	656	
484	939	0	1	2525	
485	941	0	9	903	904	905	906	907	908	909	910	911	
486	942	0	7	2236	2237	2238	2239	2240	2241	2242	
487	943	0	24	2210	2211	2212	2213	2214	2215	2216	2217	2218	2219	2220	2221	2222	2223	2224	2225	2226	2227	2228	2229	2230	2231	2232	2233	
488	945	0	3	1503	1504	1505	
489	948	0	7	2040	2041	2042	2043	2044	2045	2046	
490	951	0	9	960	961	962	963	964	965	966	967	968	
491	952	0	18	1514	1515	1516	1517	1518	1519	1520	1521	1522	1523	1524	1525	1526	1527	1528	1529	1530	1531	
492	953	0	1	2138	
493	956	0	1	880	
494	960	0	1	913	
495	961	0	1	1196	
496	963	0	1	40	
497	966	0	3	600	601	602	
498	968	0	1	1850	
499	970	0	1	2002	
500	972	0	1	393	
501	973	0	1	1924	
502	974	0	24	2535	2536	2537	2538	2539	2540	2541	2542	2543	2544	2545	2546	2547	2548	2549	2550	2551	2552	2553	2554	2555	2556	2557	2558	
503	976	0	12	794	795	796	797	798	799	800	801	802	803	804	805	
504	978	0	1	1893	
505	981	0	1	1807	
506	982	0	24	1782	1783	1784	1785	1786	1787	1788	1789	1790	1791	1792	1793	1794	1795	1796	1797	1798	1799	1800	1801	1802	1803	1804	1805	
507	983	0	12	657	658	659	660	661	662	663	664	665	666	667	668	
508	985	0	1	1002	
509	986	0	12	2513	2514	2515	2516	2517	2518	2519	2520	2521	2522	2523	2524	
510	987	0	1	878	
511	988	0	3	694	695	696	
512	991	0	1	1209	
513	992	0	1	403	
514	995	0	1	1291	
515	996	0	18	1104	1105	1106	1107	1108	1109	1110	1111	1112	1113	1114	1115	1116	1117	1118	1119	1120	1121	
516	999	0	7	2323	2324	2325	2326	2327	2328	2329	
517	1001	0	1	1563	
518	1002	0	15	315	316	317	318	319	320	321	322	323	324	325	326	327	328	329	
519	1003	0	21	1967	1968	1969	1970	1971	1972	1973	1974	1975	1976	1977	1978	1979	1980	1981	1982	1983	1984	1985	1986	1987	
520	1006	0	1	855	
521	1007	0	15	2003	2004	2005	2006	2007	2008	2009	2010	2011	2012	2013	2014	2015	2016	2017	
522	1009	0	1	2092	
523	1010	0	1	2378	
524	1011	0	3	1629	1630	1631	
525	1013	0	1	1138	
526	1014	0	3	1837	1838	1839	
527	1015	0	1	1659	
528	1016	0	1	1650	
529	1018	0	9	2359	2360	2361	2362	2363	2364	2365	2366	2367	
530	1019	0	15	275	276	277	278	279	280	281	282	283	284	285	286	287	288	289	
531	1020	0	7	1664	1665	1666	1667	1668	1669	1670	
532	1021	0	1	135	
533	1023	0	12	970	971	972	973	974	975	976	977	978	979	980	981	
534	1024	0	1	1663	
535	1026	0	3	1270	1271	1272	
536	1027	0	21	532	533	534	535	536	537	538	539	540	541	542	543	544	545	546	547	548	549	550	551	552	
537	1028	0	1	1339	
538	1029	0	15	2172	2173	2174	2175	2176	2177	2178	2179	2180	2181	2182	2183	2184	2185	2186	
539	1030	0	1	2350	
540	1032	0	7	624	625	626	627	628	629	630	
541	1036	0	1	1921	
542	1037	0	1	561	
543	1039	0	1	857	
544	1040	0	24	2143	2144	2145	2146	2147	2148	2149	2150	2151	2152	2153	2154	2155	2156	2157	2158	2159	2160	2161	2162	2163	2164	2165	2166	
545	1045	0	1	1861	
546	1046	0	1	22	
547	1047	0	18	718	719	720	721	722	723	724	725	726	727	728	729	730	731	732	733	734	735	
548	1049	0	1	1194	
549	1050	0	7	2267	2268	2269	2270	2271	2272	2273	
550	1051	0	3	1353	1354	1355	
551	1053	0	9	1181	1182	1183	1184	1185	1186	1187	1188	1189	
552	1054	0	9	2129	2130	2131	2132	2133	2134	2135	2136	2137	
553	1055	0	18	2481	2482	2483	2484	2485	2486	2487	2488	2489	2490	2491	2492	2493	2494	2495	2496	2497	2498	
554	1056	0	12	657	658	659	660	661	662	663	664	665	666	667	668	
555	1059	0	1	587	
556	1061	0	24	1782	1783	1784	1785	1786	1787	1788	1789	1790	1791	1792	1793	1794	1795	1796	1797	1798	1799	1800	1801	1802	1803	1804	1805	
557	1064	0	1	1246	
558	1065	0	1	2499	
559	1067	0	1	1368	
560	1070	0	15	779	780	781	782	783	784	785	786	787	788	789	790	791	792	793	
561	1074	0	1	1632	
562	1075	0	15	2381	2382	2383	2384	2385	2386	2387	2388	2389	2390	2391	2392	2393	2394	2395	
563	1076	0	15	0	1	2	3	4	5	6	7	8	9	10	11	12	13	14	
564	1077	0	18	566	567	568	569	570	571	572	573	574	575	576	577	578	579	580	581	582	583	
565	1085	0	9	2526	2527	2528	2529	2530	2531	2532	2533	2534	
566	1087	0	9	2472	2473	2474	2475	2476	2477	2478	2479	2480	
567	1088	0	3	875	876	877	
568	1089	0	1	1190	
569	1091	0	9	265	266	267	268	269	270	271	272	273	
570	1092	0	1	132	
571	1096	0	3	631	632	633	
572	1100	0	18	566	567	568	569	570	571	572	573	574	575	576	577	578	579	580	581	582	583	
573	1102	0	1	401	
574	1103	0	1	408	
575	1104	0	3	347	348	349	
576	1105	0	15	779	780	781	782	783	784	785	786	787	788	789	790	791	792	793	
577	1106	0	1	2047	
578	1108	0	1	744	
579	1110	0	1	1371	
580	1111	0	1	2423	
581	1112	0	7	1593	1594	1595	1596	1597	1598	1599	
582	1113	0	15	639	640	641	642	643	644	645	646	647	648	649	650	651	652	653	
583	1115	0	18	1863	1864	1865	1866	1867	1868	1869	1870	1871	1872	1873	1874	1875	1876	1877	1878	1879	1880	
584	1116	0	1	1003	
585	1119	0	24	1080	1081	1082	1083	1084	1085	1086	1087	1088	1089	1090	1091	1092	1093	1094	1095	1096	1097	1098	1099	1100	1101	1102	1103	
586	1120	0	21	939	940	941	942	943	944	945	946	947	948	949	950	951	952	953	954	955	956	957	958	959	
587	1121	0	21	242	243	244	245	246	247	248	249	250	251	252	253	254	255	256	257	258	259	260	261	262	
588	1123	0	1	914	
589	1124	0	1	2564	
590	1125	0	1	1131	
591	1128	0	3	1634	1635	1636	
592	1129	0	24	368	369	370	371	372	373	374	375	376	377	378	379	380	381	382	383	384	385	386	387	388	389	390	391	
593	1130	0	1	1167	
594	1131	0	1	2446	
595	1134	0	9	2359	2360	2361	2362	2363	2364	2365	2366	2367	
596	1135	0	1	563	
597	1136	0	1	1042	
598	1140	0	12	494	495	496	497	498	499	500	501	502	503	504	505	
599	1142	0	21	1482	1483	1484	1485	1486	1487	1488	1489	1490	1491	1492	1493	1494	1495	1496	1497	1498	1499	1500	1501	1502	
600	1148	0	18	834	835	836	837	838	839	840	841	842	843	844	845	846	847	848	849	850	851	
601	1149	0	21	219	220	221	222	223	224	225	226	227	228	229	230	231	232	233	234	235	236	237	238	239	
602	1150	0	12	588	589	590	591	592	593	594	595	596	597	598	599	
603	1152	0	12	970	971	972	973	974	975	976	977	978	979	980	981	
604	1154	0	3	691	692	693	
605	1156	0	1	938	
606	1159	0	15	315	316	317	318	319	320	321	322	323	324	325	326	327	328	329	
607	1160	0	1	688	
608	1164	0	1	2038	
609	1165	0	24	1373	1374	1375	1376	1377	1378	1379	1380	1381	1382	1383	1384	1385	1386	1387	1388	1389	1390	1391	1392	1393	1394	1395	1396	
610	1167	0	18	2404	2405	2406	2407	2408	2409	2410	2411	2412	2413	2414	2415	2416	2417	2418	2419	2420	2421	
611	1168	0	12	1934	1935	1936	1937	1938	1939	1940	1941	1942	1943	1944	1945	
612	1169	0	21	2063	2064	2065	2066	2067	2068	2069	2070	2071	2072	2073	2074	2075	2076	2077	2078	2079	2080	2081	2082	2083	
613	1170	0	15	2571	2572	2573	2574	2575	2576	2577	2578	2579	2580	2581	2582	2583	2584	2585	
614	1171	0	1	937	
615	1173	0	1	1600	
616	1174	0	3	88	89	90	
617	1176	0	21	1967	1968	1969	1970	1971	1972	1973	1974	1975	1976	1977	1978	1979	1980	1981	1982	1983	1984	1985	1986	1987	
618	1178	0	1	350	
619	1180	0	1	489	
620	1182	0	12	669	670	671	672	673	674	675	676	677	678	679	680	
621	1183	0	7	1989	1990	1991	1992	1993	1994	1995	
622	1184	0	1	42	
623	1185	0	1	2235	
624	1186	0	1	130	
625	1187	0	1	902	
626	1191	0	1	2171	
627	1192	0	9	2369	2370	2371	2372	2373	2374	2375	2376	2377	
628	1193	0	3	1852	1853	1854	
629	1195	0	1	1589	
630	1197	0	1	1923	
631	1198	0	21	603	604	605	606	607	608	609	610	611	612	613	614	615	616	617	618	619	620	621	622	623	
632	1199	0	21	1249	1250	1251	1252	1253	1254	1255	1256	1257	1258	1259	1260	1261	1262	1263	1264	1265	1266	1267	1268	1269	
633	1203	0	18	1062	1063	1064	1065	1066	1067	1068	1069	1070	1071	1072	1073	1074	1075	1076	1077	1078	1079	
634	1204	0	3	711	712	713	
635	1206	0	1	2141	
636	1207	0	1	143	
637	1209	0	9	184	185	186	187	188	189	190	191	192	
638	1210	0	1	1857	
639	1211	0	18	2019	2020	2021	2022	2023	2024	2025	2026	2027	2028	2029	2030	2031	2032	2033	2034	2035	2036	
640	1212	0	1	564	
641	1213	0	15	922	923	924	925	926	927	928	929	930	931	932	933	934	935	936	
642	1214	0	1	240	
643	1218	0	7	110	111	112	113	114	115	116	
644	1220	0	1	506	
645	1221	0	1	2001	
646	1224	0	21	2063	2064	2065	2066	2067	2068	2069	2070	2071	2072	2073	2074	2075	2076	2077	2078	2079	2080	2081	2082	2083	
647	1228	0	1	821	
648	1230	0	15	275	276	277	278	279	280	281	282	283	284	285	286	287	288	289	
649	1231	0	15	0	1	2	3	4	5	6	7	8	9	10	11	12	13	14	
650	1232	0	12	766	767	768	769	770	771	772	773	774	775	776	777	
651	1233	0	12	2338	2339	2340	2341	2342	2343	2344	2345	2346	2347	2348	2349	
652	1234	0	1	1678	
653	1242	0	18	1043	1044	1045	1046	1047	1048	1049	1050	1051	1052	1053	1054	1055	1056	1057	1058	1059	1060	
654	1247	0	1	459	
655	1248	0	12	2433	2434	2435	2436	2437	2438	2439	2440	2441	2442	2443	2444	
656	1249	0	9	1703	1704	1705	1706	1707	1708	1709	1710	1711	
657	1250	0	24	1443	1444	1445	1446	1447	1448	1449	1450	1451	1452	1453	1454	1455	1456	1457	1458	1459	1460	1461	1462	1463	1464	1465	1466	
658	1254	0	1	87	
659	1255	0	18	1903	1904	1905	1906	1907	1908	1909	1910	1911	1912	1913	1914	1915	1916	1917	1918	1919	1920	
660	1257	0	7	1652	1653	1654	1655	1656	1657	1658	
661	1259	0	9	1273	1274	1275	1276	1277	1278	1279	1280	1281	
662	1260	0	1	765	
663	1261	0	24	2447	2448	2449	2450	2451	2452	2453	2454	2455	2456	2457	2458	2459	2460	2461	2462	2463	2464	2465	2466	2467	2468	2469	2470	
664	1264	0	1	2569	
665	1265	0	7	164	165	166	167	168	169	170	
666	1266	0	12	1210	1211	1212	1213	1214	1215	1216	1217	1218	1219	1220	1221	
667	1268	0	9	418	419	420	421	422	423	424	425	426	
668	1271	0	21	2063	2064	2065	2066	2067	2068	2069	2070	2071	2072	2073	2074	2075	2076	2077	2078	2079	2080	2081	2082	2083	
669	1273	0	3	2087	2088	2089	
670	1275	0	1	1168	
671	1277	0	1	1781	
672	1278	0	15	2587	2588	2589	2590	2591	2592	2593	2594	2595	2596	2597	2598	2599	2600	2601	
673	1279	0	1	367	
674	1282	0	1	2049	
675	1283	0	18	1736	1737	1738	1739	1740	1741	1742	1743	1744	1745	1746	1747	1748	1749	1750	1751	1752	1753	
676	1285	0	1	819	
677	1287	0	1	163	
678	1288	0	24	2243	2244	2245	2246	2247	2248	2249	2250	2251	2252	2253	2254	2255	2256	2257	2258	2259	2260	2261	2262	2263	2264	2265	2266	
679	1289	0	1	2432	
680	1290	0	18	1514	1515	1516	1517	1518	1519	1520	1521	1522	1523	1524	1525	1526	1527	1528	1529	1530	1531	
681	1291	0	1	1637	
682	1292	0	1	739	
683	1294	0	21	219	220	221	222	223	224	225	226	227	228	229	230	231	232	233	234	235	236	237	238	239	
684	1296	0	1	493	
685	1299	0	1	1726	
686	1302	0	1	41	
687	1303	0	1	1026	
688	1304	0	1	2060	
689	1306	0	1	1895	
690	1307	0	1	134	
691	1308	0	1	311	
692	1310	0	1	1544	
693	1312	0	1	25	
694	1313	0	1	1996	
695	1316	0	1	764	
696	1322	0	15	2003	2004	2005	2006	2007	2008	2009	2010	2011	2012	2013	2014	2015	2016	2017	
697	1326	0	1	16	
698	1327	0	21	1316	1317	1318	1319	1320	1321	1322	1323	1324	1325	1326	1327	1328	1329	1330	1331	1332	1333	1334	1335	1336	
699	1328	0	3	1602	1603	1604	
700	1329	0	1	2337	
701	1330	0	18	200	201	202	203	204	205	206	207	208	209	210	211	212	213	214	215	216	217	
702	1331	0	21	242	243	244	245	246	247	248	249	250	251	252	253	254	255	256	257	258	259	260	261	262	
703	1332	0	1	714	
704	1333	0	1	1829	
705	1337	0	1	428	
706	1340	0	1	1725	
707	1343	0	7	554	555	556	557	558	559	560	
708	1346	0	1	1549	
709	1347	0	1	1620	
710	1348	0	1	331	
711	1350	0	1	1997	
712	1356	0	24	1756	1757	1758	1759	1760	1761	1762	1763	1764	1765	1766	1767	1768	1769	1770	1771	1772	1773	1774	1775	1776	1777	1778	1779	
713	1361	0	7	2203	2204	2205	2206	2207	2208	2209	
714	1362	0	1	689	
715	1368	0	1	1633	
716	1369	0	1	637	
717	1372	0	7	1123	1124	1125	1126	1127	1128	1129	
718	1373	0	1	2091	
719	1374	0	15	639	640	641	642	643	644	645	646	647	648	649	650	651	652	653	
720	1375	0	1	75	
721	1376	0	18	1514	1515	1516	1517	1518	1519	1520	1521	1522	1523	1524	1525	1526	1527	1528	1529	1530	1531	
722	1377	0	15	352	353	354	355	356	357	358	359	360	361	362	363	364	365	366	
723	1381	0	1	1638	
724	1382	0	9	825	826	827	828	829	830	831	832	833	
725	1383	0	1	312	
726	1387	0	9	1703	1704	1705	1706	1707	1708	1709	1710	1711	
727	1388	0	1	294	
728	1389	0	21	430	431	432	433	434	435	436	437	438	439	440	441	442	443	444	445	446	447	448	449	450	
729	1391	0	1	2048	
730	1392	0	1	2586	
731	1393	0	21	1249	1250	1251	1252	1253	1254	1255	1256	1257	1258	1259	1260	1261	1262	1263	1264	1265	1266	1267	1268	1269	
732	1395	0	24	2094	2095	2096	2097	2098	2099	2100	2101	2102	2103	2104	2105	2106	2107	2108	2109	2110	2111	2112	2113	2114	2115	2116	2117	
733	1396	0	1	1883	
734	1397	0	1	1926	
735	1398	0	3	2560	2561	2562	
736	1402	0	1	80	
737	1403	0	1	290	
738	1409	0	1	2422	
739	1410	0	9	825	826	827	828	829	830	831	832	833	
740	1412	0	24	2535	2536	2537	2538	2539	2540	2541	2542	2543	2544	2545	2546	2547	2548	2549	2550	2551	2552	2553	2554	2555	2556	2557	2558	
741	1413	0	24	2447	2448	2449	2450	2451	2452	2453	2454	2455	2456	2457	2458	2459	2460	2461	2462	2463	2464	2465	2466	2467	2468	2469	2470	
742	1414	0	1	1892	
743	1415	0	9	2472	2473	2474	2475	2476	2477	2478	2479	2480	
744	1416	0	1	879	
745	1418	0	1	197	
746	1419	0	1	2353	
747	1420	0	24	1222	1223	1224	1225	1226	1227	1228	1229	1230	1231	1232	1233	1234	1235	1236	1237	1238	1239	1240	1241	1242	1243	1244	1245	
748	1423	0	21	939	940	941	942	943	944	945	946	947	948	949	950	951	952	953	954	955	956	957	958	959	
749	1424	0	18	463	464	465	466	467	468	469	470	471	472	473	474	475	476	477	478	479	480	
750	1427	0	15	779	780	781	782	783	784	785	786	787	788	789	790	791	792	793	
751	1428	0	1	2037	
752	1429	0	1	2187	
753	1430	0	1	1004	
754	1432	0	1	2039	
755	1434	0	18	834	835	836	837	838	839	840	841	842	843	844	845	846	847	848	849	850	851	
756	1435	0	3	1722	1723	1724	
757	1438	0	21	1808	1809	1810	1811	1812	1813	1814	1815	1816	1817	1818	1819	1820	1821	1822	1823	1824	1825	1826	1827	1828	
758	1439	0	7	1715	1716	1717	1718	1719	1720	1721	
759	1441	0	9	960	961	962	963	964	965	966	967	968	
760	1442	0	1	1005	
761	1443	0	3	17	18	19	
762	1444	0	21	219	220	221	222	223	224	225	226	227	228	229	230	231	232	233	234	235	236	237	238	239	
763	1445	0	18	511	512	513	514	515	516	517	518	519	520	521	522	523	524	525	526	527	528	
764	1447	0	15	1027	1028	1029	1030	1031	1032	1033	1034	1035	1036	1037	1038	1039	1040	1041	
765	1448	0	18	718	719	720	721	722	723	724	725	726	727	728	729	730	731	732	733	734	735	
766	1449	0	3	2168	2169	2170	
767	1451	0	1	1946	
768	1454	0	7	1169	1170	1171	1172	1173	1174	1175	
769	1455	0	15	1027	1028	1029	1030	1031	1032	1033	1034	1035	1036	1037	1038	1039	1040	1041	
770	1456	0	1	716	
771	1457	0	24	1080	1081	1082	1083	1084	1085	1086	1087	1088	1089	1090	1091	1092	1093	1094	1095	1096	1097	1098	1099	1100	1101	1102	1103	
772	1459	0	7	451	452	453	454	455	456	457	
773	1460	0	3	1858	1859	1860	
774	1461	0	1	1191	
775	1462	0	24	1373	1374	1375	1376	1377	1378	1379	1380	1381	1382	1383	1384	1385	1386	1387	1388	1389	1390	1391	1392	1393	1394	1395	1396	
776	1463	0	1	2559	
777	1465	0	1	416	
778	1467	0	7	1019	1020	1021	1022	1023	1024	1025	
779	1470	0	3	634	635	636	
780	1471	0	18	1903	1904	1905	1906	1907	1908	1909	1910	1911	1912	1913	1914	1915	1916	1917	1918	1919	1920	
781	1472	0	1	1192	
782	1474	0	18	46	47	48	49	50	51	52	53	54	55	56	57	58	59	60	61	62	63	
783	1477	0	21	881	882	883	884	885	886	887	888	889	890	891	892	893	894	895	896	897	898	899	900	901	
784	1478	0	1	1338	
785	1479	0	18	463	464	465	466	467	468	469	470	471	472	473	474	475	476	477	478	479	480	
786	1481	0	3	82	83	84	
787	1482	0	21	881	882	883	884	885	886	887	888	889	890	891	892	893	894	895	896	897	898	899	900	901	
788	1485	0	21	532	533	534	535	536	537	538	539	540	541	542	543	544	545	546	547	548	549	550	551	552	
789	1486	0	21	430	431	432	433	434	435	436	437	438	439	440	441	442	443	444	445	446	447	448	449	450	
790	1488	0	15	295	296	297	298	299	300	301	302	303	304	305	306	307	308	309	
791	1490	0	3	2565	2566	2567	
792	1491	0	21	881	882	883	884	885	886	887	888	889	890	891	892	893	894	895	896	897	898	899	900	901	
793	1493	0	24	1443	1444	1445	1446	1447	1448	1449	1450	1451	1452	1453	1454	1455	1456	1457	1458	1459	1460	1461	1462	1463	1464	1465	1466	
794	1494	0	21	1316	1317	1318	1319	1320	1321	1322	1323	1324	1325	1326	1327	1328	1329	1330	1331	1332	1333	1334	1335	1336	
795	1497	0	1	1587	
