382
0	0	0	9	491	492	493	494	495	496	497	498	499	
1	3	0	18	359	360	361	362	363	364	365	366	367	368	369	370	371	372	373	374	375	376	
2	8	0	1	701	
3	12	0	7	47	48	49	50	51	52	53	
4	15	0	15	1126	1127	1128	1129	1130	1131	1132	1133	1134	1135	1136	1137	1138	1139	1140	
5	17	0	12	383	384	385	386	387	388	389	390	391	392	393	394	
6	19	0	1	819	
7	20	0	1	513	
8	22	0	1	295	
9	25	0	18	938	939	940	941	942	943	944	945	946	947	948	949	950	951	952	953	954	955	
10	26	0	12	34	35	36	37	38	39	40	41	42	43	44	45	
11	28	0	1	1099	
12	30	0	9	614	615	616	617	618	619	620	621	622	
13	31	0	1	684	
14	33	0	1	1103	
15	34	0	18	412	413	414	415	416	417	418	419	420	421	422	423	424	425	426	427	428	429	
16	35	0	7	828	829	830	831	832	833	834	
17	38	0	1	288	
18	45	0	9	1105	1106	1107	1108	1109	1110	1111	1112	1113	
19	46	0	1	1101	
20	50	0	1	91	
21	52	0	1	247	
22	55	0	24	1187	1188	1189	1190	1191	1192	1193	1194	1195	1196	1197	1198	1199	1200	1201	1202	1203	1204	1205	1206	1207	1208	1209	1210	
23	58	0	3	795	796	797	
24	60	0	1	10	
25	61	0	1	610	
26	62	0	7	138	139	140	141	142	143	144	
27	63	0	24	1187	1188	1189	1190	1191	1192	1193	1194	1195	1196	1197	1198	1199	1200	1201	1202	1203	1204	1205	1206	1207	1208	1209	1210	
28	64	0	21	851	852	853	854	855	856	857	858	859	860	861	862	863	864	865	866	867	868	869	870	871	
29	65	0	1	654	
30	66	0	1	1180	
31	70	0	1	57	
32	71	0	1	7	
33	74	0	1	92	
34	75	0	24	189	190	191	192	193	194	195	196	197	198	199	200	201	202	203	204	205	206	207	208	209	210	211	212	
35	77	0	1	8	
36	78	0	15	836	837	838	839	840	841	842	843	844	845	846	847	848	849	850	
37	79	0	1	33	
38	81	0	1	876	
39	85	0	18	938	939	940	941	942	943	944	945	946	947	948	949	950	951	952	953	954	955	
40	89	0	1	487	
41	93	0	18	896	897	898	899	900	901	902	903	904	905	906	907	908	909	910	911	912	913	
42	95	0	3	647	648	649	
43	96	0	1	248	
44	99	0	1	1082	
45	100	0	1	1	
46	103	0	12	672	673	674	675	676	677	678	679	680	681	682	683	
47	105	0	21	250	251	252	253	254	255	256	257	258	259	260	261	262	263	264	265	266	267	268	269	270	
48	106	0	1	485	
49	109	0	3	689	690	691	
50	111	0	1	874	
51	112	0	18	412	413	414	415	416	417	418	419	420	421	422	423	424	425	426	427	428	429	
52	113	0	3	145	146	147	
53	119	0	3	757	758	759	
54	120	0	1	536	
55	122	0	1	1091	
56	123	0	24	189	190	191	192	193	194	195	196	197	198	199	200	201	202	203	204	205	206	207	208	209	210	211	212	
57	124	0	7	656	657	658	659	660	661	662	
58	127	0	21	851	852	853	854	855	856	857	858	859	860	861	862	863	864	865	866	867	868	869	870	871	
59	128	0	3	1039	1040	1041	
60	130	0	3	157	158	159	
61	131	0	7	888	889	890	891	892	893	894	
62	134	0	1	46	
63	136	0	1	956	
64	137	0	15	430	431	432	433	434	435	436	437	438	439	440	441	442	443	444	
65	138	0	3	289	290	291	
66	139	0	1	148	
67	140	0	15	11	12	13	14	15	16	17	18	19	20	21	22	23	24	25	
68	141	0	3	1054	1055	1056	
69	146	0	1	1057	
70	151	0	3	1033	1034	1035	
71	152	0	1	172	
72	156	0	1	342	
73	157	0	18	299	300	301	302	303	304	305	306	307	308	309	310	311	312	313	314	315	316	
74	159	0	3	1182	1183	1184	
75	160	0	24	1187	1188	1189	1190	1191	1192	1193	1194	1195	1196	1197	1198	1199	1200	1201	1202	1203	1204	1205	1206	1207	1208	1209	1210	
76	162	0	1	379	
77	163	0	1	818	
78	164	0	21	957	958	959	960	961	962	963	964	965	966	967	968	969	970	971	972	973	974	975	976	977	
79	166	0	1	398	
80	168	0	3	4	5	6	
81	170	0	24	732	733	734	735	736	737	738	739	740	741	742	743	744	745	746	747	748	749	750	751	752	753	754	755	
82	171	0	3	163	164	165	
83	173	0	12	1021	1022	1023	1024	1025	1026	1027	1028	1029	1030	1031	1032	
84	174	0	21	545	546	547	548	549	550	551	552	553	554	555	556	557	558	559	560	561	562	563	564	565	
85	175	0	1	688	
86	177	0	1	650	
87	179	0	1	534	
88	180	0	1	1178	
89	182	0	1	3	
90	185	0	1	997	
91	186	0	1	234	
92	190	0	12	34	35	36	37	38	39	40	41	42	43	44	45	
93	194	0	1	356	
94	195	0	1	815	
95	197	0	1	1176	
96	201	0	1	168	
97	202	0	1	1179	
98	205	0	1	1121	
99	207	0	15	122	123	124	125	126	127	128	129	130	131	132	133	134	135	136	
100	209	0	3	400	401	402	
101	215	0	7	318	319	320	321	322	323	324	
102	216	0	7	1006	1007	1008	1009	1010	1011	1012	
103	217	0	1	357	
104	218	0	1	1083	
105	219	0	18	359	360	361	362	363	364	365	366	367	368	369	370	371	372	373	374	375	376	
106	220	0	15	1126	1127	1128	1129	1130	1131	1132	1133	1134	1135	1136	1137	1138	1139	1140	
107	222	0	3	336	337	338	
108	224	0	1	872	
109	225	0	1	820	
110	227	0	7	1165	1166	1167	1168	1169	1170	1171	
111	229	0	1	489	
112	231	0	7	808	809	810	811	812	813	814	
113	232	0	9	1073	1074	1075	1076	1077	1078	1079	1080	1081	
114	233	0	1	446	
115	235	0	15	430	431	432	433	434	435	436	437	438	439	440	441	442	443	444	
116	239	0	1	170	
117	240	0	1	358	
118	242	0	1	1175	
119	243	0	1	240	
120	244	0	1	396	
121	245	0	9	1073	1074	1075	1076	1077	1078	1079	1080	1081	
122	246	0	9	271	272	273	274	275	276	277	278	279	
123	247	0	15	703	704	705	706	707	708	709	710	711	712	713	714	715	716	717	
124	248	0	1	1065	
125	250	0	1	793	
126	251	0	21	957	958	959	960	961	962	963	964	965	966	967	968	969	970	971	972	973	974	975	976	977	
127	252	0	1	1018	
128	255	0	1	54	
129	257	0	18	979	980	981	982	983	984	985	986	987	988	989	990	991	992	993	994	995	996	
130	259	0	1	655	
131	260	0	1	233	
132	262	0	24	732	733	734	735	736	737	738	739	740	741	742	743	744	745	746	747	748	749	750	751	752	753	754	755	
133	264	0	1	399	
134	265	0	7	693	694	695	696	697	698	699	
135	266	0	1	878	
136	268	0	1	460	
137	270	0	12	1021	1022	1023	1024	1025	1026	1027	1028	1029	1030	1031	1032	
138	271	0	1	608	
139	272	0	21	250	251	252	253	254	255	256	257	258	259	260	261	262	263	264	265	266	267	268	269	270	
140	273	0	1	623	
141	274	0	1	218	
142	275	0	15	122	123	124	125	126	127	128	129	130	131	132	133	134	135	136	
143	277	0	15	1142	1143	1144	1145	1146	1147	1148	1149	1150	1151	1152	1153	1154	1155	1156	
144	281	0	21	851	852	853	854	855	856	857	858	859	860	861	862	863	864	865	866	867	868	869	870	871	
145	282	0	1	213	
146	283	0	1	512	
147	284	0	7	1212	1213	1214	1215	1216	1217	1218	
148	288	0	1	1125	
149	289	0	1	920	
150	292	0	1	686	
151	293	0	3	917	918	919	
152	294	0	1	0	
153	301	0	1	167	
154	305	0	1	171	
155	306	0	7	591	592	593	594	595	596	597	
156	310	0	1	1186	
157	311	0	1	1211	
158	313	0	1	317	
159	318	0	1	816	
160	323	0	18	761	762	763	764	765	766	767	768	769	770	771	772	773	774	775	776	777	778	
161	324	0	15	1126	1127	1128	1129	1130	1131	1132	1133	1134	1135	1136	1137	1138	1139	1140	
162	325	0	1	445	
163	330	0	7	26	27	28	29	30	31	32	
164	335	0	1	382	
165	336	0	24	732	733	734	735	736	737	738	739	740	741	742	743	744	745	746	747	748	749	750	751	752	753	754	755	
166	338	0	1	702	
167	339	0	18	761	762	763	764	765	766	767	768	769	770	771	772	773	774	775	776	777	778	
168	343	0	15	1142	1143	1144	1145	1146	1147	1148	1149	1150	1151	1152	1153	1154	1155	1156	
169	344	0	15	174	175	176	177	178	179	180	181	182	183	184	185	186	187	188	
170	345	0	1	93	
171	346	0	1	55	
172	347	0	1	625	
173	348	0	12	448	449	450	451	452	453	454	455	456	457	458	459	
174	350	0	7	150	151	152	153	154	155	156	
175	351	0	1	1013	
176	353	0	7	600	601	602	603	604	605	606	
177	354	0	15	122	123	124	125	126	127	128	129	130	131	132	133	134	135	136	
178	356	0	1	1104	
179	357	0	24	94	95	96	97	98	99	100	101	102	103	104	105	106	107	108	109	110	111	112	113	114	115	116	117	
180	358	0	24	66	67	68	69	70	71	72	73	74	75	76	77	78	79	80	81	82	83	84	85	86	87	88	89	
181	359	0	1	1124	
182	361	0	18	896	897	898	899	900	901	902	903	904	905	906	907	908	909	910	911	912	913	
183	362	0	9	271	272	273	274	275	276	277	278	279	
184	363	0	1	1037	
185	365	0	21	626	627	628	629	630	631	632	633	634	635	636	637	638	639	640	641	642	643	644	645	646	
186	366	0	1	9	
187	368	0	9	403	404	405	406	407	408	409	410	411	
188	369	0	1	355	
189	370	0	1	1102	
190	371	0	1	1017	
191	372	0	1	490	
192	373	0	1	873	
193	374	0	12	672	673	674	675	676	677	678	679	680	681	682	683	
194	375	0	1	1019	
195	379	0	1	486	
196	381	0	1	731	
197	382	0	18	761	762	763	764	765	766	767	768	769	770	771	772	773	774	775	776	777	778	
198	383	0	1	235	
199	384	0	24	66	67	68	69	70	71	72	73	74	75	76	77	78	79	80	81	82	83	84	85	86	87	88	89	
200	386	0	1	137	
201	390	0	3	611	612	613	
202	391	0	1	805	
203	394	0	9	403	404	405	406	407	408	409	410	411	
204	396	0	24	189	190	191	192	193	194	195	196	197	198	199	200	201	202	203	204	205	206	207	208	209	210	211	212	
205	399	0	7	58	59	60	61	62	63	64	
206	400	0	3	119	120	121	
207	401	0	12	448	449	450	451	452	453	454	455	456	457	458	459	
208	405	0	7	779	780	781	782	783	784	785	
209	410	0	3	237	238	239	
210	413	0	1	1122	
211	416	0	3	339	340	341	
212	417	0	1	687	
213	421	0	3	160	161	162	
214	422	0	1	241	
215	425	0	1	730	
216	426	0	12	500	501	502	503	504	505	506	507	508	509	510	511	
217	427	0	7	226	227	228	229	230	231	232	
218	430	0	18	515	516	517	518	519	520	521	522	523	524	525	526	527	528	529	530	531	532	
219	431	0	1	381	
220	434	0	7	537	538	539	540	541	542	543	
221	436	0	1	1016	
222	440	0	1	719	
223	441	0	1	249	
224	442	0	1	760	
225	451	0	1	877	
226	453	0	3	296	297	298	
227	454	0	9	469	470	471	472	473	474	475	476	477	
228	458	0	12	343	344	345	346	347	348	349	350	351	352	353	354	
229	459	0	1	886	
230	460	0	1	447	
231	463	0	1	380	
232	466	0	18	515	516	517	518	519	520	521	522	523	524	525	526	527	528	529	530	531	532	
233	468	0	9	663	664	665	666	667	668	669	670	671	
234	469	0	21	851	852	853	854	855	856	857	858	859	860	861	862	863	864	865	866	867	868	869	870	871	
235	470	0	3	292	293	294	
236	472	0	1	149	
237	474	0	15	430	431	432	433	434	435	436	437	438	439	440	441	442	443	444	
238	475	0	1	887	
239	478	0	15	11	12	13	14	15	16	17	18	19	20	21	22	23	24	25	
240	479	0	1	533	
241	481	0	21	250	251	252	253	254	255	256	257	258	259	260	261	262	263	264	265	266	267	268	269	270	
242	482	0	24	732	733	734	735	736	737	738	739	740	741	742	743	744	745	746	747	748	749	750	751	752	753	754	755	
243	484	0	21	570	571	572	573	574	575	576	577	578	579	580	581	582	583	584	585	586	587	588	589	590	
244	489	0	7	723	724	725	726	727	728	729	
245	492	0	1	535	
246	495	0	1	1123	
247	498	0	15	1142	1143	1144	1145	1146	1147	1148	1149	1150	1151	1152	1153	1154	1155	1156	
248	505	0	1	807	
249	506	0	3	1117	1118	1119	
250	510	0	1	326	
251	511	0	1	1174	
252	512	0	1	325	
253	513	0	1	624	
254	514	0	1	280	
255	516	0	1	461	
256	517	0	15	11	12	13	14	15	16	17	18	19	20	21	22	23	24	25	
257	518	0	1	598	
258	521	0	18	938	939	940	941	942	943	944	945	946	947	948	949	950	951	952	953	954	955	
259	524	0	3	244	245	246	
260	525	0	21	545	546	547	548	549	550	551	552	553	554	555	556	557	558	559	560	561	562	563	564	565	
261	527	0	1	1172	
262	528	0	21	570	571	572	573	574	575	576	577	578	579	580	581	582	583	584	585	586	587	588	589	590	
263	532	0	15	703	704	705	706	707	708	709	710	711	712	713	714	715	716	717	
264	533	0	1	1020	
265	536	0	3	651	652	653	
266	537	0	1	718	
267	538	0	1	173	
268	540	0	1	1100	
269	546	0	1	217	
270	547	0	7	1092	1093	1094	1095	1096	1097	1098	
271	549	0	24	94	95	96	97	98	99	100	101	102	103	104	105	106	107	108	109	110	111	112	113	114	115	116	117	
272	550	0	1	566	
273	551	0	1	1014	
274	552	0	9	614	615	616	617	618	619	620	621	622	
275	555	0	1	335	
276	556	0	1	1005	
277	558	0	3	935	936	937	
278	560	0	1	978	
279	561	0	1	65	
280	566	0	7	327	328	329	330	331	332	333	
281	567	0	21	570	571	572	573	574	575	576	577	578	579	580	581	582	583	584	585	586	587	588	589	590	
282	568	0	3	567	568	569	
283	570	0	7	821	822	823	824	825	826	827	
284	571	0	1	607	
285	574	0	1	685	
286	575	0	9	663	664	665	666	667	668	669	670	671	
287	577	0	1	1185	
288	580	0	1	817	
289	583	0	1	1181	
290	584	0	12	1042	1043	1044	1045	1046	1047	1048	1049	1050	1051	1052	1053	
291	585	0	7	478	479	480	481	482	483	484	
292	586	0	24	189	190	191	192	193	194	195	196	197	198	199	200	201	202	203	204	205	206	207	208	209	210	211	212	
293	587	0	1	609	
294	589	0	1	166	
295	593	0	3	1114	1115	1116	
296	596	0	18	979	980	981	982	983	984	985	986	987	988	989	990	991	992	993	994	995	996	
297	598	0	7	1058	1059	1060	1061	1062	1063	1064	
298	600	0	3	914	915	916	
299	606	0	15	703	704	705	706	707	708	709	710	711	712	713	714	715	716	717	
300	610	0	1	243	
301	611	0	1	118	
302	615	0	1	1173	
303	617	0	15	836	837	838	839	840	841	842	843	844	845	846	847	848	849	850	
304	619	0	7	1157	1158	1159	1160	1161	1162	1163	
305	621	0	1	242	
306	622	0	7	998	999	1000	1001	1002	1003	1004	
307	623	0	1	334	
308	625	0	18	896	897	898	899	900	901	902	903	904	905	906	907	908	909	910	911	912	913	
309	626	0	1	90	
310	627	0	18	359	360	361	362	363	364	365	366	367	368	369	370	371	372	373	374	375	376	
311	629	0	7	462	463	464	465	466	467	468	
312	631	0	1	599	
313	632	0	18	412	413	414	415	416	417	418	419	420	421	422	423	424	425	426	427	428	429	
314	634	0	9	1219	1220	1221	1222	1223	1224	1225	1226	1227	
315	635	0	24	66	67	68	69	70	71	72	73	74	75	76	77	78	79	80	81	82	83	84	85	86	87	88	89	
316	639	0	24	1187	1188	1189	1190	1191	1192	1193	1194	1195	1196	1197	1198	1199	1200	1201	1202	1203	1204	1205	1206	1207	1208	1209	1210	
317	640	0	15	836	837	838	839	840	841	842	843	844	845	846	847	848	849	850	
318	641	0	7	928	929	930	931	932	933	934	
319	644	0	1	236	
320	647	0	21	626	627	628	629	630	631	632	633	634	635	636	637	638	639	640	641	642	643	644	645	646	
321	651	0	1	1015	
322	652	0	12	500	501	502	503	504	505	506	507	508	509	510	511	
323	654	0	18	979	980	981	982	983	984	985	986	987	988	989	990	991	992	993	994	995	996	
324	656	0	12	1042	1043	1044	1045	1046	1047	1048	1049	1050	1051	1052	1053	
325	657	0	18	299	300	301	302	303	304	305	306	307	308	309	310	311	312	313	314	315	316	
326	662	0	1	1177	
327	664	0	1	895	
328	666	0	1	56	
329	667	0	1	2	
330	669	0	24	94	95	96	97	98	99	100	101	102	103	104	105	106	107	108	109	110	111	112	113	114	115	116	117	
331	672	0	1	806	
332	673	0	1	700	
333	674	0	7	798	799	800	801	802	803	804	
334	676	0	21	626	627	628	629	630	631	632	633	634	635	636	637	638	639	640	641	642	643	644	645	646	
335	677	0	9	469	470	471	472	473	474	475	476	477	
336	680	0	1	1120	
337	681	0	7	921	922	923	924	925	926	927	
338	683	0	1	514	
339	685	0	1	835	
340	686	0	7	786	787	788	789	790	791	792	
341	687	0	7	1066	1067	1068	1069	1070	1071	1072	
342	688	0	1	488	
343	689	0	24	66	67	68	69	70	71	72	73	74	75	76	77	78	79	80	81	82	83	84	85	86	87	88	89	
344	690	0	9	491	492	493	494	495	496	497	498	499	
345	691	0	7	1084	1085	1086	1087	1088	1089	1090	
346	692	0	1	377	
347	693	0	21	957	958	959	960	961	962	963	964	965	966	967	968	969	970	971	972	973	974	975	976	977	
348	694	0	1	1036	
349	696	0	21	545	546	547	548	549	550	551	552	553	554	555	556	557	558	559	560	561	562	563	564	565	
350	697	0	7	219	220	221	222	223	224	225	
351	699	0	7	281	282	283	284	285	286	287	
352	700	0	1	397	
353	702	0	1	378	
354	704	0	21	626	627	628	629	630	631	632	633	634	635	636	637	638	639	640	641	642	643	644	645	646	
355	705	0	18	299	300	301	302	303	304	305	306	307	308	309	310	311	312	313	314	315	316	
356	706	0	12	343	344	345	346	347	348	349	350	351	352	353	354	
357	707	0	12	383	384	385	386	387	388	389	390	391	392	393	394	
358	709	0	21	250	251	252	253	254	255	256	257	258	259	260	261	262	263	264	265	266	267	268	269	270	
359	710	0	1	1038	
360	712	0	21	545	546	547	548	549	550	551	552	553	554	555	556	557	558	559	560	561	562	563	564	565	
361	714	0	3	720	721	722	
362	715	0	21	570	571	572	573	574	575	576	577	578	579	580	581	582	583	584	585	586	587	588	589	590	
363	717	0	1	1228	
364	718	0	1	875	
365	720	0	15	174	175	176	177	178	179	180	181	182	183	184	185	186	187	188	
366	723	0	3	214	215	216	
367	725	0	1	692	
368	728	0	7	879	880	881	882	883	884	885	
369	729	0	9	1105	1106	1107	1108	1109	1110	1111	1112	1113	
370	731	0	1	756	
371	733	0	18	515	516	517	518	519	520	521	522	523	524	525	526	527	528	529	530	531	532	
372	736	0	1	395	
373	737	0	21	957	958	959	960	961	962	963	964	965	966	967	968	969	970	971	972	973	974	975	976	977	
374	738	0	1	544	
375	739	0	9	1219	1220	1221	1222	1223	1224	1225	1226	1227	
376	740	0	1	1141	
377	743	0	15	174	175	176	177	178	179	180	181	182	183	184	185	186	187	188	
378	744	0	1	794	
379	745	0	1	1164	
380	747	0	1	169	
381	748	0	24	94	95	96	97	98	99	100	101	102	103	104	105	106	107	108	109	110	111	112	113	114	115	116	117	
