1502	1202	300
0	0	1	5	1	0	
1	1	1	11	1	1	
2	2	1	6	1	2	
3	3	1	11	1	3	
4	4	1	11	1	4	
5	5	2	22	1	5	
6	6	2	11	1	6	
7	6	2	22	2	6	7	
8	6	2	44	3	6	7	8	
9	6	2	33	2	6	8	
10	6	2	11	1	7	
11	6	2	33	2	7	8	
12	6	2	22	1	8	
13	7	1	12	1	9	
14	8	1	5	1	10	
15	8	1	10	2	10	11	
16	8	1	15	3	10	11	12	
17	8	1	5	1	11	
18	8	1	10	2	11	12	
19	8	1	15	3	11	12	13	
20	8	1	5	1	12	
21	8	1	10	2	12	13	
22	8	1	15	3	12	13	14	
23	8	1	5	1	13	
24	8	1	10	2	13	14	
25	8	1	15	3	13	14	15	
26	8	1	5	1	14	
27	8	1	10	2	14	15	
28	8	1	15	3	14	15	16	
29	8	1	5	1	15	
30	8	1	10	2	15	16	
31	8	1	15	3	15	16	17	
32	8	1	5	1	16	
33	8	1	10	2	16	17	
34	8	1	5	1	17	
35	9	1	11	1	18	
36	10	1	11	1	19	
37	11	2	5	1	20	
38	11	2	10	2	20	21	
39	11	2	20	3	20	21	22	
40	11	2	15	2	20	22	
41	11	2	5	1	21	
42	11	2	15	2	21	22	
43	11	2	10	1	22	
44	12	2	11	1	23	
45	12	2	33	2	23	24	
46	12	2	55	3	23	24	25	
47	12	2	33	2	23	25	
48	12	2	22	1	24	
49	12	2	44	2	24	25	
50	12	2	22	1	25	
51	13	1	6	1	26	
52	14	2	11	1	27	
53	14	2	22	2	27	28	
54	14	2	33	3	27	28	29	
55	14	2	11	1	28	
56	14	2	22	2	28	29	
57	14	2	33	3	28	29	30	
58	14	2	11	1	29	
59	14	2	22	2	29	30	
60	14	2	33	3	29	30	31	
61	14	2	11	1	30	
62	14	2	22	2	30	31	
63	14	2	33	3	30	31	32	
64	14	2	11	1	31	
65	14	2	22	2	31	32	
66	14	2	33	3	31	32	33	
67	14	2	11	1	32	
68	14	2	22	2	32	33	
69	14	2	11	1	33	
70	15	1	5	1	34	
71	16	1	11	1	35	
72	16	1	22	2	35	36	
73	16	1	33	3	35	36	37	
74	16	1	22	2	35	37	
75	16	1	11	1	36	
76	16	1	22	2	36	37	
77	16	1	11	1	37	
78	17	1	6	1	38	
79	18	2	6	1	39	
80	19	2	11	1	40	
81	20	1	12	1	41	
82	21	1	5	1	42	
83	22	1	6	1	43	
84	23	2	11	1	44	
85	23	2	22	2	44	45	
86	23	2	33	3	44	45	46	
87	23	2	22	2	44	46	
88	23	2	11	1	45	
89	23	2	22	2	45	46	
90	23	2	11	1	46	
91	24	1	11	1	47	
92	24	1	22	2	47	48	
93	24	1	33	3	47	48	49	
94	24	1	11	1	48	
95	24	1	22	2	48	49	
96	24	1	33	3	48	49	50	
97	24	1	11	1	49	
98	24	1	22	2	49	50	
99	24	1	33	3	49	50	51	
100	24	1	11	1	50	
101	24	1	22	2	50	51	
102	24	1	33	3	50	51	52	
103	24	1	11	1	51	
104	24	1	22	2	51	52	
105	24	1	33	3	51	52	53	
106	24	1	11	1	52	
107	24	1	22	2	52	53	
108	24	1	33	3	52	53	54	
109	24	1	11	1	53	
110	24	1	22	2	53	54	
111	24	1	33	3	53	54	55	
112	24	1	11	1	54	
113	24	1	22	2	54	55	
114	24	1	11	1	55	
115	25	1	11	1	56	
116	25	1	22	2	56	57	
117	25	1	33	3	56	57	58	
118	25	1	11	1	57	
119	25	1	22	2	57	58	
120	25	1	33	3	57	58	59	
121	25	1	11	1	58	
122	25	1	22	2	58	59	
123	25	1	33	3	58	59	60	
124	25	1	11	1	59	
125	25	1	22	2	59	60	
126	25	1	33	3	59	60	61	
127	25	1	11	1	60	
128	25	1	22	2	60	61	
129	25	1	33	3	60	61	62	
130	25	1	11	1	61	
131	25	1	22	2	61	62	
132	25	1	33	3	61	62	63	
133	25	1	11	1	62	
134	25	1	22	2	62	63	
135	25	1	33	3	62	63	64	
136	25	1	11	1	63	
137	25	1	22	2	63	64	
138	25	1	11	1	64	
139	26	2	11	1	65	
140	27	1	11	1	66	
141	27	1	22	2	66	67	
142	27	1	33	3	66	67	68	
143	27	1	11	1	67	
144	27	1	22	2	67	68	
145	27	1	33	3	67	68	69	
146	27	1	11	1	68	
147	27	1	22	2	68	69	
148	27	1	33	3	68	69	70	
149	27	1	11	1	69	
150	27	1	22	2	69	70	
151	27	1	33	3	69	70	71	
152	27	1	11	1	70	
153	27	1	22	2	70	71	
154	27	1	33	3	70	71	72	
155	27	1	11	1	71	
156	27	1	22	2	71	72	
157	27	1	11	1	72	
158	28	2	10	1	73	
159	29	1	11	1	74	
160	30	1	5	1	75	
161	31	1	11	1	76	
162	31	1	22	2	76	77	
163	31	1	33	3	76	77	78	
164	31	1	11	1	77	
165	31	1	22	2	77	78	
166	31	1	33	3	77	78	79	
167	31	1	11	1	78	
168	31	1	22	2	78	79	
169	31	1	33	3	78	79	80	
170	31	1	11	1	79	
171	31	1	22	2	79	80	
172	31	1	33	3	79	80	81	
173	31	1	11	1	80	
174	31	1	22	2	80	81	
175	31	1	11	1	81	
176	32	1	11	1	82	
177	33	2	5	1	83	
178	34	1	6	1	84	
179	35	2	6	1	85	
180	36	2	6	1	86	
181	37	2	6	1	87	
182	38	1	11	1	88	
183	38	1	44	2	88	89	
184	38	1	66	3	88	89	90	
185	38	1	33	2	88	90	
186	38	1	33	1	89	
187	38	1	55	2	89	90	
188	38	1	22	1	90	
189	39	2	5	1	91	
190	40	2	11	1	92	
191	40	2	22	2	92	93	
192	40	2	11	1	93	
193	41	2	5	1	94	
194	42	1	5	1	95	
195	43	2	5	1	96	
196	43	2	10	2	96	97	
197	43	2	15	3	96	97	98	
198	43	2	5	1	97	
199	43	2	10	2	97	98	
200	43	2	15	3	97	98	99	
201	43	2	5	1	98	
202	43	2	10	2	98	99	
203	43	2	15	3	98	99	100	
204	43	2	5	1	99	
205	43	2	10	2	99	100	
206	43	2	15	3	99	100	101	
207	43	2	5	1	100	
208	43	2	10	2	100	101	
209	43	2	15	3	100	101	102	
210	43	2	5	1	101	
211	43	2	10	2	101	102	
212	43	2	15	3	101	102	103	
213	43	2	5	1	102	
214	43	2	10	2	102	103	
215	43	2	5	1	103	
216	44	1	5	1	104	
217	45	1	6	1	105	
218	46	1	6	1	106	
219	47	1	11	1	107	
220	47	1	22	2	107	108	
221	47	1	11	1	108	
222	48	2	6	1	109	
223	48	2	12	2	109	110	
224	48	2	6	1	110	
225	49	2	5	1	111	
226	50	1	11	1	112	
227	50	1	33	2	112	113	
228	50	1	55	3	112	113	114	
229	50	1	33	2	112	114	
230	50	1	22	1	113	
231	50	1	44	2	113	114	
232	50	1	22	1	114	
233	51	1	11	1	115	
234	52	1	11	1	116	
235	52	1	22	2	116	117	
236	52	1	11	1	117	
237	53	2	11	1	118	
238	53	2	22	2	118	119	
239	53	2	11	1	119	
240	54	1	5	1	120	
241	55	1	5	1	121	
242	56	2	5	1	122	
243	57	1	6	1	123	
244	58	1	6	1	124	
245	59	2	10	1	125	
246	59	2	15	2	125	126	
247	59	2	20	3	125	126	127	
248	59	2	15	2	125	127	
249	59	2	5	1	126	
250	59	2	10	2	126	127	
251	59	2	5	1	127	
252	60	1	5	1	128	
253	60	1	10	2	128	129	
254	60	1	15	3	128	129	130	
255	60	1	5	1	129	
256	60	1	10	2	129	130	
257	60	1	15	3	129	130	131	
258	60	1	5	1	130	
259	60	1	10	2	130	131	
260	60	1	15	3	130	131	132	
261	60	1	5	1	131	
262	60	1	10	2	131	132	
263	60	1	15	3	131	132	133	
264	60	1	5	1	132	
265	60	1	10	2	132	133	
266	60	1	15	3	132	133	134	
267	60	1	5	1	133	
268	60	1	10	2	133	134	
269	60	1	5	1	134	
270	61	1	11	1	135	
271	61	1	33	2	135	136	
272	61	1	22	1	136	
273	62	2	5	1	137	
274	63	2	6	1	138	
275	64	1	6	1	139	
276	64	1	12	2	139	140	
277	64	1	18	3	139	140	141	
278	64	1	12	2	139	141	
279	64	1	6	1	140	
280	64	1	12	2	140	141	
281	64	1	6	1	141	
282	65	2	5	1	142	
283	65	2	10	2	142	143	
284	65	2	5	1	143	
285	66	2	12	1	144	
286	67	2	6	1	145	
287	68	2	6	1	146	
288	68	2	12	2	146	147	
289	68	2	18	3	146	147	148	
290	68	2	6	1	147	
291	68	2	12	2	147	148	
292	68	2	18	3	147	148	149	
293	68	2	6	1	148	
294	68	2	12	2	148	149	
295	68	2	18	3	148	149	150	
296	68	2	6	1	149	
297	68	2	12	2	149	150	
298	68	2	18	3	149	150	151	
299	68	2	6	1	150	
300	68	2	12	2	150	151	
301	68	2	18	3	150	151	152	
302	68	2	6	1	151	
303	68	2	12	2	151	152	
304	68	2	18	3	151	152	153	
305	68	2	6	1	152	
306	68	2	12	2	152	153	
307	68	2	6	1	153	
308	69	1	10	1	154	
309	70	1	18	1	155	
310	71	2	5	1	156	
311	71	2	10	2	156	157	
312	71	2	15	3	156	157	158	
313	71	2	10	2	156	158	
314	71	2	5	1	157	
315	71	2	10	2	157	158	
316	71	2	5	1	158	
317	72	2	22	1	159	
318	72	2	33	2	159	160	
319	72	2	11	1	160	
320	73	2	5	1	161	
321	74	1	6	1	162	
322	75	2	6	1	163	
323	76	1	5	1	164	
324	76	1	10	2	164	165	
325	76	1	5	1	165	
326	77	2	5	1	166	
327	77	2	10	2	166	167	
328	77	2	15	3	166	167	168	
329	77	2	5	1	167	
330	77	2	10	2	167	168	
331	77	2	15	3	167	168	169	
332	77	2	5	1	168	
333	77	2	10	2	168	169	
334	77	2	5	1	169	
335	78	1	11	1	170	
336	79	1	6	1	171	
337	80	2	6	1	172	
338	81	1	22	1	173	
339	82	1	11	1	174	
340	82	1	22	2	174	175	
341	82	1	33	3	174	175	176	
342	82	1	11	1	175	
343	82	1	22	2	175	176	
344	82	1	33	3	175	176	177	
345	82	1	11	1	176	
346	82	1	22	2	176	177	
347	82	1	33	3	176	177	178	
348	82	1	11	1	177	
349	82	1	22	2	177	178	
350	82	1	33	3	177	178	179	
351	82	1	11	1	178	
352	82	1	22	2	178	179	
353	82	1	11	1	179	
354	83	2	11	1	180	
355	84	1	22	1	181	
356	84	1	33	2	181	182	
357	84	1	44	3	181	182	183	
358	84	1	33	2	181	183	
359	84	1	11	1	182	
360	84	1	22	2	182	183	
361	84	1	11	1	183	
362	85	2	22	1	184	
363	86	2	6	1	185	
364	87	1	5	1	186	
365	87	1	10	2	186	187	
366	87	1	15	3	186	187	188	
367	87	1	10	2	186	188	
368	87	1	5	1	187	
369	87	1	10	2	187	188	
370	87	1	5	1	188	
371	88	2	6	1	189	
372	89	2	6	1	190	
373	90	1	6	1	191	
374	91	2	5	1	192	
375	91	2	10	2	192	193	
376	91	2	15	3	192	193	194	
377	91	2	5	1	193	
378	91	2	10	2	193	194	
379	91	2	15	3	193	194	195	
380	91	2	5	1	194	
381	91	2	10	2	194	195	
382	91	2	15	3	194	195	196	
383	91	2	5	1	195	
384	91	2	10	2	195	196	
385	91	2	15	3	195	196	197	
386	91	2	5	1	196	
387	91	2	10	2	196	197	
388	91	2	15	3	196	197	198	
389	91	2	5	1	197	
390	91	2	10	2	197	198	
391	91	2	5	1	198	
392	92	1	11	1	199	
393	93	2	6	1	200	
394	94	2	5	1	201	
395	95	1	5	1	202	
396	95	1	10	2	202	203	
397	95	1	5	1	203	
398	96	1	5	1	204	
399	96	1	10	2	204	205	
400	96	1	15	3	204	205	206	
401	96	1	5	1	205	
402	96	1	10	2	205	206	
403	96	1	15	3	205	206	207	
404	96	1	5	1	206	
405	96	1	10	2	206	207	
406	96	1	5	1	207	
407	97	2	6	1	208	
408	98	2	6	1	209	
409	99	1	5	1	210	
410	100	1	5	1	211	
411	101	1	6	1	212	
412	101	1	12	2	212	213	
413	101	1	18	3	212	213	214	
414	101	1	6	1	213	
415	101	1	12	2	213	214	
416	101	1	18	3	213	214	215	
417	101	1	6	1	214	
418	101	1	12	2	214	215	
419	101	1	18	3	214	215	216	
420	101	1	6	1	215	
421	101	1	12	2	215	216	
422	101	1	18	3	215	216	217	
423	101	1	6	1	216	
424	101	1	12	2	216	217	
425	101	1	18	3	216	217	218	
426	101	1	6	1	217	
427	101	1	12	2	217	218	
428	101	1	18	3	217	218	219	
429	101	1	6	1	218	
430	101	1	12	2	218	219	
431	101	1	6	1	219	
432	102	2	5	1	220	
433	103	1	5	1	221	
434	103	1	10	2	221	222	
435	103	1	5	1	222	
436	104	1	5	1	223	
437	104	1	10	2	223	224	
438	104	1	5	1	224	
439	105	1	5	1	225	
440	105	1	10	2	225	226	
441	105	1	5	1	226	
442	106	2	11	1	227	
443	107	2	5	1	228	
444	107	2	10	2	228	229	
445	107	2	15	3	228	229	230	
446	107	2	5	1	229	
447	107	2	10	2	229	230	
448	107	2	15	3	229	230	231	
449	107	2	5	1	230	
450	107	2	10	2	230	231	
451	107	2	15	3	230	231	232	
452	107	2	5	1	231	
453	107	2	10	2	231	232	
454	107	2	15	3	231	232	233	
455	107	2	5	1	232	
456	107	2	10	2	232	233	
457	107	2	15	3	232	233	234	
458	107	2	5	1	233	
459	107	2	10	2	233	234	
460	107	2	15	3	233	234	235	
461	107	2	5	1	234	
462	107	2	10	2	234	235	
463	107	2	15	3	234	235	236	
464	107	2	5	1	235	
465	107	2	10	2	235	236	
466	107	2	5	1	236	
467	108	1	6	1	237	
468	109	1	5	1	238	
469	110	1	11	1	239	
470	110	1	33	2	239	240	
471	110	1	22	1	240	
472	111	2	6	1	241	
473	112	1	5	1	242	
474	113	1	11	1	243	
475	114	1	6	1	244	
476	115	1	11	1	245	
477	116	1	5	1	246	
478	116	1	10	2	246	247	
479	116	1	15	3	246	247	248	
480	116	1	10	2	246	248	
481	116	1	5	1	247	
482	116	1	10	2	247	248	
483	116	1	5	1	248	
484	117	1	6	1	249	
485	117	1	12	2	249	250	
486	117	1	18	3	249	250	251	
487	117	1	6	1	250	
488	117	1	12	2	250	251	
489	117	1	18	3	250	251	252	
490	117	1	6	1	251	
491	117	1	12	2	251	252	
492	117	1	18	3	251	252	253	
493	117	1	6	1	252	
494	117	1	12	2	252	253	
495	117	1	18	3	252	253	254	
496	117	1	6	1	253	
497	117	1	12	2	253	254	
498	117	1	18	3	253	254	255	
499	117	1	6	1	254	
500	117	1	12	2	254	255	
501	117	1	18	3	254	255	256	
502	117	1	6	1	255	
503	117	1	12	2	255	256	
504	117	1	6	1	256	
505	118	1	11	1	257	
506	119	2	11	1	258	
507	119	2	22	2	258	259	
508	119	2	33	3	258	259	260	
509	119	2	11	1	259	
510	119	2	22	2	259	260	
511	119	2	33	3	259	260	261	
512	119	2	11	1	260	
513	119	2	22	2	260	261	
514	119	2	33	3	260	261	262	
515	119	2	11	1	261	
516	119	2	22	2	261	262	
517	119	2	33	3	261	262	263	
518	119	2	11	1	262	
519	119	2	22	2	262	263	
520	119	2	33	3	262	263	264	
521	119	2	11	1	263	
522	119	2	22	2	263	264	
523	119	2	33	3	263	264	265	
524	119	2	11	1	264	
525	119	2	22	2	264	265	
526	119	2	11	1	265	
527	120	1	10	1	266	
528	121	1	6	1	267	
529	122	1	11	1	268	
530	122	1	22	2	268	269	
531	122	1	11	1	269	
532	123	1	12	1	270	
533	124	2	5	1	271	
534	125	1	11	1	272	
535	126	1	11	1	273	
536	126	1	22	2	273	274	
537	126	1	11	1	274	
538	127	1	6	1	275	
539	128	2	5	1	276	
540	129	2	22	1	277	
541	130	1	11	1	278	
542	131	2	11	1	279	
543	132	2	11	1	280	
544	133	1	11	1	281	
545	134	1	11	1	282	
546	134	1	22	2	282	283	
547	134	1	33	3	282	283	284	
548	134	1	11	1	283	
549	134	1	22	2	283	284	
550	134	1	33	3	283	284	285	
551	134	1	11	1	284	
552	134	1	22	2	284	285	
553	134	1	33	3	284	285	286	
554	134	1	11	1	285	
555	134	1	22	2	285	286	
556	134	1	33	3	285	286	287	
557	134	1	11	1	286	
558	134	1	22	2	286	287	
559	134	1	33	3	286	287	288	
560	134	1	11	1	287	
561	134	1	22	2	287	288	
562	134	1	33	3	287	288	289	
563	134	1	11	1	288	
564	134	1	22	2	288	289	
565	134	1	11	1	289	
566	135	1	10	1	290	
567	136	2	5	1	291	
568	137	2	12	1	292	
569	138	1	11	1	293	
570	139	1	11	1	294	
571	140	2	6	1	295	
572	141	1	6	1	296	
573	142	2	12	1	297	
574	143	1	12	1	298	
575	143	1	24	2	298	299	
576	143	1	12	1	299	
577	144	1	10	1	300	
578	144	1	15	2	300	301	
579	144	1	5	1	301	
580	145	2	11	1	302	
581	146	1	5	1	303	
582	146	1	10	2	303	304	
583	146	1	5	1	304	
584	147	2	6	1	305	
585	148	2	22	1	306	
586	149	2	5	1	307	
587	149	2	10	2	307	308	
588	149	2	5	1	308	
589	150	2	5	1	309	
590	150	2	10	2	309	310	
591	150	2	5	1	310	
592	151	1	5	1	311	
593	152	1	5	1	312	
594	153	1	5	1	313	
595	154	2	5	1	314	
596	155	2	6	1	315	
597	156	2	5	1	316	
598	157	1	6	1	317	
599	158	2	11	1	318	
600	159	1	11	1	319	
601	160	2	22	1	320	
602	160	2	44	2	320	321	
603	160	2	55	3	320	321	322	
604	160	2	33	2	320	322	
605	160	2	22	1	321	
606	160	2	33	2	321	322	
607	160	2	11	1	322	
608	161	2	6	1	323	
609	162	1	6	1	324	
610	162	1	12	2	324	325	
611	162	1	6	1	325	
612	163	1	6	1	326	
613	164	1	5	1	327	
614	164	1	10	2	327	328	
615	164	1	15	3	327	328	329	
616	164	1	5	1	328	
617	164	1	10	2	328	329	
618	164	1	15	3	328	329	330	
619	164	1	5	1	329	
620	164	1	10	2	329	330	
621	164	1	15	3	329	330	331	
622	164	1	5	1	330	
623	164	1	10	2	330	331	
624	164	1	15	3	330	331	332	
625	164	1	5	1	331	
626	164	1	10	2	331	332	
627	164	1	15	3	331	332	333	
628	164	1	5	1	332	
629	164	1	10	2	332	333	
630	164	1	15	3	332	333	334	
631	164	1	5	1	333	
632	164	1	10	2	333	334	
633	164	1	5	1	334	
634	165	1	11	1	335	
635	166	1	5	1	336	
636	167	2	11	1	337	
637	168	1	5	1	338	
638	168	1	15	2	338	339	
639	168	1	10	1	339	
640	169	1	11	1	340	
641	170	2	11	1	341	
642	170	2	33	2	341	342	
643	170	2	44	3	341	342	343	
644	170	2	22	2	341	343	
645	170	2	22	1	342	
646	170	2	33	2	342	343	
647	170	2	11	1	343	
648	171	1	10	1	344	
649	172	2	11	1	345	
650	173	2	6	1	346	
651	174	2	11	1	347	
652	175	2	5	1	348	
653	176	1	6	1	349	
654	176	1	12	2	349	350	
655	176	1	18	3	349	350	351	
656	176	1	6	1	350	
657	176	1	12	2	350	351	
658	176	1	18	3	350	351	352	
659	176	1	6	1	351	
660	176	1	12	2	351	352	
661	176	1	6	1	352	
662	177	2	6	1	353	
663	178	1	6	1	354	
664	179	1	5	1	355	
665	180	1	5	1	356	
666	181	2	22	1	357	
667	182	1	6	1	358	
668	183	1	6	1	359	
669	184	1	22	1	360	
670	184	1	33	2	360	361	
671	184	1	11	1	361	
672	185	1	12	1	362	
673	186	2	6	1	363	
674	187	1	6	1	364	
675	187	1	12	2	364	365	
676	187	1	18	3	364	365	366	
677	187	1	6	1	365	
678	187	1	12	2	365	366	
679	187	1	18	3	365	366	367	
680	187	1	6	1	366	
681	187	1	12	2	366	367	
682	187	1	18	3	366	367	368	
683	187	1	6	1	367	
684	187	1	12	2	367	368	
685	187	1	18	3	367	368	369	
686	187	1	6	1	368	
687	187	1	12	2	368	369	
688	187	1	6	1	369	
689	188	1	11	1	370	
690	188	1	22	2	370	371	
691	188	1	33	3	370	371	372	
692	188	1	11	1	371	
693	188	1	22	2	371	372	
694	188	1	33	3	371	372	373	
695	188	1	11	1	372	
696	188	1	22	2	372	373	
697	188	1	33	3	372	373	374	
698	188	1	11	1	373	
699	188	1	22	2	373	374	
700	188	1	33	3	373	374	375	
701	188	1	11	1	374	
702	188	1	22	2	374	375	
703	188	1	33	3	374	375	376	
704	188	1	11	1	375	
705	188	1	22	2	375	376	
706	188	1	33	3	375	376	377	
707	188	1	11	1	376	
708	188	1	22	2	376	377	
709	188	1	33	3	376	377	378	
710	188	1	11	1	377	
711	188	1	22	2	377	378	
712	188	1	11	1	378	
713	189	1	5	1	379	
714	189	1	10	2	379	380	
715	189	1	15	3	379	380	381	
716	189	1	5	1	380	
717	189	1	10	2	380	381	
718	189	1	15	3	380	381	382	
719	189	1	5	1	381	
720	189	1	10	2	381	382	
721	189	1	15	3	381	382	383	
722	189	1	5	1	382	
723	189	1	10	2	382	383	
724	189	1	15	3	382	383	384	
725	189	1	5	1	383	
726	189	1	10	2	383	384	
727	189	1	15	3	383	384	385	
728	189	1	5	1	384	
729	189	1	10	2	384	385	
730	189	1	15	3	384	385	386	
731	189	1	5	1	385	
732	189	1	10	2	385	386	
733	189	1	5	1	386	
734	190	1	5	1	387	
735	190	1	10	2	387	388	
736	190	1	5	1	388	
737	191	2	11	1	389	
738	192	2	22	1	390	
739	193	2	6	1	391	
740	194	1	11	1	392	
741	195	2	11	1	393	
742	196	2	6	1	394	
743	197	2	6	1	395	
744	198	2	5	1	396	
745	198	2	10	2	396	397	
746	198	2	15	3	396	397	398	
747	198	2	5	1	397	
748	198	2	10	2	397	398	
749	198	2	15	3	397	398	399	
750	198	2	5	1	398	
751	198	2	10	2	398	399	
752	198	2	5	1	399	
753	199	2	10	1	400	
754	200	2	11	1	401	
755	200	2	22	2	401	402	
756	200	2	44	3	401	402	403	
757	200	2	33	2	401	403	
758	200	2	11	1	402	
759	200	2	33	2	402	403	
760	200	2	22	1	403	
761	201	1	11	1	404	
762	202	1	11	1	405	
763	203	1	5	1	406	
764	203	1	10	2	406	407	
765	203	1	15	3	406	407	408	
766	203	1	5	1	407	
767	203	1	10	2	407	408	
768	203	1	15	3	407	408	409	
769	203	1	5	1	408	
770	203	1	10	2	408	409	
771	203	1	15	3	408	409	410	
772	203	1	5	1	409	
773	203	1	10	2	409	410	
774	203	1	15	3	409	410	411	
775	203	1	5	1	410	
776	203	1	10	2	410	411	
777	203	1	15	3	410	411	412	
778	203	1	5	1	411	
779	203	1	10	2	411	412	
780	203	1	15	3	411	412	413	
781	203	1	5	1	412	
782	203	1	10	2	412	413	
783	203	1	5	1	413	
784	204	1	5	1	414	
785	205	2	5	1	415	
786	205	2	10	2	415	416	
787	205	2	15	3	415	416	417	
788	205	2	5	1	416	
789	205	2	10	2	416	417	
790	205	2	15	3	416	417	418	
791	205	2	5	1	417	
792	205	2	10	2	417	418	
793	205	2	15	3	417	418	419	
794	205	2	5	1	418	
795	205	2	10	2	418	419	
796	205	2	15	3	418	419	420	
797	205	2	5	1	419	
798	205	2	10	2	419	420	
799	205	2	15	3	419	420	421	
800	205	2	5	1	420	
801	205	2	10	2	420	421	
802	205	2	15	3	420	421	422	
803	205	2	5	1	421	
804	205	2	10	2	421	422	
805	205	2	15	3	421	422	423	
806	205	2	5	1	422	
807	205	2	10	2	422	423	
808	205	2	5	1	423	
809	206	1	6	1	424	
810	206	1	12	2	424	425	
811	206	1	18	3	424	425	426	
812	206	1	6	1	425	
813	206	1	12	2	425	426	
814	206	1	18	3	425	426	427	
815	206	1	6	1	426	
816	206	1	12	2	426	427	
817	206	1	18	3	426	427	428	
818	206	1	6	1	427	
819	206	1	12	2	427	428	
820	206	1	18	3	427	428	429	
821	206	1	6	1	428	
822	206	1	12	2	428	429	
823	206	1	6	1	429	
824	207	2	5	1	430	
825	207	2	15	2	430	431	
826	207	2	10	1	431	
827	208	1	5	1	432	
828	209	1	6	1	433	
829	209	1	12	2	433	434	
830	209	1	18	3	433	434	435	
831	209	1	6	1	434	
832	209	1	12	2	434	435	
833	209	1	18	3	434	435	436	
834	209	1	6	1	435	
835	209	1	12	2	435	436	
836	209	1	18	3	435	436	437	
837	209	1	6	1	436	
838	209	1	12	2	436	437	
839	209	1	6	1	437	
840	210	1	12	1	438	
841	211	2	6	1	439	
842	212	2	5	1	440	
843	213	1	22	1	441	
844	214	2	5	1	442	
845	215	2	10	1	443	
846	216	2	10	1	444	
847	216	2	15	2	444	445	
848	216	2	5	1	445	
849	217	1	5	1	446	
850	218	2	11	1	447	
851	218	2	22	2	447	448	
852	218	2	33	3	447	448	449	
853	218	2	11	1	448	
854	218	2	22	2	448	449	
855	218	2	33	3	448	449	450	
856	218	2	11	1	449	
857	218	2	22	2	449	450	
858	218	2	11	1	450	
859	219	2	6	1	451	
860	220	2	11	1	452	
861	221	1	5	1	453	
862	222	2	10	1	454	
863	222	2	15	2	454	455	
864	222	2	5	1	455	
865	223	1	33	1	456	
866	224	2	11	1	457	
867	225	2	5	1	458	
868	225	2	10	2	458	459	
869	225	2	20	3	458	459	460	
870	225	2	15	2	458	460	
871	225	2	5	1	459	
872	225	2	15	2	459	460	
873	225	2	10	1	460	
874	226	2	5	1	461	
875	227	2	5	1	462	
876	228	2	6	1	463	
877	228	2	12	2	463	464	
878	228	2	18	3	463	464	465	
879	228	2	6	1	464	
880	228	2	12	2	464	465	
881	228	2	18	3	464	465	466	
882	228	2	6	1	465	
883	228	2	12	2	465	466	
884	228	2	18	3	465	466	467	
885	228	2	6	1	466	
886	228	2	12	2	466	467	
887	228	2	18	3	466	467	468	
888	228	2	6	1	467	
889	228	2	12	2	467	468	
890	228	2	18	3	467	468	469	
891	228	2	6	1	468	
892	228	2	12	2	468	469	
893	228	2	18	3	468	469	470	
894	228	2	6	1	469	
895	228	2	12	2	469	470	
896	228	2	6	1	470	
897	229	2	5	1	471	
898	230	1	11	1	472	
899	231	1	11	1	473	
900	232	1	5	1	474	
901	233	2	10	1	475	
902	234	2	11	1	476	
903	235	2	6	1	477	
904	236	1	12	1	478	
905	236	1	18	2	478	479	
906	236	1	24	3	478	479	480	
907	236	1	18	2	478	480	
908	236	1	6	1	479	
909	236	1	12	2	479	480	
910	236	1	6	1	480	
911	237	2	12	1	481	
912	238	2	11	1	482	
913	239	1	6	1	483	
914	240	1	6	1	484	
915	240	1	12	2	484	485	
916	240	1	18	3	484	485	486	
917	240	1	6	1	485	
918	240	1	12	2	485	486	
919	240	1	18	3	485	486	487	
920	240	1	6	1	486	
921	240	1	12	2	486	487	
922	240	1	18	3	486	487	488	
923	240	1	6	1	487	
924	240	1	12	2	487	488	
925	240	1	18	3	487	488	489	
926	240	1	6	1	488	
927	240	1	12	2	488	489	
928	240	1	18	3	488	489	490	
929	240	1	6	1	489	
930	240	1	12	2	489	490	
931	240	1	18	3	489	490	491	
932	240	1	6	1	490	
933	240	1	12	2	490	491	
934	240	1	18	3	490	491	492	
935	240	1	6	1	491	
936	240	1	12	2	491	492	
937	240	1	6	1	492	
938	241	1	6	1	493	
939	242	2	5	1	494	
940	242	2	10	2	494	495	
941	242	2	15	3	494	495	496	
942	242	2	5	1	495	
943	242	2	10	2	495	496	
944	242	2	15	3	495	496	497	
945	242	2	5	1	496	
946	242	2	10	2	496	497	
947	242	2	15	3	496	497	498	
948	242	2	5	1	497	
949	242	2	10	2	497	498	
950	242	2	15	3	497	498	499	
951	242	2	5	1	498	
952	242	2	10	2	498	499	
953	242	2	15	3	498	499	500	
954	242	2	5	1	499	
955	242	2	10	2	499	500	
956	242	2	15	3	499	500	501	
957	242	2	5	1	500	
958	242	2	10	2	500	501	
959	242	2	15	3	500	501	502	
960	242	2	5	1	501	
961	242	2	10	2	501	502	
962	242	2	5	1	502	
963	243	2	12	1	503	
964	243	2	18	2	503	504	
965	243	2	24	3	503	504	505	
966	243	2	18	2	503	505	
967	243	2	6	1	504	
968	243	2	12	2	504	505	
969	243	2	6	1	505	
970	244	2	5	1	506	
971	245	1	5	1	507	
972	245	1	10	2	507	508	
973	245	1	5	1	508	
974	246	2	6	1	509	
975	246	2	12	2	509	510	
976	246	2	24	3	509	510	511	
977	246	2	18	2	509	511	
978	246	2	6	1	510	
979	246	2	18	2	510	511	
980	246	2	12	1	511	
981	247	2	5	1	512	
982	247	2	15	2	512	513	
983	247	2	20	3	512	513	514	
984	247	2	10	2	512	514	
985	247	2	10	1	513	
986	247	2	15	2	513	514	
987	247	2	5	1	514	
988	248	1	5	1	515	
989	248	1	15	2	515	516	
990	248	1	10	1	516	
991	249	2	5	1	517	
992	250	1	12	1	518	
993	250	1	18	2	518	519	
994	250	1	6	1	519	
995	251	2	6	1	520	
996	252	2	6	1	521	
997	252	2	12	2	521	522	
998	252	2	18	3	521	522	523	
999	252	2	6	1	522	
1000	252	2	12	2	522	523	
1001	252	2	18	3	522	523	524	
1002	252	2	6	1	523	
1003	252	2	12	2	523	524	
1004	252	2	18	3	523	524	525	
1005	252	2	6	1	524	
1006	252	2	12	2	524	525	
1007	252	2	18	3	524	525	526	
1008	252	2	6	1	525	
1009	252	2	12	2	525	526	
1010	252	2	6	1	526	
1011	253	2	22	1	527	
1012	253	2	44	2	527	528	
1013	253	2	22	1	528	
1014	254	1	10	1	529	
1015	255	2	5	1	530	
1016	255	2	10	2	530	531	
1017	255	2	15	3	530	531	532	
1018	255	2	5	1	531	
1019	255	2	10	2	531	532	
1020	255	2	15	3	531	532	533	
1021	255	2	5	1	532	
1022	255	2	10	2	532	533	
1023	255	2	5	1	533	
1024	256	1	11	1	534	
1025	256	1	22	2	534	535	
1026	256	1	33	3	534	535	536	
1027	256	1	11	1	535	
1028	256	1	22	2	535	536	
1029	256	1	33	3	535	536	537	
1030	256	1	11	1	536	
1031	256	1	22	2	536	537	
1032	256	1	33	3	536	537	538	
1033	256	1	11	1	537	
1034	256	1	22	2	537	538	
1035	256	1	11	1	538	
1036	257	1	22	1	539	
1037	258	2	5	1	540	
1038	259	1	5	1	541	
1039	260	1	6	1	542	
1040	261	2	11	1	543	
1041	261	2	22	2	543	544	
1042	261	2	44	3	543	544	545	
1043	261	2	33	2	543	545	
1044	261	2	11	1	544	
1045	261	2	33	2	544	545	
1046	261	2	22	1	545	
1047	262	2	11	1	546	
1048	263	2	22	1	547	
1049	264	2	12	1	548	
1050	265	1	6	1	549	
1051	265	1	12	2	549	550	
1052	265	1	18	3	549	550	551	
1053	265	1	6	1	550	
1054	265	1	12	2	550	551	
1055	265	1	18	3	550	551	552	
1056	265	1	6	1	551	
1057	265	1	12	2	551	552	
1058	265	1	18	3	551	552	553	
1059	265	1	6	1	552	
1060	265	1	12	2	552	553	
1061	265	1	18	3	552	553	554	
1062	265	1	6	1	553	
1063	265	1	12	2	553	554	
1064	265	1	18	3	553	554	555	
1065	265	1	6	1	554	
1066	265	1	12	2	554	555	
1067	265	1	18	3	554	555	556	
1068	265	1	6	1	555	
1069	265	1	12	2	555	556	
1070	265	1	6	1	556	
1071	266	2	5	1	557	
1072	267	1	10	1	558	
1073	268	2	11	1	559	
1074	269	1	6	1	560	
1075	269	1	12	2	560	561	
1076	269	1	18	3	560	561	562	
1077	269	1	6	1	561	
1078	269	1	12	2	561	562	
1079	269	1	18	3	561	562	563	
1080	269	1	6	1	562	
1081	269	1	12	2	562	563	
1082	269	1	6	1	563	
1083	270	2	12	1	564	
1084	271	1	11	1	565	
1085	272	1	5	1	566	
1086	272	1	10	2	566	567	
1087	272	1	20	3	566	567	568	
1088	272	1	15	2	566	568	
1089	272	1	5	1	567	
1090	272	1	15	2	567	568	
1091	272	1	10	1	568	
1092	273	1	11	1	569	
1093	274	1	11	1	570	
1094	274	1	33	2	570	571	
1095	274	1	44	3	570	571	572	
1096	274	1	22	2	570	572	
1097	274	1	22	1	571	
1098	274	1	33	2	571	572	
1099	274	1	11	1	572	
1100	275	2	12	1	573	
1101	276	1	12	1	574	
1102	277	2	12	1	575	
1103	277	2	24	2	575	576	
1104	277	2	12	1	576	
1105	278	1	11	1	577	
1106	278	1	22	2	577	578	
1107	278	1	33	3	577	578	579	
1108	278	1	11	1	578	
1109	278	1	22	2	578	579	
1110	278	1	33	3	578	579	580	
1111	278	1	11	1	579	
1112	278	1	22	2	579	580	
1113	278	1	11	1	580	
1114	279	1	10	1	581	
1115	280	1	11	1	582	
1116	281	2	11	1	583	
1117	281	2	22	2	583	584	
1118	281	2	33	3	583	584	585	
1119	281	2	11	1	584	
1120	281	2	22	2	584	585	
1121	281	2	33	3	584	585	586	
1122	281	2	11	1	585	
1123	281	2	22	2	585	586	
1124	281	2	11	1	586	
1125	282	2	6	1	587	
1126	283	2	6	1	588	
1127	283	2	12	2	588	589	
1128	283	2	18	3	588	589	590	
1129	283	2	6	1	589	
1130	283	2	12	2	589	590	
1131	283	2	18	3	589	590	591	
1132	283	2	6	1	590	
1133	283	2	12	2	590	591	
1134	283	2	18	3	590	591	592	
1135	283	2	6	1	591	
1136	283	2	12	2	591	592	
1137	283	2	18	3	591	592	593	
1138	283	2	6	1	592	
1139	283	2	12	2	592	593	
1140	283	2	18	3	592	593	594	
1141	283	2	6	1	593	
1142	283	2	12	2	593	594	
1143	283	2	18	3	593	594	595	
1144	283	2	6	1	594	
1145	283	2	12	2	594	595	
1146	283	2	6	1	595	
1147	284	2	11	1	596	
1148	285	2	11	1	597	
1149	286	2	11	1	598	
1150	287	2	6	1	599	
1151	288	2	12	1	600	
1152	289	1	6	1	601	
1153	289	1	18	2	601	602	
1154	289	1	12	1	602	
1155	290	2	5	1	603	
1156	290	2	10	2	603	604	
1157	290	2	15	3	603	604	605	
1158	290	2	5	1	604	
1159	290	2	10	2	604	605	
1160	290	2	15	3	604	605	606	
1161	290	2	5	1	605	
1162	290	2	10	2	605	606	
1163	290	2	15	3	605	606	607	
1164	290	2	5	1	606	
1165	290	2	10	2	606	607	
1166	290	2	15	3	606	607	608	
1167	290	2	5	1	607	
1168	290	2	10	2	607	608	
1169	290	2	5	1	608	
1170	291	2	10	1	609	
1171	292	2	5	1	610	
1172	293	2	11	1	611	
1173	294	1	11	1	612	
1174	295	1	11	1	613	
1175	296	2	22	1	614	
1176	297	2	6	1	615	
1177	298	1	6	1	616	
1178	298	1	12	2	616	617	
1179	298	1	18	3	616	617	618	
1180	298	1	6	1	617	
1181	298	1	12	2	617	618	
1182	298	1	18	3	617	618	619	
1183	298	1	6	1	618	
1184	298	1	12	2	618	619	
1185	298	1	18	3	618	619	620	
1186	298	1	6	1	619	
1187	298	1	12	2	619	620	
1188	298	1	18	3	619	620	621	
1189	298	1	6	1	620	
1190	298	1	12	2	620	621	
1191	298	1	18	3	620	621	622	
1192	298	1	6	1	621	
1193	298	1	12	2	621	622	
1194	298	1	18	3	621	622	623	
1195	298	1	6	1	622	
1196	298	1	12	2	622	623	
1197	298	1	18	3	622	623	624	
1198	298	1	6	1	623	
1199	298	1	12	2	623	624	
1200	298	1	6	1	624	
1201	299	1	11	1	625	
1202	0	1	5	1	626
1203	1	1	11	1	627
1204	2	1	12	1	628
1205	3	1	22	2	629	630
1206	4	1	22	1	631
1207	5	2	33	2	632	633
1208	6	2	22	1	634
1209	7	1	12	1	635
1210	8	1	20	3	636	637	638
1211	9	1	33	2	639	640
1212	10	1	22	1	641
1213	11	2	10	1	642
1214	12	2	22	1	643
1215	13	1	12	2	644	645
1216	14	2	55	4	646	647	648	649
1217	15	1	10	2	650	651
1218	16	1	11	1	652
1219	17	1	12	2	653	654
1220	18	2	24	2	655	656
1221	19	2	33	2	657	658
1222	20	1	12	2	659	660
1223	21	1	5	1	661
1224	22	1	24	2	662	663
1225	23	2	44	2	664	665
1226	24	1	55	4	666	667	668	669
1227	25	1	66	4	670	671	672	673
1228	26	2	33	2	674	675
1229	27	1	44	3	676	677	678
1230	28	2	15	2	679	680
1231	29	1	22	1	681
1232	30	1	15	2	682	683
1233	31	1	55	3	684	685	686
1234	32	1	33	2	687	688
1235	33	2	15	2	689	690
1236	34	1	12	1	691
1237	35	2	12	1	692
1238	36	2	6	1	693
1239	37	2	18	2	694	695
1240	38	1	44	2	696	697
1241	39	2	10	2	698	699
1242	40	2	11	1	700
1243	41	2	10	1	701
1244	42	1	10	2	702	703
1245	43	2	30	4	704	705	706	707
1246	44	1	10	1	708
1247	45	1	18	2	709	710
1248	46	1	12	1	711
1249	47	1	33	2	712	713
1250	48	2	12	2	714	715
1251	49	2	10	1	716
1252	50	1	22	2	717	718
1253	51	1	22	2	719	720
1254	52	1	22	1	721
1255	53	2	33	2	722	723
1256	54	1	15	2	724	725
1257	55	1	10	1	726
1258	56	2	10	1	727
1259	57	1	18	2	728	729
1260	58	1	12	1	730
1261	59	2	5	1	731
1262	60	1	25	3	732	733	734
1263	61	1	22	1	735
1264	62	2	20	2	736	737
1265	63	2	12	1	738
1266	64	1	18	2	739	740
1267	65	2	20	2	741	742
1268	66	2	12	1	743
1269	67	2	18	2	744	745
1270	68	2	30	4	746	747	748	749
1271	69	1	10	2	750	751
1272	70	1	12	2	752	753
1273	71	2	5	1	754
1274	72	2	22	2	755	756
1275	73	2	10	2	757	758
1276	74	1	24	2	759	760
1277	75	2	6	1	761
1278	76	1	10	2	762	763
1279	77	2	30	4	764	765	766	767
1280	78	1	22	1	768
1281	79	1	12	1	769
1282	80	2	24	2	770	771
1283	81	1	22	2	772	773
1284	82	1	66	3	774	775	776
1285	83	2	33	2	777	778
1286	84	1	22	2	779	780
1287	85	2	22	1	781
1288	86	2	18	2	782	783
1289	87	1	10	1	784
1290	88	2	12	2	785	786
1291	89	2	24	2	787	788
1292	90	1	12	2	789	790
1293	91	2	30	4	791	792	793	794
1294	92	1	33	2	795	796
1295	93	2	18	2	797	798
1296	94	2	10	1	799
1297	95	1	5	1	800
1298	96	1	25	4	801	802	803	804
1299	97	2	12	1	805
1300	98	2	6	1	806
1301	99	1	10	2	807	808
1302	100	1	20	2	809	810
1303	101	1	30	4	811	812	813	814
1304	102	2	5	1	815
1305	103	1	15	2	816	817
1306	104	1	10	2	818	819
1307	105	1	5	1	820
1308	106	2	11	1	821
1309	107	2	35	4	822	823	824	825
1310	108	1	12	2	826	827
1311	109	1	10	1	828
1312	110	1	22	1	829
1313	111	2	12	1	830
1314	112	1	10	1	831
1315	113	1	22	1	832
1316	114	1	18	2	833	834
1317	115	1	11	1	835
1318	116	1	15	2	836	837
1319	117	1	30	4	838	839	840	841
1320	118	1	22	1	842
1321	119	2	66	4	843	844	845	846
1322	120	1	10	1	847
1323	121	1	12	1	848
1324	122	1	22	1	849
1325	123	1	12	1	850
1326	124	2	5	1	851
1327	125	1	22	1	852
1328	126	1	11	1	853
1329	127	1	18	2	854	855
1330	128	2	15	2	856	857
1331	129	2	11	1	858
1332	130	1	44	2	859	860
1333	131	2	33	2	861	862
1334	132	2	33	2	863	864
1335	133	1	22	1	865
1336	134	1	77	4	866	867	868	869
1337	135	1	15	2	870	871
1338	136	2	10	1	872
1339	137	2	12	1	873
1340	138	1	11	1	874
1341	139	1	22	2	875	876
1342	140	2	18	2	877	878
1343	141	1	6	1	879
1344	142	2	6	1	880
1345	143	1	6	1	881
1346	144	1	15	2	882	883
1347	145	2	11	1	884
1348	146	1	10	1	885
1349	147	2	6	1	886
1350	148	2	22	2	887	888
1351	149	2	5	1	889
1352	150	2	20	2	890	891
1353	151	1	20	2	892	893
1354	152	1	5	1	894
1355	153	1	10	1	895
1356	154	2	10	2	896	897
1357	155	2	12	2	898	899
1358	156	2	15	2	900	901
1359	157	1	18	2	902	903
1360	158	2	22	1	904
1361	159	1	22	1	905
1362	160	2	22	1	906
1363	161	2	12	1	907
1364	162	1	12	1	908
1365	163	1	12	2	909	910
1366	164	1	30	4	911	912	913	914
1367	165	1	22	1	915
1368	166	1	5	1	916
1369	167	2	11	1	917
1370	168	1	15	2	918	919
1371	169	1	11	1	920
1372	170	2	22	1	921
1373	171	1	5	1	922
1374	172	2	11	1	923
1375	173	2	12	1	924
1376	174	2	22	1	925
1377	175	2	20	2	926	927
1378	176	1	30	4	928	929	930	931
1379	177	2	12	2	932	933
1380	178	1	18	2	934	935
1381	179	1	5	1	936
1382	180	1	10	1	937
1383	181	2	44	2	938	939
1384	182	1	12	1	940
1385	183	1	6	1	941
1386	184	1	33	2	942	943
1387	185	1	18	2	944	945
1388	186	2	12	1	946
1389	187	1	24	3	947	948	949
1390	188	1	66	4	950	951	952	953
1391	189	1	20	3	954	955	956
1392	190	1	10	2	957	958
1393	191	2	22	1	959
1394	192	2	44	2	960	961
1395	193	2	12	1	962
1396	194	1	22	1	963
1397	195	2	33	2	964	965
1398	196	2	6	1	966
1399	197	2	6	1	967
1400	198	2	25	3	968	969	970
1401	199	2	10	2	971	972
1402	200	2	22	1	973
1403	201	1	33	2	974	975
1404	202	1	22	1	976
1405	203	1	25	4	977	978	979	980
1406	204	1	10	2	981	982
1407	205	2	15	3	983	984	985
1408	206	1	36	4	986	987	988	989
1409	207	2	5	1	990
1410	208	1	15	2	991	992
1411	209	1	30	4	993	994	995	996
1412	210	1	18	2	997	998
1413	211	2	6	1	999
1414	212	2	5	1	1000
1415	213	1	44	2	1001	1002
1416	214	2	15	2	1003	1004
1417	215	2	10	1	1005
1418	216	2	10	1	1006
1419	217	1	10	2	1007	1008
1420	218	2	88	4	1009	1010	1011	1012
1421	219	2	18	2	1013	1014
1422	220	2	44	2	1015	1016
1423	221	1	15	2	1017	1018
1424	222	2	15	2	1019	1020
1425	223	1	22	2	1021	1022
1426	224	2	22	2	1023	1024
1427	225	2	15	2	1025	1026
1428	226	2	10	2	1027	1028
1429	227	2	15	2	1029	1030
1430	228	2	42	4	1031	1032	1033	1034
1431	229	2	5	1	1035
1432	230	1	33	2	1036	1037
1433	231	1	22	1	1038
1434	232	1	10	1	1039
1435	233	2	15	2	1040	1041
1436	234	2	44	2	1042	1043
1437	235	2	6	1	1044
1438	236	1	12	2	1045	1046
1439	237	2	18	2	1047	1048
1440	238	2	22	2	1049	1050
1441	239	1	6	1	1051
1442	240	1	24	3	1052	1053	1054
1443	241	1	18	2	1055	1056
1444	242	2	20	3	1057	1058	1059
1445	243	2	6	1	1060
1446	244	2	20	2	1061	1062
1447	245	1	15	2	1063	1064
1448	246	2	12	1	1065
1449	247	2	10	1	1066
1450	248	1	15	2	1067	1068
1451	249	2	5	1	1069
1452	250	1	18	2	1070	1071
1453	251	2	6	1	1072
1454	252	2	36	4	1073	1074	1075	1076
1455	253	2	33	2	1077	1078
1456	254	1	10	2	1079	1080
1457	255	2	20	3	1081	1082	1083
1458	256	1	44	3	1084	1085	1086
1459	257	1	33	2	1087	1088
1460	258	2	10	2	1089	1090
1461	259	1	15	2	1091	1092
1462	260	1	12	2	1093	1094
1463	261	2	11	1	1095
1464	262	2	22	2	1096	1097
1465	263	2	44	2	1098	1099
1466	264	2	18	2	1100	1101
1467	265	1	24	3	1102	1103	1104
1468	266	2	10	2	1105	1106
1469	267	1	10	1	1107
1470	268	2	44	2	1108	1109
1471	269	1	30	3	1110	1111	1112
1472	270	2	12	1	1113
1473	271	1	33	2	1114	1115
1474	272	1	15	2	1116	1117
1475	273	1	11	1	1118
1476	274	1	33	2	1119	1120
1477	275	2	6	1	1121
1478	276	1	6	1	1122
1479	277	2	12	1	1123
1480	278	1	55	3	1124	1125	1126
1481	279	1	20	2	1127	1128
1482	280	1	11	1	1129
1483	281	2	33	3	1130	1131	1132
1484	282	2	6	1	1133
1485	283	2	24	3	1134	1135	1136
1486	284	2	11	1	1137
1487	285	2	33	2	1138	1139
1488	286	2	33	2	1140	1141
1489	287	2	12	2	1142	1143
1490	288	2	6	1	1144
1491	289	1	6	1	1145
1492	290	2	35	4	1146	1147	1148	1149
1493	291	2	15	2	1150	1151
1494	292	2	5	1	1152
1495	293	2	22	2	1153	1154
1496	294	1	44	2	1155	1156
1497	295	1	33	2	1157	1158
1498	296	2	22	1	1159
1499	297	2	18	2	1160	1161
1500	298	1	30	4	1162	1163	1164	1165
1501	299	1	11	1	1166
