1492	789	703
0
0 	 0 	 0 	 10 	 4 	 2 	 3 	 4 	 5 	 11 	 2 	 7 	 12 	 17 	 22 	 27 	 32 	 37 	 42 	 47 	 52
1 	 1 	 0 	 6 	 2 	 4 	 5 	 11 	 58 	 63 	 68 	 73 	 78 	 83 	 88 	 93 	 98 	 103 	 108
2 	 1 	 0 	 4 	 2 	 6 	 7 	 11 	 58 	 63 	 68 	 73 	 78 	 83 	 88 	 93 	 98 	 103 	 108
3 	 1 	 0 	 5 	 2 	 8 	 9 	 11 	 58 	 63 	 68 	 73 	 78 	 83 	 88 	 93 	 98 	 103 	 108
4 	 1 	 0 	 3 	 2 	 10 	 11 	 11 	 58 	 63 	 68 	 73 	 78 	 83 	 88 	 93 	 98 	 103 	 108
5 	 1 	 0 	 9 	 2 	 12 	 13 	 11 	 58 	 63 	 68 	 73 	 78 	 83 	 88 	 93 	 98 	 103 	 108
6 	 1 	 0 	 4 	 2 	 14 	 15 	 11 	 58 	 63 	 68 	 73 	 78 	 83 	 88 	 93 	 98 	 103 	 108
7 	 2 	 0 	 3 	 2 	 12 	 13 	 5 	 60 	 70 	 80 	 90 	 100
8 	 3 	 0 	 5 	 2 	 1 	 2 	 5 	 6 	 16 	 26 	 36 	 46
9 	 4 	 0 	 1 	 2 	 12 	 13 	 6 	 1 	 11 	 21 	 31 	 41 	 51
10 	 5 	 0 	 1 	 2 	 3 	 4 	 5 	 61 	 71 	 81 	 91 	 101
11 	 6 	 0 	 4 	 2 	 3 	 4 	 5 	 7 	 17 	 27 	 37 	 47
12 	 7 	 0 	 2 	 2 	 11 	 12 	 5 	 6 	 16 	 26 	 36 	 46
13 	 8 	 0 	 9 	 2 	 13 	 14 	 5 	 60 	 70 	 80 	 90 	 100
14 	 9 	 1 	 9 	 2 	 0 	 1 	 6 	 55 	 65 	 75 	 85 	 95 	 105
15 	 9 	 1 	 5 	 2 	 2 	 3 	 6 	 55 	 65 	 75 	 85 	 95 	 105
16 	 9 	 1 	 4 	 2 	 4 	 5 	 6 	 55 	 65 	 75 	 85 	 95 	 105
17 	 9 	 1 	 10 	 2 	 6 	 7 	 6 	 55 	 65 	 75 	 85 	 95 	 105
18 	 9 	 1 	 9 	 2 	 8 	 9 	 6 	 55 	 65 	 75 	 85 	 95 	 105
19 	 9 	 1 	 2 	 2 	 10 	 11 	 6 	 55 	 65 	 75 	 85 	 95 	 105
20 	 9 	 1 	 6 	 2 	 12 	 13 	 6 	 55 	 65 	 75 	 85 	 95 	 105
21 	 9 	 1 	 3 	 2 	 14 	 15 	 6 	 55 	 65 	 75 	 85 	 95 	 105
22 	 9 	 1 	 5 	 2 	 16 	 17 	 6 	 55 	 65 	 75 	 85 	 95 	 105
23 	 10 	 1 	 4 	 2 	 2 	 3 	 6 	 55 	 65 	 75 	 85 	 95 	 105
24 	 11 	 0 	 6 	 2 	 5 	 6 	 6 	 0 	 10 	 20 	 30 	 40 	 50
25 	 12 	 0 	 1 	 2 	 15 	 16 	 11 	 57 	 62 	 67 	 72 	 77 	 82 	 87 	 92 	 97 	 102 	 107
26 	 13 	 0 	 4 	 2 	 11 	 12 	 11 	 57 	 62 	 67 	 72 	 77 	 82 	 87 	 92 	 97 	 102 	 107
27 	 14 	 0 	 8 	 2 	 6 	 7 	 11 	 59 	 64 	 69 	 74 	 79 	 84 	 89 	 94 	 99 	 104 	 109
28 	 14 	 0 	 5 	 2 	 8 	 9 	 11 	 59 	 64 	 69 	 74 	 79 	 84 	 89 	 94 	 99 	 104 	 109
29 	 14 	 0 	 2 	 2 	 10 	 11 	 11 	 59 	 64 	 69 	 74 	 79 	 84 	 89 	 94 	 99 	 104 	 109
30 	 14 	 0 	 1 	 2 	 12 	 13 	 11 	 59 	 64 	 69 	 74 	 79 	 84 	 89 	 94 	 99 	 104 	 109
31 	 14 	 0 	 8 	 2 	 14 	 15 	 11 	 59 	 64 	 69 	 74 	 79 	 84 	 89 	 94 	 99 	 104 	 109
32 	 14 	 0 	 10 	 2 	 16 	 17 	 11 	 59 	 64 	 69 	 74 	 79 	 84 	 89 	 94 	 99 	 104 	 109
33 	 15 	 0 	 3 	 2 	 2 	 3 	 6 	 1 	 11 	 21 	 31 	 41 	 51
34 	 16 	 0 	 4 	 2 	 2 	 3 	 11 	 58 	 63 	 68 	 73 	 78 	 83 	 88 	 93 	 98 	 103 	 108
35 	 16 	 0 	 8 	 2 	 4 	 5 	 11 	 58 	 63 	 68 	 73 	 78 	 83 	 88 	 93 	 98 	 103 	 108
36 	 16 	 0 	 5 	 2 	 6 	 7 	 11 	 58 	 63 	 68 	 73 	 78 	 83 	 88 	 93 	 98 	 103 	 108
37 	 16 	 0 	 1 	 2 	 8 	 9 	 11 	 58 	 63 	 68 	 73 	 78 	 83 	 88 	 93 	 98 	 103 	 108
38 	 16 	 0 	 8 	 2 	 10 	 11 	 11 	 58 	 63 	 68 	 73 	 78 	 83 	 88 	 93 	 98 	 103 	 108
39 	 17 	 0 	 7 	 2 	 16 	 17 	 6 	 58 	 68 	 78 	 88 	 98 	 108
40 	 18 	 0 	 10 	 4 	 12 	 13 	 14 	 15 	 11 	 2 	 7 	 12 	 17 	 22 	 27 	 32 	 37 	 42 	 47 	 52
41 	 19 	 0 	 8 	 4 	 4 	 5 	 6 	 7 	 6 	 59 	 69 	 79 	 89 	 99 	 109
42 	 19 	 0 	 1 	 2 	 4 	 5 	 6 	 55 	 65 	 75 	 85 	 95 	 105
43 	 20 	 0 	 4 	 2 	 3 	 4 	 5 	 6 	 16 	 26 	 36 	 46
44 	 20 	 0 	 9 	 2 	 5 	 6 	 5 	 6 	 16 	 26 	 36 	 46
45 	 20 	 0 	 8 	 2 	 7 	 8 	 5 	 6 	 16 	 26 	 36 	 46
46 	 20 	 0 	 2 	 2 	 9 	 10 	 5 	 6 	 16 	 26 	 36 	 46
47 	 20 	 0 	 1 	 2 	 11 	 12 	 5 	 6 	 16 	 26 	 36 	 46
48 	 20 	 0 	 10 	 2 	 13 	 14 	 5 	 6 	 16 	 26 	 36 	 46
49 	 21 	 0 	 8 	 4 	 12 	 13 	 14 	 15 	 6 	 4 	 14 	 24 	 34 	 44 	 54
50 	 21 	 0 	 3 	 4 	 9 	 10 	 11 	 12 	 6 	 0 	 10 	 20 	 30 	 40 	 50
51 	 22 	 0 	 4 	 2 	 4 	 5 	 6 	 59 	 69 	 79 	 89 	 99 	 109
52 	 23 	 0 	 10 	 2 	 11 	 12 	 6 	 2 	 12 	 22 	 32 	 42 	 52
53 	 24 	 0 	 3 	 2 	 2 	 3 	 6 	 0 	 10 	 20 	 30 	 40 	 50
54 	 24 	 0 	 10 	 2 	 0 	 1 	 6 	 4 	 14 	 24 	 34 	 44 	 54
55 	 24 	 0 	 5 	 2 	 10 	 11 	 6 	 2 	 12 	 22 	 32 	 42 	 52
56 	 25 	 0 	 7 	 2 	 0 	 1 	 6 	 59 	 69 	 79 	 89 	 99 	 109
57 	 26 	 0 	 4 	 2 	 4 	 5 	 11 	 3 	 8 	 13 	 18 	 23 	 28 	 33 	 38 	 43 	 48 	 53
58 	 27 	 0 	 8 	 2 	 0 	 1 	 11 	 2 	 7 	 12 	 17 	 22 	 27 	 32 	 37 	 42 	 47 	 52
59 	 27 	 0 	 10 	 2 	 2 	 3 	 11 	 2 	 7 	 12 	 17 	 22 	 27 	 32 	 37 	 42 	 47 	 52
60 	 27 	 0 	 6 	 2 	 4 	 5 	 11 	 2 	 7 	 12 	 17 	 22 	 27 	 32 	 37 	 42 	 47 	 52
61 	 27 	 0 	 7 	 2 	 6 	 7 	 11 	 2 	 7 	 12 	 17 	 22 	 27 	 32 	 37 	 42 	 47 	 52
62 	 27 	 0 	 3 	 2 	 8 	 9 	 11 	 2 	 7 	 12 	 17 	 22 	 27 	 32 	 37 	 42 	 47 	 52
63 	 27 	 0 	 8 	 2 	 10 	 11 	 11 	 2 	 7 	 12 	 17 	 22 	 27 	 32 	 37 	 42 	 47 	 52
64 	 27 	 0 	 3 	 2 	 12 	 13 	 11 	 2 	 7 	 12 	 17 	 22 	 27 	 32 	 37 	 42 	 47 	 52
65 	 27 	 0 	 1 	 2 	 14 	 15 	 11 	 2 	 7 	 12 	 17 	 22 	 27 	 32 	 37 	 42 	 47 	 52
66 	 27 	 0 	 10 	 2 	 16 	 17 	 11 	 2 	 7 	 12 	 17 	 22 	 27 	 32 	 37 	 42 	 47 	 52
67 	 28 	 0 	 4 	 2 	 6 	 7 	 11 	 59 	 64 	 69 	 74 	 79 	 84 	 89 	 94 	 99 	 104 	 109
68 	 28 	 0 	 9 	 2 	 8 	 9 	 11 	 59 	 64 	 69 	 74 	 79 	 84 	 89 	 94 	 99 	 104 	 109
69 	 28 	 0 	 6 	 2 	 10 	 11 	 11 	 59 	 64 	 69 	 74 	 79 	 84 	 89 	 94 	 99 	 104 	 109
70 	 28 	 0 	 9 	 2 	 12 	 13 	 11 	 59 	 64 	 69 	 74 	 79 	 84 	 89 	 94 	 99 	 104 	 109
71 	 28 	 0 	 8 	 2 	 14 	 15 	 11 	 59 	 64 	 69 	 74 	 79 	 84 	 89 	 94 	 99 	 104 	 109
72 	 29 	 0 	 7 	 2 	 4 	 5 	 11 	 57 	 62 	 67 	 72 	 77 	 82 	 87 	 92 	 97 	 102 	 107
73 	 30 	 0 	 3 	 2 	 7 	 8 	 11 	 1 	 6 	 11 	 16 	 21 	 26 	 31 	 36 	 41 	 46 	 51
74 	 31 	 0 	 5 	 2 	 3 	 4 	 11 	 3 	 8 	 13 	 18 	 23 	 28 	 33 	 38 	 43 	 48 	 53
75 	 32 	 0 	 10 	 2 	 11 	 12 	 6 	 0 	 10 	 20 	 30 	 40 	 50
76 	 33 	 0 	 4 	 2 	 11 	 12 	 5 	 63 	 73 	 83 	 93 	 103
77 	 34 	 0 	 7 	 2 	 3 	 4 	 11 	 0 	 5 	 10 	 15 	 20 	 25 	 30 	 35 	 40 	 45 	 50
78 	 34 	 0 	 1 	 4 	 1 	 2 	 3 	 4 	 11 	 3 	 8 	 13 	 18 	 23 	 28 	 33 	 38 	 43 	 48 	 53
79 	 35 	 0 	 3 	 2 	 3 	 4 	 6 	 59 	 69 	 79 	 89 	 99 	 109
80 	 35 	 0 	 3 	 2 	 8 	 9 	 6 	 57 	 67 	 77 	 87 	 97 	 107
81 	 36 	 0 	 6 	 2 	 10 	 11 	 11 	 57 	 62 	 67 	 72 	 77 	 82 	 87 	 92 	 97 	 102 	 107
82 	 37 	 0 	 2 	 2 	 15 	 16 	 6 	 57 	 67 	 77 	 87 	 97 	 107
83 	 37 	 0 	 6 	 2 	 15 	 16 	 6 	 55 	 65 	 75 	 85 	 95 	 105
84 	 38 	 0 	 4 	 2 	 0 	 1 	 6 	 0 	 10 	 20 	 30 	 40 	 50
85 	 38 	 0 	 7 	 2 	 2 	 3 	 6 	 0 	 10 	 20 	 30 	 40 	 50
86 	 38 	 0 	 10 	 2 	 4 	 5 	 6 	 0 	 10 	 20 	 30 	 40 	 50
87 	 38 	 0 	 9 	 2 	 6 	 7 	 6 	 0 	 10 	 20 	 30 	 40 	 50
88 	 38 	 0 	 1 	 2 	 8 	 9 	 6 	 0 	 10 	 20 	 30 	 40 	 50
89 	 38 	 0 	 5 	 2 	 10 	 11 	 6 	 0 	 10 	 20 	 30 	 40 	 50
90 	 38 	 0 	 3 	 2 	 12 	 13 	 6 	 0 	 10 	 20 	 30 	 40 	 50
91 	 38 	 0 	 8 	 2 	 14 	 15 	 6 	 0 	 10 	 20 	 30 	 40 	 50
92 	 39 	 0 	 6 	 2 	 15 	 16 	 6 	 59 	 69 	 79 	 89 	 99 	 109
93 	 40 	 0 	 2 	 2 	 2 	 3 	 11 	 4 	 9 	 14 	 19 	 24 	 29 	 34 	 39 	 44 	 49 	 54
94 	 41 	 0 	 7 	 2 	 16 	 17 	 5 	 64 	 74 	 84 	 94 	 104
95 	 41 	 0 	 10 	 2 	 12 	 13 	 5 	 62 	 72 	 82 	 92 	 102
96 	 42 	 0 	 2 	 2 	 7 	 8 	 6 	 1 	 11 	 21 	 31 	 41 	 51
97 	 43 	 0 	 8 	 2 	 2 	 3 	 11 	 57 	 62 	 67 	 72 	 77 	 82 	 87 	 92 	 97 	 102 	 107
98 	 44 	 0 	 9 	 2 	 16 	 17 	 5 	 63 	 73 	 83 	 93 	 103
99 	 45 	 0 	 9 	 2 	 3 	 4 	 6 	 57 	 67 	 77 	 87 	 97 	 107
100 	 46 	 0 	 5 	 2 	 1 	 2 	 11 	 3 	 8 	 13 	 18 	 23 	 28 	 33 	 38 	 43 	 48 	 53
101 	 47 	 0 	 1 	 2 	 9 	 10 	 5 	 62 	 72 	 82 	 92 	 102
102 	 48 	 0 	 10 	 2 	 13 	 14 	 11 	 56 	 61 	 66 	 71 	 76 	 81 	 86 	 91 	 96 	 101 	 106
103 	 49 	 0 	 6 	 2 	 13 	 14 	 5 	 6 	 16 	 26 	 36 	 46
104 	 50 	 0 	 10 	 2 	 15 	 16 	 5 	 62 	 72 	 82 	 92 	 102
105 	 50 	 0 	 2 	 2 	 14 	 15 	 5 	 64 	 74 	 84 	 94 	 104
106 	 50 	 0 	 1 	 2 	 6 	 7 	 5 	 61 	 71 	 81 	 91 	 101
107 	 51 	 0 	 8 	 2 	 1 	 2 	 11 	 1 	 6 	 11 	 16 	 21 	 26 	 31 	 36 	 41 	 46 	 51
108 	 51 	 0 	 7 	 2 	 4 	 5 	 11 	 4 	 9 	 14 	 19 	 24 	 29 	 34 	 39 	 44 	 49 	 54
109 	 52 	 0 	 6 	 2 	 13 	 14 	 11 	 3 	 8 	 13 	 18 	 23 	 28 	 33 	 38 	 43 	 48 	 53
110 	 53 	 0 	 1 	 4 	 12 	 13 	 14 	 15 	 11 	 58 	 63 	 68 	 73 	 78 	 83 	 88 	 93 	 98 	 103 	 108
111 	 54 	 0 	 3 	 2 	 15 	 16 	 11 	 4 	 9 	 14 	 19 	 24 	 29 	 34 	 39 	 44 	 49 	 54
112 	 55 	 0 	 3 	 2 	 14 	 15 	 11 	 56 	 61 	 66 	 71 	 76 	 81 	 86 	 91 	 96 	 101 	 106
113 	 56 	 0 	 7 	 2 	 5 	 6 	 5 	 5 	 15 	 25 	 35 	 45
114 	 57 	 0 	 2 	 2 	 5 	 6 	 11 	 57 	 62 	 67 	 72 	 77 	 82 	 87 	 92 	 97 	 102 	 107
115 	 58 	 1 	 1 	 2 	 12 	 13 	 11 	 59 	 64 	 69 	 74 	 79 	 84 	 89 	 94 	 99 	 104 	 109
116 	 59 	 0 	 1 	 2 	 3 	 4 	 5 	 61 	 71 	 81 	 91 	 101
117 	 59 	 0 	 4 	 4 	 12 	 13 	 14 	 15 	 5 	 64 	 74 	 84 	 94 	 104
118 	 59 	 0 	 8 	 2 	 14 	 15 	 5 	 63 	 73 	 83 	 93 	 103
119 	 60 	 0 	 3 	 4 	 0 	 1 	 2 	 3 	 5 	 5 	 15 	 25 	 35 	 45
120 	 61 	 0 	 8 	 4 	 12 	 13 	 14 	 15 	 11 	 58 	 63 	 68 	 73 	 78 	 83 	 88 	 93 	 98 	 103 	 108
121 	 62 	 0 	 9 	 2 	 0 	 1 	 6 	 55 	 65 	 75 	 85 	 95 	 105
122 	 63 	 0 	 8 	 2 	 4 	 5 	 6 	 3 	 13 	 23 	 33 	 43 	 53
123 	 64 	 0 	 5 	 2 	 0 	 1 	 11 	 1 	 6 	 11 	 16 	 21 	 26 	 31 	 36 	 41 	 46 	 51
124 	 64 	 0 	 2 	 4 	 5 	 6 	 7 	 8 	 11 	 3 	 8 	 13 	 18 	 23 	 28 	 33 	 38 	 43 	 48 	 53
125 	 65 	 0 	 5 	 2 	 1 	 2 	 11 	 55 	 60 	 65 	 70 	 75 	 80 	 85 	 90 	 95 	 100 	 105
126 	 66 	 0 	 8 	 4 	 14 	 15 	 16 	 17 	 6 	 56 	 66 	 76 	 86 	 96 	 106
127 	 67 	 0 	 5 	 2 	 1 	 2 	 6 	 0 	 10 	 20 	 30 	 40 	 50
128 	 67 	 0 	 10 	 2 	 3 	 4 	 6 	 0 	 10 	 20 	 30 	 40 	 50
129 	 67 	 0 	 8 	 2 	 5 	 6 	 6 	 0 	 10 	 20 	 30 	 40 	 50
130 	 67 	 0 	 1 	 2 	 7 	 8 	 6 	 0 	 10 	 20 	 30 	 40 	 50
131 	 68 	 0 	 6 	 2 	 1 	 2 	 6 	 57 	 67 	 77 	 87 	 97 	 107
132 	 68 	 0 	 6 	 2 	 12 	 13 	 6 	 56 	 66 	 76 	 86 	 96 	 106
133 	 69 	 0 	 6 	 2 	 5 	 6 	 5 	 7 	 17 	 27 	 37 	 47
134 	 70 	 0 	 10 	 6 	 4 	 5 	 6 	 7 	 8 	 9 	 6 	 58 	 68 	 78 	 88 	 98 	 108
135 	 70 	 0 	 5 	 2 	 8 	 9 	 6 	 55 	 65 	 75 	 85 	 95 	 105
136 	 70 	 0 	 2 	 2 	 15 	 16 	 6 	 57 	 67 	 77 	 87 	 97 	 107
137 	 71 	 0 	 2 	 2 	 15 	 16 	 6 	 57 	 67 	 77 	 87 	 97 	 107
138 	 71 	 0 	 9 	 2 	 4 	 5 	 6 	 56 	 66 	 76 	 86 	 96 	 106
139 	 72 	 0 	 3 	 2 	 0 	 1 	 6 	 59 	 69 	 79 	 89 	 99 	 109
140 	 72 	 0 	 4 	 2 	 2 	 3 	 6 	 59 	 69 	 79 	 89 	 99 	 109
141 	 72 	 0 	 10 	 2 	 4 	 5 	 6 	 59 	 69 	 79 	 89 	 99 	 109
142 	 72 	 0 	 9 	 2 	 6 	 7 	 6 	 59 	 69 	 79 	 89 	 99 	 109
143 	 72 	 0 	 7 	 2 	 8 	 9 	 6 	 59 	 69 	 79 	 89 	 99 	 109
144 	 72 	 0 	 3 	 2 	 10 	 11 	 6 	 59 	 69 	 79 	 89 	 99 	 109
145 	 72 	 0 	 1 	 2 	 12 	 13 	 6 	 59 	 69 	 79 	 89 	 99 	 109
146 	 72 	 0 	 8 	 2 	 14 	 15 	 6 	 59 	 69 	 79 	 89 	 99 	 109
147 	 72 	 0 	 1 	 2 	 16 	 17 	 6 	 59 	 69 	 79 	 89 	 99 	 109
148 	 73 	 0 	 5 	 2 	 6 	 7 	 6 	 4 	 14 	 24 	 34 	 44 	 54
149 	 73 	 0 	 2 	 2 	 7 	 8 	 6 	 1 	 11 	 21 	 31 	 41 	 51
150 	 74 	 0 	 10 	 2 	 12 	 13 	 6 	 0 	 10 	 20 	 30 	 40 	 50
151 	 75 	 0 	 10 	 2 	 1 	 2 	 6 	 55 	 65 	 75 	 85 	 95 	 105
152 	 76 	 0 	 10 	 2 	 4 	 5 	 11 	 3 	 8 	 13 	 18 	 23 	 28 	 33 	 38 	 43 	 48 	 53
153 	 76 	 0 	 6 	 2 	 6 	 7 	 11 	 3 	 8 	 13 	 18 	 23 	 28 	 33 	 38 	 43 	 48 	 53
154 	 76 	 0 	 7 	 2 	 8 	 9 	 11 	 3 	 8 	 13 	 18 	 23 	 28 	 33 	 38 	 43 	 48 	 53
155 	 76 	 0 	 1 	 2 	 10 	 11 	 11 	 3 	 8 	 13 	 18 	 23 	 28 	 33 	 38 	 43 	 48 	 53
156 	 76 	 0 	 7 	 2 	 12 	 13 	 11 	 3 	 8 	 13 	 18 	 23 	 28 	 33 	 38 	 43 	 48 	 53
157 	 76 	 0 	 10 	 2 	 14 	 15 	 11 	 3 	 8 	 13 	 18 	 23 	 28 	 33 	 38 	 43 	 48 	 53
158 	 77 	 0 	 9 	 2 	 12 	 13 	 5 	 9 	 19 	 29 	 39 	 49
159 	 78 	 0 	 8 	 4 	 3 	 4 	 5 	 6 	 6 	 0 	 10 	 20 	 30 	 40 	 50
160 	 79 	 0 	 5 	 2 	 6 	 7 	 11 	 59 	 64 	 69 	 74 	 79 	 84 	 89 	 94 	 99 	 104 	 109
161 	 80 	 0 	 7 	 2 	 2 	 3 	 5 	 60 	 70 	 80 	 90 	 100
162 	 80 	 0 	 6 	 2 	 4 	 5 	 5 	 60 	 70 	 80 	 90 	 100
163 	 80 	 0 	 5 	 2 	 6 	 7 	 5 	 60 	 70 	 80 	 90 	 100
164 	 80 	 0 	 8 	 2 	 8 	 9 	 5 	 60 	 70 	 80 	 90 	 100
165 	 80 	 0 	 3 	 2 	 10 	 11 	 5 	 60 	 70 	 80 	 90 	 100
166 	 80 	 0 	 7 	 2 	 12 	 13 	 5 	 60 	 70 	 80 	 90 	 100
167 	 80 	 0 	 4 	 2 	 14 	 15 	 5 	 60 	 70 	 80 	 90 	 100
168 	 81 	 0 	 10 	 2 	 0 	 1 	 6 	 2 	 12 	 22 	 32 	 42 	 52
169 	 81 	 0 	 9 	 2 	 2 	 3 	 6 	 2 	 12 	 22 	 32 	 42 	 52
170 	 81 	 0 	 2 	 2 	 4 	 5 	 6 	 2 	 12 	 22 	 32 	 42 	 52
171 	 81 	 0 	 3 	 2 	 6 	 7 	 6 	 2 	 12 	 22 	 32 	 42 	 52
172 	 81 	 0 	 4 	 2 	 8 	 9 	 6 	 2 	 12 	 22 	 32 	 42 	 52
173 	 81 	 0 	 7 	 2 	 10 	 11 	 6 	 2 	 12 	 22 	 32 	 42 	 52
174 	 81 	 0 	 7 	 2 	 12 	 13 	 6 	 2 	 12 	 22 	 32 	 42 	 52
175 	 81 	 0 	 1 	 2 	 14 	 15 	 6 	 2 	 12 	 22 	 32 	 42 	 52
176 	 81 	 0 	 9 	 2 	 16 	 17 	 6 	 2 	 12 	 22 	 32 	 42 	 52
177 	 82 	 0 	 8 	 2 	 4 	 5 	 5 	 6 	 16 	 26 	 36 	 46
178 	 83 	 0 	 10 	 2 	 13 	 14 	 5 	 7 	 17 	 27 	 37 	 47
179 	 84 	 0 	 9 	 2 	 12 	 13 	 6 	 56 	 66 	 76 	 86 	 96 	 106
180 	 84 	 0 	 9 	 4 	 10 	 11 	 12 	 13 	 6 	 59 	 69 	 79 	 89 	 99 	 109
181 	 84 	 0 	 2 	 2 	 16 	 17 	 6 	 58 	 68 	 78 	 88 	 98 	 108
182 	 85 	 0 	 5 	 2 	 10 	 11 	 5 	 8 	 18 	 28 	 38 	 48
183 	 86 	 0 	 9 	 4 	 13 	 14 	 15 	 16 	 11 	 2 	 7 	 12 	 17 	 22 	 27 	 32 	 37 	 42 	 47 	 52
184 	 87 	 0 	 5 	 2 	 5 	 6 	 6 	 0 	 10 	 20 	 30 	 40 	 50
185 	 88 	 0 	 6 	 2 	 0 	 1 	 5 	 5 	 15 	 25 	 35 	 45
186 	 89 	 0 	 7 	 2 	 2 	 3 	 11 	 4 	 9 	 14 	 19 	 24 	 29 	 34 	 39 	 44 	 49 	 54
187 	 90 	 0 	 7 	 2 	 8 	 9 	 11 	 0 	 5 	 10 	 15 	 20 	 25 	 30 	 35 	 40 	 45 	 50
188 	 91 	 0 	 10 	 2 	 13 	 14 	 6 	 55 	 65 	 75 	 85 	 95 	 105
189 	 91 	 0 	 5 	 2 	 16 	 17 	 6 	 59 	 69 	 79 	 89 	 99 	 109
190 	 91 	 0 	 7 	 2 	 5 	 6 	 6 	 56 	 66 	 76 	 86 	 96 	 106
191 	 92 	 0 	 6 	 4 	 2 	 3 	 4 	 5 	 5 	 8 	 18 	 28 	 38 	 48
192 	 93 	 0 	 10 	 2 	 16 	 17 	 11 	 57 	 62 	 67 	 72 	 77 	 82 	 87 	 92 	 97 	 102 	 107
193 	 93 	 0 	 5 	 2 	 0 	 1 	 11 	 56 	 61 	 66 	 71 	 76 	 81 	 86 	 91 	 96 	 101 	 106
194 	 93 	 0 	 3 	 2 	 0 	 1 	 11 	 55 	 60 	 65 	 70 	 75 	 80 	 85 	 90 	 95 	 100 	 105
195 	 94 	 0 	 2 	 2 	 0 	 1 	 5 	 62 	 72 	 82 	 92 	 102
196 	 94 	 0 	 9 	 2 	 2 	 3 	 5 	 62 	 72 	 82 	 92 	 102
197 	 94 	 0 	 1 	 2 	 4 	 5 	 5 	 62 	 72 	 82 	 92 	 102
198 	 94 	 0 	 1 	 2 	 6 	 7 	 5 	 62 	 72 	 82 	 92 	 102
199 	 94 	 0 	 2 	 2 	 8 	 9 	 5 	 62 	 72 	 82 	 92 	 102
200 	 94 	 0 	 2 	 2 	 10 	 11 	 5 	 62 	 72 	 82 	 92 	 102
201 	 94 	 0 	 5 	 2 	 12 	 13 	 5 	 62 	 72 	 82 	 92 	 102
202 	 94 	 0 	 1 	 2 	 14 	 15 	 5 	 62 	 72 	 82 	 92 	 102
203 	 94 	 0 	 2 	 2 	 16 	 17 	 5 	 62 	 72 	 82 	 92 	 102
204 	 95 	 0 	 7 	 2 	 0 	 1 	 5 	 63 	 73 	 83 	 93 	 103
205 	 95 	 0 	 6 	 2 	 6 	 7 	 5 	 60 	 70 	 80 	 90 	 100
206 	 96 	 0 	 8 	 2 	 14 	 15 	 11 	 2 	 7 	 12 	 17 	 22 	 27 	 32 	 37 	 42 	 47 	 52
207 	 97 	 0 	 6 	 2 	 11 	 12 	 11 	 59 	 64 	 69 	 74 	 79 	 84 	 89 	 94 	 99 	 104 	 109
208 	 98 	 0 	 5 	 4 	 6 	 7 	 8 	 9 	 6 	 0 	 10 	 20 	 30 	 40 	 50
209 	 99 	 0 	 6 	 2 	 13 	 14 	 6 	 56 	 66 	 76 	 86 	 96 	 106
210 	 100 	 1 	 1 	 2 	 16 	 17 	 11 	 2 	 7 	 12 	 17 	 22 	 27 	 32 	 37 	 42 	 47 	 52
211 	 101 	 0 	 2 	 2 	 12 	 13 	 5 	 8 	 18 	 28 	 38 	 48
212 	 102 	 0 	 3 	 4 	 12 	 13 	 14 	 15 	 11 	 2 	 7 	 12 	 17 	 22 	 27 	 32 	 37 	 42 	 47 	 52
213 	 102 	 0 	 1 	 2 	 13 	 14 	 11 	 4 	 9 	 14 	 19 	 24 	 29 	 34 	 39 	 44 	 49 	 54
214 	 102 	 0 	 2 	 2 	 8 	 9 	 11 	 3 	 8 	 13 	 18 	 23 	 28 	 33 	 38 	 43 	 48 	 53
215 	 103 	 0 	 7 	 2 	 15 	 16 	 5 	 63 	 73 	 83 	 93 	 103
216 	 104 	 0 	 3 	 2 	 6 	 7 	 6 	 4 	 14 	 24 	 34 	 44 	 54
217 	 105 	 0 	 7 	 2 	 12 	 13 	 5 	 64 	 74 	 84 	 94 	 104
218 	 106 	 0 	 8 	 2 	 0 	 1 	 11 	 58 	 63 	 68 	 73 	 78 	 83 	 88 	 93 	 98 	 103 	 108
219 	 106 	 0 	 8 	 2 	 2 	 3 	 11 	 58 	 63 	 68 	 73 	 78 	 83 	 88 	 93 	 98 	 103 	 108
220 	 106 	 0 	 3 	 2 	 4 	 5 	 11 	 58 	 63 	 68 	 73 	 78 	 83 	 88 	 93 	 98 	 103 	 108
221 	 106 	 0 	 6 	 2 	 6 	 7 	 11 	 58 	 63 	 68 	 73 	 78 	 83 	 88 	 93 	 98 	 103 	 108
222 	 106 	 0 	 4 	 2 	 8 	 9 	 11 	 58 	 63 	 68 	 73 	 78 	 83 	 88 	 93 	 98 	 103 	 108
223 	 106 	 0 	 1 	 2 	 10 	 11 	 11 	 58 	 63 	 68 	 73 	 78 	 83 	 88 	 93 	 98 	 103 	 108
224 	 106 	 0 	 3 	 2 	 12 	 13 	 11 	 58 	 63 	 68 	 73 	 78 	 83 	 88 	 93 	 98 	 103 	 108
225 	 106 	 0 	 6 	 2 	 14 	 15 	 11 	 58 	 63 	 68 	 73 	 78 	 83 	 88 	 93 	 98 	 103 	 108
226 	 106 	 0 	 9 	 2 	 16 	 17 	 11 	 58 	 63 	 68 	 73 	 78 	 83 	 88 	 93 	 98 	 103 	 108
227 	 107 	 0 	 8 	 2 	 7 	 8 	 6 	 55 	 65 	 75 	 85 	 95 	 105
228 	 107 	 0 	 3 	 2 	 1 	 2 	 6 	 57 	 67 	 77 	 87 	 97 	 107
229 	 107 	 0 	 2 	 2 	 3 	 4 	 6 	 59 	 69 	 79 	 89 	 99 	 109
230 	 108 	 0 	 6 	 2 	 10 	 11 	 6 	 55 	 65 	 75 	 85 	 95 	 105
231 	 109 	 0 	 1 	 2 	 5 	 6 	 6 	 55 	 65 	 75 	 85 	 95 	 105
232 	 110 	 1 	 3 	 2 	 2 	 3 	 11 	 1 	 6 	 11 	 16 	 21 	 26 	 31 	 36 	 41 	 46 	 51
233 	 111 	 0 	 9 	 2 	 2 	 3 	 11 	 55 	 60 	 65 	 70 	 75 	 80 	 85 	 90 	 95 	 100 	 105
234 	 112 	 0 	 9 	 2 	 5 	 6 	 6 	 59 	 69 	 79 	 89 	 99 	 109
235 	 113 	 0 	 4 	 2 	 16 	 17 	 5 	 9 	 19 	 29 	 39 	 49
236 	 114 	 0 	 4 	 2 	 1 	 2 	 11 	 3 	 8 	 13 	 18 	 23 	 28 	 33 	 38 	 43 	 48 	 53
237 	 114 	 0 	 7 	 2 	 3 	 4 	 11 	 3 	 8 	 13 	 18 	 23 	 28 	 33 	 38 	 43 	 48 	 53
238 	 114 	 0 	 8 	 2 	 5 	 6 	 11 	 3 	 8 	 13 	 18 	 23 	 28 	 33 	 38 	 43 	 48 	 53
239 	 114 	 0 	 4 	 2 	 7 	 8 	 11 	 3 	 8 	 13 	 18 	 23 	 28 	 33 	 38 	 43 	 48 	 53
240 	 114 	 0 	 2 	 2 	 9 	 10 	 11 	 3 	 8 	 13 	 18 	 23 	 28 	 33 	 38 	 43 	 48 	 53
241 	 114 	 0 	 6 	 2 	 11 	 12 	 11 	 3 	 8 	 13 	 18 	 23 	 28 	 33 	 38 	 43 	 48 	 53
242 	 114 	 0 	 1 	 2 	 13 	 14 	 11 	 3 	 8 	 13 	 18 	 23 	 28 	 33 	 38 	 43 	 48 	 53
243 	 114 	 0 	 1 	 2 	 15 	 16 	 11 	 3 	 8 	 13 	 18 	 23 	 28 	 33 	 38 	 43 	 48 	 53
244 	 115 	 0 	 6 	 2 	 16 	 17 	 5 	 5 	 15 	 25 	 35 	 45
245 	 116 	 0 	 6 	 4 	 11 	 12 	 13 	 14 	 11 	 56 	 61 	 66 	 71 	 76 	 81 	 86 	 91 	 96 	 101 	 106
246 	 117 	 0 	 2 	 4 	 8 	 9 	 10 	 11 	 5 	 62 	 72 	 82 	 92 	 102
247 	 118 	 0 	 5 	 2 	 6 	 7 	 11 	 1 	 6 	 11 	 16 	 21 	 26 	 31 	 36 	 41 	 46 	 51
248 	 119 	 0 	 4 	 2 	 14 	 15 	 5 	 6 	 16 	 26 	 36 	 46
249 	 120 	 0 	 5 	 2 	 14 	 15 	 6 	 58 	 68 	 78 	 88 	 98 	 108
250 	 121 	 0 	 1 	 2 	 0 	 1 	 11 	 0 	 5 	 10 	 15 	 20 	 25 	 30 	 35 	 40 	 45 	 50
251 	 122 	 0 	 7 	 2 	 12 	 13 	 11 	 2 	 7 	 12 	 17 	 22 	 27 	 32 	 37 	 42 	 47 	 52
252 	 123 	 0 	 2 	 4 	 4 	 5 	 6 	 7 	 5 	 64 	 74 	 84 	 94 	 104
253 	 123 	 0 	 7 	 2 	 15 	 16 	 5 	 61 	 71 	 81 	 91 	 101
254 	 123 	 0 	 10 	 2 	 13 	 14 	 5 	 60 	 70 	 80 	 90 	 100
255 	 124 	 0 	 9 	 2 	 9 	 10 	 11 	 55 	 60 	 65 	 70 	 75 	 80 	 85 	 90 	 95 	 100 	 105
256 	 125 	 0 	 3 	 2 	 9 	 10 	 11 	 56 	 61 	 66 	 71 	 76 	 81 	 86 	 91 	 96 	 101 	 106
257 	 126 	 0 	 2 	 2 	 9 	 10 	 5 	 6 	 16 	 26 	 36 	 46
258 	 127 	 0 	 8 	 4 	 6 	 7 	 8 	 9 	 6 	 58 	 68 	 78 	 88 	 98 	 108
259 	 128 	 0 	 3 	 2 	 6 	 7 	 11 	 4 	 9 	 14 	 19 	 24 	 29 	 34 	 39 	 44 	 49 	 54
260 	 129 	 0 	 1 	 2 	 5 	 6 	 5 	 64 	 74 	 84 	 94 	 104
261 	 129 	 0 	 9 	 2 	 7 	 8 	 5 	 64 	 74 	 84 	 94 	 104
262 	 129 	 0 	 3 	 2 	 9 	 10 	 5 	 64 	 74 	 84 	 94 	 104
263 	 129 	 0 	 4 	 2 	 11 	 12 	 5 	 64 	 74 	 84 	 94 	 104
264 	 129 	 0 	 4 	 2 	 13 	 14 	 5 	 64 	 74 	 84 	 94 	 104
265 	 130 	 0 	 4 	 2 	 4 	 5 	 6 	 0 	 10 	 20 	 30 	 40 	 50
266 	 131 	 0 	 3 	 4 	 9 	 10 	 11 	 12 	 6 	 57 	 67 	 77 	 87 	 97 	 107
267 	 132 	 0 	 1 	 2 	 7 	 8 	 6 	 2 	 12 	 22 	 32 	 42 	 52
268 	 132 	 0 	 8 	 2 	 9 	 10 	 6 	 2 	 12 	 22 	 32 	 42 	 52
269 	 132 	 0 	 2 	 2 	 11 	 12 	 6 	 2 	 12 	 22 	 32 	 42 	 52
270 	 132 	 0 	 2 	 2 	 13 	 14 	 6 	 2 	 12 	 22 	 32 	 42 	 52
271 	 133 	 0 	 2 	 2 	 3 	 4 	 6 	 4 	 14 	 24 	 34 	 44 	 54
272 	 134 	 0 	 2 	 2 	 1 	 2 	 11 	 56 	 61 	 66 	 71 	 76 	 81 	 86 	 91 	 96 	 101 	 106
273 	 135 	 0 	 2 	 2 	 5 	 6 	 5 	 9 	 19 	 29 	 39 	 49
274 	 136 	 0 	 10 	 4 	 6 	 7 	 8 	 9 	 5 	 64 	 74 	 84 	 94 	 104
275 	 137 	 0 	 3 	 2 	 10 	 11 	 6 	 57 	 67 	 77 	 87 	 97 	 107
276 	 137 	 0 	 2 	 4 	 13 	 14 	 15 	 16 	 6 	 58 	 68 	 78 	 88 	 98 	 108
277 	 138 	 0 	 9 	 2 	 3 	 4 	 6 	 58 	 68 	 78 	 88 	 98 	 108
278 	 138 	 0 	 6 	 2 	 5 	 6 	 6 	 58 	 68 	 78 	 88 	 98 	 108
279 	 138 	 0 	 2 	 2 	 7 	 8 	 6 	 58 	 68 	 78 	 88 	 98 	 108
280 	 138 	 0 	 5 	 2 	 9 	 10 	 6 	 58 	 68 	 78 	 88 	 98 	 108
281 	 138 	 0 	 10 	 2 	 11 	 12 	 6 	 58 	 68 	 78 	 88 	 98 	 108
282 	 138 	 0 	 2 	 2 	 13 	 14 	 6 	 58 	 68 	 78 	 88 	 98 	 108
283 	 139 	 0 	 8 	 2 	 7 	 8 	 11 	 4 	 9 	 14 	 19 	 24 	 29 	 34 	 39 	 44 	 49 	 54
284 	 139 	 0 	 9 	 2 	 1 	 2 	 11 	 1 	 6 	 11 	 16 	 21 	 26 	 31 	 36 	 41 	 46 	 51
285 	 140 	 0 	 6 	 2 	 3 	 4 	 6 	 55 	 65 	 75 	 85 	 95 	 105
286 	 141 	 1 	 3 	 4 	 3 	 4 	 5 	 6 	 6 	 4 	 14 	 24 	 34 	 44 	 54
287 	 142 	 0 	 9 	 4 	 1 	 2 	 3 	 4 	 11 	 56 	 61 	 66 	 71 	 76 	 81 	 86 	 91 	 96 	 101 	 106
288 	 143 	 0 	 3 	 2 	 0 	 1 	 6 	 57 	 67 	 77 	 87 	 97 	 107
289 	 143 	 0 	 7 	 2 	 2 	 3 	 6 	 57 	 67 	 77 	 87 	 97 	 107
290 	 143 	 0 	 3 	 2 	 4 	 5 	 6 	 57 	 67 	 77 	 87 	 97 	 107
291 	 143 	 0 	 10 	 2 	 6 	 7 	 6 	 57 	 67 	 77 	 87 	 97 	 107
292 	 143 	 0 	 8 	 2 	 8 	 9 	 6 	 57 	 67 	 77 	 87 	 97 	 107
293 	 143 	 0 	 3 	 2 	 10 	 11 	 6 	 57 	 67 	 77 	 87 	 97 	 107
294 	 143 	 0 	 10 	 2 	 12 	 13 	 6 	 57 	 67 	 77 	 87 	 97 	 107
295 	 143 	 0 	 9 	 2 	 14 	 15 	 6 	 57 	 67 	 77 	 87 	 97 	 107
296 	 143 	 0 	 2 	 2 	 16 	 17 	 6 	 57 	 67 	 77 	 87 	 97 	 107
297 	 144 	 0 	 6 	 2 	 13 	 14 	 6 	 4 	 14 	 24 	 34 	 44 	 54
298 	 145 	 0 	 4 	 2 	 16 	 17 	 5 	 62 	 72 	 82 	 92 	 102
299 	 146 	 0 	 1 	 2 	 13 	 14 	 11 	 3 	 8 	 13 	 18 	 23 	 28 	 33 	 38 	 43 	 48 	 53
300 	 147 	 0 	 7 	 2 	 5 	 6 	 5 	 5 	 15 	 25 	 35 	 45
301 	 148 	 0 	 10 	 2 	 4 	 5 	 11 	 2 	 7 	 12 	 17 	 22 	 27 	 32 	 37 	 42 	 47 	 52
302 	 149 	 0 	 5 	 2 	 9 	 10 	 5 	 5 	 15 	 25 	 35 	 45
303 	 149 	 0 	 2 	 2 	 11 	 12 	 5 	 5 	 15 	 25 	 35 	 45
304 	 149 	 0 	 6 	 2 	 13 	 14 	 5 	 5 	 15 	 25 	 35 	 45
305 	 149 	 0 	 2 	 2 	 15 	 16 	 5 	 5 	 15 	 25 	 35 	 45
306 	 150 	 0 	 7 	 2 	 6 	 7 	 5 	 60 	 70 	 80 	 90 	 100
307 	 151 	 0 	 10 	 2 	 4 	 5 	 5 	 5 	 15 	 25 	 35 	 45
308 	 151 	 0 	 3 	 2 	 6 	 7 	 5 	 5 	 15 	 25 	 35 	 45
309 	 151 	 0 	 8 	 2 	 8 	 9 	 5 	 5 	 15 	 25 	 35 	 45
310 	 151 	 0 	 9 	 2 	 10 	 11 	 5 	 5 	 15 	 25 	 35 	 45
311 	 151 	 0 	 10 	 2 	 12 	 13 	 5 	 5 	 15 	 25 	 35 	 45
312 	 151 	 0 	 5 	 2 	 14 	 15 	 5 	 5 	 15 	 25 	 35 	 45
313 	 151 	 0 	 7 	 2 	 16 	 17 	 5 	 5 	 15 	 25 	 35 	 45
314 	 152 	 0 	 8 	 2 	 8 	 9 	 6 	 58 	 68 	 78 	 88 	 98 	 108
315 	 153 	 0 	 8 	 4 	 11 	 12 	 13 	 14 	 11 	 58 	 63 	 68 	 73 	 78 	 83 	 88 	 93 	 98 	 103 	 108
316 	 154 	 0 	 7 	 2 	 0 	 1 	 11 	 56 	 61 	 66 	 71 	 76 	 81 	 86 	 91 	 96 	 101 	 106
317 	 154 	 0 	 4 	 2 	 2 	 3 	 11 	 56 	 61 	 66 	 71 	 76 	 81 	 86 	 91 	 96 	 101 	 106
318 	 154 	 0 	 6 	 2 	 4 	 5 	 11 	 56 	 61 	 66 	 71 	 76 	 81 	 86 	 91 	 96 	 101 	 106
319 	 154 	 0 	 8 	 2 	 6 	 7 	 11 	 56 	 61 	 66 	 71 	 76 	 81 	 86 	 91 	 96 	 101 	 106
320 	 154 	 0 	 2 	 2 	 8 	 9 	 11 	 56 	 61 	 66 	 71 	 76 	 81 	 86 	 91 	 96 	 101 	 106
321 	 154 	 0 	 4 	 2 	 10 	 11 	 11 	 56 	 61 	 66 	 71 	 76 	 81 	 86 	 91 	 96 	 101 	 106
322 	 154 	 0 	 9 	 2 	 12 	 13 	 11 	 56 	 61 	 66 	 71 	 76 	 81 	 86 	 91 	 96 	 101 	 106
323 	 155 	 0 	 4 	 2 	 2 	 3 	 6 	 57 	 67 	 77 	 87 	 97 	 107
324 	 155 	 0 	 4 	 2 	 4 	 5 	 6 	 57 	 67 	 77 	 87 	 97 	 107
325 	 155 	 0 	 4 	 2 	 6 	 7 	 6 	 57 	 67 	 77 	 87 	 97 	 107
326 	 155 	 0 	 5 	 2 	 8 	 9 	 6 	 57 	 67 	 77 	 87 	 97 	 107
327 	 155 	 0 	 6 	 2 	 10 	 11 	 6 	 57 	 67 	 77 	 87 	 97 	 107
328 	 155 	 0 	 10 	 2 	 12 	 13 	 6 	 57 	 67 	 77 	 87 	 97 	 107
329 	 155 	 0 	 10 	 2 	 14 	 15 	 6 	 57 	 67 	 77 	 87 	 97 	 107
330 	 156 	 0 	 7 	 2 	 3 	 4 	 11 	 58 	 63 	 68 	 73 	 78 	 83 	 88 	 93 	 98 	 103 	 108
331 	 156 	 0 	 7 	 2 	 5 	 6 	 11 	 58 	 63 	 68 	 73 	 78 	 83 	 88 	 93 	 98 	 103 	 108
332 	 156 	 0 	 7 	 2 	 7 	 8 	 11 	 58 	 63 	 68 	 73 	 78 	 83 	 88 	 93 	 98 	 103 	 108
333 	 156 	 0 	 10 	 2 	 9 	 10 	 11 	 58 	 63 	 68 	 73 	 78 	 83 	 88 	 93 	 98 	 103 	 108
334 	 157 	 0 	 4 	 4 	 0 	 1 	 2 	 3 	 6 	 58 	 68 	 78 	 88 	 98 	 108
335 	 157 	 0 	 10 	 2 	 0 	 1 	 6 	 57 	 67 	 77 	 87 	 97 	 107
336 	 158 	 0 	 2 	 2 	 15 	 16 	 6 	 2 	 12 	 22 	 32 	 42 	 52
337 	 159 	 0 	 9 	 2 	 13 	 14 	 5 	 5 	 15 	 25 	 35 	 45
338 	 160 	 0 	 6 	 2 	 5 	 6 	 5 	 60 	 70 	 80 	 90 	 100
339 	 160 	 0 	 1 	 2 	 7 	 8 	 5 	 60 	 70 	 80 	 90 	 100
340 	 160 	 0 	 1 	 2 	 9 	 10 	 5 	 60 	 70 	 80 	 90 	 100
341 	 160 	 0 	 4 	 2 	 11 	 12 	 5 	 60 	 70 	 80 	 90 	 100
342 	 160 	 0 	 3 	 2 	 13 	 14 	 5 	 60 	 70 	 80 	 90 	 100
343 	 161 	 0 	 7 	 2 	 7 	 8 	 11 	 59 	 64 	 69 	 74 	 79 	 84 	 89 	 94 	 99 	 104 	 109
344 	 162 	 0 	 7 	 4 	 3 	 4 	 5 	 6 	 11 	 1 	 6 	 11 	 16 	 21 	 26 	 31 	 36 	 41 	 46 	 51
345 	 163 	 1 	 6 	 2 	 13 	 14 	 6 	 57 	 67 	 77 	 87 	 97 	 107
346 	 163 	 1 	 8 	 2 	 12 	 13 	 6 	 55 	 65 	 75 	 85 	 95 	 105
347 	 163 	 1 	 3 	 2 	 4 	 5 	 6 	 56 	 66 	 76 	 86 	 96 	 106
348 	 164 	 0 	 2 	 2 	 12 	 13 	 11 	 57 	 62 	 67 	 72 	 77 	 82 	 87 	 92 	 97 	 102 	 107
349 	 165 	 0 	 1 	 4 	 11 	 12 	 13 	 14 	 5 	 64 	 74 	 84 	 94 	 104
350 	 166 	 0 	 3 	 2 	 8 	 9 	 5 	 5 	 15 	 25 	 35 	 45
351 	 167 	 0 	 10 	 2 	 0 	 1 	 5 	 62 	 72 	 82 	 92 	 102
352 	 167 	 0 	 7 	 2 	 2 	 3 	 5 	 62 	 72 	 82 	 92 	 102
353 	 167 	 0 	 1 	 2 	 4 	 5 	 5 	 62 	 72 	 82 	 92 	 102
354 	 167 	 0 	 4 	 2 	 6 	 7 	 5 	 62 	 72 	 82 	 92 	 102
355 	 167 	 0 	 6 	 2 	 8 	 9 	 5 	 62 	 72 	 82 	 92 	 102
356 	 167 	 0 	 6 	 2 	 10 	 11 	 5 	 62 	 72 	 82 	 92 	 102
357 	 168 	 0 	 6 	 2 	 10 	 11 	 6 	 4 	 14 	 24 	 34 	 44 	 54
358 	 169 	 0 	 6 	 2 	 1 	 2 	 5 	 61 	 71 	 81 	 91 	 101
359 	 170 	 0 	 9 	 4 	 10 	 11 	 12 	 13 	 6 	 2 	 12 	 22 	 32 	 42 	 52
360 	 170 	 0 	 2 	 2 	 8 	 9 	 6 	 1 	 11 	 21 	 31 	 41 	 51
361 	 171 	 0 	 5 	 2 	 14 	 15 	 6 	 55 	 65 	 75 	 85 	 95 	 105
362 	 172 	 0 	 9 	 4 	 0 	 1 	 2 	 3 	 6 	 0 	 10 	 20 	 30 	 40 	 50
363 	 173 	 0 	 8 	 2 	 7 	 8 	 5 	 9 	 19 	 29 	 39 	 49
364 	 174 	 0 	 2 	 2 	 9 	 10 	 6 	 58 	 68 	 78 	 88 	 98 	 108
365 	 175 	 0 	 2 	 2 	 9 	 10 	 6 	 55 	 65 	 75 	 85 	 95 	 105
366 	 176 	 0 	 5 	 2 	 2 	 3 	 6 	 3 	 13 	 23 	 33 	 43 	 53
367 	 177 	 0 	 5 	 2 	 0 	 1 	 11 	 56 	 61 	 66 	 71 	 76 	 81 	 86 	 91 	 96 	 101 	 106
368 	 177 	 0 	 8 	 2 	 2 	 3 	 11 	 56 	 61 	 66 	 71 	 76 	 81 	 86 	 91 	 96 	 101 	 106
369 	 177 	 0 	 8 	 2 	 4 	 5 	 11 	 56 	 61 	 66 	 71 	 76 	 81 	 86 	 91 	 96 	 101 	 106
370 	 177 	 0 	 9 	 2 	 6 	 7 	 11 	 56 	 61 	 66 	 71 	 76 	 81 	 86 	 91 	 96 	 101 	 106
371 	 177 	 0 	 7 	 2 	 8 	 9 	 11 	 56 	 61 	 66 	 71 	 76 	 81 	 86 	 91 	 96 	 101 	 106
372 	 177 	 0 	 6 	 2 	 10 	 11 	 11 	 56 	 61 	 66 	 71 	 76 	 81 	 86 	 91 	 96 	 101 	 106
373 	 177 	 0 	 8 	 2 	 12 	 13 	 11 	 56 	 61 	 66 	 71 	 76 	 81 	 86 	 91 	 96 	 101 	 106
374 	 177 	 0 	 1 	 2 	 14 	 15 	 11 	 56 	 61 	 66 	 71 	 76 	 81 	 86 	 91 	 96 	 101 	 106
375 	 178 	 0 	 8 	 2 	 11 	 12 	 6 	 58 	 68 	 78 	 88 	 98 	 108
376 	 179 	 0 	 6 	 2 	 0 	 1 	 11 	 59 	 64 	 69 	 74 	 79 	 84 	 89 	 94 	 99 	 104 	 109
377 	 179 	 0 	 9 	 2 	 14 	 15 	 11 	 55 	 60 	 65 	 70 	 75 	 80 	 85 	 90 	 95 	 100 	 105
378 	 180 	 0 	 2 	 2 	 3 	 4 	 5 	 63 	 73 	 83 	 93 	 103
379 	 181 	 0 	 10 	 2 	 9 	 10 	 5 	 64 	 74 	 84 	 94 	 104
380 	 182 	 0 	 10 	 2 	 1 	 2 	 11 	 56 	 61 	 66 	 71 	 76 	 81 	 86 	 91 	 96 	 101 	 106
381 	 183 	 0 	 9 	 2 	 9 	 10 	 11 	 0 	 5 	 10 	 15 	 20 	 25 	 30 	 35 	 40 	 45 	 50
382 	 184 	 0 	 5 	 4 	 0 	 1 	 2 	 3 	 11 	 56 	 61 	 66 	 71 	 76 	 81 	 86 	 91 	 96 	 101 	 106
383 	 185 	 0 	 1 	 2 	 12 	 13 	 6 	 2 	 12 	 22 	 32 	 42 	 52
384 	 185 	 0 	 5 	 4 	 14 	 15 	 16 	 17 	 6 	 4 	 14 	 24 	 34 	 44 	 54
385 	 186 	 0 	 1 	 2 	 11 	 12 	 5 	 63 	 73 	 83 	 93 	 103
386 	 187 	 0 	 10 	 2 	 6 	 7 	 6 	 0 	 10 	 20 	 30 	 40 	 50
387 	 187 	 0 	 9 	 2 	 15 	 16 	 6 	 4 	 14 	 24 	 34 	 44 	 54
388 	 188 	 0 	 1 	 2 	 5 	 6 	 6 	 4 	 14 	 24 	 34 	 44 	 54
389 	 188 	 0 	 5 	 2 	 7 	 8 	 6 	 4 	 14 	 24 	 34 	 44 	 54
390 	 188 	 0 	 7 	 2 	 9 	 10 	 6 	 4 	 14 	 24 	 34 	 44 	 54
391 	 188 	 0 	 7 	 2 	 11 	 12 	 6 	 4 	 14 	 24 	 34 	 44 	 54
392 	 188 	 0 	 10 	 2 	 13 	 14 	 6 	 4 	 14 	 24 	 34 	 44 	 54
393 	 189 	 0 	 7 	 2 	 8 	 9 	 11 	 59 	 64 	 69 	 74 	 79 	 84 	 89 	 94 	 99 	 104 	 109
394 	 190 	 0 	 4 	 2 	 10 	 11 	 6 	 3 	 13 	 23 	 33 	 43 	 53
395 	 191 	 0 	 8 	 4 	 12 	 13 	 14 	 15 	 11 	 58 	 63 	 68 	 73 	 78 	 83 	 88 	 93 	 98 	 103 	 108
396 	 192 	 0 	 8 	 4 	 11 	 12 	 13 	 14 	 5 	 63 	 73 	 83 	 93 	 103
397 	 193 	 0 	 5 	 2 	 2 	 3 	 6 	 0 	 10 	 20 	 30 	 40 	 50
398 	 193 	 0 	 4 	 2 	 4 	 5 	 6 	 0 	 10 	 20 	 30 	 40 	 50
399 	 193 	 0 	 2 	 2 	 6 	 7 	 6 	 0 	 10 	 20 	 30 	 40 	 50
400 	 193 	 0 	 10 	 2 	 8 	 9 	 6 	 0 	 10 	 20 	 30 	 40 	 50
401 	 193 	 0 	 2 	 2 	 10 	 11 	 6 	 0 	 10 	 20 	 30 	 40 	 50
402 	 193 	 0 	 2 	 2 	 12 	 13 	 6 	 0 	 10 	 20 	 30 	 40 	 50
403 	 193 	 0 	 3 	 2 	 14 	 15 	 6 	 0 	 10 	 20 	 30 	 40 	 50
404 	 193 	 0 	 6 	 2 	 16 	 17 	 6 	 0 	 10 	 20 	 30 	 40 	 50
405 	 194 	 0 	 6 	 2 	 11 	 12 	 5 	 6 	 16 	 26 	 36 	 46
406 	 195 	 0 	 1 	 4 	 1 	 2 	 3 	 4 	 6 	 4 	 14 	 24 	 34 	 44 	 54
407 	 196 	 0 	 5 	 4 	 4 	 5 	 6 	 7 	 5 	 5 	 15 	 25 	 35 	 45
408 	 196 	 0 	 2 	 2 	 10 	 11 	 5 	 9 	 19 	 29 	 39 	 49
409 	 196 	 0 	 6 	 4 	 11 	 12 	 13 	 14 	 5 	 8 	 18 	 28 	 38 	 48
410 	 197 	 0 	 6 	 2 	 8 	 9 	 5 	 5 	 15 	 25 	 35 	 45
411 	 197 	 0 	 8 	 2 	 10 	 11 	 5 	 5 	 15 	 25 	 35 	 45
412 	 197 	 0 	 5 	 2 	 12 	 13 	 5 	 5 	 15 	 25 	 35 	 45
413 	 197 	 0 	 5 	 2 	 14 	 15 	 5 	 5 	 15 	 25 	 35 	 45
414 	 198 	 0 	 7 	 4 	 10 	 11 	 12 	 13 	 11 	 55 	 60 	 65 	 70 	 75 	 80 	 85 	 90 	 95 	 100 	 105
415 	 198 	 0 	 2 	 2 	 1 	 2 	 11 	 56 	 61 	 66 	 71 	 76 	 81 	 86 	 91 	 96 	 101 	 106
416 	 199 	 0 	 10 	 2 	 1 	 2 	 6 	 56 	 66 	 76 	 86 	 96 	 106
417 	 199 	 0 	 7 	 2 	 3 	 4 	 6 	 56 	 66 	 76 	 86 	 96 	 106
418 	 199 	 0 	 2 	 2 	 5 	 6 	 6 	 56 	 66 	 76 	 86 	 96 	 106
419 	 199 	 0 	 2 	 2 	 7 	 8 	 6 	 56 	 66 	 76 	 86 	 96 	 106
420 	 199 	 0 	 8 	 2 	 9 	 10 	 6 	 56 	 66 	 76 	 86 	 96 	 106
421 	 199 	 0 	 3 	 2 	 11 	 12 	 6 	 56 	 66 	 76 	 86 	 96 	 106
422 	 199 	 0 	 5 	 2 	 13 	 14 	 6 	 56 	 66 	 76 	 86 	 96 	 106
423 	 199 	 0 	 7 	 2 	 15 	 16 	 6 	 56 	 66 	 76 	 86 	 96 	 106
424 	 200 	 0 	 10 	 2 	 6 	 7 	 11 	 58 	 63 	 68 	 73 	 78 	 83 	 88 	 93 	 98 	 103 	 108
425 	 201 	 0 	 8 	 4 	 7 	 8 	 9 	 10 	 5 	 61 	 71 	 81 	 91 	 101
426 	 202 	 0 	 6 	 4 	 0 	 1 	 2 	 3 	 6 	 4 	 14 	 24 	 34 	 44 	 54
427 	 203 	 0 	 7 	 4 	 13 	 14 	 15 	 16 	 11 	 1 	 6 	 11 	 16 	 21 	 26 	 31 	 36 	 41 	 46 	 51
428 	 203 	 0 	 3 	 2 	 15 	 16 	 11 	 4 	 9 	 14 	 19 	 24 	 29 	 34 	 39 	 44 	 49 	 54
429 	 204 	 0 	 4 	 2 	 16 	 17 	 6 	 55 	 65 	 75 	 85 	 95 	 105
430 	 205 	 0 	 1 	 4 	 14 	 15 	 16 	 17 	 5 	 60 	 70 	 80 	 90 	 100
431 	 206 	 0 	 9 	 2 	 5 	 6 	 6 	 57 	 67 	 77 	 87 	 97 	 107
432 	 206 	 0 	 1 	 2 	 6 	 7 	 6 	 56 	 66 	 76 	 86 	 96 	 106
433 	 207 	 0 	 6 	 2 	 7 	 8 	 6 	 58 	 68 	 78 	 88 	 98 	 108
434 	 208 	 0 	 1 	 2 	 1 	 2 	 6 	 0 	 10 	 20 	 30 	 40 	 50
435 	 209 	 0 	 5 	 2 	 7 	 8 	 6 	 59 	 69 	 79 	 89 	 99 	 109
436 	 210 	 0 	 3 	 2 	 15 	 16 	 11 	 2 	 7 	 12 	 17 	 22 	 27 	 32 	 37 	 42 	 47 	 52
437 	 211 	 0 	 5 	 2 	 15 	 16 	 5 	 61 	 71 	 81 	 91 	 101
438 	 211 	 0 	 4 	 4 	 13 	 14 	 15 	 16 	 5 	 63 	 73 	 83 	 93 	 103
439 	 211 	 0 	 7 	 2 	 7 	 8 	 5 	 64 	 74 	 84 	 94 	 104
440 	 212 	 0 	 7 	 4 	 11 	 12 	 13 	 14 	 11 	 57 	 62 	 67 	 72 	 77 	 82 	 87 	 92 	 97 	 102 	 107
441 	 213 	 0 	 1 	 4 	 10 	 11 	 12 	 13 	 5 	 60 	 70 	 80 	 90 	 100
442 	 214 	 0 	 3 	 2 	 13 	 14 	 6 	 59 	 69 	 79 	 89 	 99 	 109
443 	 215 	 0 	 8 	 2 	 1 	 2 	 11 	 2 	 7 	 12 	 17 	 22 	 27 	 32 	 37 	 42 	 47 	 52
444 	 216 	 0 	 7 	 2 	 2 	 3 	 6 	 56 	 66 	 76 	 86 	 96 	 106
445 	 217 	 0 	 5 	 2 	 8 	 9 	 11 	 57 	 62 	 67 	 72 	 77 	 82 	 87 	 92 	 97 	 102 	 107
446 	 217 	 0 	 4 	 2 	 10 	 11 	 11 	 57 	 62 	 67 	 72 	 77 	 82 	 87 	 92 	 97 	 102 	 107
447 	 217 	 0 	 5 	 2 	 12 	 13 	 11 	 57 	 62 	 67 	 72 	 77 	 82 	 87 	 92 	 97 	 102 	 107
448 	 217 	 0 	 7 	 2 	 14 	 15 	 11 	 57 	 62 	 67 	 72 	 77 	 82 	 87 	 92 	 97 	 102 	 107
449 	 218 	 0 	 3 	 2 	 15 	 16 	 11 	 56 	 61 	 66 	 71 	 76 	 81 	 86 	 91 	 96 	 101 	 106
450 	 219 	 0 	 6 	 2 	 5 	 6 	 11 	 2 	 7 	 12 	 17 	 22 	 27 	 32 	 37 	 42 	 47 	 52
451 	 220 	 0 	 5 	 2 	 8 	 9 	 5 	 63 	 73 	 83 	 93 	 103
452 	 220 	 0 	 5 	 2 	 15 	 16 	 5 	 62 	 72 	 82 	 92 	 102
453 	 220 	 0 	 9 	 2 	 12 	 13 	 5 	 64 	 74 	 84 	 94 	 104
454 	 221 	 0 	 6 	 2 	 14 	 15 	 5 	 8 	 18 	 28 	 38 	 48
455 	 222 	 0 	 8 	 4 	 14 	 15 	 16 	 17 	 5 	 7 	 17 	 27 	 37 	 47
456 	 223 	 0 	 4 	 2 	 8 	 9 	 11 	 3 	 8 	 13 	 18 	 23 	 28 	 33 	 38 	 43 	 48 	 53
457 	 224 	 0 	 1 	 2 	 3 	 4 	 11 	 55 	 60 	 65 	 70 	 75 	 80 	 85 	 90 	 95 	 100 	 105
458 	 225 	 0 	 8 	 2 	 8 	 9 	 6 	 0 	 10 	 20 	 30 	 40 	 50
459 	 226 	 0 	 5 	 4 	 12 	 13 	 14 	 15 	 11 	 57 	 62 	 67 	 72 	 77 	 82 	 87 	 92 	 97 	 102 	 107
460 	 226 	 0 	 4 	 2 	 2 	 3 	 11 	 59 	 64 	 69 	 74 	 79 	 84 	 89 	 94 	 99 	 104 	 109
461 	 226 	 0 	 4 	 2 	 8 	 9 	 11 	 56 	 61 	 66 	 71 	 76 	 81 	 86 	 91 	 96 	 101 	 106
462 	 227 	 0 	 9 	 4 	 14 	 15 	 16 	 17 	 6 	 1 	 11 	 21 	 31 	 41 	 51
463 	 228 	 0 	 1 	 4 	 1 	 2 	 3 	 4 	 5 	 63 	 73 	 83 	 93 	 103
464 	 229 	 0 	 1 	 2 	 16 	 17 	 11 	 57 	 62 	 67 	 72 	 77 	 82 	 87 	 92 	 97 	 102 	 107
465 	 230 	 0 	 1 	 2 	 13 	 14 	 6 	 3 	 13 	 23 	 33 	 43 	 53
466 	 231 	 0 	 8 	 4 	 12 	 13 	 14 	 15 	 5 	 62 	 72 	 82 	 92 	 102
467 	 232 	 0 	 8 	 2 	 11 	 12 	 5 	 7 	 17 	 27 	 37 	 47
468 	 232 	 0 	 7 	 4 	 13 	 14 	 15 	 16 	 5 	 6 	 16 	 26 	 36 	 46
469 	 232 	 0 	 10 	 2 	 16 	 17 	 5 	 8 	 18 	 28 	 38 	 48
470 	 233 	 0 	 3 	 2 	 6 	 7 	 6 	 4 	 14 	 24 	 34 	 44 	 54
471 	 234 	 0 	 5 	 2 	 12 	 13 	 6 	 2 	 12 	 22 	 32 	 42 	 52
472 	 234 	 0 	 8 	 4 	 3 	 4 	 5 	 6 	 6 	 1 	 11 	 21 	 31 	 41 	 51
473 	 235 	 0 	 6 	 4 	 14 	 15 	 16 	 17 	 6 	 2 	 12 	 22 	 32 	 42 	 52
474 	 236 	 0 	 1 	 2 	 9 	 10 	 5 	 6 	 16 	 26 	 36 	 46
475 	 237 	 0 	 10 	 4 	 3 	 4 	 5 	 6 	 5 	 64 	 74 	 84 	 94 	 104
476 	 238 	 0 	 3 	 4 	 1 	 2 	 3 	 4 	 11 	 56 	 61 	 66 	 71 	 76 	 81 	 86 	 91 	 96 	 101 	 106
477 	 239 	 0 	 8 	 2 	 7 	 8 	 6 	 3 	 13 	 23 	 33 	 43 	 53
478 	 240 	 0 	 10 	 2 	 12 	 13 	 5 	 8 	 18 	 28 	 38 	 48
479 	 240 	 0 	 1 	 2 	 8 	 9 	 5 	 9 	 19 	 29 	 39 	 49
480 	 240 	 0 	 9 	 2 	 2 	 3 	 5 	 7 	 17 	 27 	 37 	 47
481 	 241 	 0 	 8 	 4 	 10 	 11 	 12 	 13 	 11 	 4 	 9 	 14 	 19 	 24 	 29 	 34 	 39 	 44 	 49 	 54
482 	 242 	 0 	 5 	 2 	 4 	 5 	 6 	 59 	 69 	 79 	 89 	 99 	 109
483 	 242 	 0 	 4 	 2 	 6 	 7 	 6 	 59 	 69 	 79 	 89 	 99 	 109
484 	 242 	 0 	 8 	 2 	 8 	 9 	 6 	 59 	 69 	 79 	 89 	 99 	 109
485 	 242 	 0 	 7 	 2 	 10 	 11 	 6 	 59 	 69 	 79 	 89 	 99 	 109
486 	 242 	 0 	 10 	 2 	 12 	 13 	 6 	 59 	 69 	 79 	 89 	 99 	 109
487 	 242 	 0 	 4 	 2 	 14 	 15 	 6 	 59 	 69 	 79 	 89 	 99 	 109
488 	 242 	 0 	 9 	 2 	 16 	 17 	 6 	 59 	 69 	 79 	 89 	 99 	 109
489 	 243 	 0 	 1 	 2 	 0 	 1 	 5 	 64 	 74 	 84 	 94 	 104
490 	 243 	 0 	 2 	 2 	 3 	 4 	 5 	 63 	 73 	 83 	 93 	 103
491 	 244 	 0 	 7 	 2 	 11 	 12 	 11 	 56 	 61 	 66 	 71 	 76 	 81 	 86 	 91 	 96 	 101 	 106
492 	 245 	 0 	 4 	 4 	 10 	 11 	 12 	 13 	 5 	 5 	 15 	 25 	 35 	 45
493 	 246 	 0 	 5 	 2 	 10 	 11 	 11 	 1 	 6 	 11 	 16 	 21 	 26 	 31 	 36 	 41 	 46 	 51
494 	 247 	 0 	 5 	 2 	 11 	 12 	 11 	 1 	 6 	 11 	 16 	 21 	 26 	 31 	 36 	 41 	 46 	 51
495 	 248 	 0 	 4 	 2 	 9 	 10 	 11 	 58 	 63 	 68 	 73 	 78 	 83 	 88 	 93 	 98 	 103 	 108
496 	 249 	 0 	 3 	 2 	 1 	 2 	 11 	 1 	 6 	 11 	 16 	 21 	 26 	 31 	 36 	 41 	 46 	 51
497 	 250 	 0 	 5 	 2 	 4 	 5 	 6 	 1 	 11 	 21 	 31 	 41 	 51
498 	 251 	 0 	 3 	 2 	 7 	 8 	 11 	 56 	 61 	 66 	 71 	 76 	 81 	 86 	 91 	 96 	 101 	 106
499 	 252 	 1 	 3 	 2 	 7 	 8 	 11 	 57 	 62 	 67 	 72 	 77 	 82 	 87 	 92 	 97 	 102 	 107
500 	 253 	 0 	 3 	 2 	 16 	 17 	 11 	 2 	 7 	 12 	 17 	 22 	 27 	 32 	 37 	 42 	 47 	 52
501 	 254 	 0 	 5 	 2 	 1 	 2 	 11 	 2 	 7 	 12 	 17 	 22 	 27 	 32 	 37 	 42 	 47 	 52
502 	 254 	 0 	 8 	 4 	 8 	 9 	 10 	 11 	 11 	 1 	 6 	 11 	 16 	 21 	 26 	 31 	 36 	 41 	 46 	 51
503 	 255 	 0 	 5 	 4 	 8 	 9 	 10 	 11 	 6 	 3 	 13 	 23 	 33 	 43 	 53
504 	 256 	 0 	 5 	 2 	 7 	 8 	 11 	 2 	 7 	 12 	 17 	 22 	 27 	 32 	 37 	 42 	 47 	 52
505 	 257 	 0 	 10 	 2 	 5 	 6 	 11 	 57 	 62 	 67 	 72 	 77 	 82 	 87 	 92 	 97 	 102 	 107
506 	 258 	 0 	 5 	 2 	 4 	 5 	 5 	 60 	 70 	 80 	 90 	 100
507 	 258 	 0 	 5 	 2 	 6 	 7 	 5 	 60 	 70 	 80 	 90 	 100
508 	 258 	 0 	 2 	 2 	 8 	 9 	 5 	 60 	 70 	 80 	 90 	 100
509 	 258 	 0 	 3 	 2 	 10 	 11 	 5 	 60 	 70 	 80 	 90 	 100
510 	 258 	 0 	 4 	 2 	 12 	 13 	 5 	 60 	 70 	 80 	 90 	 100
511 	 258 	 0 	 7 	 2 	 14 	 15 	 5 	 60 	 70 	 80 	 90 	 100
512 	 258 	 0 	 10 	 2 	 16 	 17 	 5 	 60 	 70 	 80 	 90 	 100
513 	 259 	 0 	 1 	 4 	 1 	 2 	 3 	 4 	 5 	 61 	 71 	 81 	 91 	 101
514 	 260 	 0 	 6 	 2 	 2 	 3 	 11 	 59 	 64 	 69 	 74 	 79 	 84 	 89 	 94 	 99 	 104 	 109
515 	 261 	 0 	 10 	 2 	 11 	 12 	 11 	 2 	 7 	 12 	 17 	 22 	 27 	 32 	 37 	 42 	 47 	 52
516 	 262 	 0 	 7 	 2 	 16 	 17 	 6 	 4 	 14 	 24 	 34 	 44 	 54
517 	 262 	 0 	 5 	 2 	 8 	 9 	 6 	 3 	 13 	 23 	 33 	 43 	 53
518 	 262 	 0 	 10 	 4 	 3 	 4 	 5 	 6 	 6 	 1 	 11 	 21 	 31 	 41 	 51
519 	 263 	 0 	 10 	 2 	 4 	 5 	 5 	 60 	 70 	 80 	 90 	 100
520 	 264 	 0 	 1 	 2 	 16 	 17 	 11 	 55 	 60 	 65 	 70 	 75 	 80 	 85 	 90 	 95 	 100 	 105
521 	 265 	 0 	 5 	 2 	 15 	 16 	 11 	 3 	 8 	 13 	 18 	 23 	 28 	 33 	 38 	 43 	 48 	 53
522 	 266 	 0 	 5 	 2 	 9 	 10 	 11 	 56 	 61 	 66 	 71 	 76 	 81 	 86 	 91 	 96 	 101 	 106
523 	 267 	 0 	 3 	 2 	 13 	 14 	 6 	 0 	 10 	 20 	 30 	 40 	 50
524 	 268 	 0 	 9 	 2 	 7 	 8 	 11 	 59 	 64 	 69 	 74 	 79 	 84 	 89 	 94 	 99 	 104 	 109
525 	 268 	 0 	 10 	 2 	 4 	 5 	 11 	 57 	 62 	 67 	 72 	 77 	 82 	 87 	 92 	 97 	 102 	 107
526 	 268 	 0 	 5 	 2 	 1 	 2 	 11 	 56 	 61 	 66 	 71 	 76 	 81 	 86 	 91 	 96 	 101 	 106
527 	 269 	 0 	 9 	 2 	 5 	 6 	 11 	 56 	 61 	 66 	 71 	 76 	 81 	 86 	 91 	 96 	 101 	 106
528 	 270 	 1 	 6 	 2 	 5 	 6 	 11 	 56 	 61 	 66 	 71 	 76 	 81 	 86 	 91 	 96 	 101 	 106
529 	 271 	 0 	 9 	 6 	 4 	 5 	 6 	 7 	 8 	 9 	 5 	 60 	 70 	 80 	 90 	 100
530 	 271 	 0 	 2 	 4 	 10 	 11 	 12 	 13 	 5 	 62 	 72 	 82 	 92 	 102
531 	 271 	 0 	 8 	 2 	 13 	 14 	 5 	 61 	 71 	 81 	 91 	 101
532 	 272 	 1 	 10 	 2 	 4 	 5 	 5 	 7 	 17 	 27 	 37 	 47
533 	 272 	 1 	 8 	 2 	 14 	 15 	 5 	 9 	 19 	 29 	 39 	 49
534 	 273 	 0 	 8 	 2 	 14 	 15 	 11 	 56 	 61 	 66 	 71 	 76 	 81 	 86 	 91 	 96 	 101 	 106
535 	 274 	 0 	 10 	 2 	 4 	 5 	 6 	 58 	 68 	 78 	 88 	 98 	 108
536 	 275 	 0 	 9 	 2 	 3 	 4 	 5 	 61 	 71 	 81 	 91 	 101
537 	 275 	 0 	 6 	 2 	 5 	 6 	 5 	 61 	 71 	 81 	 91 	 101
538 	 275 	 0 	 5 	 2 	 7 	 8 	 5 	 61 	 71 	 81 	 91 	 101
539 	 275 	 0 	 6 	 2 	 9 	 10 	 5 	 61 	 71 	 81 	 91 	 101
540 	 275 	 0 	 9 	 2 	 11 	 12 	 5 	 61 	 71 	 81 	 91 	 101
541 	 276 	 0 	 10 	 2 	 16 	 17 	 6 	 3 	 13 	 23 	 33 	 43 	 53
542 	 277 	 0 	 7 	 2 	 13 	 14 	 11 	 2 	 7 	 12 	 17 	 22 	 27 	 32 	 37 	 42 	 47 	 52
543 	 277 	 0 	 6 	 2 	 9 	 10 	 11 	 3 	 8 	 13 	 18 	 23 	 28 	 33 	 38 	 43 	 48 	 53
544 	 278 	 0 	 10 	 2 	 0 	 1 	 6 	 3 	 13 	 23 	 33 	 43 	 53
545 	 278 	 0 	 4 	 2 	 7 	 8 	 6 	 4 	 14 	 24 	 34 	 44 	 54
546 	 279 	 0 	 4 	 2 	 14 	 15 	 5 	 62 	 72 	 82 	 92 	 102
547 	 280 	 0 	 4 	 2 	 0 	 1 	 5 	 6 	 16 	 26 	 36 	 46
548 	 281 	 0 	 1 	 2 	 9 	 10 	 6 	 56 	 66 	 76 	 86 	 96 	 106
549 	 281 	 0 	 6 	 2 	 11 	 12 	 6 	 56 	 66 	 76 	 86 	 96 	 106
550 	 281 	 0 	 9 	 2 	 13 	 14 	 6 	 56 	 66 	 76 	 86 	 96 	 106
551 	 281 	 0 	 9 	 2 	 15 	 16 	 6 	 56 	 66 	 76 	 86 	 96 	 106
552 	 282 	 0 	 6 	 2 	 6 	 7 	 11 	 57 	 62 	 67 	 72 	 77 	 82 	 87 	 92 	 97 	 102 	 107
553 	 282 	 0 	 1 	 4 	 6 	 7 	 8 	 9 	 11 	 56 	 61 	 66 	 71 	 76 	 81 	 86 	 91 	 96 	 101 	 106
554 	 282 	 0 	 3 	 2 	 15 	 16 	 11 	 58 	 63 	 68 	 73 	 78 	 83 	 88 	 93 	 98 	 103 	 108
555 	 283 	 0 	 1 	 4 	 14 	 15 	 16 	 17 	 6 	 58 	 68 	 78 	 88 	 98 	 108
556 	 284 	 0 	 10 	 4 	 13 	 14 	 15 	 16 	 5 	 7 	 17 	 27 	 37 	 47
557 	 285 	 0 	 6 	 2 	 1 	 2 	 5 	 6 	 16 	 26 	 36 	 46
558 	 286 	 0 	 9 	 2 	 15 	 16 	 6 	 58 	 68 	 78 	 88 	 98 	 108
559 	 287 	 0 	 3 	 2 	 14 	 15 	 5 	 7 	 17 	 27 	 37 	 47
560 	 288 	 0 	 7 	 2 	 14 	 15 	 5 	 64 	 74 	 84 	 94 	 104
561 	 289 	 1 	 9 	 4 	 0 	 1 	 2 	 3 	 11 	 57 	 62 	 67 	 72 	 77 	 82 	 87 	 92 	 97 	 102 	 107
562 	 290 	 0 	 2 	 4 	 12 	 13 	 14 	 15 	 11 	 3 	 8 	 13 	 18 	 23 	 28 	 33 	 38 	 43 	 48 	 53
563 	 291 	 0 	 3 	 2 	 14 	 15 	 11 	 55 	 60 	 65 	 70 	 75 	 80 	 85 	 90 	 95 	 100 	 105
564 	 292 	 0 	 1 	 2 	 3 	 4 	 6 	 55 	 65 	 75 	 85 	 95 	 105
565 	 293 	 0 	 6 	 2 	 11 	 12 	 6 	 3 	 13 	 23 	 33 	 43 	 53
566 	 293 	 0 	 8 	 2 	 16 	 17 	 6 	 0 	 10 	 20 	 30 	 40 	 50
567 	 294 	 0 	 2 	 2 	 9 	 10 	 11 	 59 	 64 	 69 	 74 	 79 	 84 	 89 	 94 	 99 	 104 	 109
568 	 295 	 0 	 9 	 2 	 12 	 13 	 6 	 1 	 11 	 21 	 31 	 41 	 51
569 	 296 	 0 	 4 	 2 	 14 	 15 	 11 	 1 	 6 	 11 	 16 	 21 	 26 	 31 	 36 	 41 	 46 	 51
570 	 297 	 0 	 4 	 2 	 10 	 11 	 11 	 3 	 8 	 13 	 18 	 23 	 28 	 33 	 38 	 43 	 48 	 53
571 	 298 	 0 	 10 	 4 	 0 	 1 	 2 	 3 	 11 	 0 	 5 	 10 	 15 	 20 	 25 	 30 	 35 	 40 	 45 	 50
572 	 299 	 0 	 8 	 4 	 3 	 4 	 5 	 6 	 5 	 5 	 15 	 25 	 35 	 45
573 	 300 	 0 	 2 	 4 	 4 	 5 	 6 	 7 	 6 	 4 	 14 	 24 	 34 	 44 	 54
574 	 301 	 0 	 3 	 2 	 4 	 5 	 6 	 3 	 13 	 23 	 33 	 43 	 53
575 	 302 	 0 	 7 	 2 	 10 	 11 	 11 	 0 	 5 	 10 	 15 	 20 	 25 	 30 	 35 	 40 	 45 	 50
576 	 303 	 0 	 8 	 2 	 2 	 3 	 6 	 55 	 65 	 75 	 85 	 95 	 105
577 	 304 	 0 	 1 	 2 	 13 	 14 	 11 	 3 	 8 	 13 	 18 	 23 	 28 	 33 	 38 	 43 	 48 	 53
578 	 305 	 0 	 1 	 2 	 2 	 3 	 6 	 3 	 13 	 23 	 33 	 43 	 53
579 	 306 	 0 	 7 	 2 	 12 	 13 	 6 	 56 	 66 	 76 	 86 	 96 	 106
580 	 307 	 0 	 3 	 2 	 5 	 6 	 6 	 1 	 11 	 21 	 31 	 41 	 51
581 	 307 	 0 	 7 	 4 	 3 	 4 	 5 	 6 	 6 	 4 	 14 	 24 	 34 	 44 	 54
582 	 308 	 0 	 8 	 2 	 8 	 9 	 5 	 63 	 73 	 83 	 93 	 103
583 	 308 	 0 	 1 	 2 	 10 	 11 	 5 	 63 	 73 	 83 	 93 	 103
584 	 308 	 0 	 4 	 2 	 12 	 13 	 5 	 63 	 73 	 83 	 93 	 103
585 	 308 	 0 	 9 	 2 	 14 	 15 	 5 	 63 	 73 	 83 	 93 	 103
586 	 309 	 0 	 9 	 2 	 7 	 8 	 5 	 64 	 74 	 84 	 94 	 104
587 	 309 	 0 	 7 	 2 	 9 	 10 	 5 	 64 	 74 	 84 	 94 	 104
588 	 309 	 0 	 3 	 2 	 11 	 12 	 5 	 64 	 74 	 84 	 94 	 104
589 	 309 	 0 	 1 	 2 	 13 	 14 	 5 	 64 	 74 	 84 	 94 	 104
590 	 309 	 0 	 3 	 2 	 15 	 16 	 5 	 64 	 74 	 84 	 94 	 104
591 	 310 	 0 	 3 	 2 	 8 	 9 	 11 	 56 	 61 	 66 	 71 	 76 	 81 	 86 	 91 	 96 	 101 	 106
592 	 311 	 0 	 3 	 4 	 4 	 5 	 6 	 7 	 11 	 55 	 60 	 65 	 70 	 75 	 80 	 85 	 90 	 95 	 100 	 105
593 	 312 	 0 	 7 	 2 	 11 	 12 	 6 	 0 	 10 	 20 	 30 	 40 	 50
594 	 312 	 0 	 8 	 2 	 7 	 8 	 6 	 4 	 14 	 24 	 34 	 44 	 54
595 	 312 	 0 	 1 	 2 	 16 	 17 	 6 	 3 	 13 	 23 	 33 	 43 	 53
596 	 313 	 0 	 2 	 2 	 7 	 8 	 6 	 4 	 14 	 24 	 34 	 44 	 54
597 	 314 	 0 	 5 	 2 	 8 	 9 	 6 	 0 	 10 	 20 	 30 	 40 	 50
598 	 314 	 0 	 4 	 2 	 7 	 8 	 6 	 3 	 13 	 23 	 33 	 43 	 53
599 	 314 	 0 	 3 	 4 	 7 	 8 	 9 	 10 	 6 	 1 	 11 	 21 	 31 	 41 	 51
600 	 315 	 0 	 6 	 2 	 8 	 9 	 5 	 6 	 16 	 26 	 36 	 46
601 	 316 	 0 	 6 	 2 	 0 	 1 	 11 	 55 	 60 	 65 	 70 	 75 	 80 	 85 	 90 	 95 	 100 	 105
602 	 316 	 0 	 5 	 2 	 2 	 3 	 11 	 55 	 60 	 65 	 70 	 75 	 80 	 85 	 90 	 95 	 100 	 105
603 	 316 	 0 	 5 	 2 	 4 	 5 	 11 	 55 	 60 	 65 	 70 	 75 	 80 	 85 	 90 	 95 	 100 	 105
604 	 316 	 0 	 3 	 2 	 6 	 7 	 11 	 55 	 60 	 65 	 70 	 75 	 80 	 85 	 90 	 95 	 100 	 105
605 	 316 	 0 	 4 	 2 	 8 	 9 	 11 	 55 	 60 	 65 	 70 	 75 	 80 	 85 	 90 	 95 	 100 	 105
606 	 316 	 0 	 9 	 2 	 10 	 11 	 11 	 55 	 60 	 65 	 70 	 75 	 80 	 85 	 90 	 95 	 100 	 105
607 	 316 	 0 	 9 	 2 	 12 	 13 	 11 	 55 	 60 	 65 	 70 	 75 	 80 	 85 	 90 	 95 	 100 	 105
608 	 316 	 0 	 3 	 2 	 14 	 15 	 11 	 55 	 60 	 65 	 70 	 75 	 80 	 85 	 90 	 95 	 100 	 105
609 	 316 	 0 	 6 	 2 	 16 	 17 	 11 	 55 	 60 	 65 	 70 	 75 	 80 	 85 	 90 	 95 	 100 	 105
610 	 317 	 0 	 6 	 2 	 5 	 6 	 5 	 60 	 70 	 80 	 90 	 100
611 	 317 	 0 	 8 	 2 	 7 	 8 	 5 	 60 	 70 	 80 	 90 	 100
612 	 317 	 0 	 7 	 2 	 9 	 10 	 5 	 60 	 70 	 80 	 90 	 100
613 	 317 	 0 	 10 	 2 	 11 	 12 	 5 	 60 	 70 	 80 	 90 	 100
614 	 318 	 0 	 10 	 2 	 1 	 2 	 11 	 57 	 62 	 67 	 72 	 77 	 82 	 87 	 92 	 97 	 102 	 107
615 	 319 	 0 	 9 	 4 	 7 	 8 	 9 	 10 	 6 	 56 	 66 	 76 	 86 	 96 	 106
616 	 320 	 0 	 9 	 2 	 1 	 2 	 6 	 2 	 12 	 22 	 32 	 42 	 52
617 	 320 	 0 	 2 	 2 	 3 	 4 	 6 	 2 	 12 	 22 	 32 	 42 	 52
618 	 320 	 0 	 4 	 2 	 5 	 6 	 6 	 2 	 12 	 22 	 32 	 42 	 52
619 	 320 	 0 	 7 	 2 	 7 	 8 	 6 	 2 	 12 	 22 	 32 	 42 	 52
620 	 320 	 0 	 9 	 2 	 9 	 10 	 6 	 2 	 12 	 22 	 32 	 42 	 52
621 	 321 	 0 	 4 	 2 	 7 	 8 	 5 	 5 	 15 	 25 	 35 	 45
622 	 322 	 0 	 4 	 2 	 9 	 10 	 11 	 57 	 62 	 67 	 72 	 77 	 82 	 87 	 92 	 97 	 102 	 107
623 	 322 	 0 	 6 	 2 	 7 	 8 	 11 	 58 	 63 	 68 	 73 	 78 	 83 	 88 	 93 	 98 	 103 	 108
624 	 322 	 0 	 6 	 2 	 7 	 8 	 11 	 59 	 64 	 69 	 74 	 79 	 84 	 89 	 94 	 99 	 104 	 109
625 	 323 	 0 	 5 	 2 	 1 	 2 	 11 	 59 	 64 	 69 	 74 	 79 	 84 	 89 	 94 	 99 	 104 	 109
626 	 323 	 0 	 5 	 2 	 3 	 4 	 11 	 59 	 64 	 69 	 74 	 79 	 84 	 89 	 94 	 99 	 104 	 109
627 	 323 	 0 	 2 	 2 	 5 	 6 	 11 	 59 	 64 	 69 	 74 	 79 	 84 	 89 	 94 	 99 	 104 	 109
628 	 323 	 0 	 3 	 2 	 7 	 8 	 11 	 59 	 64 	 69 	 74 	 79 	 84 	 89 	 94 	 99 	 104 	 109
629 	 323 	 0 	 8 	 2 	 9 	 10 	 11 	 59 	 64 	 69 	 74 	 79 	 84 	 89 	 94 	 99 	 104 	 109
630 	 323 	 0 	 7 	 2 	 11 	 12 	 11 	 59 	 64 	 69 	 74 	 79 	 84 	 89 	 94 	 99 	 104 	 109
631 	 323 	 0 	 6 	 2 	 13 	 14 	 11 	 59 	 64 	 69 	 74 	 79 	 84 	 89 	 94 	 99 	 104 	 109
632 	 323 	 0 	 2 	 2 	 15 	 16 	 11 	 59 	 64 	 69 	 74 	 79 	 84 	 89 	 94 	 99 	 104 	 109
633 	 324 	 0 	 10 	 2 	 2 	 3 	 11 	 3 	 8 	 13 	 18 	 23 	 28 	 33 	 38 	 43 	 48 	 53
634 	 324 	 0 	 10 	 2 	 4 	 5 	 11 	 3 	 8 	 13 	 18 	 23 	 28 	 33 	 38 	 43 	 48 	 53
635 	 324 	 0 	 7 	 2 	 6 	 7 	 11 	 3 	 8 	 13 	 18 	 23 	 28 	 33 	 38 	 43 	 48 	 53
636 	 324 	 0 	 5 	 2 	 8 	 9 	 11 	 3 	 8 	 13 	 18 	 23 	 28 	 33 	 38 	 43 	 48 	 53
637 	 324 	 0 	 1 	 2 	 10 	 11 	 11 	 3 	 8 	 13 	 18 	 23 	 28 	 33 	 38 	 43 	 48 	 53
638 	 324 	 0 	 1 	 2 	 12 	 13 	 11 	 3 	 8 	 13 	 18 	 23 	 28 	 33 	 38 	 43 	 48 	 53
639 	 324 	 0 	 2 	 2 	 14 	 15 	 11 	 3 	 8 	 13 	 18 	 23 	 28 	 33 	 38 	 43 	 48 	 53
640 	 325 	 0 	 6 	 2 	 16 	 17 	 5 	 60 	 70 	 80 	 90 	 100
641 	 326 	 0 	 3 	 4 	 10 	 11 	 12 	 13 	 11 	 1 	 6 	 11 	 16 	 21 	 26 	 31 	 36 	 41 	 46 	 51
642 	 327 	 0 	 2 	 4 	 5 	 6 	 7 	 8 	 5 	 62 	 72 	 82 	 92 	 102
643 	 327 	 0 	 3 	 2 	 13 	 14 	 5 	 61 	 71 	 81 	 91 	 101
644 	 328 	 0 	 3 	 2 	 4 	 5 	 6 	 56 	 66 	 76 	 86 	 96 	 106
645 	 329 	 0 	 9 	 2 	 2 	 3 	 5 	 60 	 70 	 80 	 90 	 100
646 	 329 	 0 	 6 	 2 	 4 	 5 	 5 	 60 	 70 	 80 	 90 	 100
647 	 329 	 0 	 7 	 2 	 6 	 7 	 5 	 60 	 70 	 80 	 90 	 100
648 	 329 	 0 	 3 	 2 	 8 	 9 	 5 	 60 	 70 	 80 	 90 	 100
649 	 330 	 0 	 8 	 2 	 0 	 1 	 6 	 1 	 11 	 21 	 31 	 41 	 51
650 	 331 	 0 	 10 	 2 	 7 	 8 	 5 	 6 	 16 	 26 	 36 	 46
651 	 331 	 0 	 10 	 2 	 12 	 13 	 5 	 8 	 18 	 28 	 38 	 48
652 	 331 	 0 	 7 	 2 	 15 	 16 	 5 	 5 	 15 	 25 	 35 	 45
653 	 332 	 0 	 10 	 2 	 9 	 10 	 5 	 61 	 71 	 81 	 91 	 101
654 	 333 	 0 	 10 	 2 	 0 	 1 	 6 	 4 	 14 	 24 	 34 	 44 	 54
655 	 333 	 0 	 7 	 2 	 12 	 13 	 6 	 3 	 13 	 23 	 33 	 43 	 53
656 	 333 	 0 	 2 	 2 	 6 	 7 	 6 	 0 	 10 	 20 	 30 	 40 	 50
657 	 334 	 0 	 7 	 2 	 0 	 1 	 6 	 58 	 68 	 78 	 88 	 98 	 108
658 	 335 	 0 	 9 	 2 	 0 	 1 	 5 	 60 	 70 	 80 	 90 	 100
659 	 335 	 0 	 8 	 4 	 11 	 12 	 13 	 14 	 5 	 61 	 71 	 81 	 91 	 101
660 	 335 	 0 	 7 	 2 	 14 	 15 	 5 	 63 	 73 	 83 	 93 	 103
661 	 336 	 0 	 5 	 4 	 9 	 10 	 11 	 12 	 5 	 9 	 19 	 29 	 39 	 49
662 	 337 	 0 	 2 	 2 	 6 	 7 	 6 	 2 	 12 	 22 	 32 	 42 	 52
663 	 338 	 0 	 7 	 2 	 8 	 9 	 11 	 55 	 60 	 65 	 70 	 75 	 80 	 85 	 90 	 95 	 100 	 105
664 	 339 	 0 	 6 	 2 	 13 	 14 	 11 	 58 	 63 	 68 	 73 	 78 	 83 	 88 	 93 	 98 	 103 	 108
665 	 340 	 0 	 6 	 4 	 8 	 9 	 10 	 11 	 6 	 4 	 14 	 24 	 34 	 44 	 54
666 	 341 	 0 	 1 	 4 	 2 	 3 	 4 	 5 	 6 	 57 	 67 	 77 	 87 	 97 	 107
667 	 342 	 0 	 3 	 4 	 7 	 8 	 9 	 10 	 5 	 60 	 70 	 80 	 90 	 100
668 	 343 	 0 	 5 	 2 	 2 	 3 	 6 	 2 	 12 	 22 	 32 	 42 	 52
669 	 344 	 0 	 7 	 2 	 9 	 10 	 5 	 63 	 73 	 83 	 93 	 103
670 	 345 	 0 	 2 	 2 	 3 	 4 	 6 	 56 	 66 	 76 	 86 	 96 	 106
671 	 346 	 0 	 6 	 2 	 9 	 10 	 5 	 5 	 15 	 25 	 35 	 45
672 	 346 	 0 	 4 	 2 	 12 	 13 	 5 	 8 	 18 	 28 	 38 	 48
673 	 346 	 0 	 5 	 4 	 2 	 3 	 4 	 5 	 5 	 9 	 19 	 29 	 39 	 49
674 	 347 	 0 	 7 	 2 	 8 	 9 	 11 	 1 	 6 	 11 	 16 	 21 	 26 	 31 	 36 	 41 	 46 	 51
675 	 348 	 0 	 2 	 2 	 7 	 8 	 5 	 61 	 71 	 81 	 91 	 101
676 	 349 	 0 	 7 	 2 	 3 	 4 	 5 	 9 	 19 	 29 	 39 	 49
677 	 349 	 0 	 5 	 2 	 5 	 6 	 5 	 9 	 19 	 29 	 39 	 49
678 	 349 	 0 	 10 	 2 	 7 	 8 	 5 	 9 	 19 	 29 	 39 	 49
679 	 349 	 0 	 8 	 2 	 9 	 10 	 5 	 9 	 19 	 29 	 39 	 49
680 	 349 	 0 	 1 	 2 	 11 	 12 	 5 	 9 	 19 	 29 	 39 	 49
681 	 350 	 0 	 1 	 4 	 12 	 13 	 14 	 15 	 11 	 2 	 7 	 12 	 17 	 22 	 27 	 32 	 37 	 42 	 47 	 52
682 	 351 	 0 	 6 	 2 	 16 	 17 	 6 	 57 	 67 	 77 	 87 	 97 	 107
683 	 352 	 0 	 1 	 4 	 2 	 3 	 4 	 5 	 11 	 58 	 63 	 68 	 73 	 78 	 83 	 88 	 93 	 98 	 103 	 108
684 	 353 	 0 	 3 	 2 	 15 	 16 	 5 	 5 	 15 	 25 	 35 	 45
685 	 353 	 0 	 1 	 2 	 8 	 9 	 5 	 9 	 19 	 29 	 39 	 49
686 	 353 	 0 	 2 	 4 	 9 	 10 	 11 	 12 	 5 	 7 	 17 	 27 	 37 	 47
687 	 354 	 0 	 3 	 4 	 12 	 13 	 14 	 15 	 5 	 62 	 72 	 82 	 92 	 102
688 	 355 	 0 	 8 	 2 	 15 	 16 	 6 	 0 	 10 	 20 	 30 	 40 	 50
689 	 356 	 0 	 1 	 2 	 8 	 9 	 11 	 4 	 9 	 14 	 19 	 24 	 29 	 34 	 39 	 44 	 49 	 54
690 	 356 	 0 	 3 	 2 	 10 	 11 	 11 	 4 	 9 	 14 	 19 	 24 	 29 	 34 	 39 	 44 	 49 	 54
691 	 356 	 0 	 9 	 2 	 12 	 13 	 11 	 4 	 9 	 14 	 19 	 24 	 29 	 34 	 39 	 44 	 49 	 54
692 	 356 	 0 	 10 	 2 	 14 	 15 	 11 	 4 	 9 	 14 	 19 	 24 	 29 	 34 	 39 	 44 	 49 	 54
693 	 357 	 0 	 8 	 2 	 1 	 2 	 5 	 5 	 15 	 25 	 35 	 45
694 	 357 	 0 	 7 	 2 	 10 	 11 	 5 	 9 	 19 	 29 	 39 	 49
695 	 357 	 0 	 7 	 2 	 0 	 1 	 5 	 6 	 16 	 26 	 36 	 46
696 	 358 	 0 	 4 	 2 	 6 	 7 	 11 	 0 	 5 	 10 	 15 	 20 	 25 	 30 	 35 	 40 	 45 	 50
697 	 358 	 0 	 9 	 2 	 8 	 9 	 11 	 0 	 5 	 10 	 15 	 20 	 25 	 30 	 35 	 40 	 45 	 50
698 	 358 	 0 	 6 	 2 	 10 	 11 	 11 	 0 	 5 	 10 	 15 	 20 	 25 	 30 	 35 	 40 	 45 	 50
699 	 358 	 0 	 4 	 2 	 12 	 13 	 11 	 0 	 5 	 10 	 15 	 20 	 25 	 30 	 35 	 40 	 45 	 50
700 	 359 	 0 	 9 	 2 	 12 	 13 	 11 	 1 	 6 	 11 	 16 	 21 	 26 	 31 	 36 	 41 	 46 	 51
701 	 360 	 0 	 6 	 2 	 0 	 1 	 11 	 59 	 64 	 69 	 74 	 79 	 84 	 89 	 94 	 99 	 104 	 109
702 	 360 	 0 	 9 	 2 	 2 	 3 	 11 	 59 	 64 	 69 	 74 	 79 	 84 	 89 	 94 	 99 	 104 	 109
703 	 360 	 0 	 9 	 2 	 4 	 5 	 11 	 59 	 64 	 69 	 74 	 79 	 84 	 89 	 94 	 99 	 104 	 109
704 	 360 	 0 	 6 	 2 	 6 	 7 	 11 	 59 	 64 	 69 	 74 	 79 	 84 	 89 	 94 	 99 	 104 	 109
705 	 360 	 0 	 2 	 2 	 8 	 9 	 11 	 59 	 64 	 69 	 74 	 79 	 84 	 89 	 94 	 99 	 104 	 109
706 	 360 	 0 	 8 	 2 	 10 	 11 	 11 	 59 	 64 	 69 	 74 	 79 	 84 	 89 	 94 	 99 	 104 	 109
707 	 360 	 0 	 6 	 2 	 12 	 13 	 11 	 59 	 64 	 69 	 74 	 79 	 84 	 89 	 94 	 99 	 104 	 109
708 	 360 	 0 	 7 	 2 	 14 	 15 	 11 	 59 	 64 	 69 	 74 	 79 	 84 	 89 	 94 	 99 	 104 	 109
709 	 361 	 0 	 3 	 2 	 6 	 7 	 5 	 61 	 71 	 81 	 91 	 101
710 	 361 	 0 	 5 	 2 	 8 	 9 	 5 	 61 	 71 	 81 	 91 	 101
711 	 361 	 0 	 10 	 2 	 10 	 11 	 5 	 61 	 71 	 81 	 91 	 101
712 	 361 	 0 	 3 	 2 	 12 	 13 	 5 	 61 	 71 	 81 	 91 	 101
713 	 362 	 1 	 3 	 2 	 1 	 2 	 6 	 1 	 11 	 21 	 31 	 41 	 51
714 	 363 	 1 	 4 	 2 	 16 	 17 	 5 	 8 	 18 	 28 	 38 	 48
715 	 363 	 1 	 10 	 2 	 4 	 5 	 5 	 7 	 17 	 27 	 37 	 47
716 	 363 	 1 	 8 	 2 	 15 	 16 	 5 	 5 	 15 	 25 	 35 	 45
717 	 364 	 0 	 6 	 2 	 12 	 13 	 6 	 1 	 11 	 21 	 31 	 41 	 51
718 	 365 	 0 	 2 	 2 	 6 	 7 	 11 	 4 	 9 	 14 	 19 	 24 	 29 	 34 	 39 	 44 	 49 	 54
719 	 366 	 0 	 3 	 2 	 13 	 14 	 11 	 55 	 60 	 65 	 70 	 75 	 80 	 85 	 90 	 95 	 100 	 105
720 	 367 	 0 	 7 	 2 	 11 	 12 	 5 	 63 	 73 	 83 	 93 	 103
721 	 368 	 0 	 5 	 2 	 6 	 7 	 11 	 1 	 6 	 11 	 16 	 21 	 26 	 31 	 36 	 41 	 46 	 51
722 	 369 	 0 	 3 	 2 	 15 	 16 	 5 	 7 	 17 	 27 	 37 	 47
723 	 370 	 0 	 5 	 4 	 5 	 6 	 7 	 8 	 5 	 8 	 18 	 28 	 38 	 48
724 	 371 	 0 	 3 	 2 	 13 	 14 	 6 	 0 	 10 	 20 	 30 	 40 	 50
725 	 372 	 0 	 4 	 2 	 15 	 16 	 5 	 9 	 19 	 29 	 39 	 49
726 	 373 	 0 	 8 	 4 	 9 	 10 	 11 	 12 	 5 	 62 	 72 	 82 	 92 	 102
727 	 374 	 0 	 10 	 2 	 3 	 4 	 11 	 56 	 61 	 66 	 71 	 76 	 81 	 86 	 91 	 96 	 101 	 106
728 	 374 	 0 	 8 	 2 	 5 	 6 	 11 	 56 	 61 	 66 	 71 	 76 	 81 	 86 	 91 	 96 	 101 	 106
729 	 374 	 0 	 3 	 2 	 7 	 8 	 11 	 56 	 61 	 66 	 71 	 76 	 81 	 86 	 91 	 96 	 101 	 106
730 	 374 	 0 	 1 	 2 	 9 	 10 	 11 	 56 	 61 	 66 	 71 	 76 	 81 	 86 	 91 	 96 	 101 	 106
731 	 374 	 0 	 9 	 2 	 11 	 12 	 11 	 56 	 61 	 66 	 71 	 76 	 81 	 86 	 91 	 96 	 101 	 106
732 	 375 	 0 	 9 	 2 	 8 	 9 	 5 	 63 	 73 	 83 	 93 	 103
733 	 375 	 0 	 7 	 2 	 4 	 5 	 5 	 61 	 71 	 81 	 91 	 101
734 	 375 	 0 	 10 	 4 	 6 	 7 	 8 	 9 	 5 	 60 	 70 	 80 	 90 	 100
735 	 376 	 0 	 10 	 2 	 1 	 2 	 5 	 63 	 73 	 83 	 93 	 103
736 	 376 	 0 	 10 	 4 	 3 	 4 	 5 	 6 	 5 	 61 	 71 	 81 	 91 	 101
737 	 376 	 0 	 8 	 4 	 12 	 13 	 14 	 15 	 5 	 62 	 72 	 82 	 92 	 102
738 	 377 	 0 	 7 	 2 	 2 	 3 	 5 	 63 	 73 	 83 	 93 	 103
739 	 377 	 0 	 2 	 2 	 4 	 5 	 5 	 63 	 73 	 83 	 93 	 103
740 	 377 	 0 	 7 	 2 	 6 	 7 	 5 	 63 	 73 	 83 	 93 	 103
741 	 377 	 0 	 4 	 2 	 8 	 9 	 5 	 63 	 73 	 83 	 93 	 103
742 	 377 	 0 	 5 	 2 	 10 	 11 	 5 	 63 	 73 	 83 	 93 	 103
743 	 377 	 0 	 10 	 2 	 12 	 13 	 5 	 63 	 73 	 83 	 93 	 103
744 	 377 	 0 	 8 	 2 	 14 	 15 	 5 	 63 	 73 	 83 	 93 	 103
745 	 377 	 0 	 10 	 2 	 16 	 17 	 5 	 63 	 73 	 83 	 93 	 103
746 	 378 	 0 	 1 	 2 	 9 	 10 	 5 	 64 	 74 	 84 	 94 	 104
747 	 379 	 0 	 3 	 4 	 5 	 6 	 7 	 8 	 11 	 55 	 60 	 65 	 70 	 75 	 80 	 85 	 90 	 95 	 100 	 105
748 	 380 	 0 	 5 	 4 	 14 	 15 	 16 	 17 	 11 	 58 	 63 	 68 	 73 	 78 	 83 	 88 	 93 	 98 	 103 	 108
749 	 380 	 0 	 6 	 2 	 9 	 10 	 11 	 57 	 62 	 67 	 72 	 77 	 82 	 87 	 92 	 97 	 102 	 107
750 	 380 	 0 	 9 	 4 	 5 	 6 	 7 	 8 	 11 	 59 	 64 	 69 	 74 	 79 	 84 	 89 	 94 	 99 	 104 	 109
751 	 381 	 0 	 3 	 4 	 6 	 7 	 8 	 9 	 11 	 58 	 63 	 68 	 73 	 78 	 83 	 88 	 93 	 98 	 103 	 108
752 	 382 	 0 	 2 	 4 	 3 	 4 	 5 	 6 	 6 	 56 	 66 	 76 	 86 	 96 	 106
753 	 383 	 0 	 2 	 4 	 1 	 2 	 3 	 4 	 5 	 63 	 73 	 83 	 93 	 103
754 	 384 	 1 	 3 	 2 	 1 	 2 	 11 	 57 	 62 	 67 	 72 	 77 	 82 	 87 	 92 	 97 	 102 	 107
755 	 384 	 1 	 3 	 2 	 3 	 4 	 11 	 57 	 62 	 67 	 72 	 77 	 82 	 87 	 92 	 97 	 102 	 107
756 	 384 	 1 	 9 	 2 	 5 	 6 	 11 	 57 	 62 	 67 	 72 	 77 	 82 	 87 	 92 	 97 	 102 	 107
757 	 384 	 1 	 8 	 2 	 7 	 8 	 11 	 57 	 62 	 67 	 72 	 77 	 82 	 87 	 92 	 97 	 102 	 107
758 	 384 	 1 	 8 	 2 	 9 	 10 	 11 	 57 	 62 	 67 	 72 	 77 	 82 	 87 	 92 	 97 	 102 	 107
759 	 384 	 1 	 3 	 2 	 11 	 12 	 11 	 57 	 62 	 67 	 72 	 77 	 82 	 87 	 92 	 97 	 102 	 107
760 	 384 	 1 	 9 	 2 	 13 	 14 	 11 	 57 	 62 	 67 	 72 	 77 	 82 	 87 	 92 	 97 	 102 	 107
761 	 384 	 1 	 1 	 2 	 15 	 16 	 11 	 57 	 62 	 67 	 72 	 77 	 82 	 87 	 92 	 97 	 102 	 107
762 	 385 	 0 	 9 	 2 	 2 	 3 	 6 	 0 	 10 	 20 	 30 	 40 	 50
763 	 385 	 0 	 3 	 2 	 4 	 5 	 6 	 0 	 10 	 20 	 30 	 40 	 50
764 	 385 	 0 	 1 	 2 	 6 	 7 	 6 	 0 	 10 	 20 	 30 	 40 	 50
765 	 385 	 0 	 3 	 2 	 8 	 9 	 6 	 0 	 10 	 20 	 30 	 40 	 50
766 	 385 	 0 	 9 	 2 	 10 	 11 	 6 	 0 	 10 	 20 	 30 	 40 	 50
767 	 385 	 0 	 9 	 2 	 12 	 13 	 6 	 0 	 10 	 20 	 30 	 40 	 50
768 	 386 	 1 	 2 	 4 	 1 	 2 	 3 	 4 	 11 	 2 	 7 	 12 	 17 	 22 	 27 	 32 	 37 	 42 	 47 	 52
769 	 387 	 0 	 7 	 2 	 9 	 10 	 5 	 5 	 15 	 25 	 35 	 45
770 	 388 	 0 	 6 	 4 	 6 	 7 	 8 	 9 	 11 	 57 	 62 	 67 	 72 	 77 	 82 	 87 	 92 	 97 	 102 	 107
771 	 388 	 0 	 8 	 2 	 0 	 1 	 11 	 56 	 61 	 66 	 71 	 76 	 81 	 86 	 91 	 96 	 101 	 106
772 	 389 	 0 	 2 	 2 	 5 	 6 	 11 	 58 	 63 	 68 	 73 	 78 	 83 	 88 	 93 	 98 	 103 	 108
773 	 389 	 0 	 4 	 2 	 7 	 8 	 11 	 58 	 63 	 68 	 73 	 78 	 83 	 88 	 93 	 98 	 103 	 108
774 	 389 	 0 	 7 	 2 	 9 	 10 	 11 	 58 	 63 	 68 	 73 	 78 	 83 	 88 	 93 	 98 	 103 	 108
775 	 389 	 0 	 10 	 2 	 11 	 12 	 11 	 58 	 63 	 68 	 73 	 78 	 83 	 88 	 93 	 98 	 103 	 108
776 	 389 	 0 	 2 	 2 	 13 	 14 	 11 	 58 	 63 	 68 	 73 	 78 	 83 	 88 	 93 	 98 	 103 	 108
777 	 390 	 0 	 1 	 4 	 0 	 1 	 2 	 3 	 11 	 2 	 7 	 12 	 17 	 22 	 27 	 32 	 37 	 42 	 47 	 52
778 	 391 	 0 	 4 	 2 	 11 	 12 	 6 	 55 	 65 	 75 	 85 	 95 	 105
779 	 392 	 0 	 2 	 2 	 1 	 2 	 11 	 0 	 5 	 10 	 15 	 20 	 25 	 30 	 35 	 40 	 45 	 50
780 	 393 	 0 	 6 	 2 	 1 	 2 	 6 	 3 	 13 	 23 	 33 	 43 	 53
781 	 394 	 0 	 4 	 2 	 14 	 15 	 6 	 4 	 14 	 24 	 34 	 44 	 54
782 	 394 	 0 	 5 	 2 	 7 	 8 	 6 	 2 	 12 	 22 	 32 	 42 	 52
783 	 394 	 0 	 5 	 4 	 5 	 6 	 7 	 8 	 6 	 3 	 13 	 23 	 33 	 43 	 53
784 	 395 	 0 	 3 	 4 	 7 	 8 	 9 	 10 	 11 	 58 	 63 	 68 	 73 	 78 	 83 	 88 	 93 	 98 	 103 	 108
785 	 396 	 0 	 3 	 2 	 9 	 10 	 11 	 58 	 63 	 68 	 73 	 78 	 83 	 88 	 93 	 98 	 103 	 108
786 	 397 	 0 	 4 	 2 	 9 	 10 	 6 	 0 	 10 	 20 	 30 	 40 	 50
787 	 398 	 0 	 9 	 4 	 3 	 4 	 5 	 6 	 11 	 59 	 64 	 69 	 74 	 79 	 84 	 89 	 94 	 99 	 104 	 109
788 	 399 	 0 	 2 	 4 	 12 	 13 	 14 	 15 	 5 	 5 	 15 	 25 	 35 	 45
789	0	0	0	2	10	11	11	4	9	14	19	24	29	34	39	44	49	54	
790	0	0	0	4	10	11	12	13	11	3	8	13	18	23	28	33	38	43	48	53	
791	1	0	0	2	5	6	11	59	64	69	74	79	84	89	94	99	104	109	
792	1	0	0	4	3	4	5	6	11	56	61	66	71	76	81	86	91	96	101	106	
793	1	0	0	4	11	12	13	14	11	55	60	65	70	75	80	85	90	95	100	105	
794	1	0	0	4	14	15	16	17	11	57	62	67	72	77	82	87	92	97	102	107	
795	2	0	0	2	13	14	5	62	72	82	92	102	
796	2	0	0	4	1	2	3	4	5	63	73	83	93	103	
797	3	0	0	4	11	12	13	14	5	7	17	27	37	47	
798	4	0	0	2	5	6	6	0	10	20	30	40	50	
799	4	0	0	4	12	13	14	15	6	2	12	22	32	42	52	
800	5	0	0	2	8	9	5	60	70	80	90	100	
801	5	0	0	2	15	16	5	63	73	83	93	103	
802	6	0	0	4	8	9	10	11	5	6	16	26	36	46	
803	7	0	0	2	12	13	5	9	19	29	39	49	
804	7	0	0	2	13	14	5	8	18	28	38	48	
805	8	0	0	4	10	11	12	13	5	63	73	83	93	103	
806	9	1	0	4	13	14	15	16	6	57	67	77	87	97	107	
807	9	1	0	4	3	4	5	6	6	59	69	79	89	99	109	
808	9	1	0	4	3	4	5	6	6	58	68	78	88	98	108	
809	10	1	0	2	1	2	6	56	66	76	86	96	106	
810	11	0	0	2	0	1	6	2	12	22	32	42	52	
811	11	0	0	4	6	7	8	9	6	1	11	21	31	41	51	
812	12	0	0	4	3	4	5	6	11	55	60	65	70	75	80	85	90	95	100	105	
813	12	0	0	4	0	1	2	3	11	58	63	68	73	78	83	88	93	98	103	108	
814	13	0	0	4	10	11	12	13	11	56	61	66	71	76	81	86	91	96	101	106	
815	13	0	0	4	9	10	11	12	11	59	64	69	74	79	84	89	94	99	104	109	
816	14	0	0	2	8	9	11	56	61	66	71	76	81	86	91	96	101	106	
817	14	0	0	4	4	5	6	7	11	55	60	65	70	75	80	85	90	95	100	105	
818	14	0	0	4	5	6	7	8	11	57	62	67	72	77	82	87	92	97	102	107	
819	14	0	0	4	0	1	2	3	11	58	63	68	73	78	83	88	93	98	103	108	
820	15	0	0	2	14	15	6	3	13	23	33	43	53	
821	15	0	0	2	16	17	6	4	14	24	34	44	54	
822	16	0	0	4	3	4	5	6	11	55	60	65	70	75	80	85	90	95	100	105	
823	16	0	0	4	9	10	11	12	11	56	61	66	71	76	81	86	91	96	101	106	
824	16	0	0	4	12	13	14	15	11	59	64	69	74	79	84	89	94	99	104	109	
825	16	0	0	4	14	15	16	17	11	57	62	67	72	77	82	87	92	97	102	107	
826	17	0	0	4	11	12	13	14	6	56	66	76	86	96	106	
827	18	0	0	4	11	12	13	14	11	0	5	10	15	20	25	30	35	40	45	50	
828	18	0	0	2	0	1	11	1	6	11	16	21	26	31	36	41	46	51	
829	19	0	0	4	14	15	16	17	6	58	68	78	88	98	108	
830	20	0	0	2	11	12	5	9	19	29	39	49	
831	20	0	0	4	2	3	4	5	5	7	17	27	37	47	
832	20	0	0	2	8	9	5	5	15	25	35	45	
833	20	0	0	2	15	16	5	8	18	28	38	48	
834	21	0	0	4	0	1	2	3	6	3	13	23	33	43	53	
835	22	0	0	4	1	2	3	4	6	56	66	76	86	96	106	
836	22	0	0	4	10	11	12	13	6	58	68	78	88	98	108	
837	23	0	0	4	11	12	13	14	6	3	13	23	33	43	53	
838	23	0	0	4	2	3	4	5	6	0	10	20	30	40	50	
839	24	0	0	2	15	16	6	3	13	23	33	43	53	
840	25	0	0	2	4	5	6	56	66	76	86	96	106	
841	25	0	0	2	4	5	6	57	67	77	87	97	107	
842	26	0	0	4	14	15	16	17	11	4	9	14	19	24	29	34	39	44	49	54	
843	27	0	0	4	4	5	6	7	11	3	8	13	18	23	28	33	38	43	48	53	
844	27	0	0	2	5	6	11	1	6	11	16	21	26	31	36	41	46	51	
845	27	0	0	4	3	4	5	6	11	4	9	14	19	24	29	34	39	44	49	54	
846	27	0	0	2	7	8	11	0	5	10	15	20	25	30	35	40	45	50	
847	28	0	0	4	2	3	4	5	11	57	62	67	72	77	82	87	92	97	102	107	
848	28	0	0	4	12	13	14	15	11	56	61	66	71	76	81	86	91	96	101	106	
849	28	0	0	2	14	15	11	58	63	68	73	78	83	88	93	98	103	108	
850	29	0	0	4	8	9	10	11	11	55	60	65	70	75	80	85	90	95	100	105	
851	30	0	0	2	1	2	11	2	7	12	17	22	27	32	37	42	47	52	
852	31	0	0	2	16	17	11	0	5	10	15	20	25	30	35	40	45	50	
853	31	0	0	4	1	2	3	4	11	1	6	11	16	21	26	31	36	41	46	51	
854	32	0	0	2	6	7	6	3	13	23	33	43	53	
855	32	0	0	4	0	1	2	3	6	4	14	24	34	44	54	
856	33	0	0	2	1	2	5	60	70	80	90	100	
857	33	0	0	2	1	2	5	64	74	84	94	104	
858	34	0	0	2	14	15	11	2	7	12	17	22	27	32	37	42	47	52	
859	35	0	0	2	0	1	6	56	66	76	86	96	106	
860	36	0	0	2	6	7	11	59	64	69	74	79	84	89	94	99	104	109	
861	36	0	0	2	7	8	11	58	63	68	73	78	83	88	93	98	103	108	
862	37	0	0	2	16	17	6	59	69	79	89	99	109	
863	38	0	0	2	7	8	6	1	11	21	31	41	51	
864	38	0	0	4	6	7	8	9	6	2	12	22	32	42	52	
865	38	0	0	2	4	5	6	4	14	24	34	44	54	
866	39	0	0	2	12	13	6	57	67	77	87	97	107	
867	39	0	0	2	3	4	6	56	66	76	86	96	106	
868	40	0	0	2	15	16	11	0	5	10	15	20	25	30	35	40	45	50	
869	41	0	0	2	6	7	5	61	71	81	91	101	
870	42	0	0	4	9	10	11	12	6	2	12	22	32	42	52	
871	43	0	0	4	10	11	12	13	11	55	60	65	70	75	80	85	90	95	100	105	
872	43	0	0	2	16	17	11	56	61	66	71	76	81	86	91	96	101	106	
873	44	0	0	4	11	12	13	14	5	62	72	82	92	102	
874	45	0	0	2	5	6	6	55	65	75	85	95	105	
875	45	0	0	2	6	7	6	56	66	76	86	96	106	
876	46	0	0	2	3	4	11	2	7	12	17	22	27	32	37	42	47	52	
877	47	0	0	4	14	15	16	17	5	61	71	81	91	101	
878	48	0	0	2	10	11	11	59	64	69	74	79	84	89	94	99	104	109	
879	48	0	0	2	9	10	11	55	60	65	70	75	80	85	90	95	100	105	
880	49	0	0	4	11	12	13	14	5	5	15	25	35	45	
881	49	0	0	4	13	14	15	16	5	7	17	27	37	47	
882	50	0	0	4	4	5	6	7	5	60	70	80	90	100	
883	50	0	0	2	2	3	5	63	73	83	93	103	
884	51	0	0	4	13	14	15	16	11	3	8	13	18	23	28	33	38	43	48	53	
885	51	0	0	2	1	2	11	0	5	10	15	20	25	30	35	40	45	50	
886	52	0	0	4	4	5	6	7	11	2	7	12	17	22	27	32	37	42	47	52	
887	52	0	0	4	6	7	8	9	11	0	5	10	15	20	25	30	35	40	45	50	
888	53	0	0	4	13	14	15	16	11	59	64	69	74	79	84	89	94	99	104	109	
889	53	0	0	4	2	3	4	5	11	57	62	67	72	77	82	87	92	97	102	107	
890	54	0	0	2	2	3	11	3	8	13	18	23	28	33	38	43	48	53	
891	55	0	0	4	3	4	5	6	11	57	62	67	72	77	82	87	92	97	102	107	
892	56	0	0	2	2	3	5	9	19	29	39	49	
893	57	0	0	2	2	3	11	58	63	68	73	78	83	88	93	98	103	108	
894	58	1	0	4	10	11	12	13	11	56	61	66	71	76	81	86	91	96	101	106	
895	59	0	0	4	3	4	5	6	5	62	72	82	92	102	
896	59	0	0	2	9	10	5	60	70	80	90	100	
897	60	0	0	4	1	2	3	4	5	7	17	27	37	47	
898	61	0	0	4	2	3	4	5	11	55	60	65	70	75	80	85	90	95	100	105	
899	62	0	0	4	11	12	13	14	6	59	69	79	89	99	109	
900	62	0	0	4	7	8	9	10	6	58	68	78	88	98	108	
901	63	0	0	4	14	15	16	17	6	1	11	21	31	41	51	
902	64	0	0	2	8	9	11	4	9	14	19	24	29	34	39	44	49	54	
903	65	0	0	2	2	3	11	58	63	68	73	78	83	88	93	98	103	108	
904	66	0	0	2	3	4	6	58	68	78	88	98	108	
905	66	0	0	4	1	2	3	4	6	57	67	77	87	97	107	
906	67	0	0	4	0	1	2	3	6	1	11	21	31	41	51	
907	67	0	0	4	8	9	10	11	6	3	13	23	33	43	53	
908	67	0	0	4	0	1	2	3	6	4	14	24	34	44	54	
909	68	0	0	2	13	14	6	59	69	79	89	99	109	
910	68	0	0	4	0	1	2	3	6	58	68	78	88	98	108	
911	69	0	0	4	8	9	10	11	5	9	19	29	39	49	
912	69	0	0	4	3	4	5	6	5	5	15	25	35	45	
913	70	0	0	2	1	2	6	59	69	79	89	99	109	
914	71	0	0	2	7	8	6	55	65	75	85	95	105	
915	72	0	0	4	14	15	16	17	6	56	66	76	86	96	106	
916	72	0	0	2	16	17	6	58	68	78	88	98	108	
917	72	0	0	2	10	11	6	55	65	75	85	95	105	
918	72	0	0	4	0	1	2	3	6	57	67	77	87	97	107	
919	73	0	0	2	4	5	6	0	10	20	30	40	50	
920	74	0	0	2	5	6	6	1	11	21	31	41	51	
921	75	0	0	4	2	3	4	5	6	59	69	79	89	99	109	
922	76	0	0	4	11	12	13	14	11	2	7	12	17	22	27	32	37	42	47	52	
923	76	0	0	2	8	9	11	0	5	10	15	20	25	30	35	40	45	50	
924	76	0	0	4	10	11	12	13	11	1	6	11	16	21	26	31	36	41	46	51	
925	77	0	0	4	1	2	3	4	5	8	18	28	38	48	
926	77	0	0	4	0	1	2	3	5	6	16	26	36	46	
927	78	0	0	2	15	16	6	3	13	23	33	43	53	
928	79	0	0	2	12	13	11	55	60	65	70	75	80	85	90	95	100	105	
929	80	0	0	4	6	7	8	9	5	63	73	83	93	103	
930	80	0	0	4	7	8	9	10	5	64	74	84	94	104	
931	80	0	0	4	12	13	14	15	5	62	72	82	92	102	
932	81	0	0	4	11	12	13	14	6	1	11	21	31	41	51	
933	81	0	0	4	3	4	5	6	6	0	10	20	30	40	50	
934	81	0	0	2	11	12	6	4	14	24	34	44	54	
935	82	0	0	4	6	7	8	9	5	5	15	25	35	45	
936	83	0	0	4	10	11	12	13	5	6	16	26	36	46	
937	84	0	0	2	8	9	6	57	67	77	87	97	107	
938	85	0	0	4	8	9	10	11	5	5	15	25	35	45	
939	85	0	0	4	14	15	16	17	5	9	19	29	39	49	
940	86	0	0	2	5	6	11	4	9	14	19	24	29	34	39	44	49	54	
941	86	0	0	4	13	14	15	16	11	3	8	13	18	23	28	33	38	43	48	53	
942	87	0	0	4	5	6	7	8	6	3	13	23	33	43	53	
943	88	0	0	2	12	13	5	7	17	27	37	47	
944	88	0	0	4	2	3	4	5	5	8	18	28	38	48	
945	89	0	0	2	0	1	11	2	7	12	17	22	27	32	37	42	47	52	
946	90	0	0	2	16	17	11	4	9	14	19	24	29	34	39	44	49	54	
947	91	0	0	2	16	17	6	58	68	78	88	98	108	
948	92	0	0	4	12	13	14	15	5	5	15	25	35	45	
949	93	0	0	4	9	10	11	12	11	59	64	69	74	79	84	89	94	99	104	109	
950	93	0	0	2	8	9	11	58	63	68	73	78	83	88	93	98	103	108	
951	94	0	0	4	2	3	4	5	5	64	74	84	94	104	
952	94	0	0	2	7	8	5	60	70	80	90	100	
953	94	0	0	2	13	14	5	63	73	83	93	103	
954	95	0	0	4	12	13	14	15	5	62	72	82	92	102	
955	95	0	0	4	10	11	12	13	5	61	71	81	91	101	
956	96	0	0	4	12	13	14	15	11	1	6	11	16	21	26	31	36	41	46	51	
957	96	0	0	2	7	8	11	3	8	13	18	23	28	33	38	43	48	53	
958	97	0	0	4	0	1	2	3	11	56	61	66	71	76	81	86	91	96	101	106	
959	98	0	0	2	7	8	6	3	13	23	33	43	53	
960	99	0	0	2	9	10	6	55	65	75	85	95	105	
961	100	1	0	4	11	12	13	14	11	4	9	14	19	24	29	34	39	44	49	54	
962	100	1	0	2	12	13	11	3	8	13	18	23	28	33	38	43	48	53	
963	101	0	0	4	1	2	3	4	5	7	17	27	37	47	
964	102	0	0	2	4	5	11	1	6	11	16	21	26	31	36	41	46	51	
965	102	0	0	2	6	7	11	0	5	10	15	20	25	30	35	40	45	50	
966	103	0	0	2	7	8	5	60	70	80	90	100	
967	104	0	0	4	8	9	10	11	6	3	13	23	33	43	53	
968	104	0	0	2	3	4	6	1	11	21	31	41	51	
969	105	0	0	2	12	13	5	62	72	82	92	102	
970	105	0	0	2	0	1	5	60	70	80	90	100	
971	106	0	0	2	7	8	11	57	62	67	72	77	82	87	92	97	102	107	
972	106	0	0	4	7	8	9	10	11	55	60	65	70	75	80	85	90	95	100	105	
973	106	0	0	2	5	6	11	56	61	66	71	76	81	86	91	96	101	106	
974	107	0	0	4	0	1	2	3	6	58	68	78	88	98	108	
975	108	0	0	4	11	12	13	14	6	56	66	76	86	96	106	
976	109	0	0	2	9	10	6	58	68	78	88	98	108	
977	110	1	0	2	13	14	11	2	7	12	17	22	27	32	37	42	47	52	
978	110	1	0	4	14	15	16	17	11	0	5	10	15	20	25	30	35	40	45	50	
979	111	0	0	2	4	5	11	59	64	69	74	79	84	89	94	99	104	109	
980	111	0	0	4	9	10	11	12	11	58	63	68	73	78	83	88	93	98	103	108	
981	112	0	0	2	13	14	6	55	65	75	85	95	105	
982	113	0	0	4	5	6	7	8	5	6	16	26	36	46	
983	113	0	0	4	11	12	13	14	5	8	18	28	38	48	
984	114	0	0	2	10	11	11	1	6	11	16	21	26	31	36	41	46	51	
985	114	0	0	2	5	6	11	4	9	14	19	24	29	34	39	44	49	54	
986	114	0	0	4	9	10	11	12	11	2	7	12	17	22	27	32	37	42	47	52	
987	115	0	0	4	5	6	7	8	5	8	18	28	38	48	
988	115	0	0	4	0	1	2	3	5	9	19	29	39	49	
989	116	0	0	2	11	12	11	55	60	65	70	75	80	85	90	95	100	105	
990	117	0	0	2	5	6	5	64	74	84	94	104	
991	118	0	0	2	9	10	11	0	5	10	15	20	25	30	35	40	45	50	
992	118	0	0	2	5	6	11	3	8	13	18	23	28	33	38	43	48	53	
993	119	0	0	2	0	1	5	8	18	28	38	48	
994	120	0	0	2	5	6	6	57	67	77	87	97	107	
995	121	0	0	2	0	1	11	2	7	12	17	22	27	32	37	42	47	52	
996	121	0	0	2	5	6	11	3	8	13	18	23	28	33	38	43	48	53	
997	122	0	0	4	14	15	16	17	11	3	8	13	18	23	28	33	38	43	48	53	
998	123	0	0	2	0	1	5	63	73	83	93	103	
999	123	0	0	4	7	8	9	10	5	62	72	82	92	102	
1000	124	0	0	2	8	9	11	56	61	66	71	76	81	86	91	96	101	106	
1001	125	0	0	2	6	7	11	59	64	69	74	79	84	89	94	99	104	109	
1002	125	0	0	2	2	3	11	55	60	65	70	75	80	85	90	95	100	105	
1003	126	0	0	4	10	11	12	13	5	7	17	27	37	47	
1004	127	0	0	2	10	11	6	55	65	75	85	95	105	
1005	128	0	0	2	8	9	11	1	6	11	16	21	26	31	36	41	46	51	
1006	128	0	0	4	6	7	8	9	11	0	5	10	15	20	25	30	35	40	45	50	
1007	129	0	0	4	1	2	3	4	5	63	73	83	93	103	
1008	129	0	0	4	0	1	2	3	5	61	71	81	91	101	
1009	129	0	0	4	7	8	9	10	5	60	70	80	90	100	
1010	130	0	0	4	4	5	6	7	6	1	11	21	31	41	51	
1011	131	0	0	2	0	1	6	55	65	75	85	95	105	
1012	131	0	0	4	4	5	6	7	6	59	69	79	89	99	109	
1013	132	0	0	4	11	12	13	14	6	3	13	23	33	43	53	
1014	132	0	0	4	9	10	11	12	6	1	11	21	31	41	51	
1015	132	0	0	4	11	12	13	14	6	4	14	24	34	44	54	
1016	132	0	0	4	6	7	8	9	6	0	10	20	30	40	50	
1017	133	0	0	4	14	15	16	17	6	3	13	23	33	43	53	
1018	133	0	0	4	10	11	12	13	6	2	12	22	32	42	52	
1019	134	0	0	2	8	9	11	57	62	67	72	77	82	87	92	97	102	107	
1020	134	0	0	4	3	4	5	6	11	59	64	69	74	79	84	89	94	99	104	109	
1021	135	0	0	2	4	5	5	8	18	28	38	48	
1022	136	0	0	2	6	7	5	60	70	80	90	100	
1023	137	0	0	4	2	3	4	5	6	55	65	75	85	95	105	
1024	138	0	0	2	5	6	6	56	66	76	86	96	106	
1025	138	0	0	2	7	8	6	55	65	75	85	95	105	
1026	138	0	0	2	9	10	6	59	69	79	89	99	109	
1027	139	0	0	2	12	13	11	3	8	13	18	23	28	33	38	43	48	53	
1028	139	0	0	2	6	7	11	0	5	10	15	20	25	30	35	40	45	50	
1029	140	0	0	4	9	10	11	12	6	57	67	77	87	97	107	
1030	140	0	0	4	11	12	13	14	6	59	69	79	89	99	109	
1031	141	1	0	4	9	10	11	12	6	1	11	21	31	41	51	
1032	142	0	0	4	0	1	2	3	11	58	63	68	73	78	83	88	93	98	103	108	
1033	143	0	0	2	1	2	6	58	68	78	88	98	108	
1034	143	0	0	2	14	15	6	56	66	76	86	96	106	
1035	143	0	0	4	7	8	9	10	6	55	65	75	85	95	105	
1036	143	0	0	2	5	6	6	59	69	79	89	99	109	
1037	144	0	0	4	9	10	11	12	6	2	12	22	32	42	52	
1038	144	0	0	4	14	15	16	17	6	1	11	21	31	41	51	
1039	145	0	0	4	12	13	14	15	5	60	70	80	90	100	
1040	146	0	0	2	13	14	11	2	7	12	17	22	27	32	37	42	47	52	
1041	147	0	0	4	14	15	16	17	5	8	18	28	38	48	
1042	147	0	0	2	16	17	5	6	16	26	36	46	
1043	148	0	0	2	2	3	11	3	8	13	18	23	28	33	38	43	48	53	
1044	149	0	0	4	10	11	12	13	5	7	17	27	37	47	
1045	149	0	0	4	4	5	6	7	5	9	19	29	39	49	
1046	149	0	0	4	8	9	10	11	5	6	16	26	36	46	
1047	149	0	0	4	3	4	5	6	5	8	18	28	38	48	
1048	150	0	0	2	0	1	5	61	71	81	91	101	
1049	150	0	0	4	10	11	12	13	5	64	74	84	94	104	
1050	151	0	0	2	9	10	5	6	16	26	36	46	
1051	151	0	0	2	15	16	5	9	19	29	39	49	
1052	151	0	0	4	9	10	11	12	5	7	17	27	37	47	
1053	152	0	0	2	4	5	6	57	67	77	87	97	107	
1054	153	0	0	2	1	2	11	55	60	65	70	75	80	85	90	95	100	105	
1055	153	0	0	2	14	15	11	59	64	69	74	79	84	89	94	99	104	109	
1056	154	0	0	2	7	8	11	59	64	69	74	79	84	89	94	99	104	109	
1057	154	0	0	4	3	4	5	6	11	55	60	65	70	75	80	85	90	95	100	105	
1058	154	0	0	4	9	10	11	12	11	57	62	67	72	77	82	87	92	97	102	107	
1059	154	0	0	2	7	8	11	58	63	68	73	78	83	88	93	98	103	108	
1060	155	0	0	4	7	8	9	10	6	58	68	78	88	98	108	
1061	155	0	0	2	7	8	6	59	69	79	89	99	109	
1062	155	0	0	2	12	13	6	55	65	75	85	95	105	
1063	155	0	0	4	2	3	4	5	6	56	66	76	86	96	106	
1064	156	0	0	2	10	11	11	57	62	67	72	77	82	87	92	97	102	107	
1065	156	0	0	2	1	2	11	55	60	65	70	75	80	85	90	95	100	105	
1066	156	0	0	2	4	5	11	59	64	69	74	79	84	89	94	99	104	109	
1067	157	0	0	4	13	14	15	16	6	55	65	75	85	95	105	
1068	158	0	0	4	3	4	5	6	6	1	11	21	31	41	51	
1069	159	0	0	4	14	15	16	17	5	7	17	27	37	47	
1070	160	0	0	4	11	12	13	14	5	64	74	84	94	104	
1071	160	0	0	2	4	5	5	61	71	81	91	101	
1072	160	0	0	2	10	11	5	63	73	83	93	103	
1073	161	0	0	2	10	11	11	58	63	68	73	78	83	88	93	98	103	108	
1074	162	0	0	2	9	10	11	0	5	10	15	20	25	30	35	40	45	50	
1075	162	0	0	4	14	15	16	17	11	4	9	14	19	24	29	34	39	44	49	54	
1076	163	1	0	2	11	12	6	59	69	79	89	99	109	
1077	164	0	0	2	4	5	11	56	61	66	71	76	81	86	91	96	101	106	
1078	165	0	0	4	9	10	11	12	5	62	72	82	92	102	
1079	165	0	0	2	1	2	5	63	73	83	93	103	
1080	166	0	0	2	11	12	5	9	19	29	39	49	
1081	167	0	0	2	10	11	5	63	73	83	93	103	
1082	167	0	0	2	2	3	5	61	71	81	91	101	
1083	167	0	0	2	0	1	5	60	70	80	90	100	
1084	167	0	0	2	2	3	5	64	74	84	94	104	
1085	168	0	0	4	13	14	15	16	6	3	13	23	33	43	53	
1086	169	0	0	4	4	5	6	7	5	64	74	84	94	104	
1087	169	0	0	4	8	9	10	11	5	63	73	83	93	103	
1088	170	0	0	4	3	4	5	6	6	0	10	20	30	40	50	
1089	170	0	0	4	5	6	7	8	6	3	13	23	33	43	53	
1090	171	0	0	4	1	2	3	4	6	59	69	79	89	99	109	
1091	171	0	0	2	14	15	6	57	67	77	87	97	107	
1092	172	0	0	4	14	15	16	17	6	1	11	21	31	41	51	
1093	173	0	0	4	10	11	12	13	5	8	18	28	38	48	
1094	173	0	0	2	10	11	5	5	15	25	35	45	
1095	174	0	0	2	1	2	6	56	66	76	86	96	106	
1096	175	0	0	2	2	3	6	57	67	77	87	97	107	
1097	175	0	0	2	16	17	6	56	66	76	86	96	106	
1098	176	0	0	2	12	13	6	0	10	20	30	40	50	
1099	177	0	0	2	5	6	11	59	64	69	74	79	84	89	94	99	104	109	
1100	177	0	0	2	11	12	11	58	63	68	73	78	83	88	93	98	103	108	
1101	177	0	0	2	2	3	11	57	62	67	72	77	82	87	92	97	102	107	
1102	177	0	0	2	14	15	11	55	60	65	70	75	80	85	90	95	100	105	
1103	178	0	0	2	3	4	6	59	69	79	89	99	109	
1104	178	0	0	4	12	13	14	15	6	56	66	76	86	96	106	
1105	179	0	0	4	9	10	11	12	11	57	62	67	72	77	82	87	92	97	102	107	
1106	179	0	0	4	13	14	15	16	11	56	61	66	71	76	81	86	91	96	101	106	
1107	180	0	0	2	14	15	5	64	74	84	94	104	
1108	181	0	0	4	6	7	8	9	5	62	72	82	92	102	
1109	182	0	0	2	14	15	11	58	63	68	73	78	83	88	93	98	103	108	
1110	183	0	0	2	3	4	11	1	6	11	16	21	26	31	36	41	46	51	
1111	184	0	0	4	11	12	13	14	11	55	60	65	70	75	80	85	90	95	100	105	
1112	185	0	0	4	3	4	5	6	6	1	11	21	31	41	51	
1113	185	0	0	4	9	10	11	12	6	0	10	20	30	40	50	
1114	186	0	0	2	7	8	5	61	71	81	91	101	
1115	186	0	0	4	14	15	16	17	5	62	72	82	92	102	
1116	187	0	0	2	15	16	6	1	11	21	31	41	51	
1117	188	0	0	2	16	17	6	0	10	20	30	40	50	
1118	188	0	0	4	3	4	5	6	6	1	11	21	31	41	51	
1119	188	0	0	4	12	13	14	15	6	2	12	22	32	42	52	
1120	188	0	0	2	9	10	6	3	13	23	33	43	53	
1121	189	0	0	2	15	16	11	57	62	67	72	77	82	87	92	97	102	107	
1122	189	0	0	4	8	9	10	11	11	58	63	68	73	78	83	88	93	98	103	108	
1123	190	0	0	4	6	7	8	9	6	2	12	22	32	42	52	
1124	191	0	0	4	5	6	7	8	11	56	61	66	71	76	81	86	91	96	101	106	
1125	192	0	0	4	3	4	5	6	5	62	72	82	92	102	
1126	193	0	0	2	5	6	6	2	12	22	32	42	52	
1127	193	0	0	2	6	7	6	4	14	24	34	44	54	
1128	193	0	0	2	11	12	6	3	13	23	33	43	53	
1129	194	0	0	4	2	3	4	5	5	8	18	28	38	48	
1130	194	0	0	2	16	17	5	9	19	29	39	49	
1131	195	0	0	4	9	10	11	12	6	1	11	21	31	41	51	
1132	196	0	0	4	8	9	10	11	5	6	16	26	36	46	
1133	196	0	0	4	2	3	4	5	5	7	17	27	37	47	
1134	197	0	0	2	9	10	5	6	16	26	36	46	
1135	197	0	0	2	2	3	5	8	18	28	38	48	
1136	197	0	0	4	8	9	10	11	5	7	17	27	37	47	
1137	198	0	0	4	11	12	13	14	11	57	62	67	72	77	82	87	92	97	102	107	
1138	198	0	0	4	13	14	15	16	11	58	63	68	73	78	83	88	93	98	103	108	
1139	199	0	0	4	11	12	13	14	6	59	69	79	89	99	109	
1140	199	0	0	2	0	1	6	58	68	78	88	98	108	
1141	199	0	0	2	1	2	6	55	65	75	85	95	105	
1142	200	0	0	4	12	13	14	15	11	57	62	67	72	77	82	87	92	97	102	107	
1143	200	0	0	2	8	9	11	55	60	65	70	75	80	85	90	95	100	105	
1144	201	0	0	2	1	2	5	64	74	84	94	104	
1145	201	0	0	4	11	12	13	14	5	60	70	80	90	100	
1146	202	0	0	4	0	1	2	3	6	0	10	20	30	40	50	
1147	203	0	0	2	6	7	11	2	7	12	17	22	27	32	37	42	47	52	
1148	203	0	0	4	13	14	15	16	11	0	5	10	15	20	25	30	35	40	45	50	
1149	204	0	0	2	10	11	6	58	68	78	88	98	108	
1150	205	0	0	4	1	2	3	4	5	63	73	83	93	103	
1151	205	0	0	4	10	11	12	13	5	64	74	84	94	104	
1152	206	0	0	2	5	6	6	55	65	75	85	95	105	
1153	207	0	0	2	13	14	6	57	67	77	87	97	107	
1154	208	0	0	4	1	2	3	4	6	1	11	21	31	41	51	
1155	209	0	0	4	7	8	9	10	6	56	66	76	86	96	106	
1156	210	0	0	4	14	15	16	17	11	3	8	13	18	23	28	33	38	43	48	53	
1157	211	0	0	4	5	6	7	8	5	60	70	80	90	100	
1158	212	0	0	4	10	11	12	13	11	58	63	68	73	78	83	88	93	98	103	108	
1159	212	0	0	2	11	12	11	59	64	69	74	79	84	89	94	99	104	109	
1160	213	0	0	2	2	3	5	63	73	83	93	103	
1161	214	0	0	4	11	12	13	14	6	58	68	78	88	98	108	
1162	214	0	0	2	5	6	6	55	65	75	85	95	105	
1163	215	0	0	2	11	12	11	4	9	14	19	24	29	34	39	44	49	54	
1164	215	0	0	2	16	17	11	1	6	11	16	21	26	31	36	41	46	51	
1165	216	0	0	4	14	15	16	17	6	58	68	78	88	98	108	
1166	217	0	0	2	14	15	11	55	60	65	70	75	80	85	90	95	100	105	
1167	217	0	0	4	9	10	11	12	11	58	63	68	73	78	83	88	93	98	103	108	
1168	217	0	0	2	3	4	11	59	64	69	74	79	84	89	94	99	104	109	
1169	218	0	0	4	3	4	5	6	11	58	63	68	73	78	83	88	93	98	103	108	
1170	218	0	0	4	11	12	13	14	11	59	64	69	74	79	84	89	94	99	104	109	
1171	219	0	0	2	8	9	11	4	9	14	19	24	29	34	39	44	49	54	
1172	220	0	0	2	5	6	5	61	71	81	91	101	
1173	220	0	0	4	5	6	7	8	5	60	70	80	90	100	
1174	221	0	0	4	4	5	6	7	5	9	19	29	39	49	
1175	222	0	0	2	13	14	5	8	18	28	38	48	
1176	223	0	0	4	2	3	4	5	11	4	9	14	19	24	29	34	39	44	49	54	
1177	224	0	0	4	1	2	3	4	11	57	62	67	72	77	82	87	92	97	102	107	
1178	224	0	0	4	1	2	3	4	11	58	63	68	73	78	83	88	93	98	103	108	
1179	225	0	0	4	14	15	16	17	6	1	11	21	31	41	51	
1180	225	0	0	4	9	10	11	12	6	2	12	22	32	42	52	
1181	226	0	0	4	7	8	9	10	11	58	63	68	73	78	83	88	93	98	103	108	
1182	227	0	0	4	9	10	11	12	6	4	14	24	34	44	54	
1183	227	0	0	2	9	10	6	3	13	23	33	43	53	
1184	228	0	0	4	13	14	15	16	5	60	70	80	90	100	
1185	228	0	0	4	6	7	8	9	5	64	74	84	94	104	
1186	229	0	0	4	9	10	11	12	11	59	64	69	74	79	84	89	94	99	104	109	
1187	230	0	0	2	16	17	6	2	12	22	32	42	52	
1188	230	0	0	4	1	2	3	4	6	0	10	20	30	40	50	
1189	231	0	0	4	5	6	7	8	5	64	74	84	94	104	
1190	232	0	0	2	1	2	5	9	19	29	39	49	
1191	233	0	0	4	10	11	12	13	6	2	12	22	32	42	52	
1192	233	0	0	2	8	9	6	1	11	21	31	41	51	
1193	234	0	0	4	13	14	15	16	6	3	13	23	33	43	53	
1194	234	0	0	4	6	7	8	9	6	4	14	24	34	44	54	
1195	235	0	0	4	7	8	9	10	6	0	10	20	30	40	50	
1196	235	0	0	4	10	11	12	13	6	1	11	21	31	41	51	
1197	236	0	0	2	7	8	5	8	18	28	38	48	
1198	236	0	0	2	9	10	5	5	15	25	35	45	
1199	237	0	0	4	12	13	14	15	5	62	72	82	92	102	
1200	237	0	0	4	7	8	9	10	5	63	73	83	93	103	
1201	238	0	0	4	6	7	8	9	11	58	63	68	73	78	83	88	93	98	103	108	
1202	238	0	0	4	7	8	9	10	11	55	60	65	70	75	80	85	90	95	100	105	
1203	239	0	0	4	6	7	8	9	6	0	10	20	30	40	50	
1204	240	0	0	2	9	10	5	6	16	26	36	46	
1205	241	0	0	2	11	12	11	3	8	13	18	23	28	33	38	43	48	53	
1206	241	0	0	2	1	2	11	2	7	12	17	22	27	32	37	42	47	52	
1207	242	0	0	4	2	3	4	5	6	58	68	78	88	98	108	
1208	242	0	0	2	11	12	6	57	67	77	87	97	107	
1209	242	0	0	4	2	3	4	5	6	56	66	76	86	96	106	
1210	242	0	0	4	0	1	2	3	6	55	65	75	85	95	105	
1211	243	0	0	2	7	8	5	60	70	80	90	100	
1212	244	0	0	4	8	9	10	11	11	59	64	69	74	79	84	89	94	99	104	109	
1213	244	0	0	4	9	10	11	12	11	55	60	65	70	75	80	85	90	95	100	105	
1214	245	0	0	4	2	3	4	5	5	8	18	28	38	48	
1215	245	0	0	4	0	1	2	3	5	7	17	27	37	47	
1216	246	0	0	4	9	10	11	12	11	0	5	10	15	20	25	30	35	40	45	50	
1217	247	0	0	4	4	5	6	7	11	2	7	12	17	22	27	32	37	42	47	52	
1218	247	0	0	2	16	17	11	3	8	13	18	23	28	33	38	43	48	53	
1219	248	0	0	4	12	13	14	15	11	59	64	69	74	79	84	89	94	99	104	109	
1220	249	0	0	4	11	12	13	14	11	3	8	13	18	23	28	33	38	43	48	53	
1221	249	0	0	2	10	11	11	4	9	14	19	24	29	34	39	44	49	54	
1222	250	0	0	4	0	1	2	3	6	0	10	20	30	40	50	
1223	250	0	0	2	9	10	6	4	14	24	34	44	54	
1224	251	0	0	4	3	4	5	6	11	57	62	67	72	77	82	87	92	97	102	107	
1225	252	1	0	2	1	2	11	58	63	68	73	78	83	88	93	98	103	108	
1226	252	1	0	2	3	4	11	59	64	69	74	79	84	89	94	99	104	109	
1227	253	0	0	2	1	2	11	1	6	11	16	21	26	31	36	41	46	51	
1228	253	0	0	4	1	2	3	4	11	4	9	14	19	24	29	34	39	44	49	54	
1229	254	0	0	2	0	1	11	0	5	10	15	20	25	30	35	40	45	50	
1230	255	0	0	2	6	7	6	1	11	21	31	41	51	
1231	256	0	0	2	15	16	11	4	9	14	19	24	29	34	39	44	49	54	
1232	257	0	0	4	12	13	14	15	11	55	60	65	70	75	80	85	90	95	100	105	
1233	257	0	0	2	4	5	11	56	61	66	71	76	81	86	91	96	101	106	
1234	258	0	0	4	1	2	3	4	5	64	74	84	94	104	
1235	258	0	0	2	1	2	5	62	72	82	92	102	
1236	258	0	0	2	7	8	5	61	71	81	91	101	
1237	258	0	0	4	0	1	2	3	5	63	73	83	93	103	
1238	259	0	0	4	3	4	5	6	5	64	74	84	94	104	
1239	260	0	0	4	3	4	5	6	11	55	60	65	70	75	80	85	90	95	100	105	
1240	261	0	0	2	5	6	11	0	5	10	15	20	25	30	35	40	45	50	
1241	262	0	0	2	15	16	6	2	12	22	32	42	52	
1242	263	0	0	2	3	4	5	61	71	81	91	101	
1243	263	0	0	4	4	5	6	7	5	63	73	83	93	103	
1244	264	0	0	2	0	1	11	58	63	68	73	78	83	88	93	98	103	108	
1245	264	0	0	2	3	4	11	56	61	66	71	76	81	86	91	96	101	106	
1246	265	0	0	4	1	2	3	4	11	0	5	10	15	20	25	30	35	40	45	50	
1247	266	0	0	4	2	3	4	5	11	57	62	67	72	77	82	87	92	97	102	107	
1248	266	0	0	2	3	4	11	55	60	65	70	75	80	85	90	95	100	105	
1249	267	0	0	4	11	12	13	14	6	1	11	21	31	41	51	
1250	268	0	0	4	4	5	6	7	11	55	60	65	70	75	80	85	90	95	100	105	
1251	268	0	0	4	8	9	10	11	11	58	63	68	73	78	83	88	93	98	103	108	
1252	269	0	0	2	13	14	11	58	63	68	73	78	83	88	93	98	103	108	
1253	270	1	0	2	9	10	11	58	63	68	73	78	83	88	93	98	103	108	
1254	271	0	0	4	7	8	9	10	5	64	74	84	94	104	
1255	271	0	0	2	14	15	5	63	73	83	93	103	
1256	272	1	0	2	12	13	5	6	16	26	36	46	
1257	272	1	0	2	0	1	5	5	15	25	35	45	
1258	273	0	0	4	13	14	15	16	11	55	60	65	70	75	80	85	90	95	100	105	
1259	273	0	0	2	0	1	11	57	62	67	72	77	82	87	92	97	102	107	
1260	274	0	0	4	3	4	5	6	6	55	65	75	85	95	105	
1261	274	0	0	4	9	10	11	12	6	59	69	79	89	99	109	
1262	275	0	0	2	0	1	5	64	74	84	94	104	
1263	275	0	0	2	0	1	5	60	70	80	90	100	
1264	275	0	0	2	3	4	5	62	72	82	92	102	
1265	275	0	0	2	10	11	5	63	73	83	93	103	
1266	276	0	0	2	10	11	6	1	11	21	31	41	51	
1267	277	0	0	4	9	10	11	12	11	0	5	10	15	20	25	30	35	40	45	50	
1268	277	0	0	2	1	2	11	1	6	11	16	21	26	31	36	41	46	51	
1269	278	0	0	4	1	2	3	4	6	0	10	20	30	40	50	
1270	279	0	0	4	10	11	12	13	5	61	71	81	91	101	
1271	279	0	0	2	13	14	5	60	70	80	90	100	
1272	280	0	0	4	9	10	11	12	5	8	18	28	38	48	
1273	281	0	0	4	6	7	8	9	6	58	68	78	88	98	108	
1274	281	0	0	2	16	17	6	55	65	75	85	95	105	
1275	281	0	0	4	2	3	4	5	6	59	69	79	89	99	109	
1276	281	0	0	4	13	14	15	16	6	57	67	77	87	97	107	
1277	282	0	0	2	8	9	11	59	64	69	74	79	84	89	94	99	104	109	
1278	282	0	0	4	11	12	13	14	11	55	60	65	70	75	80	85	90	95	100	105	
1279	283	0	0	4	2	3	4	5	6	56	66	76	86	96	106	
1280	283	0	0	4	12	13	14	15	6	55	65	75	85	95	105	
1281	284	0	0	2	7	8	5	9	19	29	39	49	
1282	285	0	0	2	9	10	5	9	19	29	39	49	
1283	286	0	0	4	10	11	12	13	6	56	66	76	86	96	106	
1284	287	0	0	4	13	14	15	16	5	9	19	29	39	49	
1285	287	0	0	2	10	11	5	5	15	25	35	45	
1286	288	0	0	2	16	17	5	63	73	83	93	103	
1287	288	0	0	4	13	14	15	16	5	62	72	82	92	102	
1288	289	1	0	4	7	8	9	10	11	59	64	69	74	79	84	89	94	99	104	109	
1289	289	1	0	2	1	2	11	56	61	66	71	76	81	86	91	96	101	106	
1290	290	0	0	4	3	4	5	6	11	2	7	12	17	22	27	32	37	42	47	52	
1291	290	0	0	2	1	2	11	4	9	14	19	24	29	34	39	44	49	54	
1292	291	0	0	4	0	1	2	3	11	58	63	68	73	78	83	88	93	98	103	108	
1293	291	0	0	4	2	3	4	5	11	59	64	69	74	79	84	89	94	99	104	109	
1294	292	0	0	2	5	6	6	58	68	78	88	98	108	
1295	293	0	0	2	1	2	6	4	14	24	34	44	54	
1296	294	0	0	4	11	12	13	14	11	58	63	68	73	78	83	88	93	98	103	108	
1297	294	0	0	2	4	5	11	55	60	65	70	75	80	85	90	95	100	105	
1298	295	0	0	4	0	1	2	3	6	2	12	22	32	42	52	
1299	296	0	0	4	4	5	6	7	11	2	7	12	17	22	27	32	37	42	47	52	
1300	296	0	0	4	5	6	7	8	11	4	9	14	19	24	29	34	39	44	49	54	
1301	297	0	0	2	1	2	11	1	6	11	16	21	26	31	36	41	46	51	
1302	297	0	0	4	1	2	3	4	11	4	9	14	19	24	29	34	39	44	49	54	
1303	298	0	0	2	7	8	11	2	7	12	17	22	27	32	37	42	47	52	
1304	298	0	0	4	6	7	8	9	11	3	8	13	18	23	28	33	38	43	48	53	
1305	299	0	0	4	1	2	3	4	5	9	19	29	39	49	
1306	300	0	0	4	3	4	5	6	6	3	13	23	33	43	53	
1307	300	0	0	4	14	15	16	17	6	1	11	21	31	41	51	
1308	301	0	0	2	10	11	6	0	10	20	30	40	50	
1309	302	0	0	4	11	12	13	14	11	2	7	12	17	22	27	32	37	42	47	52	
1310	303	0	0	4	0	1	2	3	6	59	69	79	89	99	109	
1311	304	0	0	2	10	11	11	4	9	14	19	24	29	34	39	44	49	54	
1312	305	0	0	2	11	12	6	1	11	21	31	41	51	
1313	306	0	0	4	1	2	3	4	6	58	68	78	88	98	108	
1314	307	0	0	2	13	14	6	2	12	22	32	42	52	
1315	307	0	0	2	3	4	6	0	10	20	30	40	50	
1316	308	0	0	2	5	6	5	62	72	82	92	102	
1317	308	0	0	2	4	5	5	60	70	80	90	100	
1318	308	0	0	2	10	11	5	61	71	81	91	101	
1319	308	0	0	4	0	1	2	3	5	64	74	84	94	104	
1320	309	0	0	4	7	8	9	10	5	62	72	82	92	102	
1321	309	0	0	2	15	16	5	60	70	80	90	100	
1322	309	0	0	2	2	3	5	61	71	81	91	101	
1323	310	0	0	4	2	3	4	5	11	58	63	68	73	78	83	88	93	98	103	108	
1324	310	0	0	2	0	1	11	55	60	65	70	75	80	85	90	95	100	105	
1325	311	0	0	4	5	6	7	8	11	56	61	66	71	76	81	86	91	96	101	106	
1326	312	0	0	2	9	10	6	2	12	22	32	42	52	
1327	313	0	0	4	9	10	11	12	6	3	13	23	33	43	53	
1328	313	0	0	2	8	9	6	1	11	21	31	41	51	
1329	314	0	0	4	3	4	5	6	6	2	12	22	32	42	52	
1330	315	0	0	4	2	3	4	5	5	8	18	28	38	48	
1331	315	0	0	4	6	7	8	9	5	7	17	27	37	47	
1332	316	0	0	2	2	3	11	58	63	68	73	78	83	88	93	98	103	108	
1333	316	0	0	2	16	17	11	56	61	66	71	76	81	86	91	96	101	106	
1334	316	0	0	2	2	3	11	59	64	69	74	79	84	89	94	99	104	109	
1335	317	0	0	2	16	17	5	62	72	82	92	102	
1336	317	0	0	4	0	1	2	3	5	61	71	81	91	101	
1337	317	0	0	4	6	7	8	9	5	64	74	84	94	104	
1338	318	0	0	4	11	12	13	14	11	56	61	66	71	76	81	86	91	96	101	106	
1339	318	0	0	4	1	2	3	4	11	58	63	68	73	78	83	88	93	98	103	108	
1340	319	0	0	4	8	9	10	11	6	59	69	79	89	99	109	
1341	319	0	0	4	8	9	10	11	6	57	67	77	87	97	107	
1342	320	0	0	4	11	12	13	14	6	1	11	21	31	41	51	
1343	320	0	0	2	7	8	6	3	13	23	33	43	53	
1344	320	0	0	4	1	2	3	4	6	4	14	24	34	44	54	
1345	320	0	0	4	7	8	9	10	6	0	10	20	30	40	50	
1346	321	0	0	2	1	2	5	7	17	27	37	47	
1347	321	0	0	2	9	10	5	6	16	26	36	46	
1348	322	0	0	2	4	5	11	55	60	65	70	75	80	85	90	95	100	105	
1349	323	0	0	4	11	12	13	14	11	55	60	65	70	75	80	85	90	95	100	105	
1350	323	0	0	2	5	6	11	58	63	68	73	78	83	88	93	98	103	108	
1351	323	0	0	2	0	1	11	57	62	67	72	77	82	87	92	97	102	107	
1352	323	0	0	4	13	14	15	16	11	56	61	66	71	76	81	86	91	96	101	106	
1353	324	0	0	4	2	3	4	5	11	1	6	11	16	21	26	31	36	41	46	51	
1354	324	0	0	4	14	15	16	17	11	2	7	12	17	22	27	32	37	42	47	52	
1355	324	0	0	4	2	3	4	5	11	0	5	10	15	20	25	30	35	40	45	50	
1356	324	0	0	2	0	1	11	4	9	14	19	24	29	34	39	44	49	54	
1357	325	0	0	4	2	3	4	5	5	63	73	83	93	103	
1358	326	0	0	4	8	9	10	11	11	2	7	12	17	22	27	32	37	42	47	52	
1359	326	0	0	2	14	15	11	3	8	13	18	23	28	33	38	43	48	53	
1360	327	0	0	2	2	3	5	63	73	83	93	103	
1361	327	0	0	4	3	4	5	6	5	60	70	80	90	100	
1362	328	0	0	2	7	8	6	59	69	79	89	99	109	
1363	329	0	0	2	6	7	5	62	72	82	92	102	
1364	329	0	0	2	1	2	5	64	74	84	94	104	
1365	329	0	0	4	11	12	13	14	5	61	71	81	91	101	
1366	330	0	0	2	12	13	6	3	13	23	33	43	53	
1367	331	0	0	2	2	3	5	7	17	27	37	47	
1368	331	0	0	2	4	5	5	9	19	29	39	49	
1369	332	0	0	4	5	6	7	8	5	63	73	83	93	103	
1370	332	0	0	2	3	4	5	64	74	84	94	104	
1371	333	0	0	2	8	9	6	2	12	22	32	42	52	
1372	334	0	0	4	11	12	13	14	6	56	66	76	86	96	106	
1373	334	0	0	2	11	12	6	57	67	77	87	97	107	
1374	335	0	0	2	14	15	5	64	74	84	94	104	
1375	335	0	0	4	7	8	9	10	5	62	72	82	92	102	
1376	336	0	0	4	14	15	16	17	5	7	17	27	37	47	
1377	337	0	0	2	10	11	6	3	13	23	33	43	53	
1378	338	0	0	4	7	8	9	10	11	58	63	68	73	78	83	88	93	98	103	108	
1379	339	0	0	4	13	14	15	16	11	57	62	67	72	77	82	87	92	97	102	107	
1380	340	0	0	4	13	14	15	16	6	0	10	20	30	40	50	
1381	340	0	0	4	2	3	4	5	6	2	12	22	32	42	52	
1382	341	0	0	2	14	15	6	58	68	78	88	98	108	
1383	341	0	0	2	14	15	6	56	66	76	86	96	106	
1384	342	0	0	2	4	5	5	62	72	82	92	102	
1385	343	0	0	2	8	9	6	4	14	24	34	44	54	
1386	344	0	0	2	1	2	5	61	71	81	91	101	
1387	345	0	0	4	1	2	3	4	6	58	68	78	88	98	108	
1388	345	0	0	4	9	10	11	12	6	59	69	79	89	99	109	
1389	346	0	0	4	13	14	15	16	5	6	16	26	36	46	
1390	346	0	0	4	12	13	14	15	5	7	17	27	37	47	
1391	347	0	0	4	11	12	13	14	11	4	9	14	19	24	29	34	39	44	49	54	
1392	348	0	0	2	7	8	5	62	72	82	92	102	
1393	348	0	0	4	12	13	14	15	5	64	74	84	94	104	
1394	349	0	0	2	4	5	5	5	15	25	35	45	
1395	349	0	0	2	16	17	5	8	18	28	38	48	
1396	349	0	0	2	1	2	5	6	16	26	36	46	
1397	349	0	0	2	4	5	5	7	17	27	37	47	
1398	350	0	0	4	0	1	2	3	11	0	5	10	15	20	25	30	35	40	45	50	
1399	350	0	0	2	1	2	11	3	8	13	18	23	28	33	38	43	48	53	
1400	351	0	0	2	16	17	6	55	65	75	85	95	105	
1401	351	0	0	4	1	2	3	4	6	59	69	79	89	99	109	
1402	352	0	0	2	0	1	11	59	64	69	74	79	84	89	94	99	104	109	
1403	352	0	0	2	6	7	11	55	60	65	70	75	80	85	90	95	100	105	
1404	353	0	0	4	14	15	16	17	5	6	16	26	36	46	
1405	353	0	0	4	0	1	2	3	5	8	18	28	38	48	
1406	354	0	0	4	4	5	6	7	5	60	70	80	90	100	
1407	354	0	0	2	9	10	5	63	73	83	93	103	
1408	355	0	0	2	0	1	6	4	14	24	34	44	54	
1409	356	0	0	4	6	7	8	9	11	3	8	13	18	23	28	33	38	43	48	53	
1410	356	0	0	2	13	14	11	0	5	10	15	20	25	30	35	40	45	50	
1411	356	0	0	4	3	4	5	6	11	2	7	12	17	22	27	32	37	42	47	52	
1412	356	0	0	4	11	12	13	14	11	1	6	11	16	21	26	31	36	41	46	51	
1413	357	0	0	4	1	2	3	4	5	7	17	27	37	47	
1414	357	0	0	2	7	8	5	8	18	28	38	48	
1415	358	0	0	2	2	3	11	2	7	12	17	22	27	32	37	42	47	52	
1416	358	0	0	4	7	8	9	10	11	3	8	13	18	23	28	33	38	43	48	53	
1417	358	0	0	2	5	6	11	1	6	11	16	21	26	31	36	41	46	51	
1418	359	0	0	4	6	7	8	9	11	4	9	14	19	24	29	34	39	44	49	54	
1419	360	0	0	4	5	6	7	8	11	57	62	67	72	77	82	87	92	97	102	107	
1420	360	0	0	2	12	13	11	58	63	68	73	78	83	88	93	98	103	108	
1421	360	0	0	4	0	1	2	3	11	56	61	66	71	76	81	86	91	96	101	106	
1422	360	0	0	2	9	10	11	55	60	65	70	75	80	85	90	95	100	105	
1423	361	0	0	2	9	10	5	60	70	80	90	100	
1424	361	0	0	2	12	13	5	64	74	84	94	104	
1425	361	0	0	2	10	11	5	63	73	83	93	103	
1426	362	1	0	4	11	12	13	14	6	3	13	23	33	43	53	
1427	363	1	0	2	1	2	5	6	16	26	36	46	
1428	363	1	0	4	8	9	10	11	5	9	19	29	39	49	
1429	364	0	0	2	12	13	6	3	13	23	33	43	53	
1430	365	0	0	4	7	8	9	10	11	3	8	13	18	23	28	33	38	43	48	53	
1431	366	0	0	4	13	14	15	16	11	56	61	66	71	76	81	86	91	96	101	106	
1432	366	0	0	2	13	14	11	57	62	67	72	77	82	87	92	97	102	107	
1433	367	0	0	2	15	16	5	60	70	80	90	100	
1434	368	0	0	2	6	7	11	3	8	13	18	23	28	33	38	43	48	53	
1435	368	0	0	2	16	17	11	2	7	12	17	22	27	32	37	42	47	52	
1436	369	0	0	4	8	9	10	11	5	5	15	25	35	45	
1437	369	0	0	4	2	3	4	5	5	8	18	28	38	48	
1438	370	0	0	2	1	2	5	6	16	26	36	46	
1439	370	0	0	4	7	8	9	10	5	5	15	25	35	45	
1440	371	0	0	4	1	2	3	4	6	1	11	21	31	41	51	
1441	371	0	0	2	2	3	6	4	14	24	34	44	54	
1442	372	0	0	4	9	10	11	12	5	7	17	27	37	47	
1443	373	0	0	2	14	15	5	63	73	83	93	103	
1444	374	0	0	4	6	7	8	9	11	57	62	67	72	77	82	87	92	97	102	107	
1445	374	0	0	4	5	6	7	8	11	59	64	69	74	79	84	89	94	99	104	109	
1446	374	0	0	2	2	3	11	58	63	68	73	78	83	88	93	98	103	108	
1447	375	0	0	2	13	14	5	62	72	82	92	102	
1448	376	0	0	2	13	14	5	60	70	80	90	100	
1449	377	0	0	2	2	3	5	61	71	81	91	101	
1450	377	0	0	4	2	3	4	5	5	64	74	84	94	104	
1451	377	0	0	4	0	1	2	3	5	60	70	80	90	100	
1452	378	0	0	2	14	15	5	63	73	83	93	103	
1453	379	0	0	4	14	15	16	17	11	58	63	68	73	78	83	88	93	98	103	108	
1454	379	0	0	4	0	1	2	3	11	57	62	67	72	77	82	87	92	97	102	107	
1455	380	0	0	4	9	10	11	12	11	56	61	66	71	76	81	86	91	96	101	106	
1456	380	0	0	4	7	8	9	10	11	55	60	65	70	75	80	85	90	95	100	105	
1457	381	0	0	2	7	8	11	55	60	65	70	75	80	85	90	95	100	105	
1458	382	0	0	2	15	16	6	55	65	75	85	95	105	
1459	382	0	0	4	14	15	16	17	6	57	67	77	87	97	107	
1460	383	0	0	2	15	16	5	64	74	84	94	104	
1461	384	1	0	4	12	13	14	15	11	58	63	68	73	78	83	88	93	98	103	108	
1462	384	1	0	2	10	11	11	56	61	66	71	76	81	86	91	96	101	106	
1463	384	1	0	4	0	1	2	3	11	59	64	69	74	79	84	89	94	99	104	109	
1464	384	1	0	4	11	12	13	14	11	55	60	65	70	75	80	85	90	95	100	105	
1465	385	0	0	4	5	6	7	8	6	1	11	21	31	41	51	
1466	385	0	0	2	5	6	6	2	12	22	32	42	52	
1467	385	0	0	4	4	5	6	7	6	3	13	23	33	43	53	
1468	386	1	0	2	2	3	11	0	5	10	15	20	25	30	35	40	45	50	
1469	387	0	0	4	10	11	12	13	5	9	19	29	39	49	
1470	387	0	0	4	9	10	11	12	5	7	17	27	37	47	
1471	388	0	0	4	12	13	14	15	11	58	63	68	73	78	83	88	93	98	103	108	
1472	389	0	0	2	2	3	11	55	60	65	70	75	80	85	90	95	100	105	
1473	389	0	0	2	16	17	11	57	62	67	72	77	82	87	92	97	102	107	
1474	389	0	0	4	8	9	10	11	11	56	61	66	71	76	81	86	91	96	101	106	
1475	389	0	0	2	0	1	11	59	64	69	74	79	84	89	94	99	104	109	
1476	390	0	0	4	13	14	15	16	11	4	9	14	19	24	29	34	39	44	49	54	
1477	391	0	0	2	1	2	6	59	69	79	89	99	109	
1478	392	0	0	4	7	8	9	10	11	1	6	11	16	21	26	31	36	41	46	51	
1479	392	0	0	2	2	3	11	4	9	14	19	24	29	34	39	44	49	54	
1480	393	0	0	2	2	3	6	1	11	21	31	41	51	
1481	393	0	0	4	12	13	14	15	6	0	10	20	30	40	50	
1482	394	0	0	4	6	7	8	9	6	0	10	20	30	40	50	
1483	394	0	0	2	12	13	6	1	11	21	31	41	51	
1484	395	0	0	4	8	9	10	11	11	57	62	67	72	77	82	87	92	97	102	107	
1485	396	0	0	2	4	5	11	55	60	65	70	75	80	85	90	95	100	105	
1486	397	0	0	4	11	12	13	14	6	1	11	21	31	41	51	
1487	397	0	0	4	2	3	4	5	6	3	13	23	33	43	53	
1488	398	0	0	2	14	15	11	57	62	67	72	77	82	87	92	97	102	107	
1489	398	0	0	2	6	7	11	56	61	66	71	76	81	86	91	96	101	106	
1490	399	0	0	4	2	3	4	5	5	8	18	28	38	48	
1491	399	0	0	2	3	4	5	9	19	29	39	49	

