247
0	2	0	1	243	
1	3	0	21	412	413	414	415	416	417	418	419	420	421	422	423	424	425	426	427	428	429	430	431	432	
2	4	0	1	436	
3	7	0	1	599	
4	14	0	7	175	176	177	178	179	180	181	
5	21	0	24	487	488	489	490	491	492	493	494	495	496	497	498	499	500	501	502	503	504	505	506	507	508	509	510	
6	23	0	1	138	
7	24	0	1	0	
8	25	0	3	83	84	85	
9	27	0	1	33	
10	30	0	7	269	270	271	272	273	274	275	
11	31	0	9	125	126	127	128	129	130	131	132	133	
12	32	0	3	585	586	587	
13	35	0	1	709	
14	39	0	1	266	
15	42	0	1	289	
16	43	0	3	399	400	401	
17	45	0	18	626	627	628	629	630	631	632	633	634	635	636	637	638	639	640	641	642	643	
18	46	0	1	478	
19	47	0	21	412	413	414	415	416	417	418	419	420	421	422	423	424	425	426	427	428	429	430	431	432	
20	51	0	1	653	
21	52	0	3	238	239	240	
22	54	0	15	248	249	250	251	252	253	254	255	256	257	258	259	260	261	262	
23	56	0	21	662	663	664	665	666	667	668	669	670	671	672	673	674	675	676	677	678	679	680	681	682	
24	59	0	15	565	566	567	568	569	570	571	572	573	574	575	576	577	578	579	
25	60	0	21	412	413	414	415	416	417	418	419	420	421	422	423	424	425	426	427	428	429	430	431	432	
26	61	0	24	487	488	489	490	491	492	493	494	495	496	497	498	499	500	501	502	503	504	505	506	507	508	509	510	
27	62	0	1	306	
28	63	0	1	708	
29	64	0	3	402	403	404	
30	65	0	18	328	329	330	331	332	333	334	335	336	337	338	339	340	341	342	343	344	345	
31	67	0	1	364	
32	68	0	1	618	
33	69	0	1	39	
34	73	0	3	703	704	705	
35	75	0	1	36	
36	77	0	3	457	458	459	
37	78	0	1	136	
38	84	0	1	186	
39	87	0	7	716	717	718	719	720	721	722	
40	89	0	15	196	197	198	199	200	201	202	203	204	205	206	207	208	209	210	
41	90	0	1	564	
42	93	0	21	378	379	380	381	382	383	384	385	386	387	388	389	390	391	392	393	394	395	396	397	398	
43	94	0	1	580	
44	95	0	1	185	
45	97	0	15	442	443	444	445	446	447	448	449	450	451	452	453	454	455	456	
46	98	0	1	710	
47	99	0	1	241	
48	100	0	18	626	627	628	629	630	631	632	633	634	635	636	637	638	639	640	641	642	643	
49	102	0	1	661	
50	104	0	15	565	566	567	568	569	570	571	572	573	574	575	576	577	578	579	
51	108	0	1	715	
52	111	0	1	657	
53	112	0	1	480	
54	113	0	3	301	302	303	
55	115	0	24	519	520	521	522	523	524	525	526	527	528	529	530	531	532	533	534	535	536	537	538	539	540	541	542	
56	116	0	21	213	214	215	216	217	218	219	220	221	222	223	224	225	226	227	228	229	230	231	232	233	
57	117	0	1	67	
58	119	0	7	1	2	3	4	5	6	7	
59	120	0	9	125	126	127	128	129	130	131	132	133	
60	121	0	1	184	
61	122	0	1	88	
62	128	0	1	174	
63	130	0	1	211	
64	131	0	15	544	545	546	547	548	549	550	551	552	553	554	555	556	557	558	
65	132	0	1	712	
66	133	0	21	662	663	664	665	666	667	668	669	670	671	672	673	674	675	676	677	678	679	680	681	682	
67	136	0	18	328	329	330	331	332	333	334	335	336	337	338	339	340	341	342	343	344	345	
68	137	0	1	609	
69	139	0	3	235	236	237	
70	141	0	7	145	146	147	148	149	150	151	
71	147	0	1	142	
72	148	0	1	433	
73	149	0	1	268	
74	150	0	18	156	157	158	159	160	161	162	163	164	165	166	167	168	169	170	171	172	173	
75	151	0	9	644	645	646	647	648	649	650	651	652	
76	156	0	1	212	
77	157	0	1	437	
78	158	0	15	544	545	546	547	548	549	550	551	552	553	554	555	556	557	558	
79	159	0	1	288	
80	160	0	1	562	
81	163	0	7	610	611	612	613	614	615	616	
82	164	0	15	442	443	444	445	446	447	448	449	450	451	452	453	454	455	456	
83	165	0	1	309	
84	166	0	1	691	
85	168	0	21	378	379	380	381	382	383	384	385	386	387	388	389	390	391	392	393	394	395	396	397	398	
86	171	0	21	662	663	664	665	666	667	668	669	670	671	672	673	674	675	676	677	678	679	680	681	682	
87	172	0	1	86	
88	174	0	1	8	
89	175	0	7	619	620	621	622	623	624	625	
90	176	0	21	213	214	215	216	217	218	219	220	221	222	223	224	225	226	227	228	229	230	231	232	233	
91	177	0	1	482	
92	184	0	7	469	470	471	472	473	474	475	
93	187	0	3	461	462	463	
94	188	0	1	137	
95	192	0	1	543	
96	193	0	1	12	
97	194	0	1	486	
98	197	0	1	37	
99	198	0	3	439	440	441	
100	202	0	1	291	
101	203	0	1	11	
102	204	0	1	559	
103	205	0	1	194	
104	207	0	24	43	44	45	46	47	48	49	50	51	52	53	54	55	56	57	58	59	60	61	62	63	64	65	66	
105	208	0	7	321	322	323	324	325	326	327	
106	210	0	1	518	
107	211	0	3	654	655	656	
108	215	0	1	40	
109	217	0	1	34	
110	218	0	1	135	
111	220	0	1	267	
112	221	0	1	481	
113	223	0	1	659	
114	226	0	1	434	
115	227	0	18	156	157	158	159	160	161	162	163	164	165	166	167	168	169	170	171	172	173	
116	228	0	7	405	406	407	408	409	410	411	
117	230	0	3	588	589	590	
118	232	0	1	307	
119	233	0	9	91	92	93	94	95	96	97	98	99	
120	234	0	1	244	
121	235	0	15	248	249	250	251	252	253	254	255	256	257	258	259	260	261	262	
122	237	0	1	10	
123	238	0	1	87	
124	240	0	1	600	
125	241	0	1	711	
126	245	0	7	311	312	313	314	315	316	317	
127	246	0	1	155	
128	248	0	15	196	197	198	199	200	201	202	203	204	205	206	207	208	209	210	
129	250	0	9	366	367	368	369	370	371	372	373	374	
130	253	0	1	290	
131	255	0	24	519	520	521	522	523	524	525	526	527	528	529	530	531	532	533	534	535	536	537	538	539	540	541	542	
132	257	0	1	195	
133	258	0	15	565	566	567	568	569	570	571	572	573	574	575	576	577	578	579	
134	260	0	9	366	367	368	369	370	371	372	373	374	
135	264	0	1	477	
136	265	0	15	544	545	546	547	548	549	550	551	552	553	554	555	556	557	558	
137	267	0	1	360	
138	270	0	7	187	188	189	190	191	192	193	
139	272	0	7	25	26	27	28	29	30	31	
140	273	0	1	438	
141	274	0	1	292	
142	278	0	1	42	
143	283	0	24	43	44	45	46	47	48	49	50	51	52	53	54	55	56	57	58	59	60	61	62	63	64	65	66	
144	284	0	1	143	
145	288	0	12	347	348	349	350	351	352	353	354	355	356	357	358	
146	289	0	1	89	
147	291	0	1	139	
148	292	0	1	714	
149	294	0	1	90	
150	296	0	1	377	
151	298	0	1	300	
152	301	0	24	43	44	45	46	47	48	49	50	51	52	53	54	55	56	57	58	59	60	61	62	63	64	65	66	
153	303	0	15	196	197	198	199	200	201	202	203	204	205	206	207	208	209	210	
154	305	0	3	483	484	485	
155	306	0	3	582	583	584	
156	309	0	1	305	
157	310	0	21	662	663	664	665	666	667	668	669	670	671	672	673	674	675	676	677	678	679	680	681	682	
158	311	0	1	246	
159	313	0	1	608	
160	318	0	1	245	
161	319	0	21	213	214	215	216	217	218	219	220	221	222	223	224	225	226	227	228	229	230	231	232	233	
162	320	0	1	706	
163	326	0	7	696	697	698	699	700	701	702	
164	327	0	7	601	602	603	604	605	606	607	
165	331	0	18	626	627	628	629	630	631	632	633	634	635	636	637	638	639	640	641	642	643	
166	334	0	12	276	277	278	279	280	281	282	283	284	285	286	287	
167	336	0	12	347	348	349	350	351	352	353	354	355	356	357	358	
168	337	0	1	140	
169	338	0	1	581	
170	339	0	9	644	645	646	647	648	649	650	651	652	
171	342	0	1	476	
172	345	0	1	694	
173	346	0	15	442	443	444	445	446	447	448	449	450	451	452	453	454	455	456	
174	347	0	1	144	
175	348	0	1	693	
176	349	0	24	487	488	489	490	491	492	493	494	495	496	497	498	499	500	501	502	503	504	505	506	507	508	509	510	
177	350	0	1	660	
178	351	0	9	68	69	70	71	72	73	74	75	76	
179	355	0	1	365	
180	356	0	1	376	
181	357	0	3	361	362	363	
182	358	0	1	310	
183	360	0	3	80	81	82	
184	361	0	24	487	488	489	490	491	492	493	494	495	496	497	498	499	500	501	502	503	504	505	506	507	508	509	510	
185	363	0	12	276	277	278	279	280	281	282	283	284	285	286	287	
186	368	0	1	38	
187	369	0	7	592	593	594	595	596	597	598	
188	373	0	1	182	
189	377	0	1	435	
190	378	0	1	617	
191	379	0	1	713	
192	380	0	1	234	
193	381	0	1	359	
194	389	0	1	707	
195	390	0	3	466	467	468	
196	391	0	1	242	
197	394	0	9	91	92	93	94	95	96	97	98	99	
198	395	0	7	511	512	513	514	515	516	517	
199	397	0	12	13	14	15	16	17	18	19	20	21	22	23	24	
200	399	0	1	460	
201	401	0	1	479	
202	404	0	1	464	
203	407	0	24	519	520	521	522	523	524	525	526	527	528	529	530	531	532	533	534	535	536	537	538	539	540	541	542	
204	408	0	1	247	
205	411	0	18	100	101	102	103	104	105	106	107	108	109	110	111	112	113	114	115	116	117	
206	413	0	1	561	
207	414	0	1	658	
208	416	0	1	560	
209	418	0	1	723	
210	419	0	1	308	
211	420	0	21	213	214	215	216	217	218	219	220	221	222	223	224	225	226	227	228	229	230	231	232	233	
212	423	0	9	68	69	70	71	72	73	74	75	76	
213	424	0	1	304	
214	425	0	18	100	101	102	103	104	105	106	107	108	109	110	111	112	113	114	115	116	117	
215	431	0	1	134	
216	432	0	3	77	78	79	
217	433	0	1	465	
218	434	0	1	683	
219	435	0	7	684	685	686	687	688	689	690	
220	437	0	21	412	413	414	415	416	417	418	419	420	421	422	423	424	425	426	427	428	429	430	431	432	
221	440	0	1	9	
222	442	0	24	43	44	45	46	47	48	49	50	51	52	53	54	55	56	57	58	59	60	61	62	63	64	65	66	
223	446	0	1	41	
224	451	0	1	375	
225	454	0	1	32	
226	455	0	1	141	
227	458	0	18	156	157	158	159	160	161	162	163	164	165	166	167	168	169	170	171	172	173	
228	461	0	3	318	319	320	
229	462	0	24	519	520	521	522	523	524	525	526	527	528	529	530	531	532	533	534	535	536	537	538	539	540	541	542	
230	463	0	1	183	
231	464	0	3	152	153	154	
232	466	0	1	591	
233	471	0	18	328	329	330	331	332	333	334	335	336	337	338	339	340	341	342	343	344	345	
234	472	0	1	563	
235	473	0	7	118	119	120	121	122	123	124	
236	474	0	1	692	
237	476	0	15	248	249	250	251	252	253	254	255	256	257	258	259	260	261	262	
238	477	0	1	35	
239	478	0	12	13	14	15	16	17	18	19	20	21	22	23	24	
240	479	0	1	695	
241	485	0	1	346	
242	489	0	3	263	264	265	
243	490	0	21	378	379	380	381	382	383	384	385	386	387	388	389	390	391	392	393	394	395	396	397	398	
244	491	0	21	378	379	380	381	382	383	384	385	386	387	388	389	390	391	392	393	394	395	396	397	398	
245	492	0	7	293	294	295	296	297	298	299	
246	499	0	18	100	101	102	103	104	105	106	107	108	109	110	111	112	113	114	115	116	117	
