759	416	343
0
0 	 0 	 0 	 6 	 2 	 10 	 11 	 11 	 56 	 61 	 66 	 71 	 76 	 81 	 86 	 91 	 96 	 101 	 106
1 	 1 	 0 	 7 	 2 	 13 	 14 	 11 	 59 	 64 	 69 	 74 	 79 	 84 	 89 	 94 	 99 	 104 	 109
2 	 1 	 0 	 5 	 2 	 5 	 6 	 11 	 56 	 61 	 66 	 71 	 76 	 81 	 86 	 91 	 96 	 101 	 106
3 	 1 	 0 	 1 	 6 	 8 	 9 	 10 	 11 	 12 	 13 	 11 	 57 	 62 	 67 	 72 	 77 	 82 	 87 	 92 	 97 	 102 	 107
4 	 2 	 0 	 1 	 2 	 14 	 15 	 5 	 64 	 74 	 84 	 94 	 104
5 	 3 	 0 	 8 	 2 	 9 	 10 	 11 	 2 	 7 	 12 	 17 	 22 	 27 	 32 	 37 	 42 	 47 	 52
6 	 4 	 0 	 1 	 2 	 0 	 1 	 5 	 8 	 18 	 28 	 38 	 48
7 	 4 	 0 	 6 	 2 	 2 	 3 	 5 	 8 	 18 	 28 	 38 	 48
8 	 4 	 0 	 8 	 2 	 4 	 5 	 5 	 8 	 18 	 28 	 38 	 48
9 	 4 	 0 	 8 	 2 	 6 	 7 	 5 	 8 	 18 	 28 	 38 	 48
10 	 4 	 0 	 6 	 2 	 8 	 9 	 5 	 8 	 18 	 28 	 38 	 48
11 	 4 	 0 	 9 	 2 	 10 	 11 	 5 	 8 	 18 	 28 	 38 	 48
12 	 4 	 0 	 3 	 2 	 12 	 13 	 5 	 8 	 18 	 28 	 38 	 48
13 	 4 	 0 	 6 	 2 	 14 	 15 	 5 	 8 	 18 	 28 	 38 	 48
14 	 4 	 0 	 10 	 2 	 16 	 17 	 5 	 8 	 18 	 28 	 38 	 48
15 	 5 	 0 	 7 	 2 	 9 	 10 	 11 	 58 	 63 	 68 	 73 	 78 	 83 	 88 	 93 	 98 	 103 	 108
16 	 6 	 0 	 3 	 4 	 8 	 9 	 10 	 11 	 5 	 63 	 73 	 83 	 93 	 103
17 	 7 	 2 	 1 	 2 	 10 	 11 	 11 	 2 	 7 	 12 	 17 	 22 	 27 	 32 	 37 	 42 	 47 	 52
18 	 8 	 0 	 10 	 2 	 10 	 11 	 11 	 1 	 6 	 11 	 16 	 21 	 26 	 31 	 36 	 41 	 46 	 51
19 	 8 	 0 	 5 	 2 	 12 	 13 	 11 	 1 	 6 	 11 	 16 	 21 	 26 	 31 	 36 	 41 	 46 	 51
20 	 8 	 0 	 3 	 2 	 14 	 15 	 11 	 1 	 6 	 11 	 16 	 21 	 26 	 31 	 36 	 41 	 46 	 51
21 	 8 	 0 	 2 	 2 	 16 	 17 	 11 	 1 	 6 	 11 	 16 	 21 	 26 	 31 	 36 	 41 	 46 	 51
22 	 9 	 0 	 8 	 2 	 5 	 6 	 11 	 1 	 6 	 11 	 16 	 21 	 26 	 31 	 36 	 41 	 46 	 51
23 	 10 	 0 	 8 	 4 	 13 	 14 	 15 	 16 	 6 	 0 	 10 	 20 	 30 	 40 	 50
24 	 11 	 0 	 1 	 2 	 8 	 9 	 5 	 60 	 70 	 80 	 90 	 100
25 	 12 	 0 	 6 	 2 	 8 	 9 	 6 	 56 	 66 	 76 	 86 	 96 	 106
26 	 12 	 0 	 4 	 2 	 16 	 17 	 6 	 58 	 68 	 78 	 88 	 98 	 108
27 	 13 	 0 	 4 	 2 	 1 	 2 	 6 	 55 	 65 	 75 	 85 	 95 	 105
28 	 14 	 2 	 7 	 2 	 5 	 6 	 11 	 57 	 62 	 67 	 72 	 77 	 82 	 87 	 92 	 97 	 102 	 107
29 	 15 	 0 	 7 	 2 	 13 	 14 	 6 	 55 	 65 	 75 	 85 	 95 	 105
30 	 16 	 0 	 9 	 2 	 10 	 11 	 5 	 64 	 74 	 84 	 94 	 104
31 	 17 	 0 	 6 	 2 	 6 	 7 	 11 	 57 	 62 	 67 	 72 	 77 	 82 	 87 	 92 	 97 	 102 	 107
32 	 18 	 2 	 7 	 4 	 0 	 1 	 2 	 3 	 5 	 8 	 18 	 28 	 38 	 48
33 	 19 	 0 	 5 	 4 	 14 	 15 	 16 	 17 	 5 	 60 	 70 	 80 	 90 	 100
34 	 20 	 0 	 10 	 2 	 1 	 2 	 5 	 7 	 17 	 27 	 37 	 47
35 	 21 	 0 	 10 	 4 	 10 	 11 	 12 	 13 	 5 	 7 	 17 	 27 	 37 	 47
36 	 22 	 0 	 8 	 2 	 5 	 6 	 11 	 2 	 7 	 12 	 17 	 22 	 27 	 32 	 37 	 42 	 47 	 52
37 	 23 	 0 	 7 	 2 	 8 	 9 	 11 	 57 	 62 	 67 	 72 	 77 	 82 	 87 	 92 	 97 	 102 	 107
38 	 23 	 0 	 10 	 2 	 7 	 8 	 11 	 56 	 61 	 66 	 71 	 76 	 81 	 86 	 91 	 96 	 101 	 106
39 	 23 	 0 	 4 	 2 	 10 	 11 	 11 	 59 	 64 	 69 	 74 	 79 	 84 	 89 	 94 	 99 	 104 	 109
40 	 24 	 0 	 5 	 2 	 11 	 12 	 6 	 1 	 11 	 21 	 31 	 41 	 51
41 	 25 	 0 	 9 	 2 	 16 	 17 	 6 	 3 	 13 	 23 	 33 	 43 	 53
42 	 26 	 0 	 2 	 2 	 10 	 11 	 5 	 60 	 70 	 80 	 90 	 100
43 	 26 	 0 	 4 	 2 	 13 	 14 	 5 	 62 	 72 	 82 	 92 	 102
44 	 26 	 0 	 4 	 2 	 3 	 4 	 5 	 64 	 74 	 84 	 94 	 104
45 	 27 	 0 	 5 	 2 	 14 	 15 	 5 	 5 	 15 	 25 	 35 	 45
46 	 28 	 0 	 3 	 2 	 10 	 11 	 11 	 57 	 62 	 67 	 72 	 77 	 82 	 87 	 92 	 97 	 102 	 107
47 	 28 	 0 	 8 	 2 	 12 	 13 	 11 	 55 	 60 	 65 	 70 	 75 	 80 	 85 	 90 	 95 	 100 	 105
48 	 29 	 0 	 9 	 2 	 15 	 16 	 6 	 1 	 11 	 21 	 31 	 41 	 51
49 	 30 	 0 	 5 	 2 	 13 	 14 	 11 	 1 	 6 	 11 	 16 	 21 	 26 	 31 	 36 	 41 	 46 	 51
50 	 31 	 0 	 1 	 2 	 3 	 4 	 6 	 4 	 14 	 24 	 34 	 44 	 54
51 	 31 	 0 	 10 	 2 	 5 	 6 	 6 	 4 	 14 	 24 	 34 	 44 	 54
52 	 31 	 0 	 7 	 2 	 7 	 8 	 6 	 4 	 14 	 24 	 34 	 44 	 54
53 	 31 	 0 	 7 	 2 	 9 	 10 	 6 	 4 	 14 	 24 	 34 	 44 	 54
54 	 31 	 0 	 1 	 2 	 11 	 12 	 6 	 4 	 14 	 24 	 34 	 44 	 54
55 	 31 	 0 	 9 	 2 	 13 	 14 	 6 	 4 	 14 	 24 	 34 	 44 	 54
56 	 32 	 0 	 5 	 2 	 13 	 14 	 11 	 4 	 9 	 14 	 19 	 24 	 29 	 34 	 39 	 44 	 49 	 54
57 	 33 	 0 	 3 	 2 	 13 	 14 	 11 	 0 	 5 	 10 	 15 	 20 	 25 	 30 	 35 	 40 	 45 	 50
58 	 34 	 2 	 4 	 2 	 9 	 10 	 6 	 1 	 11 	 21 	 31 	 41 	 51
59 	 35 	 0 	 7 	 2 	 9 	 10 	 5 	 5 	 15 	 25 	 35 	 45
60 	 35 	 0 	 7 	 2 	 1 	 2 	 5 	 6 	 16 	 26 	 36 	 46
61 	 35 	 0 	 6 	 2 	 12 	 13 	 5 	 7 	 17 	 27 	 37 	 47
62 	 36 	 0 	 2 	 2 	 1 	 2 	 5 	 62 	 72 	 82 	 92 	 102
63 	 36 	 0 	 3 	 2 	 3 	 4 	 5 	 62 	 72 	 82 	 92 	 102
64 	 36 	 0 	 9 	 2 	 5 	 6 	 5 	 62 	 72 	 82 	 92 	 102
65 	 36 	 0 	 6 	 2 	 7 	 8 	 5 	 62 	 72 	 82 	 92 	 102
66 	 36 	 0 	 9 	 2 	 9 	 10 	 5 	 62 	 72 	 82 	 92 	 102
67 	 36 	 0 	 6 	 2 	 11 	 12 	 5 	 62 	 72 	 82 	 92 	 102
68 	 36 	 0 	 10 	 2 	 13 	 14 	 5 	 62 	 72 	 82 	 92 	 102
69 	 36 	 0 	 5 	 2 	 15 	 16 	 5 	 62 	 72 	 82 	 92 	 102
70 	 37 	 0 	 5 	 2 	 2 	 3 	 6 	 3 	 13 	 23 	 33 	 43 	 53
71 	 38 	 0 	 7 	 2 	 11 	 12 	 5 	 64 	 74 	 84 	 94 	 104
72 	 39 	 0 	 3 	 2 	 10 	 11 	 6 	 57 	 67 	 77 	 87 	 97 	 107
73 	 40 	 0 	 8 	 2 	 1 	 2 	 5 	 61 	 71 	 81 	 91 	 101
74 	 41 	 0 	 4 	 4 	 3 	 4 	 5 	 6 	 6 	 4 	 14 	 24 	 34 	 44 	 54
75 	 42 	 0 	 3 	 2 	 0 	 1 	 11 	 2 	 7 	 12 	 17 	 22 	 27 	 32 	 37 	 42 	 47 	 52
76 	 43 	 0 	 4 	 2 	 4 	 5 	 11 	 0 	 5 	 10 	 15 	 20 	 25 	 30 	 35 	 40 	 45 	 50
77 	 44 	 0 	 10 	 2 	 5 	 6 	 6 	 3 	 13 	 23 	 33 	 43 	 53
78 	 44 	 0 	 7 	 4 	 1 	 2 	 3 	 4 	 6 	 4 	 14 	 24 	 34 	 44 	 54
79 	 45 	 0 	 3 	 2 	 13 	 14 	 6 	 58 	 68 	 78 	 88 	 98 	 108
80 	 45 	 0 	 10 	 2 	 16 	 17 	 6 	 56 	 66 	 76 	 86 	 96 	 106
81 	 46 	 0 	 3 	 2 	 11 	 12 	 11 	 58 	 63 	 68 	 73 	 78 	 83 	 88 	 93 	 98 	 103 	 108
82 	 47 	 0 	 4 	 2 	 14 	 15 	 6 	 3 	 13 	 23 	 33 	 43 	 53
83 	 47 	 0 	 8 	 4 	 12 	 13 	 14 	 15 	 6 	 0 	 10 	 20 	 30 	 40 	 50
84 	 47 	 0 	 2 	 2 	 11 	 12 	 6 	 1 	 11 	 21 	 31 	 41 	 51
85 	 48 	 0 	 1 	 4 	 5 	 6 	 7 	 8 	 5 	 6 	 16 	 26 	 36 	 46
86 	 49 	 0 	 1 	 2 	 15 	 16 	 11 	 4 	 9 	 14 	 19 	 24 	 29 	 34 	 39 	 44 	 49 	 54
87 	 49 	 0 	 9 	 2 	 1 	 2 	 11 	 3 	 8 	 13 	 18 	 23 	 28 	 33 	 38 	 43 	 48 	 53
88 	 49 	 0 	 6 	 2 	 1 	 2 	 11 	 2 	 7 	 12 	 17 	 22 	 27 	 32 	 37 	 42 	 47 	 52
89 	 50 	 0 	 10 	 4 	 2 	 3 	 4 	 5 	 11 	 0 	 5 	 10 	 15 	 20 	 25 	 30 	 35 	 40 	 45 	 50
90 	 51 	 0 	 6 	 2 	 12 	 13 	 6 	 56 	 66 	 76 	 86 	 96 	 106
91 	 52 	 0 	 8 	 2 	 2 	 3 	 5 	 60 	 70 	 80 	 90 	 100
92 	 52 	 0 	 1 	 2 	 16 	 17 	 5 	 64 	 74 	 84 	 94 	 104
93 	 53 	 0 	 5 	 2 	 12 	 13 	 6 	 56 	 66 	 76 	 86 	 96 	 106
94 	 54 	 0 	 5 	 2 	 7 	 8 	 5 	 60 	 70 	 80 	 90 	 100
95 	 55 	 0 	 4 	 2 	 5 	 6 	 6 	 4 	 14 	 24 	 34 	 44 	 54
96 	 56 	 0 	 10 	 4 	 6 	 7 	 8 	 9 	 5 	 64 	 74 	 84 	 94 	 104
97 	 56 	 0 	 6 	 4 	 8 	 9 	 10 	 11 	 5 	 63 	 73 	 83 	 93 	 103
98 	 56 	 0 	 2 	 2 	 14 	 15 	 5 	 60 	 70 	 80 	 90 	 100
99 	 57 	 0 	 7 	 2 	 6 	 7 	 5 	 8 	 18 	 28 	 38 	 48
100 	 58 	 0 	 1 	 2 	 16 	 17 	 11 	 3 	 8 	 13 	 18 	 23 	 28 	 33 	 38 	 43 	 48 	 53
101 	 59 	 0 	 8 	 2 	 1 	 2 	 11 	 58 	 63 	 68 	 73 	 78 	 83 	 88 	 93 	 98 	 103 	 108
102 	 60 	 0 	 3 	 2 	 13 	 14 	 6 	 57 	 67 	 77 	 87 	 97 	 107
103 	 60 	 0 	 8 	 2 	 15 	 16 	 6 	 58 	 68 	 78 	 88 	 98 	 108
104 	 61 	 0 	 9 	 2 	 5 	 6 	 11 	 1 	 6 	 11 	 16 	 21 	 26 	 31 	 36 	 41 	 46 	 51
105 	 62 	 0 	 10 	 2 	 0 	 1 	 6 	 2 	 12 	 22 	 32 	 42 	 52
106 	 62 	 0 	 7 	 2 	 2 	 3 	 6 	 2 	 12 	 22 	 32 	 42 	 52
107 	 62 	 0 	 8 	 2 	 4 	 5 	 6 	 2 	 12 	 22 	 32 	 42 	 52
108 	 62 	 0 	 1 	 2 	 6 	 7 	 6 	 2 	 12 	 22 	 32 	 42 	 52
109 	 62 	 0 	 1 	 2 	 8 	 9 	 6 	 2 	 12 	 22 	 32 	 42 	 52
110 	 62 	 0 	 9 	 2 	 10 	 11 	 6 	 2 	 12 	 22 	 32 	 42 	 52
111 	 63 	 0 	 10 	 4 	 9 	 10 	 11 	 12 	 11 	 1 	 6 	 11 	 16 	 21 	 26 	 31 	 36 	 41 	 46 	 51
112 	 63 	 0 	 7 	 2 	 10 	 11 	 11 	 0 	 5 	 10 	 15 	 20 	 25 	 30 	 35 	 40 	 45 	 50
113 	 64 	 0 	 1 	 4 	 8 	 9 	 10 	 11 	 11 	 1 	 6 	 11 	 16 	 21 	 26 	 31 	 36 	 41 	 46 	 51
114 	 65 	 0 	 5 	 4 	 3 	 4 	 5 	 6 	 6 	 58 	 68 	 78 	 88 	 98 	 108
115 	 65 	 0 	 2 	 2 	 10 	 11 	 6 	 57 	 67 	 77 	 87 	 97 	 107
116 	 65 	 0 	 6 	 4 	 11 	 12 	 13 	 14 	 6 	 59 	 69 	 79 	 89 	 99 	 109
117 	 66 	 0 	 1 	 4 	 6 	 7 	 8 	 9 	 5 	 9 	 19 	 29 	 39 	 49
118 	 67 	 0 	 7 	 2 	 13 	 14 	 11 	 0 	 5 	 10 	 15 	 20 	 25 	 30 	 35 	 40 	 45 	 50
119 	 67 	 0 	 5 	 4 	 2 	 3 	 4 	 5 	 11 	 3 	 8 	 13 	 18 	 23 	 28 	 33 	 38 	 43 	 48 	 53
120 	 67 	 0 	 5 	 2 	 16 	 17 	 11 	 1 	 6 	 11 	 16 	 21 	 26 	 31 	 36 	 41 	 46 	 51
121 	 68 	 0 	 2 	 2 	 7 	 8 	 5 	 60 	 70 	 80 	 90 	 100
122 	 69 	 0 	 6 	 2 	 13 	 14 	 5 	 60 	 70 	 80 	 90 	 100
123 	 69 	 0 	 10 	 2 	 5 	 6 	 5 	 62 	 72 	 82 	 92 	 102
124 	 69 	 0 	 4 	 2 	 5 	 6 	 5 	 63 	 73 	 83 	 93 	 103
125 	 70 	 0 	 8 	 2 	 14 	 15 	 5 	 6 	 16 	 26 	 36 	 46
126 	 70 	 0 	 3 	 2 	 5 	 6 	 5 	 8 	 18 	 28 	 38 	 48
127 	 71 	 0 	 2 	 2 	 1 	 2 	 11 	 58 	 63 	 68 	 73 	 78 	 83 	 88 	 93 	 98 	 103 	 108
128 	 71 	 0 	 6 	 2 	 3 	 4 	 11 	 58 	 63 	 68 	 73 	 78 	 83 	 88 	 93 	 98 	 103 	 108
129 	 71 	 0 	 10 	 2 	 5 	 6 	 11 	 58 	 63 	 68 	 73 	 78 	 83 	 88 	 93 	 98 	 103 	 108
130 	 71 	 0 	 4 	 2 	 7 	 8 	 11 	 58 	 63 	 68 	 73 	 78 	 83 	 88 	 93 	 98 	 103 	 108
131 	 71 	 0 	 9 	 2 	 9 	 10 	 11 	 58 	 63 	 68 	 73 	 78 	 83 	 88 	 93 	 98 	 103 	 108
132 	 71 	 0 	 8 	 2 	 11 	 12 	 11 	 58 	 63 	 68 	 73 	 78 	 83 	 88 	 93 	 98 	 103 	 108
133 	 71 	 0 	 1 	 2 	 13 	 14 	 11 	 58 	 63 	 68 	 73 	 78 	 83 	 88 	 93 	 98 	 103 	 108
134 	 72 	 0 	 8 	 2 	 2 	 3 	 11 	 2 	 7 	 12 	 17 	 22 	 27 	 32 	 37 	 42 	 47 	 52
135 	 72 	 0 	 7 	 2 	 4 	 5 	 11 	 2 	 7 	 12 	 17 	 22 	 27 	 32 	 37 	 42 	 47 	 52
136 	 72 	 0 	 5 	 2 	 6 	 7 	 11 	 2 	 7 	 12 	 17 	 22 	 27 	 32 	 37 	 42 	 47 	 52
137 	 72 	 0 	 1 	 2 	 8 	 9 	 11 	 2 	 7 	 12 	 17 	 22 	 27 	 32 	 37 	 42 	 47 	 52
138 	 72 	 0 	 4 	 2 	 10 	 11 	 11 	 2 	 7 	 12 	 17 	 22 	 27 	 32 	 37 	 42 	 47 	 52
139 	 72 	 0 	 7 	 2 	 12 	 13 	 11 	 2 	 7 	 12 	 17 	 22 	 27 	 32 	 37 	 42 	 47 	 52
140 	 72 	 0 	 2 	 2 	 14 	 15 	 11 	 2 	 7 	 12 	 17 	 22 	 27 	 32 	 37 	 42 	 47 	 52
141 	 73 	 0 	 8 	 2 	 10 	 11 	 11 	 58 	 63 	 68 	 73 	 78 	 83 	 88 	 93 	 98 	 103 	 108
142 	 73 	 0 	 6 	 2 	 12 	 13 	 11 	 58 	 63 	 68 	 73 	 78 	 83 	 88 	 93 	 98 	 103 	 108
143 	 73 	 0 	 5 	 2 	 14 	 15 	 11 	 58 	 63 	 68 	 73 	 78 	 83 	 88 	 93 	 98 	 103 	 108
144 	 73 	 0 	 7 	 2 	 16 	 17 	 11 	 58 	 63 	 68 	 73 	 78 	 83 	 88 	 93 	 98 	 103 	 108
145 	 74 	 0 	 8 	 2 	 0 	 1 	 6 	 59 	 69 	 79 	 89 	 99 	 109
146 	 74 	 0 	 4 	 2 	 2 	 3 	 6 	 59 	 69 	 79 	 89 	 99 	 109
147 	 74 	 0 	 6 	 2 	 4 	 5 	 6 	 59 	 69 	 79 	 89 	 99 	 109
148 	 74 	 0 	 9 	 2 	 6 	 7 	 6 	 59 	 69 	 79 	 89 	 99 	 109
149 	 74 	 0 	 8 	 2 	 8 	 9 	 6 	 59 	 69 	 79 	 89 	 99 	 109
150 	 74 	 0 	 1 	 2 	 10 	 11 	 6 	 59 	 69 	 79 	 89 	 99 	 109
151 	 74 	 0 	 10 	 2 	 12 	 13 	 6 	 59 	 69 	 79 	 89 	 99 	 109
152 	 74 	 0 	 3 	 2 	 14 	 15 	 6 	 59 	 69 	 79 	 89 	 99 	 109
153 	 74 	 0 	 7 	 2 	 16 	 17 	 6 	 59 	 69 	 79 	 89 	 99 	 109
154 	 75 	 0 	 4 	 4 	 10 	 11 	 12 	 13 	 11 	 56 	 61 	 66 	 71 	 76 	 81 	 86 	 91 	 96 	 101 	 106
155 	 76 	 0 	 6 	 2 	 3 	 4 	 6 	 1 	 11 	 21 	 31 	 41 	 51
156 	 76 	 0 	 8 	 2 	 5 	 6 	 6 	 1 	 11 	 21 	 31 	 41 	 51
157 	 76 	 0 	 7 	 2 	 7 	 8 	 6 	 1 	 11 	 21 	 31 	 41 	 51
158 	 76 	 0 	 6 	 2 	 9 	 10 	 6 	 1 	 11 	 21 	 31 	 41 	 51
159 	 76 	 0 	 2 	 2 	 11 	 12 	 6 	 1 	 11 	 21 	 31 	 41 	 51
160 	 77 	 0 	 4 	 4 	 2 	 3 	 4 	 5 	 11 	 0 	 5 	 10 	 15 	 20 	 25 	 30 	 35 	 40 	 45 	 50
161 	 78 	 0 	 3 	 4 	 10 	 11 	 12 	 13 	 11 	 2 	 7 	 12 	 17 	 22 	 27 	 32 	 37 	 42 	 47 	 52
162 	 79 	 0 	 2 	 2 	 5 	 6 	 11 	 3 	 8 	 13 	 18 	 23 	 28 	 33 	 38 	 43 	 48 	 53
163 	 79 	 0 	 5 	 2 	 7 	 8 	 11 	 3 	 8 	 13 	 18 	 23 	 28 	 33 	 38 	 43 	 48 	 53
164 	 79 	 0 	 7 	 2 	 9 	 10 	 11 	 3 	 8 	 13 	 18 	 23 	 28 	 33 	 38 	 43 	 48 	 53
165 	 79 	 0 	 8 	 2 	 11 	 12 	 11 	 3 	 8 	 13 	 18 	 23 	 28 	 33 	 38 	 43 	 48 	 53
166 	 79 	 0 	 7 	 2 	 13 	 14 	 11 	 3 	 8 	 13 	 18 	 23 	 28 	 33 	 38 	 43 	 48 	 53
167 	 79 	 0 	 7 	 2 	 15 	 16 	 11 	 3 	 8 	 13 	 18 	 23 	 28 	 33 	 38 	 43 	 48 	 53
168 	 80 	 2 	 5 	 2 	 15 	 16 	 11 	 56 	 61 	 66 	 71 	 76 	 81 	 86 	 91 	 96 	 101 	 106
169 	 81 	 0 	 1 	 2 	 14 	 15 	 6 	 4 	 14 	 24 	 34 	 44 	 54
170 	 82 	 0 	 10 	 2 	 9 	 10 	 11 	 57 	 62 	 67 	 72 	 77 	 82 	 87 	 92 	 97 	 102 	 107
171 	 83 	 0 	 3 	 2 	 13 	 14 	 5 	 5 	 15 	 25 	 35 	 45
172 	 84 	 0 	 10 	 6 	 6 	 7 	 8 	 9 	 10 	 11 	 6 	 3 	 13 	 23 	 33 	 43 	 53
173 	 84 	 0 	 6 	 4 	 14 	 15 	 16 	 17 	 6 	 0 	 10 	 20 	 30 	 40 	 50
174 	 85 	 0 	 9 	 2 	 12 	 13 	 5 	 9 	 19 	 29 	 39 	 49
175 	 86 	 0 	 7 	 2 	 1 	 2 	 6 	 2 	 12 	 22 	 32 	 42 	 52
176 	 87 	 0 	 1 	 2 	 12 	 13 	 6 	 57 	 67 	 77 	 87 	 97 	 107
177 	 88 	 2 	 9 	 2 	 12 	 13 	 6 	 57 	 67 	 77 	 87 	 97 	 107
178 	 89 	 0 	 3 	 2 	 0 	 1 	 6 	 4 	 14 	 24 	 34 	 44 	 54
179 	 90 	 0 	 7 	 4 	 5 	 6 	 7 	 8 	 11 	 4 	 9 	 14 	 19 	 24 	 29 	 34 	 39 	 44 	 49 	 54
180 	 91 	 0 	 1 	 2 	 2 	 3 	 6 	 57 	 67 	 77 	 87 	 97 	 107
181 	 92 	 0 	 1 	 2 	 12 	 13 	 6 	 58 	 68 	 78 	 88 	 98 	 108
182 	 92 	 0 	 3 	 2 	 16 	 17 	 6 	 56 	 66 	 76 	 86 	 96 	 106
183 	 92 	 0 	 4 	 4 	 14 	 15 	 16 	 17 	 6 	 57 	 67 	 77 	 87 	 97 	 107
184 	 93 	 0 	 7 	 4 	 12 	 13 	 14 	 15 	 6 	 4 	 14 	 24 	 34 	 44 	 54
185 	 93 	 0 	 1 	 2 	 0 	 1 	 6 	 0 	 10 	 20 	 30 	 40 	 50
186 	 94 	 0 	 4 	 2 	 9 	 10 	 6 	 2 	 12 	 22 	 32 	 42 	 52
187 	 95 	 0 	 3 	 4 	 1 	 2 	 3 	 4 	 6 	 55 	 65 	 75 	 85 	 95 	 105
188 	 96 	 1 	 9 	 2 	 10 	 11 	 6 	 2 	 12 	 22 	 32 	 42 	 52
189 	 96 	 1 	 1 	 2 	 12 	 13 	 6 	 2 	 12 	 22 	 32 	 42 	 52
190 	 96 	 1 	 6 	 2 	 14 	 15 	 6 	 2 	 12 	 22 	 32 	 42 	 52
191 	 96 	 1 	 5 	 2 	 16 	 17 	 6 	 2 	 12 	 22 	 32 	 42 	 52
192 	 97 	 0 	 10 	 2 	 14 	 15 	 6 	 0 	 10 	 20 	 30 	 40 	 50
193 	 98 	 2 	 3 	 2 	 0 	 1 	 5 	 9 	 19 	 29 	 39 	 49
194 	 98 	 2 	 1 	 2 	 2 	 3 	 5 	 9 	 19 	 29 	 39 	 49
195 	 98 	 2 	 4 	 2 	 4 	 5 	 5 	 9 	 19 	 29 	 39 	 49
196 	 98 	 2 	 7 	 2 	 6 	 7 	 5 	 9 	 19 	 29 	 39 	 49
197 	 98 	 2 	 8 	 2 	 8 	 9 	 5 	 9 	 19 	 29 	 39 	 49
198 	 98 	 2 	 10 	 2 	 10 	 11 	 5 	 9 	 19 	 29 	 39 	 49
199 	 98 	 2 	 6 	 2 	 12 	 13 	 5 	 9 	 19 	 29 	 39 	 49
200 	 98 	 2 	 5 	 2 	 14 	 15 	 5 	 9 	 19 	 29 	 39 	 49
201 	 98 	 2 	 7 	 2 	 16 	 17 	 5 	 9 	 19 	 29 	 39 	 49
202 	 99 	 0 	 4 	 2 	 0 	 1 	 11 	 0 	 5 	 10 	 15 	 20 	 25 	 30 	 35 	 40 	 45 	 50
203 	 100 	 0 	 5 	 2 	 10 	 11 	 11 	 56 	 61 	 66 	 71 	 76 	 81 	 86 	 91 	 96 	 101 	 106
204 	 101 	 0 	 4 	 2 	 2 	 3 	 11 	 4 	 9 	 14 	 19 	 24 	 29 	 34 	 39 	 44 	 49 	 54
205 	 101 	 0 	 4 	 2 	 4 	 5 	 11 	 4 	 9 	 14 	 19 	 24 	 29 	 34 	 39 	 44 	 49 	 54
206 	 101 	 0 	 6 	 2 	 6 	 7 	 11 	 4 	 9 	 14 	 19 	 24 	 29 	 34 	 39 	 44 	 49 	 54
207 	 101 	 0 	 2 	 2 	 8 	 9 	 11 	 4 	 9 	 14 	 19 	 24 	 29 	 34 	 39 	 44 	 49 	 54
208 	 101 	 0 	 10 	 2 	 10 	 11 	 11 	 4 	 9 	 14 	 19 	 24 	 29 	 34 	 39 	 44 	 49 	 54
209 	 101 	 0 	 4 	 2 	 12 	 13 	 11 	 4 	 9 	 14 	 19 	 24 	 29 	 34 	 39 	 44 	 49 	 54
210 	 101 	 0 	 9 	 2 	 14 	 15 	 11 	 4 	 9 	 14 	 19 	 24 	 29 	 34 	 39 	 44 	 49 	 54
211 	 101 	 0 	 1 	 2 	 16 	 17 	 11 	 4 	 9 	 14 	 19 	 24 	 29 	 34 	 39 	 44 	 49 	 54
212 	 102 	 0 	 4 	 2 	 2 	 3 	 5 	 5 	 15 	 25 	 35 	 45
213 	 102 	 0 	 6 	 2 	 4 	 5 	 5 	 5 	 15 	 25 	 35 	 45
214 	 102 	 0 	 9 	 2 	 6 	 7 	 5 	 5 	 15 	 25 	 35 	 45
215 	 102 	 0 	 1 	 2 	 8 	 9 	 5 	 5 	 15 	 25 	 35 	 45
216 	 102 	 0 	 9 	 2 	 10 	 11 	 5 	 5 	 15 	 25 	 35 	 45
217 	 102 	 0 	 6 	 2 	 12 	 13 	 5 	 5 	 15 	 25 	 35 	 45
218 	 103 	 0 	 5 	 2 	 5 	 6 	 6 	 55 	 65 	 75 	 85 	 95 	 105
219 	 103 	 0 	 6 	 2 	 16 	 17 	 6 	 57 	 67 	 77 	 87 	 97 	 107
220 	 103 	 0 	 5 	 2 	 2 	 3 	 6 	 59 	 69 	 79 	 89 	 99 	 109
221 	 104 	 0 	 7 	 2 	 9 	 10 	 11 	 57 	 62 	 67 	 72 	 77 	 82 	 87 	 92 	 97 	 102 	 107
222 	 105 	 0 	 3 	 2 	 2 	 3 	 5 	 9 	 19 	 29 	 39 	 49
223 	 105 	 0 	 2 	 2 	 4 	 5 	 5 	 9 	 19 	 29 	 39 	 49
224 	 105 	 0 	 5 	 2 	 6 	 7 	 5 	 9 	 19 	 29 	 39 	 49
225 	 105 	 0 	 5 	 2 	 8 	 9 	 5 	 9 	 19 	 29 	 39 	 49
226 	 105 	 0 	 5 	 2 	 10 	 11 	 5 	 9 	 19 	 29 	 39 	 49
227 	 105 	 0 	 5 	 2 	 12 	 13 	 5 	 9 	 19 	 29 	 39 	 49
228 	 105 	 0 	 5 	 2 	 14 	 15 	 5 	 9 	 19 	 29 	 39 	 49
229 	 106 	 0 	 3 	 2 	 14 	 15 	 11 	 59 	 64 	 69 	 74 	 79 	 84 	 89 	 94 	 99 	 104 	 109
230 	 107 	 0 	 1 	 2 	 6 	 7 	 11 	 0 	 5 	 10 	 15 	 20 	 25 	 30 	 35 	 40 	 45 	 50
231 	 107 	 0 	 1 	 2 	 12 	 13 	 11 	 4 	 9 	 14 	 19 	 24 	 29 	 34 	 39 	 44 	 49 	 54
232 	 107 	 0 	 7 	 4 	 4 	 5 	 6 	 7 	 11 	 1 	 6 	 11 	 16 	 21 	 26 	 31 	 36 	 41 	 46 	 51
233 	 108 	 0 	 6 	 2 	 7 	 8 	 6 	 4 	 14 	 24 	 34 	 44 	 54
234 	 109 	 0 	 10 	 2 	 0 	 1 	 11 	 59 	 64 	 69 	 74 	 79 	 84 	 89 	 94 	 99 	 104 	 109
235 	 109 	 0 	 2 	 2 	 2 	 3 	 11 	 59 	 64 	 69 	 74 	 79 	 84 	 89 	 94 	 99 	 104 	 109
236 	 109 	 0 	 7 	 2 	 4 	 5 	 11 	 59 	 64 	 69 	 74 	 79 	 84 	 89 	 94 	 99 	 104 	 109
237 	 109 	 0 	 7 	 2 	 6 	 7 	 11 	 59 	 64 	 69 	 74 	 79 	 84 	 89 	 94 	 99 	 104 	 109
238 	 109 	 0 	 10 	 2 	 8 	 9 	 11 	 59 	 64 	 69 	 74 	 79 	 84 	 89 	 94 	 99 	 104 	 109
239 	 109 	 0 	 6 	 2 	 10 	 11 	 11 	 59 	 64 	 69 	 74 	 79 	 84 	 89 	 94 	 99 	 104 	 109
240 	 109 	 0 	 9 	 2 	 12 	 13 	 11 	 59 	 64 	 69 	 74 	 79 	 84 	 89 	 94 	 99 	 104 	 109
241 	 109 	 0 	 10 	 2 	 14 	 15 	 11 	 59 	 64 	 69 	 74 	 79 	 84 	 89 	 94 	 99 	 104 	 109
242 	 109 	 0 	 7 	 2 	 16 	 17 	 11 	 59 	 64 	 69 	 74 	 79 	 84 	 89 	 94 	 99 	 104 	 109
243 	 110 	 2 	 4 	 2 	 4 	 5 	 11 	 3 	 8 	 13 	 18 	 23 	 28 	 33 	 38 	 43 	 48 	 53
244 	 110 	 2 	 8 	 2 	 6 	 7 	 11 	 3 	 8 	 13 	 18 	 23 	 28 	 33 	 38 	 43 	 48 	 53
245 	 110 	 2 	 8 	 2 	 8 	 9 	 11 	 3 	 8 	 13 	 18 	 23 	 28 	 33 	 38 	 43 	 48 	 53
246 	 110 	 2 	 8 	 2 	 10 	 11 	 11 	 3 	 8 	 13 	 18 	 23 	 28 	 33 	 38 	 43 	 48 	 53
247 	 110 	 2 	 5 	 2 	 12 	 13 	 11 	 3 	 8 	 13 	 18 	 23 	 28 	 33 	 38 	 43 	 48 	 53
248 	 110 	 2 	 9 	 2 	 14 	 15 	 11 	 3 	 8 	 13 	 18 	 23 	 28 	 33 	 38 	 43 	 48 	 53
249 	 110 	 2 	 3 	 2 	 16 	 17 	 11 	 3 	 8 	 13 	 18 	 23 	 28 	 33 	 38 	 43 	 48 	 53
250 	 111 	 2 	 1 	 2 	 1 	 2 	 5 	 6 	 16 	 26 	 36 	 46
251 	 111 	 2 	 1 	 2 	 10 	 11 	 5 	 7 	 17 	 27 	 37 	 47
252 	 112 	 0 	 5 	 2 	 10 	 11 	 5 	 62 	 72 	 82 	 92 	 102
253 	 112 	 0 	 9 	 2 	 3 	 4 	 5 	 63 	 73 	 83 	 93 	 103
254 	 112 	 0 	 2 	 4 	 4 	 5 	 6 	 7 	 5 	 61 	 71 	 81 	 91 	 101
255 	 113 	 0 	 7 	 2 	 14 	 15 	 5 	 64 	 74 	 84 	 94 	 104
256 	 114 	 0 	 8 	 2 	 2 	 3 	 11 	 3 	 8 	 13 	 18 	 23 	 28 	 33 	 38 	 43 	 48 	 53
257 	 115 	 1 	 2 	 2 	 10 	 11 	 6 	 1 	 11 	 21 	 31 	 41 	 51
258 	 116 	 0 	 1 	 2 	 12 	 13 	 11 	 55 	 60 	 65 	 70 	 75 	 80 	 85 	 90 	 95 	 100 	 105
259 	 117 	 0 	 8 	 2 	 1 	 2 	 11 	 3 	 8 	 13 	 18 	 23 	 28 	 33 	 38 	 43 	 48 	 53
260 	 118 	 0 	 8 	 4 	 1 	 2 	 3 	 4 	 6 	 2 	 12 	 22 	 32 	 42 	 52
261 	 119 	 0 	 7 	 2 	 9 	 10 	 5 	 5 	 15 	 25 	 35 	 45
262 	 120 	 0 	 6 	 4 	 3 	 4 	 5 	 6 	 6 	 1 	 11 	 21 	 31 	 41 	 51
263 	 121 	 0 	 5 	 2 	 14 	 15 	 6 	 56 	 66 	 76 	 86 	 96 	 106
264 	 122 	 0 	 8 	 4 	 14 	 15 	 16 	 17 	 11 	 3 	 8 	 13 	 18 	 23 	 28 	 33 	 38 	 43 	 48 	 53
265 	 123 	 0 	 6 	 2 	 15 	 16 	 6 	 56 	 66 	 76 	 86 	 96 	 106
266 	 123 	 0 	 6 	 6 	 3 	 4 	 5 	 6 	 7 	 8 	 6 	 55 	 65 	 75 	 85 	 95 	 105
267 	 124 	 0 	 3 	 2 	 10 	 11 	 5 	 9 	 19 	 29 	 39 	 49
268 	 124 	 0 	 4 	 2 	 12 	 13 	 5 	 9 	 19 	 29 	 39 	 49
269 	 124 	 0 	 5 	 2 	 14 	 15 	 5 	 9 	 19 	 29 	 39 	 49
270 	 124 	 0 	 2 	 2 	 16 	 17 	 5 	 9 	 19 	 29 	 39 	 49
271 	 125 	 0 	 1 	 4 	 10 	 11 	 12 	 13 	 6 	 2 	 12 	 22 	 32 	 42 	 52
272 	 126 	 0 	 6 	 2 	 2 	 3 	 11 	 58 	 63 	 68 	 73 	 78 	 83 	 88 	 93 	 98 	 103 	 108
273 	 126 	 0 	 6 	 2 	 4 	 5 	 11 	 58 	 63 	 68 	 73 	 78 	 83 	 88 	 93 	 98 	 103 	 108
274 	 126 	 0 	 3 	 2 	 6 	 7 	 11 	 58 	 63 	 68 	 73 	 78 	 83 	 88 	 93 	 98 	 103 	 108
275 	 126 	 0 	 6 	 2 	 8 	 9 	 11 	 58 	 63 	 68 	 73 	 78 	 83 	 88 	 93 	 98 	 103 	 108
276 	 126 	 0 	 1 	 2 	 10 	 11 	 11 	 58 	 63 	 68 	 73 	 78 	 83 	 88 	 93 	 98 	 103 	 108
277 	 126 	 0 	 2 	 2 	 12 	 13 	 11 	 58 	 63 	 68 	 73 	 78 	 83 	 88 	 93 	 98 	 103 	 108
278 	 126 	 0 	 9 	 2 	 14 	 15 	 11 	 58 	 63 	 68 	 73 	 78 	 83 	 88 	 93 	 98 	 103 	 108
279 	 127 	 0 	 3 	 2 	 2 	 3 	 5 	 63 	 73 	 83 	 93 	 103
280 	 128 	 0 	 10 	 2 	 11 	 12 	 11 	 55 	 60 	 65 	 70 	 75 	 80 	 85 	 90 	 95 	 100 	 105
281 	 129 	 0 	 10 	 2 	 5 	 6 	 5 	 64 	 74 	 84 	 94 	 104
282 	 130 	 0 	 5 	 2 	 12 	 13 	 11 	 55 	 60 	 65 	 70 	 75 	 80 	 85 	 90 	 95 	 100 	 105
283 	 130 	 0 	 6 	 4 	 10 	 11 	 12 	 13 	 11 	 58 	 63 	 68 	 73 	 78 	 83 	 88 	 93 	 98 	 103 	 108
284 	 131 	 0 	 10 	 2 	 1 	 2 	 5 	 8 	 18 	 28 	 38 	 48
285 	 132 	 0 	 2 	 2 	 9 	 10 	 6 	 0 	 10 	 20 	 30 	 40 	 50
286 	 133 	 0 	 10 	 2 	 6 	 7 	 11 	 57 	 62 	 67 	 72 	 77 	 82 	 87 	 92 	 97 	 102 	 107
287 	 134 	 0 	 1 	 2 	 6 	 7 	 6 	 59 	 69 	 79 	 89 	 99 	 109
288 	 135 	 0 	 9 	 2 	 3 	 4 	 5 	 7 	 17 	 27 	 37 	 47
289 	 136 	 0 	 7 	 2 	 6 	 7 	 11 	 56 	 61 	 66 	 71 	 76 	 81 	 86 	 91 	 96 	 101 	 106
290 	 137 	 0 	 4 	 4 	 12 	 13 	 14 	 15 	 6 	 0 	 10 	 20 	 30 	 40 	 50
291 	 138 	 1 	 5 	 2 	 2 	 3 	 11 	 0 	 5 	 10 	 15 	 20 	 25 	 30 	 35 	 40 	 45 	 50
292 	 138 	 1 	 9 	 2 	 4 	 5 	 11 	 0 	 5 	 10 	 15 	 20 	 25 	 30 	 35 	 40 	 45 	 50
293 	 138 	 1 	 3 	 2 	 6 	 7 	 11 	 0 	 5 	 10 	 15 	 20 	 25 	 30 	 35 	 40 	 45 	 50
294 	 138 	 1 	 9 	 2 	 8 	 9 	 11 	 0 	 5 	 10 	 15 	 20 	 25 	 30 	 35 	 40 	 45 	 50
295 	 139 	 0 	 7 	 4 	 11 	 12 	 13 	 14 	 11 	 55 	 60 	 65 	 70 	 75 	 80 	 85 	 90 	 95 	 100 	 105
296 	 140 	 0 	 3 	 2 	 2 	 3 	 6 	 2 	 12 	 22 	 32 	 42 	 52
297 	 141 	 0 	 4 	 2 	 12 	 13 	 6 	 2 	 12 	 22 	 32 	 42 	 52
298 	 142 	 0 	 3 	 2 	 0 	 1 	 5 	 61 	 71 	 81 	 91 	 101
299 	 142 	 0 	 10 	 4 	 9 	 10 	 11 	 12 	 5 	 63 	 73 	 83 	 93 	 103
300 	 142 	 0 	 4 	 2 	 12 	 13 	 5 	 60 	 70 	 80 	 90 	 100
301 	 143 	 0 	 7 	 2 	 2 	 3 	 6 	 57 	 67 	 77 	 87 	 97 	 107
302 	 143 	 0 	 1 	 2 	 5 	 6 	 6 	 55 	 65 	 75 	 85 	 95 	 105
303 	 143 	 0 	 10 	 2 	 9 	 10 	 6 	 59 	 69 	 79 	 89 	 99 	 109
304 	 144 	 0 	 3 	 2 	 14 	 15 	 6 	 4 	 14 	 24 	 34 	 44 	 54
305 	 145 	 2 	 7 	 4 	 13 	 14 	 15 	 16 	 11 	 57 	 62 	 67 	 72 	 77 	 82 	 87 	 92 	 97 	 102 	 107
306 	 146 	 2 	 8 	 6 	 7 	 8 	 9 	 10 	 11 	 12 	 11 	 55 	 60 	 65 	 70 	 75 	 80 	 85 	 90 	 95 	 100 	 105
307 	 147 	 0 	 3 	 4 	 3 	 4 	 5 	 6 	 6 	 4 	 14 	 24 	 34 	 44 	 54
308 	 148 	 0 	 8 	 2 	 11 	 12 	 11 	 2 	 7 	 12 	 17 	 22 	 27 	 32 	 37 	 42 	 47 	 52
309 	 149 	 0 	 5 	 2 	 4 	 5 	 11 	 4 	 9 	 14 	 19 	 24 	 29 	 34 	 39 	 44 	 49 	 54
310 	 149 	 0 	 1 	 2 	 12 	 13 	 11 	 3 	 8 	 13 	 18 	 23 	 28 	 33 	 38 	 43 	 48 	 53
311 	 150 	 0 	 3 	 4 	 14 	 15 	 16 	 17 	 5 	 64 	 74 	 84 	 94 	 104
312 	 151 	 0 	 5 	 2 	 0 	 1 	 6 	 55 	 65 	 75 	 85 	 95 	 105
313 	 151 	 0 	 7 	 2 	 2 	 3 	 6 	 55 	 65 	 75 	 85 	 95 	 105
314 	 151 	 0 	 9 	 2 	 4 	 5 	 6 	 55 	 65 	 75 	 85 	 95 	 105
315 	 151 	 0 	 7 	 2 	 6 	 7 	 6 	 55 	 65 	 75 	 85 	 95 	 105
316 	 151 	 0 	 9 	 2 	 8 	 9 	 6 	 55 	 65 	 75 	 85 	 95 	 105
317 	 151 	 0 	 6 	 2 	 10 	 11 	 6 	 55 	 65 	 75 	 85 	 95 	 105
318 	 151 	 0 	 4 	 2 	 12 	 13 	 6 	 55 	 65 	 75 	 85 	 95 	 105
319 	 151 	 0 	 3 	 2 	 14 	 15 	 6 	 55 	 65 	 75 	 85 	 95 	 105
320 	 152 	 0 	 10 	 2 	 8 	 9 	 6 	 55 	 65 	 75 	 85 	 95 	 105
321 	 152 	 0 	 1 	 2 	 10 	 11 	 6 	 55 	 65 	 75 	 85 	 95 	 105
322 	 152 	 0 	 10 	 2 	 12 	 13 	 6 	 55 	 65 	 75 	 85 	 95 	 105
323 	 152 	 0 	 5 	 2 	 14 	 15 	 6 	 55 	 65 	 75 	 85 	 95 	 105
324 	 153 	 2 	 1 	 2 	 3 	 4 	 5 	 5 	 15 	 25 	 35 	 45
325 	 154 	 0 	 9 	 2 	 15 	 16 	 11 	 56 	 61 	 66 	 71 	 76 	 81 	 86 	 91 	 96 	 101 	 106
326 	 154 	 0 	 5 	 2 	 0 	 1 	 11 	 59 	 64 	 69 	 74 	 79 	 84 	 89 	 94 	 99 	 104 	 109
327 	 155 	 0 	 5 	 2 	 13 	 14 	 11 	 58 	 63 	 68 	 73 	 78 	 83 	 88 	 93 	 98 	 103 	 108
328 	 156 	 0 	 10 	 2 	 1 	 2 	 11 	 1 	 6 	 11 	 16 	 21 	 26 	 31 	 36 	 41 	 46 	 51
329 	 157 	 0 	 8 	 4 	 5 	 6 	 7 	 8 	 11 	 3 	 8 	 13 	 18 	 23 	 28 	 33 	 38 	 43 	 48 	 53
330 	 158 	 0 	 6 	 2 	 0 	 1 	 5 	 5 	 15 	 25 	 35 	 45
331 	 159 	 0 	 5 	 2 	 15 	 16 	 11 	 2 	 7 	 12 	 17 	 22 	 27 	 32 	 37 	 42 	 47 	 52
332 	 160 	 0 	 9 	 2 	 5 	 6 	 11 	 58 	 63 	 68 	 73 	 78 	 83 	 88 	 93 	 98 	 103 	 108
333 	 161 	 0 	 5 	 2 	 13 	 14 	 6 	 3 	 13 	 23 	 33 	 43 	 53
334 	 161 	 0 	 7 	 4 	 1 	 2 	 3 	 4 	 6 	 2 	 12 	 22 	 32 	 42 	 52
335 	 162 	 0 	 9 	 2 	 0 	 1 	 11 	 56 	 61 	 66 	 71 	 76 	 81 	 86 	 91 	 96 	 101 	 106
336 	 162 	 0 	 10 	 2 	 2 	 3 	 11 	 56 	 61 	 66 	 71 	 76 	 81 	 86 	 91 	 96 	 101 	 106
337 	 162 	 0 	 8 	 2 	 4 	 5 	 11 	 56 	 61 	 66 	 71 	 76 	 81 	 86 	 91 	 96 	 101 	 106
338 	 162 	 0 	 6 	 2 	 6 	 7 	 11 	 56 	 61 	 66 	 71 	 76 	 81 	 86 	 91 	 96 	 101 	 106
339 	 162 	 0 	 3 	 2 	 8 	 9 	 11 	 56 	 61 	 66 	 71 	 76 	 81 	 86 	 91 	 96 	 101 	 106
340 	 162 	 0 	 5 	 2 	 10 	 11 	 11 	 56 	 61 	 66 	 71 	 76 	 81 	 86 	 91 	 96 	 101 	 106
341 	 162 	 0 	 8 	 2 	 12 	 13 	 11 	 56 	 61 	 66 	 71 	 76 	 81 	 86 	 91 	 96 	 101 	 106
342 	 162 	 0 	 3 	 2 	 14 	 15 	 11 	 56 	 61 	 66 	 71 	 76 	 81 	 86 	 91 	 96 	 101 	 106
343 	 163 	 0 	 1 	 2 	 15 	 16 	 11 	 57 	 62 	 67 	 72 	 77 	 82 	 87 	 92 	 97 	 102 	 107
344 	 164 	 0 	 2 	 4 	 0 	 1 	 2 	 3 	 5 	 63 	 73 	 83 	 93 	 103
345 	 165 	 0 	 1 	 2 	 7 	 8 	 5 	 64 	 74 	 84 	 94 	 104
346 	 166 	 0 	 2 	 2 	 15 	 16 	 11 	 3 	 8 	 13 	 18 	 23 	 28 	 33 	 38 	 43 	 48 	 53
347 	 166 	 0 	 8 	 4 	 0 	 1 	 2 	 3 	 11 	 2 	 7 	 12 	 17 	 22 	 27 	 32 	 37 	 42 	 47 	 52
348 	 166 	 0 	 2 	 2 	 9 	 10 	 11 	 0 	 5 	 10 	 15 	 20 	 25 	 30 	 35 	 40 	 45 	 50
349 	 167 	 0 	 2 	 2 	 8 	 9 	 5 	 63 	 73 	 83 	 93 	 103
350 	 168 	 0 	 5 	 4 	 9 	 10 	 11 	 12 	 6 	 59 	 69 	 79 	 89 	 99 	 109
351 	 169 	 0 	 7 	 6 	 5 	 6 	 7 	 8 	 9 	 10 	 11 	 2 	 7 	 12 	 17 	 22 	 27 	 32 	 37 	 42 	 47 	 52
352 	 170 	 0 	 8 	 2 	 8 	 9 	 6 	 59 	 69 	 79 	 89 	 99 	 109
353 	 171 	 0 	 1 	 2 	 10 	 11 	 5 	 5 	 15 	 25 	 35 	 45
354 	 172 	 0 	 1 	 2 	 3 	 4 	 6 	 4 	 14 	 24 	 34 	 44 	 54
355 	 172 	 0 	 9 	 2 	 0 	 1 	 6 	 0 	 10 	 20 	 30 	 40 	 50
356 	 172 	 0 	 1 	 2 	 10 	 11 	 6 	 1 	 11 	 21 	 31 	 41 	 51
357 	 173 	 0 	 4 	 2 	 4 	 5 	 11 	 59 	 64 	 69 	 74 	 79 	 84 	 89 	 94 	 99 	 104 	 109
358 	 173 	 0 	 10 	 2 	 2 	 3 	 11 	 58 	 63 	 68 	 73 	 78 	 83 	 88 	 93 	 98 	 103 	 108
359 	 174 	 0 	 1 	 2 	 13 	 14 	 5 	 7 	 17 	 27 	 37 	 47
360 	 175 	 0 	 5 	 4 	 3 	 4 	 5 	 6 	 5 	 9 	 19 	 29 	 39 	 49
361 	 175 	 0 	 4 	 2 	 13 	 14 	 5 	 8 	 18 	 28 	 38 	 48
362 	 176 	 0 	 6 	 2 	 15 	 16 	 6 	 57 	 67 	 77 	 87 	 97 	 107
363 	 177 	 0 	 9 	 2 	 0 	 1 	 6 	 4 	 14 	 24 	 34 	 44 	 54
364 	 177 	 0 	 4 	 2 	 2 	 3 	 6 	 4 	 14 	 24 	 34 	 44 	 54
365 	 177 	 0 	 7 	 2 	 4 	 5 	 6 	 4 	 14 	 24 	 34 	 44 	 54
366 	 177 	 0 	 6 	 2 	 6 	 7 	 6 	 4 	 14 	 24 	 34 	 44 	 54
367 	 177 	 0 	 1 	 2 	 8 	 9 	 6 	 4 	 14 	 24 	 34 	 44 	 54
368 	 177 	 0 	 4 	 2 	 10 	 11 	 6 	 4 	 14 	 24 	 34 	 44 	 54
369 	 177 	 0 	 5 	 2 	 12 	 13 	 6 	 4 	 14 	 24 	 34 	 44 	 54
370 	 177 	 0 	 6 	 2 	 14 	 15 	 6 	 4 	 14 	 24 	 34 	 44 	 54
371 	 177 	 0 	 3 	 2 	 16 	 17 	 6 	 4 	 14 	 24 	 34 	 44 	 54
372 	 178 	 0 	 3 	 2 	 12 	 13 	 11 	 57 	 62 	 67 	 72 	 77 	 82 	 87 	 92 	 97 	 102 	 107
373 	 179 	 2 	 10 	 4 	 3 	 4 	 5 	 6 	 5 	 6 	 16 	 26 	 36 	 46
374 	 180 	 0 	 1 	 4 	 11 	 12 	 13 	 14 	 6 	 3 	 13 	 23 	 33 	 43 	 53
375 	 181 	 0 	 1 	 2 	 16 	 17 	 5 	 60 	 70 	 80 	 90 	 100
376 	 181 	 0 	 8 	 4 	 14 	 15 	 16 	 17 	 5 	 61 	 71 	 81 	 91 	 101
377 	 182 	 0 	 5 	 2 	 12 	 13 	 11 	 59 	 64 	 69 	 74 	 79 	 84 	 89 	 94 	 99 	 104 	 109
378 	 182 	 0 	 8 	 2 	 11 	 12 	 11 	 58 	 63 	 68 	 73 	 78 	 83 	 88 	 93 	 98 	 103 	 108
379 	 182 	 0 	 1 	 2 	 10 	 11 	 11 	 57 	 62 	 67 	 72 	 77 	 82 	 87 	 92 	 97 	 102 	 107
380 	 183 	 0 	 9 	 2 	 0 	 1 	 11 	 56 	 61 	 66 	 71 	 76 	 81 	 86 	 91 	 96 	 101 	 106
381 	 183 	 0 	 9 	 2 	 2 	 3 	 11 	 56 	 61 	 66 	 71 	 76 	 81 	 86 	 91 	 96 	 101 	 106
382 	 183 	 0 	 6 	 2 	 4 	 5 	 11 	 56 	 61 	 66 	 71 	 76 	 81 	 86 	 91 	 96 	 101 	 106
383 	 183 	 0 	 7 	 2 	 6 	 7 	 11 	 56 	 61 	 66 	 71 	 76 	 81 	 86 	 91 	 96 	 101 	 106
384 	 183 	 0 	 5 	 2 	 8 	 9 	 11 	 56 	 61 	 66 	 71 	 76 	 81 	 86 	 91 	 96 	 101 	 106
385 	 183 	 0 	 3 	 2 	 10 	 11 	 11 	 56 	 61 	 66 	 71 	 76 	 81 	 86 	 91 	 96 	 101 	 106
386 	 183 	 0 	 7 	 2 	 12 	 13 	 11 	 56 	 61 	 66 	 71 	 76 	 81 	 86 	 91 	 96 	 101 	 106
387 	 183 	 0 	 1 	 2 	 14 	 15 	 11 	 56 	 61 	 66 	 71 	 76 	 81 	 86 	 91 	 96 	 101 	 106
388 	 183 	 0 	 4 	 2 	 16 	 17 	 11 	 56 	 61 	 66 	 71 	 76 	 81 	 86 	 91 	 96 	 101 	 106
389 	 184 	 0 	 4 	 4 	 8 	 9 	 10 	 11 	 6 	 58 	 68 	 78 	 88 	 98 	 108
390 	 185 	 0 	 4 	 4 	 0 	 1 	 2 	 3 	 11 	 57 	 62 	 67 	 72 	 77 	 82 	 87 	 92 	 97 	 102 	 107
391 	 186 	 0 	 3 	 2 	 13 	 14 	 6 	 58 	 68 	 78 	 88 	 98 	 108
392 	 187 	 0 	 3 	 2 	 15 	 16 	 5 	 64 	 74 	 84 	 94 	 104
393 	 188 	 0 	 9 	 2 	 0 	 1 	 6 	 59 	 69 	 79 	 89 	 99 	 109
394 	 188 	 0 	 6 	 2 	 2 	 3 	 6 	 59 	 69 	 79 	 89 	 99 	 109
395 	 188 	 0 	 4 	 2 	 4 	 5 	 6 	 59 	 69 	 79 	 89 	 99 	 109
396 	 188 	 0 	 3 	 2 	 6 	 7 	 6 	 59 	 69 	 79 	 89 	 99 	 109
397 	 188 	 0 	 8 	 2 	 8 	 9 	 6 	 59 	 69 	 79 	 89 	 99 	 109
398 	 188 	 0 	 9 	 2 	 10 	 11 	 6 	 59 	 69 	 79 	 89 	 99 	 109
399 	 188 	 0 	 3 	 2 	 12 	 13 	 6 	 59 	 69 	 79 	 89 	 99 	 109
400 	 188 	 0 	 9 	 2 	 14 	 15 	 6 	 59 	 69 	 79 	 89 	 99 	 109
401 	 188 	 0 	 4 	 2 	 16 	 17 	 6 	 59 	 69 	 79 	 89 	 99 	 109
402 	 189 	 0 	 4 	 4 	 5 	 6 	 7 	 8 	 11 	 4 	 9 	 14 	 19 	 24 	 29 	 34 	 39 	 44 	 49 	 54
403 	 190 	 0 	 8 	 2 	 11 	 12 	 6 	 56 	 66 	 76 	 86 	 96 	 106
404 	 191 	 0 	 4 	 2 	 9 	 10 	 11 	 55 	 60 	 65 	 70 	 75 	 80 	 85 	 90 	 95 	 100 	 105
405 	 192 	 0 	 7 	 2 	 16 	 17 	 11 	 4 	 9 	 14 	 19 	 24 	 29 	 34 	 39 	 44 	 49 	 54
406 	 193 	 0 	 7 	 2 	 15 	 16 	 11 	 0 	 5 	 10 	 15 	 20 	 25 	 30 	 35 	 40 	 45 	 50
407 	 194 	 0 	 1 	 2 	 4 	 5 	 5 	 60 	 70 	 80 	 90 	 100
408 	 194 	 0 	 10 	 2 	 6 	 7 	 5 	 62 	 72 	 82 	 92 	 102
409 	 194 	 0 	 5 	 2 	 6 	 7 	 5 	 61 	 71 	 81 	 91 	 101
410 	 195 	 0 	 1 	 2 	 4 	 5 	 5 	 64 	 74 	 84 	 94 	 104
411 	 196 	 0 	 6 	 2 	 2 	 3 	 11 	 2 	 7 	 12 	 17 	 22 	 27 	 32 	 37 	 42 	 47 	 52
412 	 197 	 0 	 2 	 4 	 2 	 3 	 4 	 5 	 5 	 8 	 18 	 28 	 38 	 48
413 	 198 	 2 	 1 	 2 	 1 	 2 	 6 	 2 	 12 	 22 	 32 	 42 	 52
414 	 199 	 0 	 10 	 4 	 2 	 3 	 4 	 5 	 11 	 59 	 64 	 69 	 74 	 79 	 84 	 89 	 94 	 99 	 104 	 109
415 	 199 	 0 	 4 	 2 	 5 	 6 	 11 	 55 	 60 	 65 	 70 	 75 	 80 	 85 	 90 	 95 	 100 	 105
416	0	0	0	2	12	13	11	59	64	69	74	79	84	89	94	99	104	109	
417	0	0	0	2	9	10	11	58	63	68	73	78	83	88	93	98	103	108	
418	1	0	0	2	8	9	11	55	60	65	70	75	80	85	90	95	100	105	
419	2	0	0	4	8	9	10	11	5	61	71	81	91	101	
420	2	0	0	2	2	3	5	62	72	82	92	102	
421	3	0	0	2	2	3	11	0	5	10	15	20	25	30	35	40	45	50	
422	4	0	0	4	8	9	10	11	5	5	15	25	35	45	
423	4	0	0	2	7	8	5	6	16	26	36	46	
424	4	0	0	4	2	3	4	5	5	7	17	27	37	47	
425	4	0	0	2	12	13	5	9	19	29	39	49	
426	5	0	0	2	7	8	11	56	61	66	71	76	81	86	91	96	101	106	
427	6	0	0	4	2	3	4	5	5	64	74	84	94	104	
428	7	2	0	2	7	8	11	1	6	11	16	21	26	31	36	41	46	51	
429	8	0	0	2	8	9	11	0	5	10	15	20	25	30	35	40	45	50	
430	8	0	0	2	4	5	11	3	8	13	18	23	28	33	38	43	48	53	
431	8	0	0	4	5	6	7	8	11	2	7	12	17	22	27	32	37	42	47	52	
432	8	0	0	2	3	4	11	4	9	14	19	24	29	34	39	44	49	54	
433	9	0	0	2	16	17	11	4	9	14	19	24	29	34	39	44	49	54	
434	9	0	0	4	1	2	3	4	11	0	5	10	15	20	25	30	35	40	45	50	
435	10	0	0	4	3	4	5	6	6	4	14	24	34	44	54	
436	10	0	0	2	16	17	6	3	13	23	33	43	53	
437	11	0	0	4	4	5	6	7	5	63	73	83	93	103	
438	12	0	0	2	8	9	6	59	69	79	89	99	109	
439	13	0	0	2	4	5	6	59	69	79	89	99	109	
440	14	2	0	2	1	2	11	55	60	65	70	75	80	85	90	95	100	105	
441	14	2	0	4	5	6	7	8	11	59	64	69	74	79	84	89	94	99	104	109	
442	15	0	0	2	3	4	6	57	67	77	87	97	107	
443	16	0	0	2	13	14	5	62	72	82	92	102	
444	17	0	0	4	4	5	6	7	11	55	60	65	70	75	80	85	90	95	100	105	
445	18	2	0	4	7	8	9	10	5	9	19	29	39	49	
446	18	2	0	4	1	2	3	4	5	6	16	26	36	46	
447	19	0	0	4	1	2	3	4	5	62	72	82	92	102	
448	20	0	0	4	3	4	5	6	5	5	15	25	35	45	
449	21	0	0	4	0	1	2	3	5	5	15	25	35	45	
450	22	0	0	2	16	17	11	0	5	10	15	20	25	30	35	40	45	50	
451	23	0	0	2	8	9	11	58	63	68	73	78	83	88	93	98	103	108	
452	23	0	0	2	8	9	11	55	60	65	70	75	80	85	90	95	100	105	
453	24	0	0	2	5	6	6	2	12	22	32	42	52	
454	24	0	0	4	14	15	16	17	6	3	13	23	33	43	53	
455	25	0	0	4	0	1	2	3	6	1	11	21	31	41	51	
456	26	0	0	4	5	6	7	8	5	61	71	81	91	101	
457	27	0	0	2	3	4	5	7	17	27	37	47	
458	27	0	0	4	7	8	9	10	5	6	16	26	36	46	
459	28	0	0	2	10	11	11	58	63	68	73	78	83	88	93	98	103	108	
460	29	0	0	4	12	13	14	15	6	2	12	22	32	42	52	
461	30	0	0	4	9	10	11	12	11	2	7	12	17	22	27	32	37	42	47	52	
462	30	0	0	2	4	5	11	0	5	10	15	20	25	30	35	40	45	50	
463	31	0	0	4	6	7	8	9	6	2	12	22	32	42	52	
464	31	0	0	4	0	1	2	3	6	3	13	23	33	43	53	
465	31	0	0	2	14	15	6	0	10	20	30	40	50	
466	32	0	0	2	12	13	11	0	5	10	15	20	25	30	35	40	45	50	
467	32	0	0	2	15	16	11	3	8	13	18	23	28	33	38	43	48	53	
468	33	0	0	2	16	17	11	2	7	12	17	22	27	32	37	42	47	52	
469	34	2	0	4	3	4	5	6	6	0	10	20	30	40	50	
470	35	0	0	4	9	10	11	12	5	8	18	28	38	48	
471	36	0	0	2	9	10	5	60	70	80	90	100	
472	36	0	0	4	13	14	15	16	5	64	74	84	94	104	
473	36	0	0	2	0	1	5	63	73	83	93	103	
474	37	0	0	4	7	8	9	10	6	4	14	24	34	44	54	
475	37	0	0	4	0	1	2	3	6	0	10	20	30	40	50	
476	38	0	0	2	10	11	5	60	70	80	90	100	
477	38	0	0	2	16	17	5	62	72	82	92	102	
478	39	0	0	2	3	4	6	59	69	79	89	99	109	
479	39	0	0	2	11	12	6	58	68	78	88	98	108	
480	40	0	0	2	4	5	5	64	74	84	94	104	
481	40	0	0	2	2	3	5	60	70	80	90	100	
482	41	0	0	4	8	9	10	11	6	0	10	20	30	40	50	
483	41	0	0	2	7	8	6	2	12	22	32	42	52	
484	42	0	0	2	1	2	11	4	9	14	19	24	29	34	39	44	49	54	
485	42	0	0	2	6	7	11	3	8	13	18	23	28	33	38	43	48	53	
486	43	0	0	2	11	12	11	2	7	12	17	22	27	32	37	42	47	52	
487	43	0	0	2	7	8	11	4	9	14	19	24	29	34	39	44	49	54	
488	44	0	0	2	10	11	6	0	10	20	30	40	50	
489	45	0	0	4	7	8	9	10	6	59	69	79	89	99	109	
490	46	0	0	2	11	12	11	55	60	65	70	75	80	85	90	95	100	105	
491	46	0	0	2	9	10	11	56	61	66	71	76	81	86	91	96	101	106	
492	47	0	0	2	14	15	6	2	12	22	32	42	52	
493	47	0	0	4	3	4	5	6	6	4	14	24	34	44	54	
494	48	0	0	4	13	14	15	16	5	5	15	25	35	45	
495	49	0	0	2	0	1	11	1	6	11	16	21	26	31	36	41	46	51	
496	49	0	0	2	0	1	11	0	5	10	15	20	25	30	35	40	45	50	
497	50	0	0	4	8	9	10	11	11	4	9	14	19	24	29	34	39	44	49	54	
498	50	0	0	4	9	10	11	12	11	3	8	13	18	23	28	33	38	43	48	53	
499	51	0	0	4	13	14	15	16	6	55	65	75	85	95	105	
500	51	0	0	4	0	1	2	3	6	59	69	79	89	99	109	
501	52	0	0	2	1	2	5	61	71	81	91	101	
502	52	0	0	2	3	4	5	63	73	83	93	103	
503	53	0	0	4	10	11	12	13	6	55	65	75	85	95	105	
504	54	0	0	2	2	3	5	62	72	82	92	102	
505	54	0	0	2	2	3	5	61	71	81	91	101	
506	55	0	0	2	0	1	6	0	10	20	30	40	50	
507	56	0	0	4	0	1	2	3	5	62	72	82	92	102	
508	56	0	0	4	5	6	7	8	5	61	71	81	91	101	
509	57	0	0	4	3	4	5	6	5	5	15	25	35	45	
510	58	0	0	2	4	5	11	0	5	10	15	20	25	30	35	40	45	50	
511	58	0	0	2	13	14	11	4	9	14	19	24	29	34	39	44	49	54	
512	59	0	0	2	0	1	11	57	62	67	72	77	82	87	92	97	102	107	
513	60	0	0	4	14	15	16	17	6	59	69	79	89	99	109	
514	61	0	0	4	13	14	15	16	11	3	8	13	18	23	28	33	38	43	48	53	
515	62	0	0	2	11	12	6	4	14	24	34	44	54	
516	62	0	0	2	9	10	6	1	11	21	31	41	51	
517	62	0	0	2	14	15	6	3	13	23	33	43	53	
518	63	0	0	4	4	5	6	7	11	3	8	13	18	23	28	33	38	43	48	53	
519	64	0	0	2	14	15	11	3	8	13	18	23	28	33	38	43	48	53	
520	65	0	0	4	10	11	12	13	6	56	66	76	86	96	106	
521	65	0	0	4	6	7	8	9	6	55	65	75	85	95	105	
522	66	0	0	2	16	17	5	7	17	27	37	47	
523	66	0	0	2	4	5	5	8	18	28	38	48	
524	67	0	0	2	11	12	11	2	7	12	17	22	27	32	37	42	47	52	
525	67	0	0	2	6	7	11	4	9	14	19	24	29	34	39	44	49	54	
526	68	0	0	4	11	12	13	14	5	64	74	84	94	104	
527	68	0	0	2	13	14	5	63	73	83	93	103	
528	69	0	0	4	7	8	9	10	5	64	74	84	94	104	
529	69	0	0	2	5	6	5	61	71	81	91	101	
530	70	0	0	4	9	10	11	12	5	7	17	27	37	47	
531	70	0	0	4	0	1	2	3	5	9	19	29	39	49	
532	71	0	0	4	2	3	4	5	11	59	64	69	74	79	84	89	94	99	104	109	
533	71	0	0	4	13	14	15	16	11	56	61	66	71	76	81	86	91	96	101	106	
534	71	0	0	4	9	10	11	12	11	55	60	65	70	75	80	85	90	95	100	105	
535	72	0	0	4	8	9	10	11	11	3	8	13	18	23	28	33	38	43	48	53	
536	72	0	0	2	12	13	11	0	5	10	15	20	25	30	35	40	45	50	
537	72	0	0	4	1	2	3	4	11	4	9	14	19	24	29	34	39	44	49	54	
538	73	0	0	4	2	3	4	5	11	59	64	69	74	79	84	89	94	99	104	109	
539	73	0	0	4	14	15	16	17	11	55	60	65	70	75	80	85	90	95	100	105	
540	73	0	0	4	9	10	11	12	11	57	62	67	72	77	82	87	92	97	102	107	
541	74	0	0	4	5	6	7	8	6	58	68	78	88	98	108	
542	74	0	0	2	8	9	6	57	67	77	87	97	107	
543	74	0	0	2	1	2	6	56	66	76	86	96	106	
544	75	0	0	4	9	10	11	12	11	57	62	67	72	77	82	87	92	97	102	107	
545	75	0	0	2	10	11	11	55	60	65	70	75	80	85	90	95	100	105	
546	76	0	0	4	2	3	4	5	6	3	13	23	33	43	53	
547	76	0	0	2	0	1	6	0	10	20	30	40	50	
548	76	0	0	4	5	6	7	8	6	4	14	24	34	44	54	
549	77	0	0	4	9	10	11	12	11	1	6	11	16	21	26	31	36	41	46	51	
550	78	0	0	2	16	17	11	3	8	13	18	23	28	33	38	43	48	53	
551	79	0	0	4	0	1	2	3	11	2	7	12	17	22	27	32	37	42	47	52	
552	79	0	0	2	10	11	11	4	9	14	19	24	29	34	39	44	49	54	
553	79	0	0	2	9	10	11	1	6	11	16	21	26	31	36	41	46	51	
554	80	2	0	4	10	11	12	13	11	57	62	67	72	77	82	87	92	97	102	107	
555	81	0	0	2	14	15	6	1	11	21	31	41	51	
556	81	0	0	2	6	7	6	2	12	22	32	42	52	
557	82	0	0	4	1	2	3	4	11	58	63	68	73	78	83	88	93	98	103	108	
558	83	0	0	4	6	7	8	9	5	6	16	26	36	46	
559	83	0	0	4	10	11	12	13	5	9	19	29	39	49	
560	84	0	0	2	0	1	6	4	14	24	34	44	54	
561	85	0	0	4	14	15	16	17	5	7	17	27	37	47	
562	85	0	0	4	12	13	14	15	5	5	15	25	35	45	
563	86	0	0	2	13	14	6	3	13	23	33	43	53	
564	87	0	0	2	14	15	6	58	68	78	88	98	108	
565	87	0	0	2	8	9	6	56	66	76	86	96	106	
566	88	2	0	2	11	12	6	58	68	78	88	98	108	
567	88	2	0	4	14	15	16	17	6	55	65	75	85	95	105	
568	89	0	0	4	1	2	3	4	6	1	11	21	31	41	51	
569	90	0	0	4	7	8	9	10	11	2	7	12	17	22	27	32	37	42	47	52	
570	91	0	0	2	14	15	6	55	65	75	85	95	105	
571	91	0	0	2	5	6	6	56	66	76	86	96	106	
572	92	0	0	4	6	7	8	9	6	59	69	79	89	99	109	
573	93	0	0	2	2	3	6	2	12	22	32	42	52	
574	93	0	0	4	14	15	16	17	6	3	13	23	33	43	53	
575	94	0	0	2	2	3	6	3	13	23	33	43	53	
576	95	0	0	4	2	3	4	5	6	56	66	76	86	96	106	
577	95	0	0	2	2	3	6	57	67	77	87	97	107	
578	96	1	0	4	6	7	8	9	6	0	10	20	30	40	50	
579	96	1	0	4	1	2	3	4	6	4	14	24	34	44	54	
580	96	1	0	2	13	14	6	1	11	21	31	41	51	
581	97	0	0	2	16	17	6	2	12	22	32	42	52	
582	97	0	0	2	10	11	6	4	14	24	34	44	54	
583	98	2	0	4	6	7	8	9	5	7	17	27	37	47	
584	98	2	0	2	16	17	5	5	15	25	35	45	
585	98	2	0	2	13	14	5	6	16	26	36	46	
586	99	0	0	4	9	10	11	12	11	4	9	14	19	24	29	34	39	44	49	54	
587	100	0	0	4	7	8	9	10	11	59	64	69	74	79	84	89	94	99	104	109	
588	101	0	0	4	8	9	10	11	11	3	8	13	18	23	28	33	38	43	48	53	
589	101	0	0	4	14	15	16	17	11	2	7	12	17	22	27	32	37	42	47	52	
590	101	0	0	2	4	5	11	0	5	10	15	20	25	30	35	40	45	50	
591	102	0	0	2	12	13	5	6	16	26	36	46	
592	102	0	0	4	13	14	15	16	5	8	18	28	38	48	
593	102	0	0	4	3	4	5	6	5	9	19	29	39	49	
594	103	0	0	4	1	2	3	4	6	58	68	78	88	98	108	
595	104	0	0	2	11	12	11	58	63	68	73	78	83	88	93	98	103	108	
596	105	0	0	4	9	10	11	12	5	8	18	28	38	48	
597	105	0	0	4	0	1	2	3	5	6	16	26	36	46	
598	105	0	0	4	11	12	13	14	5	7	17	27	37	47	
599	106	0	0	2	12	13	11	56	61	66	71	76	81	86	91	96	101	106	
600	106	0	0	2	8	9	11	58	63	68	73	78	83	88	93	98	103	108	
601	107	0	0	4	3	4	5	6	11	2	7	12	17	22	27	32	37	42	47	52	
602	108	0	0	4	14	15	16	17	6	0	10	20	30	40	50	
603	108	0	0	2	10	11	6	3	13	23	33	43	53	
604	109	0	0	2	6	7	11	57	62	67	72	77	82	87	92	97	102	107	
605	109	0	0	2	9	10	11	55	60	65	70	75	80	85	90	95	100	105	
606	109	0	0	4	8	9	10	11	11	56	61	66	71	76	81	86	91	96	101	106	
607	110	2	0	2	9	10	11	4	9	14	19	24	29	34	39	44	49	54	
608	110	2	0	4	4	5	6	7	11	0	5	10	15	20	25	30	35	40	45	50	
609	110	2	0	4	11	12	13	14	11	2	7	12	17	22	27	32	37	42	47	52	
610	110	2	0	2	13	14	11	1	6	11	16	21	26	31	36	41	46	51	
611	111	2	0	2	7	8	5	8	18	28	38	48	
612	111	2	0	4	4	5	6	7	5	5	15	25	35	45	
613	112	0	0	2	2	3	5	60	70	80	90	100	
614	113	0	0	4	11	12	13	14	5	63	73	83	93	103	
615	113	0	0	2	4	5	5	60	70	80	90	100	
616	114	0	0	2	14	15	11	0	5	10	15	20	25	30	35	40	45	50	
617	114	0	0	2	8	9	11	2	7	12	17	22	27	32	37	42	47	52	
618	115	1	0	4	14	15	16	17	6	2	12	22	32	42	52	
619	115	1	0	4	12	13	14	15	6	4	14	24	34	44	54	
620	116	0	0	2	12	13	11	58	63	68	73	78	83	88	93	98	103	108	
621	117	0	0	4	10	11	12	13	11	1	6	11	16	21	26	31	36	41	46	51	
622	118	0	0	4	4	5	6	7	6	4	14	24	34	44	54	
623	118	0	0	2	10	11	6	3	13	23	33	43	53	
624	119	0	0	2	3	4	5	6	16	26	36	46	
625	119	0	0	2	16	17	5	9	19	29	39	49	
626	120	0	0	4	9	10	11	12	6	0	10	20	30	40	50	
627	121	0	0	4	14	15	16	17	6	58	68	78	88	98	108	
628	122	0	0	2	11	12	11	1	6	11	16	21	26	31	36	41	46	51	
629	123	0	0	4	5	6	7	8	6	59	69	79	89	99	109	
630	124	0	0	2	9	10	5	7	17	27	37	47	
631	124	0	0	4	3	4	5	6	5	6	16	26	36	46	
632	124	0	0	4	5	6	7	8	5	5	15	25	35	45	
633	125	0	0	4	4	5	6	7	6	3	13	23	33	43	53	
634	125	0	0	4	9	10	11	12	6	4	14	24	34	44	54	
635	126	0	0	2	7	8	11	55	60	65	70	75	80	85	90	95	100	105	
636	126	0	0	4	8	9	10	11	11	56	61	66	71	76	81	86	91	96	101	106	
637	126	0	0	4	3	4	5	6	11	59	64	69	74	79	84	89	94	99	104	109	
638	126	0	0	4	9	10	11	12	11	57	62	67	72	77	82	87	92	97	102	107	
639	127	0	0	4	7	8	9	10	5	60	70	80	90	100	
640	127	0	0	2	4	5	5	62	72	82	92	102	
641	128	0	0	4	4	5	6	7	11	57	62	67	72	77	82	87	92	97	102	107	
642	129	0	0	4	8	9	10	11	5	61	71	81	91	101	
643	130	0	0	4	7	8	9	10	11	57	62	67	72	77	82	87	92	97	102	107	
644	130	0	0	2	6	7	11	56	61	66	71	76	81	86	91	96	101	106	
645	131	0	0	4	12	13	14	15	5	9	19	29	39	49	
646	132	0	0	4	12	13	14	15	6	4	14	24	34	44	54	
647	133	0	0	2	7	8	11	59	64	69	74	79	84	89	94	99	104	109	
648	133	0	0	2	1	2	11	55	60	65	70	75	80	85	90	95	100	105	
649	134	0	0	4	12	13	14	15	6	55	65	75	85	95	105	
650	135	0	0	4	14	15	16	17	5	6	16	26	36	46	
651	135	0	0	2	10	11	5	8	18	28	38	48	
652	136	0	0	4	2	3	4	5	11	57	62	67	72	77	82	87	92	97	102	107	
653	137	0	0	2	1	2	6	1	11	21	31	41	51	
654	137	0	0	4	11	12	13	14	6	3	13	23	33	43	53	
655	138	1	0	4	13	14	15	16	11	2	7	12	17	22	27	32	37	42	47	52	
656	138	1	0	2	0	1	11	4	9	14	19	24	29	34	39	44	49	54	
657	138	1	0	2	3	4	11	1	6	11	16	21	26	31	36	41	46	51	
658	138	1	0	2	15	16	11	3	8	13	18	23	28	33	38	43	48	53	
659	139	0	0	2	14	15	11	57	62	67	72	77	82	87	92	97	102	107	
660	140	0	0	4	3	4	5	6	6	0	10	20	30	40	50	
661	140	0	0	4	8	9	10	11	6	3	13	23	33	43	53	
662	141	0	0	4	8	9	10	11	6	0	10	20	30	40	50	
663	141	0	0	2	10	11	6	1	11	21	31	41	51	
664	142	0	0	4	4	5	6	7	5	62	72	82	92	102	
665	143	0	0	2	6	7	6	56	66	76	86	96	106	
666	143	0	0	4	10	11	12	13	6	58	68	78	88	98	108	
667	144	0	0	2	1	2	6	0	10	20	30	40	50	
668	144	0	0	4	6	7	8	9	6	2	12	22	32	42	52	
669	145	2	0	4	3	4	5	6	11	56	61	66	71	76	81	86	91	96	101	106	
670	145	2	0	2	3	4	11	59	64	69	74	79	84	89	94	99	104	109	
671	146	2	0	2	9	10	11	56	61	66	71	76	81	86	91	96	101	106	
672	147	0	0	4	3	4	5	6	6	2	12	22	32	42	52	
673	147	0	0	2	3	4	6	1	11	21	31	41	51	
674	148	0	0	4	1	2	3	4	11	3	8	13	18	23	28	33	38	43	48	53	
675	148	0	0	4	14	15	16	17	11	4	9	14	19	24	29	34	39	44	49	54	
676	149	0	0	2	12	13	11	1	6	11	16	21	26	31	36	41	46	51	
677	149	0	0	4	10	11	12	13	11	0	5	10	15	20	25	30	35	40	45	50	
678	150	0	0	2	12	13	5	61	71	81	91	101	
679	151	0	0	4	1	2	3	4	6	58	68	78	88	98	108	
680	151	0	0	2	5	6	6	56	66	76	86	96	106	
681	151	0	0	4	5	6	7	8	6	59	69	79	89	99	109	
682	152	0	0	4	9	10	11	12	6	59	69	79	89	99	109	
683	152	0	0	4	6	7	8	9	6	56	66	76	86	96	106	
684	152	0	0	4	13	14	15	16	6	58	68	78	88	98	108	
685	153	2	0	4	12	13	14	15	5	7	17	27	37	47	
686	154	0	0	2	6	7	11	58	63	68	73	78	83	88	93	98	103	108	
687	154	0	0	4	7	8	9	10	11	57	62	67	72	77	82	87	92	97	102	107	
688	155	0	0	2	12	13	11	55	60	65	70	75	80	85	90	95	100	105	
689	155	0	0	2	12	13	11	57	62	67	72	77	82	87	92	97	102	107	
690	156	0	0	4	1	2	3	4	11	2	7	12	17	22	27	32	37	42	47	52	
691	156	0	0	2	12	13	11	3	8	13	18	23	28	33	38	43	48	53	
692	157	0	0	4	10	11	12	13	11	1	6	11	16	21	26	31	36	41	46	51	
693	158	0	0	2	14	15	5	6	16	26	36	46	
694	159	0	0	2	2	3	11	0	5	10	15	20	25	30	35	40	45	50	
695	159	0	0	2	15	16	11	4	9	14	19	24	29	34	39	44	49	54	
696	160	0	0	4	14	15	16	17	11	59	64	69	74	79	84	89	94	99	104	109	
697	161	0	0	4	8	9	10	11	6	1	11	21	31	41	51	
698	162	0	0	4	14	15	16	17	11	58	63	68	73	78	83	88	93	98	103	108	
699	162	0	0	2	2	3	11	59	64	69	74	79	84	89	94	99	104	109	
700	162	0	0	4	8	9	10	11	11	55	60	65	70	75	80	85	90	95	100	105	
701	163	0	0	2	4	5	11	56	61	66	71	76	81	86	91	96	101	106	
702	164	0	0	4	11	12	13	14	5	61	71	81	91	101	
703	164	0	0	4	14	15	16	17	5	64	74	84	94	104	
704	165	0	0	4	5	6	7	8	5	62	72	82	92	102	
705	166	0	0	2	4	5	11	4	9	14	19	24	29	34	39	44	49	54	
706	166	0	0	2	8	9	11	1	6	11	16	21	26	31	36	41	46	51	
707	167	0	0	2	1	2	5	62	72	82	92	102	
708	168	0	0	4	3	4	5	6	6	55	65	75	85	95	105	
709	169	0	0	2	11	12	11	3	8	13	18	23	28	33	38	43	48	53	
710	170	0	0	2	3	4	6	55	65	75	85	95	105	
711	170	0	0	2	5	6	6	56	66	76	86	96	106	
712	171	0	0	2	6	7	5	7	17	27	37	47	
713	171	0	0	4	11	12	13	14	5	8	18	28	38	48	
714	172	0	0	2	16	17	6	2	12	22	32	42	52	
715	173	0	0	2	12	13	11	57	62	67	72	77	82	87	92	97	102	107	
716	174	0	0	2	11	12	5	6	16	26	36	46	
717	174	0	0	2	1	2	5	8	18	28	38	48	
718	175	0	0	4	7	8	9	10	5	7	17	27	37	47	
719	176	0	0	2	16	17	6	55	65	75	85	95	105	
720	177	0	0	4	12	13	14	15	6	3	13	23	33	43	53	
721	177	0	0	2	6	7	6	2	12	22	32	42	52	
722	177	0	0	4	0	1	2	3	6	0	10	20	30	40	50	
723	178	0	0	4	14	15	16	17	11	58	63	68	73	78	83	88	93	98	103	108	
724	179	2	0	4	10	11	12	13	5	5	15	25	35	45	
725	179	2	0	2	2	3	5	8	18	28	38	48	
726	180	0	0	2	3	4	6	4	14	24	34	44	54	
727	180	0	0	4	11	12	13	14	6	1	11	21	31	41	51	
728	181	0	0	2	6	7	5	64	74	84	94	104	
729	181	0	0	4	5	6	7	8	5	62	72	82	92	102	
730	182	0	0	2	6	7	11	56	61	66	71	76	81	86	91	96	101	106	
731	182	0	0	4	0	1	2	3	11	55	60	65	70	75	80	85	90	95	100	105	
732	183	0	0	4	3	4	5	6	11	59	64	69	74	79	84	89	94	99	104	109	
733	183	0	0	2	7	8	11	58	63	68	73	78	83	88	93	98	103	108	
734	183	0	0	4	5	6	7	8	11	57	62	67	72	77	82	87	92	97	102	107	
735	184	0	0	2	6	7	6	55	65	75	85	95	105	
736	184	0	0	2	12	13	6	56	66	76	86	96	106	
737	185	0	0	4	3	4	5	6	11	58	63	68	73	78	83	88	93	98	103	108	
738	186	0	0	4	0	1	2	3	6	56	66	76	86	96	106	
739	187	0	0	2	7	8	5	63	73	83	93	103	
740	188	0	0	2	10	11	6	57	67	77	87	97	107	
741	188	0	0	2	7	8	6	56	66	76	86	96	106	
742	188	0	0	4	8	9	10	11	6	55	65	75	85	95	105	
743	189	0	0	4	0	1	2	3	11	0	5	10	15	20	25	30	35	40	45	50	
744	189	0	0	4	0	1	2	3	11	1	6	11	16	21	26	31	36	41	46	51	
745	190	0	0	4	6	7	8	9	6	57	67	77	87	97	107	
746	191	0	0	2	9	10	11	56	61	66	71	76	81	86	91	96	101	106	
747	192	0	0	2	1	2	11	0	5	10	15	20	25	30	35	40	45	50	
748	192	0	0	4	11	12	13	14	11	1	6	11	16	21	26	31	36	41	46	51	
749	193	0	0	4	11	12	13	14	11	1	6	11	16	21	26	31	36	41	46	51	
750	194	0	0	2	7	8	5	64	74	84	94	104	
751	194	0	0	2	12	13	5	63	73	83	93	103	
752	195	0	0	2	11	12	5	61	71	81	91	101	
753	196	0	0	4	12	13	14	15	11	1	6	11	16	21	26	31	36	41	46	51	
754	197	0	0	2	1	2	5	9	19	29	39	49	
755	197	0	0	2	11	12	5	7	17	27	37	47	
756	198	2	0	4	6	7	8	9	6	0	10	20	30	40	50	
757	199	0	0	4	4	5	6	7	11	56	61	66	71	76	81	86	91	96	101	106	
758	199	0	0	4	9	10	11	12	11	57	62	67	72	77	82	87	92	97	102	107	

