236
0	1	0	7	361	362	363	364	365	366	367	
1	6	0	3	250	251	252	
2	8	0	15	192	193	194	195	196	197	198	199	200	201	202	203	204	205	206	
3	9	0	15	479	480	481	482	483	484	485	486	487	488	489	490	491	492	493	
4	16	0	12	395	396	397	398	399	400	401	402	403	404	405	406	
5	18	0	21	280	281	282	283	284	285	286	287	288	289	290	291	292	293	294	295	296	297	298	299	300	
6	20	0	3	48	49	50	
7	21	0	1	153	
8	23	0	3	557	558	559	
9	28	0	15	479	480	481	482	483	484	485	486	487	488	489	490	491	492	493	
10	30	0	3	119	120	121	
11	32	0	1	478	
12	33	0	1	269	
13	34	0	7	415	416	417	418	419	420	421	
14	36	0	21	457	458	459	460	461	462	463	464	465	466	467	468	469	470	471	472	473	474	475	476	477	
15	38	0	1	305	
16	39	0	9	132	133	134	135	136	137	138	139	140	
17	40	0	7	102	103	104	105	106	107	108	
18	42	0	1	253	
19	43	0	24	595	596	597	598	599	600	601	602	603	604	605	606	607	608	609	610	611	612	613	614	615	616	617	618	
20	46	0	1	85	
21	48	0	1	218	
22	56	0	3	526	527	528	
23	60	0	1	351	
24	61	0	1	116	
25	63	0	9	13	14	15	16	17	18	19	20	21	
26	66	0	1	537	
27	68	0	18	329	330	331	332	333	334	335	336	337	338	339	340	341	342	343	344	345	346	
28	70	0	1	360	
29	71	0	1	100	
30	76	0	3	567	568	569	
31	78	0	1	379	
32	80	0	1	163	
33	82	0	3	188	189	190	
34	83	0	9	88	89	90	91	92	93	94	95	96	
35	86	0	1	441	
36	88	0	1	562	
37	90	0	9	13	14	15	16	17	18	19	20	21	
38	92	0	1	111	
39	93	0	9	132	133	134	135	136	137	138	139	140	
40	94	0	1	208	
41	96	0	3	149	150	151	
42	97	0	1	593	
43	98	0	1	1	
44	99	0	1	442	
45	101	0	18	56	57	58	59	60	61	62	63	64	65	66	67	68	69	70	71	72	73	
46	103	0	1	11	
47	105	0	21	219	220	221	222	223	224	225	226	227	228	229	230	231	232	233	234	235	236	237	238	239	
48	106	0	1	378	
49	107	0	24	23	24	25	26	27	28	29	30	31	32	33	34	35	36	37	38	39	40	41	42	43	44	45	46	
50	112	0	1	443	
51	113	0	1	240	
52	114	0	1	369	
53	116	0	1	81	
54	120	0	1	123	
55	123	0	1	494	
56	124	0	1	98	
57	126	0	24	595	596	597	598	599	600	601	602	603	604	605	606	607	608	609	610	611	612	613	614	615	616	617	618	
58	127	0	3	422	423	424	
59	128	0	1	317	
60	130	0	1	590	
61	141	0	15	496	497	498	499	500	501	502	503	504	505	506	507	508	509	510	
62	142	0	1	152	
63	143	0	1	3	
64	146	0	1	7	
65	148	0	1	563	
66	150	0	1	455	
67	154	0	1	77	
68	157	0	15	511	512	513	514	515	516	517	518	519	520	521	522	523	524	525	
69	160	0	15	511	512	513	514	515	516	517	518	519	520	521	522	523	524	525	
70	163	0	21	219	220	221	222	223	224	225	226	227	228	229	230	231	232	233	234	235	236	237	238	239	
71	166	0	1	370	
72	170	0	21	457	458	459	460	461	462	463	464	465	466	467	468	469	470	471	472	473	474	475	476	477	
73	171	0	1	587	
74	176	0	1	538	
75	181	0	1	560	
76	182	0	7	319	320	321	322	323	324	325	
77	184	0	3	270	271	272	
78	185	0	1	529	
79	187	0	3	74	75	76	
80	193	0	1	110	
81	196	0	1	444	
82	198	0	1	438	
83	200	0	1	213	
84	204	0	1	347	
85	205	0	1	273	
86	209	0	1	109	
87	210	0	3	141	142	143	
88	211	0	3	302	303	304	
89	212	0	1	570	
90	213	0	1	536	
91	214	0	1	439	
92	215	0	1	117	
93	216	0	1	328	
94	217	0	1	358	
95	221	0	1	433	
96	223	0	1	308	
97	224	0	1	561	
98	228	0	1	148	
99	233	0	1	177	
100	235	0	1	212	
101	236	0	1	540	
102	237	0	1	51	
103	239	0	1	588	
104	241	0	15	479	480	481	482	483	484	485	486	487	488	489	490	491	492	493	
105	245	0	1	216	
106	247	0	1	248	
107	249	0	1	594	
108	251	0	1	55	
109	254	0	7	387	388	389	390	391	392	393	
110	256	0	1	118	
111	258	0	12	164	165	166	167	168	169	170	171	172	173	174	175	
112	259	0	1	217	
113	260	0	1	564	
114	261	0	1	86	
115	263	0	12	254	255	256	257	258	259	260	261	262	263	264	265	
116	266	0	15	192	193	194	195	196	197	198	199	200	201	202	203	204	205	206	
117	267	0	9	446	447	448	449	450	451	452	453	454	
118	268	0	15	496	497	498	499	500	501	502	503	504	505	506	507	508	509	510	
119	273	0	7	408	409	410	411	412	413	414	
120	274	0	1	162	
121	275	0	24	595	596	597	598	599	600	601	602	603	604	605	606	607	608	609	610	611	612	613	614	615	616	617	618	
122	277	0	1	274	
123	278	0	1	87	
124	279	0	1	101	
125	285	0	1	187	
126	286	0	1	456	
127	287	0	24	23	24	25	26	27	28	29	30	31	32	33	34	35	36	37	38	39	40	41	42	43	44	45	46	
128	288	0	1	22	
129	295	0	1	326	
130	297	0	1	432	
131	298	0	21	280	281	282	283	284	285	286	287	288	289	290	291	292	293	294	295	296	297	298	299	300	
132	302	0	1	556	
133	303	0	1	279	
134	304	0	1	592	
135	307	0	1	178	
136	308	0	1	214	
137	309	0	18	329	330	331	332	333	334	335	336	337	338	339	340	341	342	343	344	345	346	
138	310	0	1	359	
139	313	0	1	179	
140	317	0	3	144	145	146	
141	319	0	1	215	
142	322	0	3	82	83	84	
143	323	0	1	275	
144	324	0	3	530	531	532	
145	325	0	1	6	
146	326	0	12	571	572	573	574	575	576	577	578	579	580	581	582	
147	328	0	15	496	497	498	499	500	501	502	503	504	505	506	507	508	509	510	
148	330	0	1	207	
149	333	0	1	357	
150	334	0	1	318	
151	341	0	3	584	585	586	
152	344	0	1	147	
153	347	0	1	445	
154	348	0	1	352	
155	349	0	1	122	
156	350	0	1	543	
157	351	0	1	8	
158	353	0	3	266	267	268	
159	354	0	1	583	
160	355	0	18	56	57	58	59	60	61	62	63	64	65	66	67	68	69	70	71	72	73	
161	357	0	1	394	
162	358	0	1	10	
163	359	0	1	301	
164	360	0	1	353	
165	361	0	1	407	
166	363	0	18	329	330	331	332	333	334	335	336	337	338	339	340	341	342	343	344	345	346	
167	364	0	15	192	193	194	195	196	197	198	199	200	201	202	203	204	205	206	
168	366	0	3	78	79	80	
169	374	0	1	249	
170	377	0	1	191	
171	378	0	1	154	
172	379	0	12	544	545	546	547	548	549	550	551	552	553	554	555	
173	381	0	3	112	113	114	
174	382	0	1	97	
175	383	0	1	5	
176	384	0	3	348	349	350	
177	387	0	1	131	
178	388	0	12	571	572	573	574	575	576	577	578	579	580	581	582	
179	390	0	1	437	
180	394	0	7	180	181	182	183	184	185	186	
181	395	0	1	0	
182	396	0	12	395	396	397	398	399	400	401	402	403	404	405	406	
183	397	0	21	280	281	282	283	284	285	286	287	288	289	290	291	292	293	294	295	296	297	298	299	300	
184	400	0	1	2	
185	401	0	7	124	125	126	127	128	129	130	
186	402	0	24	23	24	25	26	27	28	29	30	31	32	33	34	35	36	37	38	39	40	41	42	43	44	45	46	
187	403	0	1	589	
188	405	0	1	306	
189	408	0	7	425	426	427	428	429	430	431	
190	409	0	1	383	
191	411	0	21	280	281	282	283	284	285	286	287	288	289	290	291	292	293	294	295	296	297	298	299	300	
192	413	0	12	164	165	166	167	168	169	170	171	172	173	174	175	
193	415	0	18	56	57	58	59	60	61	62	63	64	65	66	67	68	69	70	71	72	73	
194	416	0	1	327	
195	417	0	7	371	372	373	374	375	376	377	
196	418	0	1	495	
197	421	0	24	595	596	597	598	599	600	601	602	603	604	605	606	607	608	609	610	611	612	613	614	615	616	617	618	
198	422	0	21	457	458	459	460	461	462	463	464	465	466	467	468	469	470	471	472	473	474	475	476	477	
199	427	0	3	52	53	54	
200	428	0	1	9	
201	429	0	1	4	
202	431	0	9	446	447	448	449	450	451	452	453	454	
203	435	0	3	354	355	356	
204	436	0	7	241	242	243	244	245	246	247	
205	437	0	24	23	24	25	26	27	28	29	30	31	32	33	34	35	36	37	38	39	40	41	42	43	44	45	46	
206	440	0	1	565	
207	442	0	12	254	255	256	257	258	259	260	261	262	263	264	265	
208	443	0	21	457	458	459	460	461	462	463	464	465	466	467	468	469	470	471	472	473	474	475	476	477	
209	444	0	1	541	
210	445	0	21	219	220	221	222	223	224	225	226	227	228	229	230	231	232	233	234	235	236	237	238	239	
211	450	0	3	533	534	535	
212	451	0	12	544	545	546	547	548	549	550	551	552	553	554	555	
213	453	0	7	155	156	157	158	159	160	161	
214	454	0	3	434	435	436	
215	457	0	7	309	310	311	312	313	314	315	
216	460	0	3	209	210	211	
217	461	0	3	276	277	278	
218	463	0	3	380	381	382	
219	464	0	3	384	385	386	
220	465	0	1	12	
221	466	0	1	316	
222	467	0	1	47	
223	469	0	21	219	220	221	222	223	224	225	226	227	228	229	230	231	232	233	234	235	236	237	238	239	
224	472	0	1	539	
225	474	0	1	542	
226	478	0	9	88	89	90	91	92	93	94	95	96	
227	481	0	1	591	
228	485	0	1	307	
229	486	0	1	440	
230	487	0	1	176	
231	490	0	1	368	
232	491	0	1	115	
233	492	0	15	511	512	513	514	515	516	517	518	519	520	521	522	523	524	525	
234	494	0	1	99	
235	495	0	1	566	
