2174	1774	400
0	0	2	10	1	0	
1	1	1	5	1	1	
2	2	2	11	1	2	
3	3	2	6	1	3	
4	3	2	12	2	3	4	
5	3	2	18	3	3	4	5	
6	3	2	6	1	4	
7	3	2	12	2	4	5	
8	3	2	18	3	4	5	6	
9	3	2	6	1	5	
10	3	2	12	2	5	6	
11	3	2	18	3	5	6	7	
12	3	2	6	1	6	
13	3	2	12	2	6	7	
14	3	2	18	3	6	7	8	
15	3	2	6	1	7	
16	3	2	12	2	7	8	
17	3	2	18	3	7	8	9	
18	3	2	6	1	8	
19	3	2	12	2	8	9	
20	3	2	6	1	9	
21	4	1	22	1	10	
22	5	2	5	1	11	
23	6	1	11	1	12	
24	6	1	22	2	12	13	
25	6	1	33	3	12	13	14	
26	6	1	11	1	13	
27	6	1	22	2	13	14	
28	6	1	33	3	13	14	15	
29	6	1	11	1	14	
30	6	1	22	2	14	15	
31	6	1	33	3	14	15	16	
32	6	1	11	1	15	
33	6	1	22	2	15	16	
34	6	1	33	3	15	16	17	
35	6	1	11	1	16	
36	6	1	22	2	16	17	
37	6	1	33	3	16	17	18	
38	6	1	11	1	17	
39	6	1	22	2	17	18	
40	6	1	33	3	17	18	19	
41	6	1	11	1	18	
42	6	1	22	2	18	19	
43	6	1	11	1	19	
44	7	2	15	1	20	
45	8	2	6	1	21	
46	9	2	5	1	22	
47	9	2	15	2	22	23	
48	9	2	10	1	23	
49	10	1	6	1	24	
50	10	1	12	2	24	25	
51	10	1	18	3	24	25	26	
52	10	1	6	1	25	
53	10	1	12	2	25	26	
54	10	1	18	3	25	26	27	
55	10	1	6	1	26	
56	10	1	12	2	26	27	
57	10	1	18	3	26	27	28	
58	10	1	6	1	27	
59	10	1	12	2	27	28	
60	10	1	18	3	27	28	29	
61	10	1	6	1	28	
62	10	1	12	2	28	29	
63	10	1	18	3	28	29	30	
64	10	1	6	1	29	
65	10	1	12	2	29	30	
66	10	1	18	3	29	30	31	
67	10	1	6	1	30	
68	10	1	12	2	30	31	
69	10	1	18	3	30	31	32	
70	10	1	6	1	31	
71	10	1	12	2	31	32	
72	10	1	6	1	32	
73	11	2	6	1	33	
74	11	2	12	2	33	34	
75	11	2	18	3	33	34	35	
76	11	2	12	2	33	35	
77	11	2	6	1	34	
78	11	2	12	2	34	35	
79	11	2	6	1	35	
80	12	1	5	1	36	
81	13	1	11	1	37	
82	14	1	11	1	38	
83	15	2	5	1	39	
84	15	2	10	2	39	40	
85	15	2	15	3	39	40	41	
86	15	2	10	2	39	41	
87	15	2	5	1	40	
88	15	2	10	2	40	41	
89	15	2	5	1	41	
90	16	2	11	1	42	
91	17	1	6	1	43	
92	18	1	6	1	44	
93	18	1	12	2	44	45	
94	18	1	18	3	44	45	46	
95	18	1	12	2	44	46	
96	18	1	6	1	45	
97	18	1	12	2	45	46	
98	18	1	6	1	46	
99	19	1	6	1	47	
100	19	1	12	2	47	48	
101	19	1	24	3	47	48	49	
102	19	1	18	2	47	49	
103	19	1	6	1	48	
104	19	1	18	2	48	49	
105	19	1	12	1	49	
106	20	2	5	1	50	
107	20	2	15	2	50	51	
108	20	2	20	3	50	51	52	
109	20	2	10	2	50	52	
110	20	2	10	1	51	
111	20	2	15	2	51	52	
112	20	2	5	1	52	
113	21	2	5	1	53	
114	22	2	11	1	54	
115	23	2	6	1	55	
116	23	2	12	2	55	56	
117	23	2	6	1	56	
118	24	2	6	1	57	
119	25	1	5	1	58	
120	25	1	10	2	58	59	
121	25	1	15	3	58	59	60	
122	25	1	5	1	59	
123	25	1	10	2	59	60	
124	25	1	15	3	59	60	61	
125	25	1	5	1	60	
126	25	1	10	2	60	61	
127	25	1	15	3	60	61	62	
128	25	1	5	1	61	
129	25	1	10	2	61	62	
130	25	1	15	3	61	62	63	
131	25	1	5	1	62	
132	25	1	10	2	62	63	
133	25	1	15	3	62	63	64	
134	25	1	5	1	63	
135	25	1	10	2	63	64	
136	25	1	15	3	63	64	65	
137	25	1	5	1	64	
138	25	1	10	2	64	65	
139	25	1	15	3	64	65	66	
140	25	1	5	1	65	
141	25	1	10	2	65	66	
142	25	1	5	1	66	
143	26	1	6	1	67	
144	27	1	11	1	68	
145	27	1	22	2	68	69	
146	27	1	11	1	69	
147	28	1	5	1	70	
148	28	1	10	2	70	71	
149	28	1	15	3	70	71	72	
150	28	1	5	1	71	
151	28	1	10	2	71	72	
152	28	1	15	3	71	72	73	
153	28	1	5	1	72	
154	28	1	10	2	72	73	
155	28	1	15	3	72	73	74	
156	28	1	5	1	73	
157	28	1	10	2	73	74	
158	28	1	15	3	73	74	75	
159	28	1	5	1	74	
160	28	1	10	2	74	75	
161	28	1	5	1	75	
162	29	2	22	1	76	
163	30	2	11	1	77	
164	31	2	6	1	78	
165	31	2	12	2	78	79	
166	31	2	18	3	78	79	80	
167	31	2	6	1	79	
168	31	2	12	2	79	80	
169	31	2	18	3	79	80	81	
170	31	2	6	1	80	
171	31	2	12	2	80	81	
172	31	2	18	3	80	81	82	
173	31	2	6	1	81	
174	31	2	12	2	81	82	
175	31	2	18	3	81	82	83	
176	31	2	6	1	82	
177	31	2	12	2	82	83	
178	31	2	18	3	82	83	84	
179	31	2	6	1	83	
180	31	2	12	2	83	84	
181	31	2	18	3	83	84	85	
182	31	2	6	1	84	
183	31	2	12	2	84	85	
184	31	2	18	3	84	85	86	
185	31	2	6	1	85	
186	31	2	12	2	85	86	
187	31	2	6	1	86	
188	32	2	22	1	87	
189	33	1	5	1	88	
190	34	2	11	1	89	
191	34	2	22	2	89	90	
192	34	2	33	3	89	90	91	
193	34	2	22	2	89	91	
194	34	2	11	1	90	
195	34	2	22	2	90	91	
196	34	2	11	1	91	
197	35	2	12	1	92	
198	36	1	6	1	93	
199	37	1	10	1	94	
200	38	1	11	1	95	
201	39	2	5	1	96	
202	40	2	11	1	97	
203	41	1	6	1	98	
204	41	1	12	2	98	99	
205	41	1	18	3	98	99	100	
206	41	1	6	1	99	
207	41	1	12	2	99	100	
208	41	1	18	3	99	100	101	
209	41	1	6	1	100	
210	41	1	12	2	100	101	
211	41	1	6	1	101	
212	42	1	5	1	102	
213	43	2	11	1	103	
214	43	2	22	2	103	104	
215	43	2	11	1	104	
216	44	2	5	1	105	
217	44	2	10	2	105	106	
218	44	2	5	1	106	
219	45	2	11	1	107	
220	45	2	22	2	107	108	
221	45	2	33	3	107	108	109	
222	45	2	11	1	108	
223	45	2	22	2	108	109	
224	45	2	33	3	108	109	110	
225	45	2	11	1	109	
226	45	2	22	2	109	110	
227	45	2	33	3	109	110	111	
228	45	2	11	1	110	
229	45	2	22	2	110	111	
230	45	2	33	3	110	111	112	
231	45	2	11	1	111	
232	45	2	22	2	111	112	
233	45	2	33	3	111	112	113	
234	45	2	11	1	112	
235	45	2	22	2	112	113	
236	45	2	11	1	113	
237	46	2	6	1	114	
238	47	1	22	1	115	
239	47	1	33	2	115	116	
240	47	1	11	1	116	
241	48	2	10	1	117	
242	49	2	11	1	118	
243	50	2	6	1	119	
244	51	2	6	1	120	
245	52	2	6	1	121	
246	52	2	12	2	121	122	
247	52	2	6	1	122	
248	53	2	11	1	123	
249	53	2	22	2	123	124	
250	53	2	33	3	123	124	125	
251	53	2	11	1	124	
252	53	2	22	2	124	125	
253	53	2	33	3	124	125	126	
254	53	2	11	1	125	
255	53	2	22	2	125	126	
256	53	2	33	3	125	126	127	
257	53	2	11	1	126	
258	53	2	22	2	126	127	
259	53	2	33	3	126	127	128	
260	53	2	11	1	127	
261	53	2	22	2	127	128	
262	53	2	33	3	127	128	129	
263	53	2	11	1	128	
264	53	2	22	2	128	129	
265	53	2	11	1	129	
266	54	1	6	1	130	
267	55	1	10	1	131	
268	56	2	10	1	132	
269	57	2	11	1	133	
270	58	1	5	1	134	
271	58	1	10	2	134	135	
272	58	1	5	1	135	
273	59	2	6	1	136	
274	60	2	5	1	137	
275	60	2	10	2	137	138	
276	60	2	15	3	137	138	139	
277	60	2	10	2	137	139	
278	60	2	5	1	138	
279	60	2	10	2	138	139	
280	60	2	5	1	139	
281	61	1	12	1	140	
282	62	1	12	1	141	
283	63	2	11	1	142	
284	63	2	22	2	142	143	
285	63	2	33	3	142	143	144	
286	63	2	11	1	143	
287	63	2	22	2	143	144	
288	63	2	33	3	143	144	145	
289	63	2	11	1	144	
290	63	2	22	2	144	145	
291	63	2	33	3	144	145	146	
292	63	2	11	1	145	
293	63	2	22	2	145	146	
294	63	2	33	3	145	146	147	
295	63	2	11	1	146	
296	63	2	22	2	146	147	
297	63	2	33	3	146	147	148	
298	63	2	11	1	147	
299	63	2	22	2	147	148	
300	63	2	33	3	147	148	149	
301	63	2	11	1	148	
302	63	2	22	2	148	149	
303	63	2	33	3	148	149	150	
304	63	2	11	1	149	
305	63	2	22	2	149	150	
306	63	2	11	1	150	
307	64	2	11	1	151	
308	65	2	5	1	152	
309	66	2	11	1	153	
310	67	1	6	1	154	
311	68	1	22	1	155	
312	69	1	6	1	156	
313	70	1	22	1	157	
314	71	2	6	1	158	
315	72	1	10	1	159	
316	73	2	6	1	160	
317	73	2	12	2	160	161	
318	73	2	18	3	160	161	162	
319	73	2	6	1	161	
320	73	2	12	2	161	162	
321	73	2	18	3	161	162	163	
322	73	2	6	1	162	
323	73	2	12	2	162	163	
324	73	2	18	3	162	163	164	
325	73	2	6	1	163	
326	73	2	12	2	163	164	
327	73	2	18	3	163	164	165	
328	73	2	6	1	164	
329	73	2	12	2	164	165	
330	73	2	18	3	164	165	166	
331	73	2	6	1	165	
332	73	2	12	2	165	166	
333	73	2	6	1	166	
334	74	1	10	1	167	
335	75	1	11	1	168	
336	75	1	22	2	168	169	
337	75	1	33	3	168	169	170	
338	75	1	11	1	169	
339	75	1	22	2	169	170	
340	75	1	33	3	169	170	171	
341	75	1	11	1	170	
342	75	1	22	2	170	171	
343	75	1	33	3	170	171	172	
344	75	1	11	1	171	
345	75	1	22	2	171	172	
346	75	1	33	3	171	172	173	
347	75	1	11	1	172	
348	75	1	22	2	172	173	
349	75	1	33	3	172	173	174	
350	75	1	11	1	173	
351	75	1	22	2	173	174	
352	75	1	11	1	174	
353	76	2	10	1	175	
354	77	2	11	1	176	
355	77	2	22	2	176	177	
356	77	2	33	3	176	177	178	
357	77	2	11	1	177	
358	77	2	22	2	177	178	
359	77	2	33	3	177	178	179	
360	77	2	11	1	178	
361	77	2	22	2	178	179	
362	77	2	33	3	178	179	180	
363	77	2	11	1	179	
364	77	2	22	2	179	180	
365	77	2	33	3	179	180	181	
366	77	2	11	1	180	
367	77	2	22	2	180	181	
368	77	2	11	1	181	
369	78	2	6	1	182	
370	79	2	5	1	183	
371	80	1	12	1	184	
372	81	2	6	1	185	
373	82	2	11	1	186	
374	82	2	22	2	186	187	
375	82	2	33	3	186	187	188	
376	82	2	11	1	187	
377	82	2	22	2	187	188	
378	82	2	33	3	187	188	189	
379	82	2	11	1	188	
380	82	2	22	2	188	189	
381	82	2	11	1	189	
382	83	2	11	1	190	
383	84	1	6	1	191	
384	85	2	5	1	192	
385	85	2	10	2	192	193	
386	85	2	15	3	192	193	194	
387	85	2	10	2	192	194	
388	85	2	5	1	193	
389	85	2	10	2	193	194	
390	85	2	5	1	194	
391	86	1	6	1	195	
392	86	1	18	2	195	196	
393	86	1	30	3	195	196	197	
394	86	1	18	2	195	197	
395	86	1	12	1	196	
396	86	1	24	2	196	197	
397	86	1	12	1	197	
398	87	1	6	1	198	
399	88	2	5	1	199	
400	88	2	10	2	199	200	
401	88	2	15	3	199	200	201	
402	88	2	5	1	200	
403	88	2	10	2	200	201	
404	88	2	15	3	200	201	202	
405	88	2	5	1	201	
406	88	2	10	2	201	202	
407	88	2	5	1	202	
408	89	2	5	1	203	
409	90	1	12	1	204	
410	90	1	18	2	204	205	
411	90	1	30	3	204	205	206	
412	90	1	24	2	204	206	
413	90	1	6	1	205	
414	90	1	18	2	205	206	
415	90	1	12	1	206	
416	91	2	11	1	207	
417	91	2	22	2	207	208	
418	91	2	33	3	207	208	209	
419	91	2	11	1	208	
420	91	2	22	2	208	209	
421	91	2	33	3	208	209	210	
422	91	2	11	1	209	
423	91	2	22	2	209	210	
424	91	2	33	3	209	210	211	
425	91	2	11	1	210	
426	91	2	22	2	210	211	
427	91	2	33	3	210	211	212	
428	91	2	11	1	211	
429	91	2	22	2	211	212	
430	91	2	33	3	211	212	213	
431	91	2	11	1	212	
432	91	2	22	2	212	213	
433	91	2	33	3	212	213	214	
434	91	2	11	1	213	
435	91	2	22	2	213	214	
436	91	2	11	1	214	
437	92	1	22	1	215	
438	93	2	11	1	216	
439	94	1	10	1	217	
440	95	2	15	1	218	
441	96	1	11	1	219	
442	96	1	22	2	219	220	
443	96	1	11	1	220	
444	97	1	5	1	221	
445	98	1	5	1	222	
446	98	1	10	2	222	223	
447	98	1	15	3	222	223	224	
448	98	1	5	1	223	
449	98	1	10	2	223	224	
450	98	1	15	3	223	224	225	
451	98	1	5	1	224	
452	98	1	10	2	224	225	
453	98	1	15	3	224	225	226	
454	98	1	5	1	225	
455	98	1	10	2	225	226	
456	98	1	15	3	225	226	227	
457	98	1	5	1	226	
458	98	1	10	2	226	227	
459	98	1	15	3	226	227	228	
460	98	1	5	1	227	
461	98	1	10	2	227	228	
462	98	1	15	3	227	228	229	
463	98	1	5	1	228	
464	98	1	10	2	228	229	
465	98	1	5	1	229	
466	99	1	11	1	230	
467	100	1	5	1	231	
468	100	1	10	2	231	232	
469	100	1	15	3	231	232	233	
470	100	1	5	1	232	
471	100	1	10	2	232	233	
472	100	1	15	3	232	233	234	
473	100	1	5	1	233	
474	100	1	10	2	233	234	
475	100	1	15	3	233	234	235	
476	100	1	5	1	234	
477	100	1	10	2	234	235	
478	100	1	15	3	234	235	236	
479	100	1	5	1	235	
480	100	1	10	2	235	236	
481	100	1	15	3	235	236	237	
482	100	1	5	1	236	
483	100	1	10	2	236	237	
484	100	1	15	3	236	237	238	
485	100	1	5	1	237	
486	100	1	10	2	237	238	
487	100	1	5	1	238	
488	101	2	11	1	239	
489	102	1	22	1	240	
490	103	1	6	1	241	
491	103	1	12	2	241	242	
492	103	1	18	3	241	242	243	
493	103	1	6	1	242	
494	103	1	12	2	242	243	
495	103	1	18	3	242	243	244	
496	103	1	6	1	243	
497	103	1	12	2	243	244	
498	103	1	18	3	243	244	245	
499	103	1	6	1	244	
500	103	1	12	2	244	245	
501	103	1	18	3	244	245	246	
502	103	1	6	1	245	
503	103	1	12	2	245	246	
504	103	1	18	3	245	246	247	
505	103	1	6	1	246	
506	103	1	12	2	246	247	
507	103	1	18	3	246	247	248	
508	103	1	6	1	247	
509	103	1	12	2	247	248	
510	103	1	18	3	247	248	249	
511	103	1	6	1	248	
512	103	1	12	2	248	249	
513	103	1	6	1	249	
514	104	2	22	1	250	
515	105	2	11	1	251	
516	105	2	22	2	251	252	
517	105	2	44	3	251	252	253	
518	105	2	33	2	251	253	
519	105	2	11	1	252	
520	105	2	33	2	252	253	
521	105	2	22	1	253	
522	106	1	10	1	254	
523	106	1	15	2	254	255	
524	106	1	5	1	255	
525	107	1	12	1	256	
526	108	1	6	1	257	
527	108	1	12	2	257	258	
528	108	1	18	3	257	258	259	
529	108	1	6	1	258	
530	108	1	12	2	258	259	
531	108	1	18	3	258	259	260	
532	108	1	6	1	259	
533	108	1	12	2	259	260	
534	108	1	18	3	259	260	261	
535	108	1	6	1	260	
536	108	1	12	2	260	261	
537	108	1	18	3	260	261	262	
538	108	1	6	1	261	
539	108	1	12	2	261	262	
540	108	1	6	1	262	
541	109	2	6	1	263	
542	109	2	12	2	263	264	
543	109	2	6	1	264	
544	110	2	11	1	265	
545	110	2	22	2	265	266	
546	110	2	11	1	266	
547	111	2	6	1	267	
548	111	2	12	2	267	268	
549	111	2	6	1	268	
550	112	1	10	1	269	
551	112	1	15	2	269	270	
552	112	1	5	1	270	
553	113	2	11	1	271	
554	113	2	22	2	271	272	
555	113	2	33	3	271	272	273	
556	113	2	11	1	272	
557	113	2	22	2	272	273	
558	113	2	33	3	272	273	274	
559	113	2	11	1	273	
560	113	2	22	2	273	274	
561	113	2	33	3	273	274	275	
562	113	2	11	1	274	
563	113	2	22	2	274	275	
564	113	2	33	3	274	275	276	
565	113	2	11	1	275	
566	113	2	22	2	275	276	
567	113	2	11	1	276	
568	114	2	6	1	277	
569	115	2	12	1	278	
570	116	1	11	1	279	
571	117	2	15	1	280	
572	118	1	11	1	281	
573	118	1	22	2	281	282	
574	118	1	33	3	281	282	283	
575	118	1	11	1	282	
576	118	1	22	2	282	283	
577	118	1	33	3	282	283	284	
578	118	1	11	1	283	
579	118	1	22	2	283	284	
580	118	1	33	3	283	284	285	
581	118	1	11	1	284	
582	118	1	22	2	284	285	
583	118	1	33	3	284	285	286	
584	118	1	11	1	285	
585	118	1	22	2	285	286	
586	118	1	33	3	285	286	287	
587	118	1	11	1	286	
588	118	1	22	2	286	287	
589	118	1	33	3	286	287	288	
590	118	1	11	1	287	
591	118	1	22	2	287	288	
592	118	1	11	1	288	
593	119	2	11	1	289	
594	119	2	22	2	289	290	
595	119	2	33	3	289	290	291	
596	119	2	11	1	290	
597	119	2	22	2	290	291	
598	119	2	33	3	290	291	292	
599	119	2	11	1	291	
600	119	2	22	2	291	292	
601	119	2	33	3	291	292	293	
602	119	2	11	1	292	
603	119	2	22	2	292	293	
604	119	2	11	1	293	
605	120	1	11	1	294	
606	121	1	11	1	295	
607	122	1	5	1	296	
608	123	2	12	1	297	
609	124	1	10	1	298	
610	124	1	20	2	298	299	
611	124	1	10	1	299	
612	125	1	6	1	300	
613	126	2	5	1	301	
614	127	2	11	1	302	
615	127	2	22	2	302	303	
616	127	2	44	3	302	303	304	
617	127	2	33	2	302	304	
618	127	2	11	1	303	
619	127	2	33	2	303	304	
620	127	2	22	1	304	
621	128	1	11	1	305	
622	129	2	6	1	306	
623	130	2	11	1	307	
624	131	1	5	1	308	
625	131	1	10	2	308	309	
626	131	1	15	3	308	309	310	
627	131	1	10	2	308	310	
628	131	1	5	1	309	
629	131	1	10	2	309	310	
630	131	1	5	1	310	
631	132	2	11	1	311	
632	133	2	5	1	312	
633	133	2	15	2	312	313	
634	133	2	20	3	312	313	314	
635	133	2	10	2	312	314	
636	133	2	10	1	313	
637	133	2	15	2	313	314	
638	133	2	5	1	314	
639	134	1	5	1	315	
640	135	1	11	1	316	
641	136	1	11	1	317	
642	136	1	22	2	317	318	
643	136	1	33	3	317	318	319	
644	136	1	11	1	318	
645	136	1	22	2	318	319	
646	136	1	33	3	318	319	320	
647	136	1	11	1	319	
648	136	1	22	2	319	320	
649	136	1	33	3	319	320	321	
650	136	1	11	1	320	
651	136	1	22	2	320	321	
652	136	1	11	1	321	
653	137	1	5	1	322	
654	137	1	10	2	322	323	
655	137	1	15	3	322	323	324	
656	137	1	5	1	323	
657	137	1	10	2	323	324	
658	137	1	15	3	323	324	325	
659	137	1	5	1	324	
660	137	1	10	2	324	325	
661	137	1	15	3	324	325	326	
662	137	1	5	1	325	
663	137	1	10	2	325	326	
664	137	1	15	3	325	326	327	
665	137	1	5	1	326	
666	137	1	10	2	326	327	
667	137	1	15	3	326	327	328	
668	137	1	5	1	327	
669	137	1	10	2	327	328	
670	137	1	5	1	328	
671	138	2	5	1	329	
672	139	2	5	1	330	
673	139	2	15	2	330	331	
674	139	2	20	3	330	331	332	
675	139	2	10	2	330	332	
676	139	2	10	1	331	
677	139	2	15	2	331	332	
678	139	2	5	1	332	
679	140	1	5	1	333	
680	141	1	5	1	334	
681	142	1	5	1	335	
682	142	1	15	2	335	336	
683	142	1	10	1	336	
684	143	1	11	1	337	
685	143	1	33	2	337	338	
686	143	1	22	1	338	
687	144	1	22	1	339	
688	145	2	11	1	340	
689	146	2	11	1	341	
690	147	1	11	1	342	
691	147	1	22	2	342	343	
692	147	1	33	3	342	343	344	
693	147	1	11	1	343	
694	147	1	22	2	343	344	
695	147	1	33	3	343	344	345	
696	147	1	11	1	344	
697	147	1	22	2	344	345	
698	147	1	33	3	344	345	346	
699	147	1	11	1	345	
700	147	1	22	2	345	346	
701	147	1	33	3	345	346	347	
702	147	1	11	1	346	
703	147	1	22	2	346	347	
704	147	1	33	3	346	347	348	
705	147	1	11	1	347	
706	147	1	22	2	347	348	
707	147	1	33	3	347	348	349	
708	147	1	11	1	348	
709	147	1	22	2	348	349	
710	147	1	11	1	349	
711	148	1	10	1	350	
712	149	1	5	1	351	
713	150	2	11	1	352	
714	151	2	22	1	353	
715	151	2	33	2	353	354	
716	151	2	11	1	354	
717	152	1	5	1	355	
718	152	1	10	2	355	356	
719	152	1	5	1	356	
720	153	1	22	1	357	
721	153	1	44	2	357	358	
722	153	1	55	3	357	358	359	
723	153	1	33	2	357	359	
724	153	1	22	1	358	
725	153	1	33	2	358	359	
726	153	1	11	1	359	
727	154	2	5	1	360	
728	154	2	10	2	360	361	
729	154	2	15	3	360	361	362	
730	154	2	10	2	360	362	
731	154	2	5	1	361	
732	154	2	10	2	361	362	
733	154	2	5	1	362	
734	155	1	5	1	363	
735	155	1	10	2	363	364	
736	155	1	15	3	363	364	365	
737	155	1	5	1	364	
738	155	1	10	2	364	365	
739	155	1	15	3	364	365	366	
740	155	1	5	1	365	
741	155	1	10	2	365	366	
742	155	1	15	3	365	366	367	
743	155	1	5	1	366	
744	155	1	10	2	366	367	
745	155	1	15	3	366	367	368	
746	155	1	5	1	367	
747	155	1	10	2	367	368	
748	155	1	15	3	367	368	369	
749	155	1	5	1	368	
750	155	1	10	2	368	369	
751	155	1	15	3	368	369	370	
752	155	1	5	1	369	
753	155	1	10	2	369	370	
754	155	1	15	3	369	370	371	
755	155	1	5	1	370	
756	155	1	10	2	370	371	
757	155	1	5	1	371	
758	156	1	11	1	372	
759	157	1	6	1	373	
760	157	1	12	2	373	374	
761	157	1	18	3	373	374	375	
762	157	1	6	1	374	
763	157	1	12	2	374	375	
764	157	1	18	3	374	375	376	
765	157	1	6	1	375	
766	157	1	12	2	375	376	
767	157	1	6	1	376	
768	158	1	12	1	377	
769	159	1	11	1	378	
770	160	2	5	1	379	
771	160	2	15	2	379	380	
772	160	2	10	1	380	
773	161	1	6	1	381	
774	161	1	12	2	381	382	
775	161	1	18	3	381	382	383	
776	161	1	12	2	381	383	
777	161	1	6	1	382	
778	161	1	12	2	382	383	
779	161	1	6	1	383	
780	162	1	12	1	384	
781	163	2	11	1	385	
782	164	2	5	1	386	
783	164	2	15	2	386	387	
784	164	2	20	3	386	387	388	
785	164	2	10	2	386	388	
786	164	2	10	1	387	
787	164	2	15	2	387	388	
788	164	2	5	1	388	
789	165	2	6	1	389	
790	166	1	11	1	390	
791	166	1	22	2	390	391	
792	166	1	11	1	391	
793	167	1	10	1	392	
794	167	1	20	2	392	393	
795	167	1	10	1	393	
796	168	1	11	1	394	
797	169	2	5	1	395	
798	169	2	10	2	395	396	
799	169	2	15	3	395	396	397	
800	169	2	5	1	396	
801	169	2	10	2	396	397	
802	169	2	15	3	396	397	398	
803	169	2	5	1	397	
804	169	2	10	2	397	398	
805	169	2	15	3	397	398	399	
806	169	2	5	1	398	
807	169	2	10	2	398	399	
808	169	2	15	3	398	399	400	
809	169	2	5	1	399	
810	169	2	10	2	399	400	
811	169	2	15	3	399	400	401	
812	169	2	5	1	400	
813	169	2	10	2	400	401	
814	169	2	15	3	400	401	402	
815	169	2	5	1	401	
816	169	2	10	2	401	402	
817	169	2	5	1	402	
818	170	1	5	1	403	
819	170	1	15	2	403	404	
820	170	1	10	1	404	
821	171	2	5	1	405	
822	172	1	5	1	406	
823	172	1	10	2	406	407	
824	172	1	5	1	407	
825	173	2	10	1	408	
826	174	2	6	1	409	
827	174	2	18	2	409	410	
828	174	2	24	3	409	410	411	
829	174	2	12	2	409	411	
830	174	2	12	1	410	
831	174	2	18	2	410	411	
832	174	2	6	1	411	
833	175	1	11	1	412	
834	175	1	22	2	412	413	
835	175	1	33	3	412	413	414	
836	175	1	11	1	413	
837	175	1	22	2	413	414	
838	175	1	33	3	413	414	415	
839	175	1	11	1	414	
840	175	1	22	2	414	415	
841	175	1	33	3	414	415	416	
842	175	1	11	1	415	
843	175	1	22	2	415	416	
844	175	1	11	1	416	
845	176	2	6	1	417	
846	177	2	11	1	418	
847	178	1	6	1	419	
848	178	1	18	2	419	420	
849	178	1	12	1	420	
850	179	2	12	1	421	
851	180	1	10	1	422	
852	181	1	6	1	423	
853	182	2	5	1	424	
854	182	2	10	2	424	425	
855	182	2	15	3	424	425	426	
856	182	2	5	1	425	
857	182	2	10	2	425	426	
858	182	2	15	3	425	426	427	
859	182	2	5	1	426	
860	182	2	10	2	426	427	
861	182	2	15	3	426	427	428	
862	182	2	5	1	427	
863	182	2	10	2	427	428	
864	182	2	15	3	427	428	429	
865	182	2	5	1	428	
866	182	2	10	2	428	429	
867	182	2	15	3	428	429	430	
868	182	2	5	1	429	
869	182	2	10	2	429	430	
870	182	2	5	1	430	
871	183	1	5	1	431	
872	183	1	10	2	431	432	
873	183	1	15	3	431	432	433	
874	183	1	5	1	432	
875	183	1	10	2	432	433	
876	183	1	15	3	432	433	434	
877	183	1	5	1	433	
878	183	1	10	2	433	434	
879	183	1	15	3	433	434	435	
880	183	1	5	1	434	
881	183	1	10	2	434	435	
882	183	1	15	3	434	435	436	
883	183	1	5	1	435	
884	183	1	10	2	435	436	
885	183	1	15	3	435	436	437	
886	183	1	5	1	436	
887	183	1	10	2	436	437	
888	183	1	15	3	436	437	438	
889	183	1	5	1	437	
890	183	1	10	2	437	438	
891	183	1	15	3	437	438	439	
892	183	1	5	1	438	
893	183	1	10	2	438	439	
894	183	1	5	1	439	
895	184	1	11	1	440	
896	184	1	22	2	440	441	
897	184	1	33	3	440	441	442	
898	184	1	22	2	440	442	
899	184	1	11	1	441	
900	184	1	22	2	441	442	
901	184	1	11	1	442	
902	185	1	12	1	443	
903	186	2	6	1	444	
904	187	2	5	1	445	
905	188	2	11	1	446	
906	189	2	6	1	447	
907	190	1	6	1	448	
908	190	1	12	2	448	449	
909	190	1	18	3	448	449	450	
910	190	1	6	1	449	
911	190	1	12	2	449	450	
912	190	1	18	3	449	450	451	
913	190	1	6	1	450	
914	190	1	12	2	450	451	
915	190	1	6	1	451	
916	191	1	12	1	452	
917	191	1	18	2	452	453	
918	191	1	6	1	453	
919	192	1	11	1	454	
920	193	1	6	1	455	
921	194	1	6	1	456	
922	195	1	11	1	457	
923	196	2	6	1	458	
924	196	2	12	2	458	459	
925	196	2	24	3	458	459	460	
926	196	2	18	2	458	460	
927	196	2	6	1	459	
928	196	2	18	2	459	460	
929	196	2	12	1	460	
930	197	2	10	1	461	
931	197	2	15	2	461	462	
932	197	2	5	1	462	
933	198	2	6	1	463	
934	198	2	18	2	463	464	
935	198	2	12	1	464	
936	199	2	11	1	465	
937	200	1	11	1	466	
938	200	1	22	2	466	467	
939	200	1	33	3	466	467	468	
940	200	1	22	2	466	468	
941	200	1	11	1	467	
942	200	1	22	2	467	468	
943	200	1	11	1	468	
944	201	2	11	1	469	
945	202	2	5	1	470	
946	202	2	10	2	470	471	
947	202	2	15	3	470	471	472	
948	202	2	10	2	470	472	
949	202	2	5	1	471	
950	202	2	10	2	471	472	
951	202	2	5	1	472	
952	203	2	6	1	473	
953	203	2	18	2	473	474	
954	203	2	12	1	474	
955	204	2	11	1	475	
956	204	2	33	2	475	476	
957	204	2	44	3	475	476	477	
958	204	2	22	2	475	477	
959	204	2	22	1	476	
960	204	2	33	2	476	477	
961	204	2	11	1	477	
962	205	1	11	1	478	
963	206	2	12	1	479	
964	206	2	18	2	479	480	
965	206	2	24	3	479	480	481	
966	206	2	18	2	479	481	
967	206	2	6	1	480	
968	206	2	12	2	480	481	
969	206	2	6	1	481	
970	207	1	22	1	482	
971	207	1	33	2	482	483	
972	207	1	44	3	482	483	484	
973	207	1	33	2	482	484	
974	207	1	11	1	483	
975	207	1	22	2	483	484	
976	207	1	11	1	484	
977	208	2	12	1	485	
978	209	1	6	1	486	
979	210	2	6	1	487	
980	211	1	10	1	488	
981	211	1	15	2	488	489	
982	211	1	20	3	488	489	490	
983	211	1	15	2	488	490	
984	211	1	5	1	489	
985	211	1	10	2	489	490	
986	211	1	5	1	490	
987	212	1	5	1	491	
988	212	1	10	2	491	492	
989	212	1	15	3	491	492	493	
990	212	1	5	1	492	
991	212	1	10	2	492	493	
992	212	1	15	3	492	493	494	
993	212	1	5	1	493	
994	212	1	10	2	493	494	
995	212	1	15	3	493	494	495	
996	212	1	5	1	494	
997	212	1	10	2	494	495	
998	212	1	15	3	494	495	496	
999	212	1	5	1	495	
1000	212	1	10	2	495	496	
1001	212	1	5	1	496	
1002	213	2	11	1	497	
1003	214	2	5	1	498	
1004	214	2	10	2	498	499	
1005	214	2	15	3	498	499	500	
1006	214	2	5	1	499	
1007	214	2	10	2	499	500	
1008	214	2	15	3	499	500	501	
1009	214	2	5	1	500	
1010	214	2	10	2	500	501	
1011	214	2	5	1	501	
1012	215	1	11	1	502	
1013	215	1	22	2	502	503	
1014	215	1	33	3	502	503	504	
1015	215	1	22	2	502	504	
1016	215	1	11	1	503	
1017	215	1	22	2	503	504	
1018	215	1	11	1	504	
1019	216	1	5	1	505	
1020	217	1	10	1	506	
1021	218	1	11	1	507	
1022	218	1	22	2	507	508	
1023	218	1	11	1	508	
1024	219	2	22	1	509	
1025	220	2	6	1	510	
1026	221	2	6	1	511	
1027	222	1	5	1	512	
1028	222	1	10	2	512	513	
1029	222	1	15	3	512	513	514	
1030	222	1	5	1	513	
1031	222	1	10	2	513	514	
1032	222	1	15	3	513	514	515	
1033	222	1	5	1	514	
1034	222	1	10	2	514	515	
1035	222	1	5	1	515	
1036	223	2	22	1	516	
1037	224	2	11	1	517	
1038	225	1	11	1	518	
1039	226	1	11	1	519	
1040	227	1	6	1	520	
1041	227	1	12	2	520	521	
1042	227	1	6	1	521	
1043	228	2	5	1	522	
1044	229	2	5	1	523	
1045	229	2	10	2	523	524	
1046	229	2	15	3	523	524	525	
1047	229	2	5	1	524	
1048	229	2	10	2	524	525	
1049	229	2	15	3	524	525	526	
1050	229	2	5	1	525	
1051	229	2	10	2	525	526	
1052	229	2	5	1	526	
1053	230	2	18	1	527	
1054	231	2	5	1	528	
1055	231	2	10	2	528	529	
1056	231	2	15	3	528	529	530	
1057	231	2	5	1	529	
1058	231	2	10	2	529	530	
1059	231	2	15	3	529	530	531	
1060	231	2	5	1	530	
1061	231	2	10	2	530	531	
1062	231	2	15	3	530	531	532	
1063	231	2	5	1	531	
1064	231	2	10	2	531	532	
1065	231	2	5	1	532	
1066	232	1	10	1	533	
1067	232	1	15	2	533	534	
1068	232	1	5	1	534	
1069	233	2	12	1	535	
1070	234	2	5	1	536	
1071	235	2	22	1	537	
1072	236	2	11	1	538	
1073	236	2	22	2	538	539	
1074	236	2	33	3	538	539	540	
1075	236	2	11	1	539	
1076	236	2	22	2	539	540	
1077	236	2	33	3	539	540	541	
1078	236	2	11	1	540	
1079	236	2	22	2	540	541	
1080	236	2	33	3	540	541	542	
1081	236	2	11	1	541	
1082	236	2	22	2	541	542	
1083	236	2	11	1	542	
1084	237	1	6	1	543	
1085	238	1	11	1	544	
1086	239	1	6	1	545	
1087	239	1	12	2	545	546	
1088	239	1	18	3	545	546	547	
1089	239	1	12	2	545	547	
1090	239	1	6	1	546	
1091	239	1	12	2	546	547	
1092	239	1	6	1	547	
1093	240	1	5	1	548	
1094	241	2	6	1	549	
1095	242	2	6	1	550	
1096	243	1	6	1	551	
1097	244	1	11	1	552	
1098	245	2	6	1	553	
1099	245	2	12	2	553	554	
1100	245	2	18	3	553	554	555	
1101	245	2	6	1	554	
1102	245	2	12	2	554	555	
1103	245	2	18	3	554	555	556	
1104	245	2	6	1	555	
1105	245	2	12	2	555	556	
1106	245	2	18	3	555	556	557	
1107	245	2	6	1	556	
1108	245	2	12	2	556	557	
1109	245	2	18	3	556	557	558	
1110	245	2	6	1	557	
1111	245	2	12	2	557	558	
1112	245	2	18	3	557	558	559	
1113	245	2	6	1	558	
1114	245	2	12	2	558	559	
1115	245	2	18	3	558	559	560	
1116	245	2	6	1	559	
1117	245	2	12	2	559	560	
1118	245	2	6	1	560	
1119	246	1	5	1	561	
1120	246	1	10	2	561	562	
1121	246	1	5	1	562	
1122	247	1	10	1	563	
1123	248	1	11	1	564	
1124	248	1	33	2	564	565	
1125	248	1	55	3	564	565	566	
1126	248	1	33	2	564	566	
1127	248	1	22	1	565	
1128	248	1	44	2	565	566	
1129	248	1	22	1	566	
1130	249	2	11	1	567	
1131	250	2	22	1	568	
1132	251	1	11	1	569	
1133	252	1	10	1	570	
1134	253	2	5	1	571	
1135	253	2	10	2	571	572	
1136	253	2	15	3	571	572	573	
1137	253	2	5	1	572	
1138	253	2	10	2	572	573	
1139	253	2	15	3	572	573	574	
1140	253	2	5	1	573	
1141	253	2	10	2	573	574	
1142	253	2	15	3	573	574	575	
1143	253	2	5	1	574	
1144	253	2	10	2	574	575	
1145	253	2	15	3	574	575	576	
1146	253	2	5	1	575	
1147	253	2	10	2	575	576	
1148	253	2	15	3	575	576	577	
1149	253	2	5	1	576	
1150	253	2	10	2	576	577	
1151	253	2	5	1	577	
1152	254	2	5	1	578	
1153	255	1	22	1	579	
1154	256	2	11	1	580	
1155	256	2	22	2	580	581	
1156	256	2	33	3	580	581	582	
1157	256	2	11	1	581	
1158	256	2	22	2	581	582	
1159	256	2	33	3	581	582	583	
1160	256	2	11	1	582	
1161	256	2	22	2	582	583	
1162	256	2	33	3	582	583	584	
1163	256	2	11	1	583	
1164	256	2	22	2	583	584	
1165	256	2	33	3	583	584	585	
1166	256	2	11	1	584	
1167	256	2	22	2	584	585	
1168	256	2	11	1	585	
1169	257	2	6	1	586	
1170	257	2	12	2	586	587	
1171	257	2	18	3	586	587	588	
1172	257	2	6	1	587	
1173	257	2	12	2	587	588	
1174	257	2	18	3	587	588	589	
1175	257	2	6	1	588	
1176	257	2	12	2	588	589	
1177	257	2	6	1	589	
1178	258	2	5	1	590	
1179	259	1	11	1	591	
1180	260	1	6	1	592	
1181	260	1	12	2	592	593	
1182	260	1	6	1	593	
1183	261	1	11	1	594	
1184	262	2	5	1	595	
1185	263	2	5	1	596	
1186	263	2	10	2	596	597	
1187	263	2	5	1	597	
1188	264	2	5	1	598	
1189	264	2	10	2	598	599	
1190	264	2	15	3	598	599	600	
1191	264	2	10	2	598	600	
1192	264	2	5	1	599	
1193	264	2	10	2	599	600	
1194	264	2	5	1	600	
1195	265	1	6	1	601	
1196	266	2	5	1	602	
1197	266	2	15	2	602	603	
1198	266	2	10	1	603	
1199	267	2	11	1	604	
1200	267	2	22	2	604	605	
1201	267	2	33	3	604	605	606	
1202	267	2	11	1	605	
1203	267	2	22	2	605	606	
1204	267	2	33	3	605	606	607	
1205	267	2	11	1	606	
1206	267	2	22	2	606	607	
1207	267	2	33	3	606	607	608	
1208	267	2	11	1	607	
1209	267	2	22	2	607	608	
1210	267	2	33	3	607	608	609	
1211	267	2	11	1	608	
1212	267	2	22	2	608	609	
1213	267	2	33	3	608	609	610	
1214	267	2	11	1	609	
1215	267	2	22	2	609	610	
1216	267	2	33	3	609	610	611	
1217	267	2	11	1	610	
1218	267	2	22	2	610	611	
1219	267	2	11	1	611	
1220	268	2	10	1	612	
1221	269	1	10	1	613	
1222	270	2	5	1	614	
1223	270	2	10	2	614	615	
1224	270	2	15	3	614	615	616	
1225	270	2	10	2	614	616	
1226	270	2	5	1	615	
1227	270	2	10	2	615	616	
1228	270	2	5	1	616	
1229	271	2	6	1	617	
1230	272	1	5	1	618	
1231	272	1	10	2	618	619	
1232	272	1	15	3	618	619	620	
1233	272	1	5	1	619	
1234	272	1	10	2	619	620	
1235	272	1	15	3	619	620	621	
1236	272	1	5	1	620	
1237	272	1	10	2	620	621	
1238	272	1	15	3	620	621	622	
1239	272	1	5	1	621	
1240	272	1	10	2	621	622	
1241	272	1	15	3	621	622	623	
1242	272	1	5	1	622	
1243	272	1	10	2	622	623	
1244	272	1	5	1	623	
1245	273	2	11	1	624	
1246	274	2	10	1	625	
1247	275	2	5	1	626	
1248	276	1	11	1	627	
1249	276	1	22	2	627	628	
1250	276	1	33	3	627	628	629	
1251	276	1	22	2	627	629	
1252	276	1	11	1	628	
1253	276	1	22	2	628	629	
1254	276	1	11	1	629	
1255	277	2	5	1	630	
1256	277	2	10	2	630	631	
1257	277	2	15	3	630	631	632	
1258	277	2	5	1	631	
1259	277	2	10	2	631	632	
1260	277	2	15	3	631	632	633	
1261	277	2	5	1	632	
1262	277	2	10	2	632	633	
1263	277	2	15	3	632	633	634	
1264	277	2	5	1	633	
1265	277	2	10	2	633	634	
1266	277	2	5	1	634	
1267	278	2	6	1	635	
1268	279	1	11	1	636	
1269	279	1	22	2	636	637	
1270	279	1	33	3	636	637	638	
1271	279	1	22	2	636	638	
1272	279	1	11	1	637	
1273	279	1	22	2	637	638	
1274	279	1	11	1	638	
1275	280	1	33	1	639	
1276	281	2	11	1	640	
1277	282	2	11	1	641	
1278	282	2	22	2	641	642	
1279	282	2	33	3	641	642	643	
1280	282	2	11	1	642	
1281	282	2	22	2	642	643	
1282	282	2	33	3	642	643	644	
1283	282	2	11	1	643	
1284	282	2	22	2	643	644	
1285	282	2	33	3	643	644	645	
1286	282	2	11	1	644	
1287	282	2	22	2	644	645	
1288	282	2	33	3	644	645	646	
1289	282	2	11	1	645	
1290	282	2	22	2	645	646	
1291	282	2	33	3	645	646	647	
1292	282	2	11	1	646	
1293	282	2	22	2	646	647	
1294	282	2	11	1	647	
1295	283	2	5	1	648	
1296	284	2	10	1	649	
1297	285	1	5	1	650	
1298	286	1	5	1	651	
1299	287	2	10	1	652	
1300	287	2	15	2	652	653	
1301	287	2	5	1	653	
1302	288	2	5	1	654	
1303	289	1	10	1	655	
1304	290	1	6	1	656	
1305	291	1	10	1	657	
1306	291	1	15	2	657	658	
1307	291	1	20	3	657	658	659	
1308	291	1	15	2	657	659	
1309	291	1	5	1	658	
1310	291	1	10	2	658	659	
1311	291	1	5	1	659	
1312	292	2	5	1	660	
1313	293	1	12	1	661	
1314	293	1	18	2	661	662	
1315	293	1	24	3	661	662	663	
1316	293	1	18	2	661	663	
1317	293	1	6	1	662	
1318	293	1	12	2	662	663	
1319	293	1	6	1	663	
1320	294	2	11	1	664	
1321	295	2	11	1	665	
1322	296	1	12	1	666	
1323	297	1	6	1	667	
1324	297	1	12	2	667	668	
1325	297	1	18	3	667	668	669	
1326	297	1	6	1	668	
1327	297	1	12	2	668	669	
1328	297	1	18	3	668	669	670	
1329	297	1	6	1	669	
1330	297	1	12	2	669	670	
1331	297	1	18	3	669	670	671	
1332	297	1	6	1	670	
1333	297	1	12	2	670	671	
1334	297	1	18	3	670	671	672	
1335	297	1	6	1	671	
1336	297	1	12	2	671	672	
1337	297	1	18	3	671	672	673	
1338	297	1	6	1	672	
1339	297	1	12	2	672	673	
1340	297	1	6	1	673	
1341	298	2	12	1	674	
1342	299	1	6	1	675	
1343	299	1	12	2	675	676	
1344	299	1	18	3	675	676	677	
1345	299	1	6	1	676	
1346	299	1	12	2	676	677	
1347	299	1	18	3	676	677	678	
1348	299	1	6	1	677	
1349	299	1	12	2	677	678	
1350	299	1	18	3	677	678	679	
1351	299	1	6	1	678	
1352	299	1	12	2	678	679	
1353	299	1	18	3	678	679	680	
1354	299	1	6	1	679	
1355	299	1	12	2	679	680	
1356	299	1	18	3	679	680	681	
1357	299	1	6	1	680	
1358	299	1	12	2	680	681	
1359	299	1	18	3	680	681	682	
1360	299	1	6	1	681	
1361	299	1	12	2	681	682	
1362	299	1	6	1	682	
1363	300	1	5	1	683	
1364	301	1	22	1	684	
1365	302	2	6	1	685	
1366	303	1	6	1	686	
1367	304	1	5	1	687	
1368	305	1	11	1	688	
1369	306	1	12	1	689	
1370	307	2	5	1	690	
1371	307	2	10	2	690	691	
1372	307	2	15	3	690	691	692	
1373	307	2	5	1	691	
1374	307	2	10	2	691	692	
1375	307	2	15	3	691	692	693	
1376	307	2	5	1	692	
1377	307	2	10	2	692	693	
1378	307	2	15	3	692	693	694	
1379	307	2	5	1	693	
1380	307	2	10	2	693	694	
1381	307	2	15	3	693	694	695	
1382	307	2	5	1	694	
1383	307	2	10	2	694	695	
1384	307	2	15	3	694	695	696	
1385	307	2	5	1	695	
1386	307	2	10	2	695	696	
1387	307	2	5	1	696	
1388	308	1	6	1	697	
1389	308	1	12	2	697	698	
1390	308	1	24	3	697	698	699	
1391	308	1	18	2	697	699	
1392	308	1	6	1	698	
1393	308	1	18	2	698	699	
1394	308	1	12	1	699	
1395	309	2	6	1	700	
1396	309	2	12	2	700	701	
1397	309	2	18	3	700	701	702	
1398	309	2	6	1	701	
1399	309	2	12	2	701	702	
1400	309	2	18	3	701	702	703	
1401	309	2	6	1	702	
1402	309	2	12	2	702	703	
1403	309	2	6	1	703	
1404	310	1	6	1	704	
1405	310	1	12	2	704	705	
1406	310	1	18	3	704	705	706	
1407	310	1	6	1	705	
1408	310	1	12	2	705	706	
1409	310	1	18	3	705	706	707	
1410	310	1	6	1	706	
1411	310	1	12	2	706	707	
1412	310	1	18	3	706	707	708	
1413	310	1	6	1	707	
1414	310	1	12	2	707	708	
1415	310	1	18	3	707	708	709	
1416	310	1	6	1	708	
1417	310	1	12	2	708	709	
1418	310	1	18	3	708	709	710	
1419	310	1	6	1	709	
1420	310	1	12	2	709	710	
1421	310	1	18	3	709	710	711	
1422	310	1	6	1	710	
1423	310	1	12	2	710	711	
1424	310	1	18	3	710	711	712	
1425	310	1	6	1	711	
1426	310	1	12	2	711	712	
1427	310	1	6	1	712	
1428	311	1	5	1	713	
1429	311	1	10	2	713	714	
1430	311	1	15	3	713	714	715	
1431	311	1	5	1	714	
1432	311	1	10	2	714	715	
1433	311	1	15	3	714	715	716	
1434	311	1	5	1	715	
1435	311	1	10	2	715	716	
1436	311	1	5	1	716	
1437	312	1	11	1	717	
1438	312	1	22	2	717	718	
1439	312	1	33	3	717	718	719	
1440	312	1	11	1	718	
1441	312	1	22	2	718	719	
1442	312	1	33	3	718	719	720	
1443	312	1	11	1	719	
1444	312	1	22	2	719	720	
1445	312	1	11	1	720	
1446	313	2	10	1	721	
1447	314	1	6	1	722	
1448	315	1	10	1	723	
1449	316	1	12	1	724	
1450	317	1	5	1	725	
1451	317	1	10	2	725	726	
1452	317	1	15	3	725	726	727	
1453	317	1	10	2	725	727	
1454	317	1	5	1	726	
1455	317	1	10	2	726	727	
1456	317	1	5	1	727	
1457	318	2	5	1	728	
1458	319	2	6	1	729	
1459	320	2	5	1	730	
1460	321	2	6	1	731	
1461	322	1	5	1	732	
1462	323	2	5	1	733	
1463	323	2	10	2	733	734	
1464	323	2	15	3	733	734	735	
1465	323	2	5	1	734	
1466	323	2	10	2	734	735	
1467	323	2	15	3	734	735	736	
1468	323	2	5	1	735	
1469	323	2	10	2	735	736	
1470	323	2	15	3	735	736	737	
1471	323	2	5	1	736	
1472	323	2	10	2	736	737	
1473	323	2	15	3	736	737	738	
1474	323	2	5	1	737	
1475	323	2	10	2	737	738	
1476	323	2	15	3	737	738	739	
1477	323	2	5	1	738	
1478	323	2	10	2	738	739	
1479	323	2	15	3	738	739	740	
1480	323	2	5	1	739	
1481	323	2	10	2	739	740	
1482	323	2	5	1	740	
1483	324	1	11	1	741	
1484	324	1	22	2	741	742	
1485	324	1	33	3	741	742	743	
1486	324	1	22	2	741	743	
1487	324	1	11	1	742	
1488	324	1	22	2	742	743	
1489	324	1	11	1	743	
1490	325	1	11	1	744	
1491	326	2	12	1	745	
1492	327	1	6	1	746	
1493	327	1	12	2	746	747	
1494	327	1	18	3	746	747	748	
1495	327	1	6	1	747	
1496	327	1	12	2	747	748	
1497	327	1	18	3	747	748	749	
1498	327	1	6	1	748	
1499	327	1	12	2	748	749	
1500	327	1	18	3	748	749	750	
1501	327	1	6	1	749	
1502	327	1	12	2	749	750	
1503	327	1	18	3	749	750	751	
1504	327	1	6	1	750	
1505	327	1	12	2	750	751	
1506	327	1	18	3	750	751	752	
1507	327	1	6	1	751	
1508	327	1	12	2	751	752	
1509	327	1	18	3	751	752	753	
1510	327	1	6	1	752	
1511	327	1	12	2	752	753	
1512	327	1	18	3	752	753	754	
1513	327	1	6	1	753	
1514	327	1	12	2	753	754	
1515	327	1	6	1	754	
1516	328	1	11	1	755	
1517	329	1	11	1	756	
1518	330	2	11	1	757	
1519	331	1	5	1	758	
1520	332	2	11	1	759	
1521	333	2	6	1	760	
1522	334	2	6	1	761	
1523	334	2	18	2	761	762	
1524	334	2	12	1	762	
1525	335	2	5	1	763	
1526	336	1	11	1	764	
1527	337	2	5	1	765	
1528	337	2	15	2	765	766	
1529	337	2	20	3	765	766	767	
1530	337	2	10	2	765	767	
1531	337	2	10	1	766	
1532	337	2	15	2	766	767	
1533	337	2	5	1	767	
1534	338	2	11	1	768	
1535	339	2	10	1	769	
1536	340	1	6	1	770	
1537	340	1	12	2	770	771	
1538	340	1	18	3	770	771	772	
1539	340	1	12	2	770	772	
1540	340	1	6	1	771	
1541	340	1	12	2	771	772	
1542	340	1	6	1	772	
1543	341	2	5	1	773	
1544	342	1	11	1	774	
1545	342	1	22	2	774	775	
1546	342	1	33	3	774	775	776	
1547	342	1	11	1	775	
1548	342	1	22	2	775	776	
1549	342	1	33	3	775	776	777	
1550	342	1	11	1	776	
1551	342	1	22	2	776	777	
1552	342	1	11	1	777	
1553	343	1	6	1	778	
1554	344	2	6	1	779	
1555	345	2	22	1	780	
1556	346	1	11	1	781	
1557	347	2	6	1	782	
1558	348	1	6	1	783	
1559	348	1	12	2	783	784	
1560	348	1	18	3	783	784	785	
1561	348	1	6	1	784	
1562	348	1	12	2	784	785	
1563	348	1	18	3	784	785	786	
1564	348	1	6	1	785	
1565	348	1	12	2	785	786	
1566	348	1	18	3	785	786	787	
1567	348	1	6	1	786	
1568	348	1	12	2	786	787	
1569	348	1	6	1	787	
1570	349	2	11	1	788	
1571	350	2	12	1	789	
1572	351	2	5	1	790	
1573	352	1	5	1	791	
1574	352	1	10	2	791	792	
1575	352	1	15	3	791	792	793	
1576	352	1	5	1	792	
1577	352	1	10	2	792	793	
1578	352	1	15	3	792	793	794	
1579	352	1	5	1	793	
1580	352	1	10	2	793	794	
1581	352	1	15	3	793	794	795	
1582	352	1	5	1	794	
1583	352	1	10	2	794	795	
1584	352	1	15	3	794	795	796	
1585	352	1	5	1	795	
1586	352	1	10	2	795	796	
1587	352	1	15	3	795	796	797	
1588	352	1	5	1	796	
1589	352	1	10	2	796	797	
1590	352	1	15	3	796	797	798	
1591	352	1	5	1	797	
1592	352	1	10	2	797	798	
1593	352	1	5	1	798	
1594	353	1	12	1	799	
1595	354	1	33	1	800	
1596	354	1	44	2	800	801	
1597	354	1	55	3	800	801	802	
1598	354	1	44	2	800	802	
1599	354	1	11	1	801	
1600	354	1	22	2	801	802	
1601	354	1	11	1	802	
1602	355	2	11	1	803	
1603	356	1	5	1	804	
1604	357	2	6	1	805	
1605	357	2	12	2	805	806	
1606	357	2	18	3	805	806	807	
1607	357	2	6	1	806	
1608	357	2	12	2	806	807	
1609	357	2	18	3	806	807	808	
1610	357	2	6	1	807	
1611	357	2	12	2	807	808	
1612	357	2	18	3	807	808	809	
1613	357	2	6	1	808	
1614	357	2	12	2	808	809	
1615	357	2	18	3	808	809	810	
1616	357	2	6	1	809	
1617	357	2	12	2	809	810	
1618	357	2	18	3	809	810	811	
1619	357	2	6	1	810	
1620	357	2	12	2	810	811	
1621	357	2	6	1	811	
1622	358	1	22	1	812	
1623	359	2	6	1	813	
1624	360	1	11	1	814	
1625	360	1	22	2	814	815	
1626	360	1	33	3	814	815	816	
1627	360	1	11	1	815	
1628	360	1	22	2	815	816	
1629	360	1	33	3	815	816	817	
1630	360	1	11	1	816	
1631	360	1	22	2	816	817	
1632	360	1	33	3	816	817	818	
1633	360	1	11	1	817	
1634	360	1	22	2	817	818	
1635	360	1	33	3	817	818	819	
1636	360	1	11	1	818	
1637	360	1	22	2	818	819	
1638	360	1	11	1	819	
1639	361	2	11	1	820	
1640	361	2	22	2	820	821	
1641	361	2	11	1	821	
1642	362	2	6	1	822	
1643	363	2	11	1	823	
1644	364	2	6	1	824	
1645	364	2	12	2	824	825	
1646	364	2	18	3	824	825	826	
1647	364	2	6	1	825	
1648	364	2	12	2	825	826	
1649	364	2	18	3	825	826	827	
1650	364	2	6	1	826	
1651	364	2	12	2	826	827	
1652	364	2	18	3	826	827	828	
1653	364	2	6	1	827	
1654	364	2	12	2	827	828	
1655	364	2	18	3	827	828	829	
1656	364	2	6	1	828	
1657	364	2	12	2	828	829	
1658	364	2	18	3	828	829	830	
1659	364	2	6	1	829	
1660	364	2	12	2	829	830	
1661	364	2	18	3	829	830	831	
1662	364	2	6	1	830	
1663	364	2	12	2	830	831	
1664	364	2	18	3	830	831	832	
1665	364	2	6	1	831	
1666	364	2	12	2	831	832	
1667	364	2	6	1	832	
1668	365	2	11	1	833	
1669	365	2	22	2	833	834	
1670	365	2	11	1	834	
1671	366	2	12	1	835	
1672	367	1	11	1	836	
1673	368	2	22	1	837	
1674	369	1	10	1	838	
1675	370	2	11	1	839	
1676	371	2	11	1	840	
1677	372	2	10	1	841	
1678	373	2	12	1	842	
1679	373	2	18	2	842	843	
1680	373	2	24	3	842	843	844	
1681	373	2	18	2	842	844	
1682	373	2	6	1	843	
1683	373	2	12	2	843	844	
1684	373	2	6	1	844	
1685	374	2	6	1	845	
1686	374	2	12	2	845	846	
1687	374	2	6	1	846	
1688	375	2	11	1	847	
1689	375	2	22	2	847	848	
1690	375	2	11	1	848	
1691	376	1	11	1	849	
1692	376	1	22	2	849	850	
1693	376	1	44	3	849	850	851	
1694	376	1	33	2	849	851	
1695	376	1	11	1	850	
1696	376	1	33	2	850	851	
1697	376	1	22	1	851	
1698	377	2	5	1	852	
1699	377	2	10	2	852	853	
1700	377	2	15	3	852	853	854	
1701	377	2	5	1	853	
1702	377	2	10	2	853	854	
1703	377	2	15	3	853	854	855	
1704	377	2	5	1	854	
1705	377	2	10	2	854	855	
1706	377	2	15	3	854	855	856	
1707	377	2	5	1	855	
1708	377	2	10	2	855	856	
1709	377	2	15	3	855	856	857	
1710	377	2	5	1	856	
1711	377	2	10	2	856	857	
1712	377	2	15	3	856	857	858	
1713	377	2	5	1	857	
1714	377	2	10	2	857	858	
1715	377	2	15	3	857	858	859	
1716	377	2	5	1	858	
1717	377	2	10	2	858	859	
1718	377	2	15	3	858	859	860	
1719	377	2	5	1	859	
1720	377	2	10	2	859	860	
1721	377	2	5	1	860	
1722	378	1	5	1	861	
1723	378	1	10	2	861	862	
1724	378	1	5	1	862	
1725	379	1	6	1	863	
1726	380	2	6	1	864	
1727	381	1	11	1	865	
1728	382	1	10	1	866	
1729	383	1	6	1	867	
1730	384	2	5	1	868	
1731	384	2	15	2	868	869	
1732	384	2	10	1	869	
1733	385	2	11	1	870	
1734	386	2	10	1	871	
1735	387	2	11	1	872	
1736	388	2	5	1	873	
1737	388	2	10	2	873	874	
1738	388	2	15	3	873	874	875	
1739	388	2	5	1	874	
1740	388	2	10	2	874	875	
1741	388	2	15	3	874	875	876	
1742	388	2	5	1	875	
1743	388	2	10	2	875	876	
1744	388	2	5	1	876	
1745	389	2	5	1	877	
1746	390	2	11	1	878	
1747	391	2	6	1	879	
1748	392	2	11	1	880	
1749	393	2	5	1	881	
1750	393	2	15	2	881	882	
1751	393	2	10	1	882	
1752	394	2	5	1	883	
1753	394	2	10	2	883	884	
1754	394	2	15	3	883	884	885	
1755	394	2	5	1	884	
1756	394	2	10	2	884	885	
1757	394	2	15	3	884	885	886	
1758	394	2	5	1	885	
1759	394	2	10	2	885	886	
1760	394	2	5	1	886	
1761	395	2	11	1	887	
1762	395	2	22	2	887	888	
1763	395	2	33	3	887	888	889	
1764	395	2	22	2	887	889	
1765	395	2	11	1	888	
1766	395	2	22	2	888	889	
1767	395	2	11	1	889	
1768	396	2	11	1	890	
1769	397	1	5	1	891	
1770	397	1	10	2	891	892	
1771	397	1	5	1	892	
1772	398	1	5	1	893	
1773	399	2	11	1	894	
1774	0	2	15	2	895	896
1775	1	1	10	2	897	898
1776	2	2	11	1	899
1777	3	2	30	4	900	901	902	903
1778	4	1	44	2	904	905
1779	5	2	5	1	906
1780	6	1	55	3	907	908	909
1781	7	2	5	1	910
1782	8	2	24	2	911	912
1783	9	2	10	1	913
1784	10	1	24	4	914	915	916	917
1785	11	2	6	1	918
1786	12	1	5	1	919
1787	13	1	44	2	920	921
1788	14	1	11	1	922
1789	15	2	5	1	923
1790	16	2	33	2	924	925
1791	17	1	18	2	926	927
1792	18	1	12	2	928	929
1793	19	1	12	1	930
1794	20	2	5	1	931
1795	21	2	5	1	932
1796	22	2	22	1	933
1797	23	2	12	1	934
1798	24	2	12	1	935
1799	25	1	30	3	936	937	938
1800	26	1	6	1	939
1801	27	1	22	1	940
1802	28	1	25	3	941	942	943
1803	29	2	22	1	944
1804	30	2	33	2	945	946
1805	31	2	24	3	947	948	949
1806	32	2	11	1	950
1807	33	1	10	1	951
1808	34	2	22	2	952	953
1809	35	2	12	1	954
1810	36	1	18	2	955	956
1811	37	1	5	1	957
1812	38	1	11	1	958
1813	39	2	10	1	959
1814	40	2	11	1	960
1815	41	1	36	4	961	962	963	964
1816	42	1	15	2	965	966
1817	43	2	11	1	967
1818	44	2	15	2	968	969
1819	45	2	55	3	970	971	972
1820	46	2	18	2	973	974
1821	47	1	33	2	975	976
1822	48	2	5	1	977
1823	49	2	44	2	978	979
1824	50	2	24	2	980	981
1825	51	2	12	1	982
1826	52	2	12	2	983	984
1827	53	2	44	3	985	986	987
1828	54	1	12	1	988
1829	55	1	10	2	989	990
1830	56	2	15	2	991	992
1831	57	2	33	2	993	994
1832	58	1	10	2	995	996
1833	59	2	6	1	997
1834	60	2	15	2	998	999
1835	61	1	6	1	1000
1836	62	1	6	1	1001
1837	63	2	44	3	1002	1003	1004
1838	64	2	11	1	1005
1839	65	2	20	2	1006	1007
1840	66	2	22	1	1008
1841	67	1	18	2	1009	1010
1842	68	1	11	1	1011
1843	69	1	6	1	1012
1844	70	1	33	2	1013	1014
1845	71	2	12	2	1015	1016
1846	72	1	10	1	1017
1847	73	2	30	3	1018	1019	1020
1848	74	1	15	2	1021	1022
1849	75	1	55	3	1023	1024	1025
1850	76	2	10	1	1026
1851	77	2	55	3	1027	1028	1029
1852	78	2	18	2	1030	1031
1853	79	2	5	1	1032
1854	80	1	18	2	1033	1034
1855	81	2	6	1	1035
1856	82	2	33	3	1036	1037	1038
1857	83	2	22	2	1039	1040
1858	84	1	18	2	1041	1042
1859	85	2	15	2	1043	1044
1860	86	1	6	1	1045
1861	87	1	18	2	1046	1047
1862	88	2	20	3	1048	1049	1050
1863	89	2	10	1	1051
1864	90	1	6	1	1052
1865	91	2	55	3	1053	1054	1055
1866	92	1	33	2	1056	1057
1867	93	2	44	2	1058	1059
1868	94	1	5	1	1060
1869	95	2	5	1	1061
1870	96	1	33	2	1062	1063
1871	97	1	10	1	1064
1872	98	1	25	4	1065	1066	1067	1068
1873	99	1	22	1	1069
1874	100	1	20	3	1070	1071	1072
1875	101	2	33	2	1073	1074
1876	102	1	22	2	1075	1076
1877	103	1	30	4	1077	1078	1079	1080
1878	104	2	44	2	1081	1082
1879	105	2	22	2	1083	1084
1880	106	1	15	2	1085	1086
1881	107	1	18	2	1087	1088
1882	108	1	24	3	1089	1090	1091
1883	109	2	18	2	1092	1093
1884	110	2	22	1	1094
1885	111	2	24	2	1095	1096
1886	112	1	10	1	1097
1887	113	2	44	3	1098	1099	1100
1888	114	2	6	1	1101
1889	115	2	18	2	1102	1103
1890	116	1	22	1	1104
1891	117	2	5	1	1105
1892	118	1	55	3	1106	1107	1108
1893	119	2	66	3	1109	1110	1111
1894	120	1	11	1	1112
1895	121	1	33	2	1113	1114
1896	122	1	20	2	1115	1116
1897	123	2	6	1	1117
1898	124	1	10	1	1118
1899	125	1	6	1	1119
1900	126	2	15	2	1120	1121
1901	127	2	33	2	1122	1123
1902	128	1	22	1	1124
1903	129	2	12	1	1125
1904	130	2	11	1	1126
1905	131	1	5	1	1127
1906	132	2	33	2	1128	1129
1907	133	2	20	2	1130	1131
1908	134	1	10	1	1132
1909	135	1	44	2	1133	1134
1910	136	1	55	4	1135	1136	1137	1138
1911	137	1	35	4	1139	1140	1141	1142
1912	138	2	15	2	1143	1144
1913	139	2	10	1	1145
1914	140	1	10	1	1146
1915	141	1	10	1	1147
1916	142	1	5	1	1148
1917	143	1	11	1	1149
1918	144	1	44	2	1150	1151
1919	145	2	22	1	1152
1920	146	2	33	2	1153	1154
1921	147	1	66	4	1155	1156	1157	1158
1922	148	1	15	2	1159	1160
1923	149	1	10	1	1161
1924	150	2	11	1	1162
1925	151	2	44	2	1163	1164
1926	152	1	15	2	1165	1166
1927	153	1	44	2	1167	1168
1928	154	2	10	1	1169
1929	155	1	30	3	1170	1171	1172
1930	156	1	33	2	1173	1174
1931	157	1	24	3	1175	1176	1177
1932	158	1	18	2	1178	1179
1933	159	1	11	1	1180
1934	160	2	15	2	1181	1182
1935	161	1	12	1	1183
1936	162	1	18	2	1184	1185
1937	163	2	33	2	1186	1187
1938	164	2	20	2	1188	1189
1939	165	2	12	1	1190
1940	166	1	22	1	1191
1941	167	1	10	1	1192
1942	168	1	44	2	1193	1194
1943	169	2	30	4	1195	1196	1197	1198
1944	170	1	10	1	1199
1945	171	2	20	2	1200	1201
1946	172	1	5	1	1202
1947	173	2	15	2	1203	1204
1948	174	2	18	2	1205	1206
1949	175	1	44	3	1207	1208	1209
1950	176	2	6	1	1210
1951	177	2	22	1	1211
1952	178	1	18	2	1212	1213
1953	179	2	18	2	1214	1215
1954	180	1	5	1	1216
1955	181	1	6	1	1217
1956	182	2	25	3	1218	1219	1220
1957	183	1	15	3	1221	1222	1223
1958	184	1	22	1	1224
1959	185	1	6	1	1225
1960	186	2	6	1	1226
1961	187	2	10	1	1227
1962	188	2	22	1	1228
1963	189	2	6	1	1229
1964	190	1	30	4	1230	1231	1232	1233
1965	191	1	12	1	1234
1966	192	1	33	2	1235	1236
1967	193	1	18	2	1237	1238
1968	194	1	12	1	1239
1969	195	1	22	2	1240	1241
1970	196	2	12	1	1242
1971	197	2	20	2	1243	1244
1972	198	2	12	1	1245
1973	199	2	11	1	1246
1974	200	1	22	2	1247	1248
1975	201	2	22	1	1249
1976	202	2	10	1	1250
1977	203	2	12	2	1251	1252
1978	204	2	22	1	1253
1979	205	1	22	2	1254	1255
1980	206	2	24	2	1256	1257
1981	207	1	44	2	1258	1259
1982	208	2	12	1	1260
1983	209	1	12	1	1261
1984	210	2	12	2	1262	1263
1985	211	1	10	1	1264
1986	212	1	25	3	1265	1266	1267
1987	213	2	22	1	1268
1988	214	2	15	3	1269	1270	1271
1989	215	1	44	2	1272	1273
1990	216	1	10	1	1274
1991	217	1	10	2	1275	1276
1992	218	1	11	1	1277
1993	219	2	33	2	1278	1279
1994	220	2	18	2	1280	1281
1995	221	2	12	1	1282
1996	222	1	20	3	1283	1284	1285
1997	223	2	33	2	1286	1287
1998	224	2	22	1	1288
1999	225	1	22	1	1289
2000	226	1	44	2	1290	1291
2001	227	1	6	1	1292
2002	228	2	5	1	1293
2003	229	2	30	4	1294	1295	1296	1297
2004	230	2	6	1	1298
2005	231	2	20	3	1299	1300	1301
2006	232	1	10	1	1302
2007	233	2	6	1	1303
2008	234	2	20	2	1304	1305
2009	235	2	22	1	1306
2010	236	2	66	4	1307	1308	1309	1310
2011	237	1	18	2	1311	1312
2012	238	1	22	1	1313
2013	239	1	12	1	1314
2014	240	1	20	2	1315	1316
2015	241	2	18	2	1317	1318
2016	242	2	12	1	1319
2017	243	1	18	2	1320	1321
2018	244	1	11	1	1322
2019	245	2	30	3	1323	1324	1325
2020	246	1	10	2	1326	1327
2021	247	1	20	2	1328	1329
2022	248	1	33	2	1330	1331
2023	249	2	22	1	1332
2024	250	2	33	2	1333	1334
2025	251	1	22	1	1335
2026	252	1	10	2	1336	1337
2027	253	2	20	3	1338	1339	1340
2028	254	2	10	1	1341
2029	255	1	33	2	1342	1343
2030	256	2	55	3	1344	1345	1346
2031	257	2	42	4	1347	1348	1349	1350
2032	258	2	20	2	1351	1352
2033	259	1	44	2	1353	1354
2034	260	1	6	1	1355
2035	261	1	22	2	1356	1357
2036	262	2	10	1	1358
2037	263	2	20	2	1359	1360
2038	264	2	15	2	1361	1362
2039	265	1	18	2	1363	1364
2040	266	2	10	1	1365
2041	267	2	66	4	1366	1367	1368	1369
2042	268	2	10	1	1370
2043	269	1	20	2	1371	1372
2044	270	2	15	2	1373	1374
2045	271	2	18	2	1375	1376
2046	272	1	30	4	1377	1378	1379	1380
2047	273	2	22	1	1381
2048	274	2	10	2	1382	1383
2049	275	2	15	2	1384	1385
2050	276	1	33	2	1386	1387
2051	277	2	30	4	1388	1389	1390	1391
2052	278	2	12	1	1392
2053	279	1	22	2	1393	1394
2054	280	1	22	1	1395
2055	281	2	33	2	1396	1397
2056	282	2	88	4	1398	1399	1400	1401
2057	283	2	10	2	1402	1403
2058	284	2	10	1	1404
2059	285	1	10	2	1405	1406
2060	286	1	10	2	1407	1408
2061	287	2	5	1	1409
2062	288	2	15	2	1410	1411
2063	289	1	10	2	1412	1413
2064	290	1	12	2	1414	1415
2065	291	1	15	2	1416	1417
2066	292	2	10	1	1418
2067	293	1	6	1	1419
2068	294	2	22	2	1420	1421
2069	295	2	33	2	1422	1423
2070	296	1	6	1	1424
2071	297	1	30	4	1425	1426	1427	1428
2072	298	2	12	2	1429	1430
2073	299	1	42	4	1431	1432	1433	1434
2074	300	1	15	2	1435	1436
2075	301	1	44	2	1437	1438
2076	302	2	12	1	1439
2077	303	1	6	1	1440
2078	304	1	5	1	1441
2079	305	1	22	1	1442
2080	306	1	24	2	1443	1444
2081	307	2	30	3	1445	1446	1447
2082	308	1	12	1	1448
2083	309	2	36	4	1449	1450	1451	1452
2084	310	1	24	3	1453	1454	1455
2085	311	1	25	3	1456	1457	1458
2086	312	1	55	3	1459	1460	1461
2087	313	2	5	1	1462
2088	314	1	24	2	1463	1464
2089	315	1	10	2	1465	1466
2090	316	1	18	2	1467	1468
2091	317	1	5	1	1469
2092	318	2	10	1	1470
2093	319	2	6	1	1471
2094	320	2	10	1	1472
2095	321	2	6	1	1473
2096	322	1	15	2	1474	1475
2097	323	2	25	3	1476	1477	1478
2098	324	1	33	2	1479	1480
2099	325	1	44	2	1481	1482
2100	326	2	12	1	1483
2101	327	1	30	3	1484	1485	1486
2102	328	1	11	1	1487
2103	329	1	44	2	1488	1489
2104	330	2	22	1	1490
2105	331	1	20	2	1491	1492
2106	332	2	11	1	1493
2107	333	2	18	2	1494	1495
2108	334	2	18	2	1496	1497
2109	335	2	20	2	1498	1499
2110	336	1	11	1	1500
2111	337	2	15	2	1501	1502
2112	338	2	11	1	1503
2113	339	2	10	2	1504	1505
2114	340	1	6	1	1506
2115	341	2	5	1	1507
2116	342	1	44	3	1508	1509	1510
2117	343	1	12	1	1511
2118	344	2	12	2	1512	1513
2119	345	2	44	2	1514	1515
2120	346	1	22	1	1516
2121	347	2	12	1	1517
2122	348	1	42	4	1518	1519	1520	1521
2123	349	2	11	1	1522
2124	350	2	6	1	1523
2125	351	2	10	1	1524
2126	352	1	25	3	1525	1526	1527
2127	353	1	18	2	1528	1529
2128	354	1	33	2	1530	1531
2129	355	2	22	2	1532	1533
2130	356	1	5	1	1534
2131	357	2	24	3	1535	1536	1537
2132	358	1	22	1	1538
2133	359	2	12	1	1539
2134	360	1	66	4	1540	1541	1542	1543
2135	361	2	44	2	1544	1545
2136	362	2	6	1	1546
2137	363	2	22	1	1547
2138	364	2	30	4	1548	1549	1550	1551
2139	365	2	22	1	1552
2140	366	2	12	1	1553
2141	367	1	22	1	1554
2142	368	2	22	2	1555	1556
2143	369	1	10	1	1557
2144	370	2	33	2	1558	1559
2145	371	2	22	1	1560
2146	372	2	5	1	1561
2147	373	2	6	1	1562
2148	374	2	18	2	1563	1564
2149	375	2	22	1	1565
2150	376	1	33	2	1566	1567
2151	377	2	30	3	1568	1569	1570
2152	378	1	5	1	1571
2153	379	1	6	1	1572
2154	380	2	24	2	1573	1574
2155	381	1	22	1	1575
2156	382	1	10	1	1576
2157	383	1	12	2	1577	1578
2158	384	2	10	1	1579
2159	385	2	22	1	1580
2160	386	2	5	1	1581
2161	387	2	22	1	1582
2162	388	2	25	4	1583	1584	1585	1586
2163	389	2	10	1	1587
2164	390	2	33	2	1588	1589
2165	391	2	18	2	1590	1591
2166	392	2	22	1	1592
2167	393	2	10	2	1593	1594
2168	394	2	25	4	1595	1596	1597	1598
2169	395	2	33	2	1599	1600
2170	396	2	44	2	1601	1602
2171	397	1	20	2	1603	1604
2172	398	1	15	2	1605	1606
2173	399	2	22	2	1607	1608
